日期,外資買賣超,投信買賣超,自營商買賣超,單日合計買賣超,外資估計持股,投信估計持股,自營商估計持股,單日合計估計持股,外資持股比重,三大法人持股比重,
107/03/31,0,0,0,0,0,0,0,0,0.00%,0.00%,
107/03/30,0,0,-1,-1,0,0,0,0,0.00%,0.00%,
107/03/29,-3,0,1,-2,0,0,1,1,0.00%,0.00%,
107/03/28,0,0,0,0,3,0,0,3,0.00%,0.00%,
107/03/27,3,0,0,3,3,0,0,3,0.00%,0.00%,
107/03/26,0,0,0,0,0,0,0,0,0.00%,0.00%,
107/03/23,0,0,0,0,0,0,0,0,0.00%,0.00%,
107/03/22,0,0,-1,-1,0,0,0,0,0.00%,0.00%,
107/03/21,0,0,1,1,0,0,1,1,0.00%,0.00%,
107/03/20,0,0,0,0,0,0,0,0,0.00%,0.00%,
107/03/19,0,0,0,0,0,0,0,0,0.00%,0.00%,
107/03/16,0,0,-1,-1,0,0,0,0,0.00%,0.00%,
107/03/15,0,0,0,0,0,0,1,1,0.00%,0.00%,
107/03/14,0,0,-1,-1,0,0,1,1,0.00%,0.00%,
107/03/13,0,0,-2,-2,0,0,2,2,0.00%,0.00%,
107/03/12,0,0,0,0,0,0,4,4,0.00%,0.01%,
107/03/09,0,0,0,0,0,0,4,4,0.00%,0.01%,
107/03/08,0,0,-2,-2,0,0,4,4,0.00%,0.01%,
107/03/07,0,0,4,4,0,0,6,6,0.00%,0.01%,
107/03/06,0,0,2,2,0,0,2,2,0.00%,0.00%,
107/03/05,-26,0,-1,-27,0,0,0,0,0.00%,0.00%,
107/03/02,10,0,1,11,26,0,1,27,0.04%,0.04%,
107/03/01,2,0,0,2,16,0,0,16,0.02%,0.02%,
107/02/27,0,0,-1,-1,14,0,0,14,0.02%,0.02%,
107/02/26,0,0,1,1,14,0,1,15,0.02%,0.02%,
107/02/23,-3,0,0,-3,14,0,0,14,0.02%,0.02%,
107/02/22,-6,0,0,-6,17,0,0,17,0.02%,0.02%,
107/02/21,0,0,0,0,23,0,0,23,0.03%,0.03%,
107/02/12,0,0,0,0,23,0,0,23,0.03%,0.03%,
107/02/09,13,0,0,13,23,0,0,23,0.03%,0.03%,
107/02/08,5,0,0,5,10,0,0,10,0.01%,0.01%,
107/02/07,5,0,0,5,5,0,0,5,0.00%,0.00%,
107/02/06,-14,0,-4,-18,0,0,0,0,0.00%,0.00%,
107/02/05,14,0,4,18,14,0,4,18,0.02%,0.03%,
107/02/02,0,0,0,0,0,0,0,0,0.00%,0.00%,
107/02/01,0,0,-1,-1,0,0,0,0,0.00%,0.00%,
107/01/31,0,0,-7,-7,0,0,1,1,0.00%,0.00%,
107/01/30,-2,0,4,2,0,0,8,8,0.00%,0.01%,
107/01/29,1,0,0,1,2,0,4,6,0.00%,0.01%,
107/01/26,1,0,3,4,1,0,4,5,0.00%,0.01%,
107/01/25,0,0,1,1,0,0,1,1,0.00%,0.00%,
107/01/24,0,0,0,0,0,0,0,0,0.00%,0.00%,
107/01/23,0,0,0,0,0,0,0,0,0.00%,0.00%,
107/01/22,0,0,-3,-3,0,0,0,0,0.00%,0.00%,
107/01/19,0,0,0,0,0,0,3,3,0.00%,0.00%,
107/01/18,-1,0,0,-1,0,0,3,3,0.00%,0.00%,
107/01/17,0,0,3,3,1,0,3,4,0.00%,0.00%,
107/01/16,1,0,0,1,1,0,0,1,0.00%,0.00%,
107/01/15,0,0,0,0,0,0,0,0,0.00%,0.00%,
107/01/12,-96,0,-3,-99,0,0,0,0,0.00%,0.00%,
107/01/11,-83,0,3,-80,96,0,3,99,0.15%,0.15%,
107/01/10,-52,0,0,-52,179,0,0,179,0.28%,0.28%,
107/01/09,0,0,0,0,231,0,0,231,0.37%,0.37%,
107/01/08,-60,0,-4,-64,231,0,0,231,0.37%,0.37%,
107/01/05,-2,0,4,2,291,0,4,295,0.46%,0.47%,
107/01/04,293,0,0,293,293,0,0,293,0.47%,0.47%,
107/01/03,0,0,0,0,0,0,0,0,0.00%,0.00%,
107/01/02,0,0,0,0,0,0,0,0,0.00%,0.00%,
106/12/29,0,0,0,0,0,0,0,0,0.00%,0.00%,
106/12/28,-2,0,0,-2,0,0,0,0,0.00%,0.00%,
106/12/27,2,0,0,2,2,0,0,2,0.00%,0.00%,
106/12/26,0,0,0,0,0,0,0,0,0.00%,0.00%,
106/12/25,0,0,0,0,0,0,0,0,0.00%,0.00%,
106/12/22,0,0,0,0,0,0,0,0,0.00%,0.00%,
106/12/21,0,0,0,0,0,0,0,0,0.00%,0.00%,
106/12/20,0,0,0,0,0,0,0,0,0.00%,0.00%,
106/12/19,0,0,0,0,0,0,0,0,0.00%,0.00%,
106/12/18,0,0,0,0,0,0,0,0,0.00%,0.00%,
106/12/15,0,0,0,0,0,0,0,0,0.00%,0.00%,
106/12/14,0,0,0,0,0,0,0,0,0.00%,0.00%,
106/12/13,0,0,-1,-1,0,0,0,0,0.00%,0.00%,
106/12/12,0,0,0,0,0,0,1,1,0.00%,0.00%,
106/12/11,0,0,0,0,0,0,1,1,0.00%,0.00%,
106/12/08,0,0,-1,-1,0,0,1,1,0.00%,0.00%,
106/12/07,0,0,2,2,0,0,2,2,0.00%,0.00%,
106/12/06,0,0,0,0,0,0,0,0,0.00%,0.00%,
106/12/05,0,0,0,0,0,0,0,0,0.00%,0.00%,
106/12/04,0,0,0,0,0,0,0,0,0.00%,0.00%,
106/12/01,0,0,0,0,0,0,0,0,0.00%,0.00%,
106/11/30,0,0,0,0,0,0,0,0,0.00%,0.00%,
106/11/29,0,0,0,0,0,0,0,0,0.00%,0.00%,
106/11/28,0,0,0,0,0,0,0,0,0.00%,0.00%,
106/11/27,0,0,-1,-1,0,0,0,0,0.00%,0.00%,
106/11/24,0,0,1,1,0,0,1,1,0.00%,0.00%,
106/11/23,0,0,0,0,0,0,0,0,0.00%,0.00%,
106/11/22,-4,0,0,-4,0,0,0,0,0.00%,0.00%,
106/11/21,-15,0,-1,-16,4,0,0,4,0.00%,0.00%,
106/11/20,0,0,-1,-1,19,0,1,20,0.03%,0.03%,
106/11/17,0,0,2,2,19,0,2,21,0.03%,0.03%,
106/11/16,-1,0,-2,-3,19,0,0,19,0.03%,0.03%,
106/11/15,0,0,2,2,20,0,2,22,0.03%,0.03%,
106/11/14,0,0,-3,-3,20,0,0,20,0.03%,0.03%,
106/11/13,2,0,3,5,20,0,3,23,0.03%,0.03%,
106/11/10,15,0,0,15,18,0,0,18,0.02%,0.02%,
106/11/09,2,0,-1,1,3,0,0,3,0.00%,0.00%,
106/11/08,0,0,0,0,1,0,1,2,0.00%,0.00%,
106/11/07,0,0,-2,-2,1,0,1,2,0.00%,0.00%,
106/11/06,1,0,3,4,1,0,3,4,0.00%,0.00%,
106/11/03,0,0,0,0,0,0,0,0,0.00%,0.00%,
106/11/02,0,0,0,0,0,0,0,0,0.00%,0.00%,
106/11/01,0,0,0,0,0,0,0,0,0.00%,0.00%,
106/10/31,0,0,-3,-3,0,0,0,0,0.00%,0.00%,
106/10/30,0,0,3,3,0,0,3,3,0.00%,0.00%,
106/10/27,-10,0,0,-10,0,0,0,0,0.00%,0.00%,
106/10/26,-20,0,0,-20,10,0,0,10,0.01%,0.01%,
106/10/25,0,0,0,0,30,0,0,30,0.04%,0.04%,
106/10/24,-6,0,0,-6,30,0,0,30,0.04%,0.04%,
106/10/23,0,0,0,0,36,0,0,36,0.05%,0.05%,
106/10/20,0,0,0,0,36,0,0,36,0.05%,0.05%,
106/10/19,0,0,0,0,36,0,0,36,0.05%,0.05%,
106/10/18,0,0,0,0,36,0,0,36,0.05%,0.05%,
106/10/17,0,0,-1,-1,36,0,0,36,0.05%,0.05%,
106/10/16,0,0,1,1,36,0,1,37,0.05%,0.05%,
106/10/13,1,0,-1,0,36,0,0,36,0.05%,0.05%,
106/10/12,0,0,1,1,35,0,1,36,0.05%,0.05%,
106/10/11,0,0,-3,-3,35,0,0,35,0.05%,0.05%,
106/10/06,-1,0,3,2,35,0,3,38,0.05%,0.05%,
106/10/05,12,0,0,12,36,0,0,36,0.05%,0.05%,
106/10/03,0,0,0,0,24,0,0,24,0.03%,0.03%,
106/10/02,0,0,0,0,24,0,0,24,0.03%,0.03%,
106/09/30,0,0,0,0,24,0,0,24,0.03%,0.03%,
106/09/29,0,0,-3,-3,24,0,0,24,0.03%,0.03%,
106/09/28,0,0,-1,-1,24,0,3,27,0.03%,0.03%,
106/09/27,0,0,4,4,24,0,4,28,0.03%,0.04%,
106/09/26,0,0,-2,-2,24,0,0,24,0.03%,0.03%,
106/09/25,0,0,2,2,24,0,2,26,0.03%,0.03%,
106/09/22,-3,0,-3,-6,24,0,0,24,0.03%,0.03%,
106/09/21,-4,0,3,-1,27,0,3,30,0.04%,0.04%,
106/09/20,0,0,0,0,31,0,0,31,0.04%,0.04%,
106/09/19,-7,0,0,-7,31,0,0,31,0.04%,0.04%,
106/09/18,0,0,-1,-1,38,0,0,38,0.06%,0.06%,
106/09/15,-11,0,1,-10,38,0,1,39,0.06%,0.06%,
106/09/14,0,0,0,0,49,0,0,49,0.07%,0.07%,
106/09/13,0,0,0,0,49,0,0,49,0.07%,0.07%,
106/09/12,0,0,0,0,49,0,0,49,0.07%,0.07%,
106/09/11,0,0,0,0,49,0,0,49,0.07%,0.07%,
106/09/08,-12,0,-2,-14,49,0,0,49,0.07%,0.07%,
106/09/07,0,0,2,2,61,0,2,63,0.09%,0.09%,
106/09/06,0,0,0,0,61,0,0,61,0.09%,0.09%,
106/09/05,0,0,0,0,61,0,0,61,0.09%,0.09%,
106/09/04,0,0,0,0,61,0,0,61,0.09%,0.09%,
106/09/01,0,0,0,0,61,0,0,61,0.09%,0.09%,
106/08/31,0,0,0,0,61,0,0,61,0.09%,0.09%,
106/08/30,0,0,0,0,61,0,0,61,0.09%,0.09%,
106/08/29,0,0,0,0,61,0,0,61,0.09%,0.09%,
106/08/28,0,0,0,0,61,0,0,61,0.09%,0.09%,
106/08/25,0,0,-10,-10,61,0,0,61,0.09%,0.09%,
106/08/24,0,0,0,0,61,0,10,71,0.09%,0.11%,
106/08/23,-5,0,0,-5,61,0,10,71,0.09%,0.11%,
106/08/22,14,0,5,19,66,0,10,76,0.10%,0.12%,
106/08/21,0,0,5,5,52,0,5,57,0.08%,0.09%,
106/08/18,0,0,0,0,52,0,0,52,0.08%,0.08%,
106/08/17,-1,0,-3,-4,52,0,0,52,0.08%,0.08%,
106/08/16,-1,0,-2,-3,53,0,3,56,0.08%,0.08%,
106/08/15,0,0,5,5,54,0,5,59,0.08%,0.09%,
106/08/14,0,0,0,0,54,0,0,54,0.08%,0.08%,
106/08/11,-1,0,-10,-11,54,0,0,54,0.08%,0.08%,
106/08/10,0,0,10,10,55,0,10,65,0.08%,0.10%,
106/08/09,0,0,0,0,55,0,0,55,0.08%,0.08%,
106/08/08,-1,0,0,-1,55,0,0,55,0.08%,0.08%,
106/08/07,-8,0,0,-8,56,0,0,56,0.09%,0.09%,
106/08/04,-11,0,0,-11,64,0,0,64,0.10%,0.10%,
106/08/03,0,0,0,0,75,0,0,75,0.12%,0.12%,
106/08/02,-1,0,0,-1,75,0,0,75,0.12%,0.12%,
106/08/01,-8,0,0,-8,76,0,0,76,0.12%,0.12%,
106/07/31,1,0,0,1,84,0,0,84,0.13%,0.13%,
106/07/28,14,0,-2,12,83,0,0,83,0.13%,0.13%,
106/07/27,-4,0,2,-2,69,0,2,71,0.11%,0.11%,
106/07/26,62,0,0,62,73,0,0,73,0.11%,0.11%,
106/07/25,0,0,0,0,11,0,0,11,0.01%,0.01%,
106/07/24,0,0,0,0,11,0,0,11,0.01%,0.01%,
106/07/21,0,0,0,0,11,0,0,11,0.01%,0.01%,
106/07/20,0,0,0,0,11,0,0,11,0.01%,0.01%,
106/07/19,0,0,0,0,11,0,0,11,0.01%,0.01%,
106/07/18,-3,0,-2,-5,11,0,0,11,0.01%,0.01%,
106/07/17,-1,0,-1,-2,14,0,2,16,0.02%,0.02%,
106/07/14,1,0,3,4,15,0,3,18,0.02%,0.02%,
106/07/13,0,0,-1,-1,14,0,0,14,0.02%,0.02%,
106/07/12,-2,0,1,-1,14,0,1,15,0.02%,0.02%,
106/07/11,-11,0,0,-11,16,0,0,16,0.02%,0.02%,
106/07/10,0,0,0,0,27,0,0,27,0.04%,0.04%,
106/07/07,0,0,0,0,27,0,0,27,0.04%,0.04%,
106/07/06,0,0,-1,-1,27,0,0,27,0.04%,0.04%,
106/07/05,-7,0,1,-6,27,0,1,28,0.04%,0.04%,
106/07/04,0,0,0,0,34,0,0,34,0.05%,0.05%,
106/07/03,2,0,0,2,34,0,0,34,0.05%,0.05%,
106/06/30,2,0,0,2,32,0,0,32,0.05%,0.05%,
106/06/29,0,0,0,0,30,0,0,30,0.04%,0.04%,
106/06/28,-56,0,0,-56,30,0,0,30,0.04%,0.04%,
106/06/27,5,0,0,5,86,0,0,86,0.13%,0.13%,
106/06/26,4,0,0,4,81,0,0,81,0.13%,0.13%,
106/06/23,0,0,0,0,77,0,0,77,0.12%,0.12%,
106/06/22,0,0,-2,-2,77,0,0,77,0.12%,0.12%,
106/06/21,0,0,0,0,77,0,2,79,0.12%,0.12%,
106/06/20,0,0,0,0,77,0,2,79,0.12%,0.12%,
106/06/19,-3,0,-3,-6,77,0,2,79,0.12%,0.12%,
106/06/16,-6,0,-2,-8,80,0,5,85,0.12%,0.13%,
106/06/15,-1,0,7,6,86,0,7,93,0.13%,0.14%,
106/06/14,0,0,0,0,87,0,0,87,0.14%,0.14%,
106/06/13,0,0,0,0,87,0,0,87,0.14%,0.14%,
106/06/12,0,0,0,0,87,0,0,87,0.14%,0.14%,
106/06/09,0,0,0,0,87,0,0,87,0.14%,0.14%,
106/06/08,0,0,0,0,87,0,0,87,0.14%,0.14%,
106/06/07,9,0,0,9,87,0,0,87,0.14%,0.14%,
106/06/06,-1,0,-2,-3,78,0,0,78,0.12%,0.12%,
106/06/05,-8,0,0,-8,79,0,2,81,0.12%,0.12%,
106/06/03,0,0,2,2,87,0,2,89,0.14%,0.14%,
106/06/02,0,0,-4,-4,87,0,0,87,0.14%,0.14%,
106/06/01,-4,0,3,-1,87,0,4,91,0.14%,0.15%,
106/05/31,62,0,1,63,91,0,1,92,0.14%,0.14%,
106/05/26,0,0,0,0,29,0,0,29,0.04%,0.04%,
106/05/25,-1,0,0,-1,29,0,0,29,0.04%,0.04%,
106/05/24,3,0,-2,1,30,0,0,30,0.04%,0.04%,
106/05/23,1,0,2,3,27,0,2,29,0.04%,0.04%,
106/05/22,0,0,0,0,26,0,0,26,0.04%,0.04%,
106/05/19,0,0,0,0,26,0,0,26,0.04%,0.04%,
106/05/18,0,0,0,0,26,0,0,26,0.04%,0.04%,
106/05/17,-7,0,-1,-8,26,0,0,26,0.04%,0.04%,
106/05/16,0,0,0,0,33,0,1,34,0.05%,0.05%,
106/05/15,-1,0,0,-1,33,0,1,34,0.05%,0.05%,
106/05/12,-5,0,-2,-7,34,0,1,35,0.05%,0.05%,
106/05/11,-1,0,0,-1,39,0,3,42,0.06%,0.06%,
106/05/10,-6,0,1,-5,40,0,3,43,0.06%,0.06%,
106/05/09,-38,0,-3,-41,46,0,2,48,0.07%,0.07%,
106/05/08,0,0,0,0,84,0,5,89,0.13%,0.14%,
106/05/05,1,0,2,3,84,0,5,89,0.13%,0.14%,
106/05/04,0,0,-3,-3,83,0,3,86,0.13%,0.13%,
106/05/03,-2,0,5,3,83,0,6,89,0.13%,0.14%,
106/05/02,2,0,0,2,85,0,1,86,0.13%,0.13%,
106/04/28,0,0,-4,-4,83,0,1,84,0.13%,0.13%,
106/04/27,0,0,0,0,83,0,5,88,0.13%,0.14%,
106/04/26,-7,0,0,-7,83,0,5,88,0.13%,0.14%,
106/04/25,0,0,0,0,90,0,5,95,0.14%,0.15%,
106/04/24,4,0,0,4,90,0,5,95,0.14%,0.15%,
106/04/21,0,0,-2,-2,86,0,5,91,0.13%,0.14%,
106/04/20,-1,0,0,-1,86,0,7,93,0.13%,0.14%,
106/04/19,0,0,0,0,87,0,7,94,0.14%,0.15%,
106/04/18,-5,0,0,-5,87,0,7,94,0.14%,0.15%,
106/04/17,6,0,5,11,92,0,7,99,0.14%,0.15%,
106/04/14,-59,0,0,-59,86,0,2,88,0.13%,0.13%,
106/04/13,-18,0,-3,-21,145,0,2,147,0.23%,0.23%,
106/04/12,8,0,5,13,163,0,5,168,0.26%,0.27%,
106/04/11,-2,0,-6,-8,155,0,0,155,0.24%,0.24%,
106/04/10,-23,0,0,-23,157,0,6,163,0.25%,0.26%,
106/04/07,-8,0,6,-2,180,0,6,186,0.28%,0.29%,
106/04/06,-10,0,0,-10,188,0,0,188,0.30%,0.30%,
106/04/05,198,0,0,198,198,0,0,198,0.31%,0.31%,
106/03/31,-54,0,0,-54,0,0,0,0,0.00%,0.00%,
106/03/30,0,0,-1,-1,54,0,0,54,0.08%,0.08%,
106/03/29,7,0,1,8,54,0,1,55,0.08%,0.08%,
106/03/28,0,0,0,0,47,0,0,47,0.07%,0.07%,
106/03/27,0,0,0,0,47,0,0,47,0.07%,0.07%,
106/03/24,-4,0,0,-4,47,0,0,47,0.07%,0.07%,
106/03/23,0,0,-1,-1,51,0,0,51,0.08%,0.08%,
106/03/22,1,0,1,2,51,0,1,52,0.08%,0.08%,
106/03/21,0,0,0,0,50,0,0,50,0.08%,0.08%,
106/03/20,-2,0,0,-2,50,0,0,50,0.08%,0.08%,
106/03/17,0,0,0,0,52,0,0,52,0.08%,0.08%,
106/03/16,0,0,0,0,52,0,0,52,0.08%,0.08%,
106/03/15,0,0,0,0,52,0,0,52,0.08%,0.08%,
106/03/14,-62,0,-1,-63,52,0,0,52,0.08%,0.08%,
106/03/13,0,0,1,1,114,0,1,115,0.18%,0.18%,
106/03/10,-2,0,-1,-3,114,0,0,114,0.18%,0.18%,
106/03/09,-2,0,-3,-5,116,0,1,117,0.18%,0.18%,
106/03/08,-11,0,0,-11,118,0,4,122,0.19%,0.20%,
106/03/07,-3,0,4,1,129,0,4,133,0.20%,0.21%,
106/03/06,0,0,0,0,132,0,0,132,0.21%,0.21%,
106/03/03,-6,0,0,-6,132,0,0,132,0.21%,0.21%,
106/03/02,-1,0,0,-1,138,0,0,138,0.22%,0.22%,
106/03/01,0,0,0,0,139,0,0,139,0.22%,0.22%,
106/02/24,-7,0,0,-7,139,0,0,139,0.22%,0.22%,
106/02/23,-2,0,0,-2,146,0,0,146,0.23%,0.23%,
106/02/22,6,0,0,6,148,0,0,148,0.23%,0.23%,
106/02/21,-2,0,0,-2,142,0,0,142,0.22%,0.22%,
106/02/20,-1,0,-2,-3,144,0,0,144,0.23%,0.23%,
106/02/18,0,0,0,0,145,0,2,147,0.23%,0.23%,
106/02/17,-2,0,0,-2,145,0,2,147,0.23%,0.23%,
106/02/16,0,0,2,2,147,0,2,149,0.23%,0.23%,
106/02/15,1,0,0,1,147,0,0,147,0.23%,0.23%,
106/02/14,1,0,-1,0,146,0,0,146,0.23%,0.23%,
106/02/13,-1,0,1,0,145,0,1,146,0.23%,0.23%,
106/02/10,2,0,-1,1,146,0,0,146,0.23%,0.23%,
106/02/09,1,0,1,2,144,0,1,145,0.23%,0.23%,
106/02/08,2,0,-3,-1,143,0,0,143,0.23%,0.23%,
106/02/07,8,0,2,10,141,0,3,144,0.22%,0.22%,
106/02/06,-14,0,0,-14,133,0,1,134,0.21%,0.21%,
106/02/03,-4,0,0,-4,147,0,1,148,0.23%,0.23%,
106/02/02,25,0,0,25,151,0,1,152,0.24%,0.24%,
106/01/24,0,0,0,0,126,0,1,127,0.20%,0.20%,
106/01/23,0,0,0,0,126,0,1,127,0.20%,0.20%,
106/01/20,0,0,0,0,126,0,1,127,0.20%,0.20%,
106/01/19,10,0,0,10,126,0,1,127,0.20%,0.20%,
106/01/18,0,0,0,0,116,0,1,117,0.18%,0.18%,
106/01/17,1,0,0,1,116,0,1,117,0.18%,0.18%,
106/01/16,0,0,0,0,115,0,1,116,0.18%,0.18%,
106/01/13,0,0,0,0,115,0,1,116,0.18%,0.18%,
106/01/12,0,0,0,0,115,0,1,116,0.18%,0.18%,
106/01/11,0,0,0,0,115,0,1,116,0.18%,0.18%,
106/01/10,3,0,0,3,115,0,1,116,0.18%,0.18%,
106/01/09,12,0,0,12,112,0,1,113,0.18%,0.18%,
106/01/06,0,0,0,0,100,0,1,101,0.16%,0.16%,
106/01/05,18,0,0,18,100,0,1,101,0.16%,0.16%,
106/01/04,0,0,0,0,82,0,1,83,0.13%,0.13%,
106/01/03,0,0,0,0,82,0,1,83,0.13%,0.13%,
105/12/30,0,0,0,0,82,0,1,83,0.13%,0.13%,
105/12/29,0,0,0,0,82,0,1,83,0.13%,0.13%,
105/12/28,0,0,0,0,82,0,1,83,0.13%,0.13%,
105/12/27,0,0,0,0,82,0,1,83,0.13%,0.13%,
105/12/26,2,0,0,2,82,0,1,83,0.13%,0.13%,
105/12/23,0,0,1,1,80,0,1,81,0.12%,0.12%,
105/12/22,0,0,-3,-3,80,0,0,80,0.12%,0.12%,
105/12/21,0,0,2,2,80,0,3,83,0.12%,0.12%,
105/12/20,0,0,-2,-2,80,0,1,81,0.12%,0.12%,
105/12/19,10,0,2,12,80,0,3,83,0.12%,0.12%,
105/12/16,0,0,0,0,70,0,1,71,0.11%,0.11%,
105/12/15,0,0,1,1,70,0,1,71,0.11%,0.11%,
105/12/14,0,0,-5,-5,70,0,0,70,0.11%,0.11%,
105/12/13,0,0,3,3,70,0,5,75,0.11%,0.12%,
105/12/12,0,0,2,2,70,0,2,72,0.11%,0.11%,
105/12/09,0,0,0,0,70,0,0,70,0.11%,0.11%,
105/12/08,0,0,0,0,70,0,0,70,0.11%,0.11%,
105/12/07,2,0,-2,0,70,0,0,70,0.11%,0.11%,
105/12/06,0,0,2,2,68,0,2,70,0.10%,0.10%,
105/12/05,0,0,0,0,68,0,0,68,0.10%,0.10%,
105/12/02,6,0,-1,5,68,0,0,68,0.10%,0.10%,
105/12/01,0,0,1,1,62,0,1,63,0.09%,0.09%,
105/11/30,-15,0,0,-15,62,0,0,62,0.09%,0.09%,
105/11/29,5,0,0,5,77,0,0,77,0.12%,0.12%,
105/11/28,-5,0,-1,-6,72,0,0,72,0.11%,0.11%,
105/11/25,-2,0,-3,-5,77,0,1,78,0.12%,0.12%,
105/11/24,-2,0,4,2,79,0,4,83,0.12%,0.13%,
105/11/23,66,0,0,66,81,0,0,81,0.13%,0.13%,
105/11/22,0,0,0,0,15,0,0,15,0.02%,0.02%,
105/11/21,0,0,0,0,15,0,0,15,0.02%,0.02%,
105/11/18,0,0,0,0,15,0,0,15,0.02%,0.02%,
105/11/17,-3,0,-1,-4,15,0,0,15,0.02%,0.02%,
105/11/16,-1,0,-2,-3,18,0,1,19,0.02%,0.02%,
105/11/15,8,0,2,10,19,0,3,22,0.03%,0.03%,
105/11/14,-3,0,0,-3,11,0,1,12,0.01%,0.01%,
105/11/11,0,0,0,0,14,0,1,15,0.02%,0.02%,
105/11/10,0,0,0,0,14,0,1,15,0.02%,0.02%,
105/11/09,1,0,0,1,14,0,1,15,0.02%,0.02%,
105/11/08,0,0,0,0,13,0,1,14,0.02%,0.02%,
105/11/07,1,0,0,1,13,0,1,14,0.02%,0.02%,
105/11/04,0,0,0,0,12,0,1,13,0.01%,0.01%,
105/11/03,-1,0,0,-1,12,0,1,13,0.01%,0.01%,
105/11/02,0,0,-1,-1,13,0,1,14,0.02%,0.02%,
105/11/01,0,0,2,2,13,0,2,15,0.02%,0.02%,
105/10/31,0,0,0,0,13,0,0,13,0.02%,0.02%,
105/10/28,13,0,0,13,13,0,0,13,0.02%,0.02%,
105/10/27,0,0,-2,-2,0,0,0,0,0.00%,0.00%,
105/10/26,0,0,2,2,0,0,2,2,0.00%,0.00%,
105/10/25,0,0,-2,-2,0,0,0,0,0.00%,0.00%,
105/10/24,-13,0,1,-12,0,0,2,2,0.00%,0.00%,
105/10/21,0,0,1,1,13,0,1,14,0.02%,0.02%,
105/10/20,13,0,0,13,13,0,0,13,0.02%,0.02%,
105/10/19,0,0,0,0,0,0,0,0,0.00%,0.00%,
105/10/18,0,0,0,0,0,0,0,0,0.00%,0.00%,
105/10/17,0,0,0,0,0,0,0,0,0.00%,0.00%,
105/10/14,0,0,-1,-1,0,0,0,0,0.00%,0.00%,
105/10/13,0,0,1,1,0,0,1,1,0.00%,0.00%,
105/10/12,0,0,-2,-2,0,0,0,0,0.00%,0.00%,
105/10/11,-5,0,1,-4,0,0,2,2,0.00%,0.00%,
105/10/07,-1,0,0,-1,5,0,1,6,0.00%,0.00%,
105/10/06,4,0,1,5,6,0,1,7,0.00%,0.00%,
105/10/05,0,0,0,0,2,0,0,2,0.00%,0.00%,
105/10/04,0,0,-1,-1,2,0,0,2,0.00%,0.00%,
105/10/03,0,0,0,0,2,0,1,3,0.00%,0.00%,
105/09/30,2,0,0,2,2,0,1,3,0.00%,0.00%,
105/09/29,0,0,0,0,0,0,1,1,0.00%,0.00%,
105/09/26,0,0,0,0,0,0,1,1,0.00%,0.00%,
105/09/23,0,0,-1,-1,0,0,1,1,0.00%,0.00%,
105/09/22,-13,0,-1,-14,0,0,2,2,0.00%,0.00%,
105/09/21,-3,0,0,-3,13,0,3,16,0.02%,0.02%,
105/09/20,-1,0,3,2,16,0,3,19,0.02%,0.02%,
105/09/19,-2,0,-1,-3,17,0,0,17,0.02%,0.02%,
105/09/14,0,0,1,1,19,0,1,20,0.03%,0.03%,
105/09/13,19,0,-1,18,19,0,0,19,0.03%,0.03%,
105/09/12,-1,0,1,0,0,0,1,1,0.00%,0.00%,
105/09/10,0,0,-1,-1,1,0,0,1,0.00%,0.00%,
105/09/09,-20,0,0,-20,1,0,1,2,0.00%,0.00%,
105/09/08,5,0,1,6,21,0,1,22,0.03%,0.03%,
105/09/07,4,0,0,4,16,0,0,16,0.02%,0.02%,
105/09/06,-9,0,-1,-10,12,0,0,12,0.01%,0.01%,
105/09/05,0,0,1,1,21,0,1,22,0.03%,0.03%,
105/09/02,14,0,0,14,21,0,0,21,0.03%,0.03%,
105/09/01,1,0,0,1,7,0,0,7,0.01%,0.01%,
105/08/31,-1,0,0,-1,6,0,0,6,0.00%,0.00%,
105/08/30,1,0,-1,0,7,0,0,7,0.01%,0.01%,
105/08/29,0,0,1,1,6,0,1,7,0.00%,0.00%,
105/08/26,4,0,0,4,6,0,0,6,0.00%,0.00%,
105/08/25,2,0,-2,0,2,0,0,2,0.00%,0.00%,
105/08/24,0,0,0,0,0,0,2,2,0.00%,0.00%,
105/08/23,0,0,-1,-1,0,0,2,2,0.00%,0.00%,
105/08/22,-4,0,1,-3,0,0,3,3,0.00%,0.00%,
105/08/19,-1,0,0,-1,4,0,2,6,0.00%,0.00%,
105/08/18,-5,0,0,-5,5,0,2,7,0.00%,0.00%,
105/08/17,10,0,0,10,10,0,2,12,0.01%,0.01%,
105/08/16,-2,0,0,-2,0,0,2,2,0.00%,0.00%,
105/08/15,-2,0,-2,-4,2,0,2,4,0.00%,0.00%,
105/08/12,1,0,2,3,4,0,4,8,0.00%,0.01%,
105/08/11,0,0,-2,-2,3,0,2,5,0.00%,0.00%,
105/08/10,0,0,2,2,3,0,4,7,0.00%,0.01%,
105/08/09,-16,0,-2,-18,3,0,2,5,0.00%,0.00%,
105/08/08,0,0,0,0,19,0,4,23,0.03%,0.04%,
105/08/05,0,0,0,0,19,0,4,23,0.03%,0.04%,
105/08/04,-1,0,3,2,19,0,4,23,0.03%,0.04%,
105/08/03,0,0,-3,-3,20,0,1,21,0.03%,0.03%,
105/08/02,0,0,0,0,20,0,4,24,0.03%,0.04%,
105/08/01,20,0,3,23,20,0,4,24,0.03%,0.04%,
105/07/29,0,0,-4,-4,0,0,1,1,0.00%,0.00%,
105/07/28,-1,0,2,1,0,0,5,5,0.00%,0.01%,
105/07/27,-26,0,-2,-28,1,0,3,4,0.00%,0.00%,
105/07/26,13,0,2,15,27,0,5,32,0.04%,0.05%,
105/07/25,0,0,-1,-1,14,0,3,17,0.02%,0.02%,
105/07/22,12,0,4,16,14,0,4,18,0.02%,0.03%,
105/07/21,0,0,0,0,2,0,0,2,0.00%,0.00%,
105/07/20,-1,0,-1,-2,2,0,0,2,0.00%,0.00%,
105/07/19,-6,0,-2,-8,3,0,1,4,0.00%,0.00%,
105/07/18,0,0,0,0,9,0,3,12,0.01%,0.01%,
105/07/15,0,0,3,3,9,0,3,12,0.01%,0.01%,
105/07/14,0,0,-2,-2,9,0,0,9,0.01%,0.01%,
105/07/13,-120,0,0,-120,9,0,2,11,0.01%,0.01%,
105/07/12,7,0,0,7,129,0,2,131,0.20%,0.20%,
105/07/11,23,0,0,23,122,0,2,124,0.19%,0.19%,
105/07/07,3,0,0,3,99,0,2,101,0.15%,0.15%,
105/07/06,0,0,0,0,96,0,2,98,0.15%,0.15%,
105/07/05,-2,0,0,-2,96,0,2,98,0.15%,0.15%,
105/07/04,0,0,0,0,98,0,2,100,0.15%,0.15%,
105/07/01,-1,0,0,-1,98,0,2,100,0.15%,0.15%,
105/06/30,3,0,0,3,99,0,2,101,0.15%,0.15%,
105/06/29,0,0,0,0,96,0,2,98,0.15%,0.15%,
105/06/28,0,0,0,0,96,0,2,98,0.15%,0.15%,
105/06/27,0,0,0,0,96,0,2,98,0.15%,0.15%,
105/06/24,-11,0,0,-11,96,0,2,98,0.15%,0.15%,
105/06/23,0,0,0,0,107,0,2,109,0.17%,0.17%,
105/06/22,0,0,0,0,107,0,2,109,0.17%,0.17%,
105/06/21,-2,0,0,-2,107,0,2,109,0.17%,0.17%,
105/06/20,0,0,0,0,109,0,2,111,0.17%,0.17%,
105/06/17,0,0,0,0,109,0,2,111,0.17%,0.17%,
105/06/16,0,0,0,0,109,0,2,111,0.17%,0.17%,
105/06/15,-3,0,0,-3,109,0,2,111,0.17%,0.17%,
105/06/14,-2,0,0,-2,112,0,2,114,0.18%,0.18%,
105/06/13,0,0,0,0,114,0,2,116,0.18%,0.18%,
105/06/08,0,0,0,0,114,0,2,116,0.18%,0.18%,
105/06/07,0,0,0,0,114,0,2,116,0.18%,0.18%,
105/06/06,3,0,0,3,114,0,2,116,0.18%,0.18%,
105/06/04,0,0,0,0,111,0,2,113,0.17%,0.17%,
105/06/03,19,0,0,19,111,0,2,113,0.17%,0.17%,
105/06/02,3,0,0,3,92,0,2,94,0.14%,0.14%,
105/06/01,1,0,0,1,89,0,2,91,0.14%,0.14%,
105/05/31,1,0,0,1,88,0,2,90,0.14%,0.14%,
105/05/30,0,0,0,0,87,0,2,89,0.13%,0.13%,
105/05/27,0,0,0,0,87,0,2,89,0.13%,0.13%,
105/05/26,-1,0,0,-1,87,0,2,89,0.13%,0.13%,
105/05/25,5,0,0,5,88,0,2,90,0.14%,0.14%,
105/05/24,0,0,2,2,83,0,2,85,0.13%,0.13%,
105/05/23,1,0,-1,0,83,0,0,83,0.13%,0.13%,
105/05/20,-1,0,-2,-3,82,0,1,83,0.13%,0.13%,
105/05/19,0,0,1,1,83,0,3,86,0.13%,0.13%,
105/05/18,6,0,1,7,83,0,2,85,0.13%,0.13%,
105/05/17,0,0,-2,-2,77,0,1,78,0.12%,0.12%,
105/05/16,0,0,0,0,77,0,3,80,0.12%,0.12%,
105/05/13,-4,0,1,-3,77,0,3,80,0.12%,0.12%,
105/05/12,19,0,0,19,81,0,2,83,0.13%,0.13%,
105/05/11,-6,0,2,-4,62,0,2,64,0.09%,0.09%,
105/05/10,-5,0,-2,-7,68,0,0,68,0.10%,0.10%,
105/05/09,2,0,2,4,73,0,2,75,0.11%,0.11%,
105/05/06,-3,0,-1,-4,71,0,0,71,0.11%,0.11%,
105/05/05,21,0,-1,20,74,0,1,75,0.11%,0.11%,
105/05/04,-6,0,2,-4,53,0,2,55,0.08%,0.08%,
105/05/03,2,0,0,2,59,0,0,59,0.09%,0.09%,
105/04/29,-13,0,-2,-15,57,0,0,57,0.09%,0.09%,
105/04/28,-4,0,-1,-5,70,0,2,72,0.11%,0.11%,
105/04/27,-4,0,0,-4,74,0,3,77,0.11%,0.11%,
105/04/26,2,0,3,5,78,0,3,81,0.12%,0.12%,
105/04/25,-2,0,-2,-4,76,0,0,76,0.12%,0.12%,
105/04/22,-47,0,0,-47,78,0,2,80,0.12%,0.12%,
105/04/21,-4,0,0,-4,125,0,2,127,0.20%,0.20%,
105/04/20,-8,0,1,-7,129,0,2,131,0.20%,0.20%,
105/04/19,-1,0,1,0,137,0,1,138,0.22%,0.22%,
105/04/18,-1,0,-2,-3,138,0,0,138,0.22%,0.22%,
105/04/15,-4,0,0,-4,139,0,2,141,0.22%,0.22%,
105/04/14,-2,0,-1,-3,143,0,2,145,0.23%,0.23%,
105/04/13,-3,0,1,-2,145,0,3,148,0.23%,0.23%,
105/04/12,-3,0,0,-3,148,0,2,150,0.23%,0.23%,
105/04/11,-1,0,0,-1,151,0,2,153,0.24%,0.24%,
105/04/08,-1,0,0,-1,152,0,2,154,0.24%,0.24%,
105/04/07,-2,0,2,0,153,0,2,155,0.24%,0.24%,
105/04/06,-1,0,0,-1,155,0,0,155,0.24%,0.24%,
105/04/01,-4,0,-2,-6,156,0,0,156,0.25%,0.25%,
105/03/31,-3,0,2,-1,160,0,2,162,0.25%,0.25%,
105/03/30,-5,0,-3,-8,163,0,0,163,0.26%,0.26%,
105/03/29,-20,0,1,-19,168,0,3,171,0.27%,0.27%,
105/03/28,-1,0,-1,-2,188,0,2,190,0.30%,0.30%,
105/03/25,-10,0,0,-10,189,0,3,192,0.30%,0.30%,
105/03/24,-34,0,3,-31,199,0,3,202,0.32%,0.32%,
105/03/23,-4,0,0,-4,233,0,0,233,0.37%,0.37%,
105/03/22,-3,0,-1,-4,237,0,0,237,0.38%,0.38%,
105/03/21,0,0,1,1,240,0,1,241,0.38%,0.38%,
105/03/18,0,0,0,0,240,0,0,240,0.38%,0.38%,
105/03/17,-1,0,-1,-2,240,0,0,240,0.38%,0.38%,
105/03/16,-20,0,-1,-21,241,0,1,242,0.38%,0.38%,
105/03/15,-10,0,1,-9,261,0,2,263,0.41%,0.41%,
105/03/14,201,0,1,202,271,0,1,272,0.43%,0.43%,
105/03/11,8,0,-1,7,70,0,0,70,0.11%,0.11%,
105/03/10,1,0,1,2,62,0,1,63,0.09%,0.09%,
105/03/09,0,0,0,0,61,0,0,61,0.09%,0.09%,
105/03/08,-14,0,0,-14,61,0,0,61,0.09%,0.09%,
105/03/07,0,0,-1,-1,75,0,0,75,0.12%,0.12%,
105/03/04,-2,0,0,-2,75,0,1,76,0.12%,0.12%,
105/03/03,49,0,0,49,77,0,1,78,0.12%,0.12%,
105/03/02,-1,0,-1,-2,28,0,1,29,0.04%,0.04%,
105/03/01,1,0,0,1,29,0,2,31,0.04%,0.04%,
105/02/26,0,0,0,0,28,0,2,30,0.04%,0.04%,
105/02/25,-2,0,0,-2,28,0,2,30,0.04%,0.04%,
105/02/24,0,0,0,0,30,0,2,32,0.04%,0.04%,
105/02/23,-1,0,0,-1,30,0,2,32,0.04%,0.04%,
105/02/22,0,0,0,0,31,0,2,33,0.04%,0.04%,
105/02/19,0,0,0,0,31,0,2,33,0.04%,0.04%,
105/02/18,0,0,0,0,31,0,2,33,0.04%,0.04%,
105/02/17,0,0,0,0,31,0,2,33,0.04%,0.04%,
105/02/16,0,0,0,0,31,0,2,33,0.04%,0.04%,
105/02/15,1,0,0,1,31,0,2,33,0.04%,0.04%,
105/02/03,0,0,0,0,30,0,2,32,0.04%,0.04%,
105/02/02,0,0,0,0,30,0,2,32,0.04%,0.04%,
105/02/01,0,0,0,0,30,0,2,32,0.04%,0.04%,
105/01/30,0,0,0,0,30,0,2,32,0.04%,0.04%,
105/01/29,0,0,0,0,30,0,2,32,0.04%,0.04%,
105/01/28,0,0,0,0,30,0,2,32,0.04%,0.04%,
105/01/27,0,0,0,0,30,0,2,32,0.04%,0.04%,
105/01/26,0,0,0,0,30,0,2,32,0.04%,0.04%,
105/01/25,0,0,0,0,30,0,2,32,0.04%,0.04%,
105/01/22,0,0,0,0,30,0,2,32,0.04%,0.04%,
105/01/21,0,0,0,0,30,0,2,32,0.04%,0.04%,
105/01/20,0,0,0,0,30,0,2,32,0.04%,0.04%,
105/01/19,0,0,0,0,30,0,2,32,0.04%,0.04%,
105/01/18,0,0,0,0,30,0,2,32,0.04%,0.04%,
105/01/15,0,0,0,0,30,0,2,32,0.04%,0.04%,
105/01/14,0,0,0,0,30,0,2,32,0.04%,0.04%,
105/01/13,0,0,0,0,30,0,2,32,0.04%,0.04%,
105/01/12,0,0,0,0,30,0,2,32,0.04%,0.04%,
105/01/11,0,0,0,0,30,0,2,32,0.04%,0.04%,
105/01/08,0,0,0,0,30,0,2,32,0.04%,0.04%,
105/01/07,0,0,0,0,30,0,2,32,0.04%,0.04%,
105/01/06,0,0,0,0,30,0,2,32,0.04%,0.04%,
105/01/05,0,0,0,0,30,0,2,32,0.04%,0.04%,
105/01/04,0,0,0,0,30,0,2,32,0.04%,0.04%,
104/12/31,9,0,0,9,30,0,2,32,0.04%,0.04%,
104/12/30,-7,0,0,-7,21,0,2,23,0.03%,0.03%,
104/12/29,0,0,0,0,28,0,2,30,0.04%,0.04%,
104/12/28,0,0,0,0,28,0,2,30,0.04%,0.04%,
104/12/25,-6,0,0,-6,28,0,2,30,0.04%,0.04%,
104/12/24,0,0,0,0,34,0,2,36,0.05%,0.05%,
104/12/23,0,0,0,0,34,0,2,36,0.05%,0.05%,
104/12/22,0,0,0,0,34,0,2,36,0.05%,0.05%,
104/12/21,0,0,0,0,34,0,2,36,0.05%,0.05%,
104/12/18,0,0,0,0,34,0,2,36,0.05%,0.05%,
104/12/17,-1,0,0,-1,34,0,2,36,0.05%,0.05%,
104/12/16,-1,0,0,-1,35,0,2,37,0.05%,0.05%,
104/12/15,0,0,0,0,36,0,2,38,0.05%,0.05%,
104/12/14,0,0,0,0,36,0,2,38,0.05%,0.05%,
104/12/11,0,0,2,2,36,0,2,38,0.05%,0.05%,
104/12/10,0,0,-4,-4,36,0,0,36,0.05%,0.05%,
104/12/09,0,0,-3,-3,36,0,4,40,0.05%,0.06%,
104/12/08,16,0,7,23,36,0,7,43,0.05%,0.06%,
104/12/07,0,0,0,0,20,0,0,20,0.03%,0.03%,
104/12/04,0,0,-6,-6,20,0,0,20,0.03%,0.03%,
104/12/03,0,0,-3,-3,20,0,6,26,0.03%,0.04%,
104/12/02,0,0,5,5,20,0,9,29,0.03%,0.04%,
104/12/01,0,0,4,4,20,0,4,24,0.03%,0.04%,
104/11/30,0,0,-4,-4,20,0,0,20,0.03%,0.03%,
104/11/27,0,0,0,0,20,0,4,24,0.03%,0.04%,
104/11/26,0,0,-5,-5,20,0,4,24,0.03%,0.04%,
104/11/25,0,0,8,8,20,0,9,29,0.03%,0.04%,
104/11/24,0,0,-2,-2,20,0,1,21,0.03%,0.03%,
104/11/23,0,0,-1,-1,20,0,3,23,0.03%,0.03%,
104/11/20,0,0,4,4,20,0,4,24,0.03%,0.04%,
104/11/19,0,0,-1,-1,20,0,0,20,0.03%,0.03%,
104/11/18,-8,0,-7,-15,20,0,1,21,0.03%,0.03%,
104/11/17,8,0,1,9,28,0,8,36,0.04%,0.05%,
104/11/16,0,0,2,2,20,0,7,27,0.03%,0.04%,
104/11/13,0,0,-1,-1,20,0,5,25,0.03%,0.04%,
104/11/12,0,0,3,3,20,0,6,26,0.03%,0.04%,
104/11/11,-5,0,1,-4,20,0,3,23,0.03%,0.03%,
104/11/10,5,0,2,7,25,0,2,27,0.04%,0.04%,
104/11/09,0,0,0,0,20,0,0,20,0.03%,0.03%,
104/11/06,0,0,0,0,20,0,0,20,0.03%,0.03%,
104/11/05,0,0,0,0,20,0,0,20,0.03%,0.03%,
104/11/04,0,0,0,0,20,0,0,20,0.03%,0.03%,
104/11/03,0,0,0,0,20,0,0,20,0.03%,0.03%,
104/11/02,0,0,0,0,20,0,0,20,0.03%,0.03%,
104/10/30,0,0,0,0,20,0,0,20,0.03%,0.03%,
104/10/29,0,0,0,0,20,0,0,20,0.03%,0.03%,
104/10/28,0,0,0,0,20,0,0,20,0.03%,0.03%,
104/10/27,0,0,0,0,20,0,0,20,0.03%,0.03%,
104/10/26,0,0,0,0,20,0,0,20,0.03%,0.03%,
104/10/23,0,0,0,0,20,0,0,20,0.03%,0.03%,
104/10/22,0,0,0,0,20,0,0,20,0.03%,0.03%,
104/10/21,0,0,0,0,20,0,0,20,0.03%,0.03%,
104/10/20,0,0,0,0,20,0,0,20,0.03%,0.03%,
104/10/19,0,0,0,0,20,0,0,20,0.03%,0.03%,
104/10/16,0,0,0,0,20,0,0,20,0.03%,0.03%,
104/10/15,-2,0,0,-2,20,0,0,20,0.03%,0.03%,
104/10/14,-1,0,0,-1,22,0,0,22,0.03%,0.03%,
104/10/13,0,0,0,0,23,0,0,23,0.03%,0.03%,
104/10/12,0,0,0,0,23,0,0,23,0.03%,0.03%,
104/10/08,0,0,0,0,23,0,0,23,0.03%,0.03%,
104/10/07,-12,0,0,-12,23,0,0,23,0.03%,0.03%,
104/10/06,-1,0,0,-1,35,0,0,35,0.05%,0.05%,
104/10/05,0,0,0,0,36,0,0,36,0.05%,0.05%,
104/10/02,0,0,0,0,36,0,0,36,0.05%,0.05%,
104/10/01,0,0,0,0,36,0,0,36,0.05%,0.05%,
104/09/30,0,0,0,0,36,0,0,36,0.05%,0.05%,
104/09/25,0,0,0,0,36,0,0,36,0.05%,0.05%,
104/09/24,0,0,0,0,36,0,0,36,0.05%,0.05%,
104/09/23,0,0,0,0,36,0,0,36,0.05%,0.05%,
104/09/22,0,0,0,0,36,0,0,36,0.05%,0.05%,
104/09/21,0,0,0,0,36,0,0,36,0.05%,0.05%,
104/09/18,0,0,0,0,36,0,0,36,0.05%,0.05%,
104/09/17,0,0,0,0,36,0,0,36,0.05%,0.05%,
104/09/16,0,0,0,0,36,0,0,36,0.05%,0.05%,
104/09/15,0,0,0,0,36,0,0,36,0.05%,0.05%,
104/09/14,0,0,0,0,36,0,0,36,0.05%,0.05%,
104/09/11,0,0,0,0,36,0,0,36,0.05%,0.05%,
104/09/10,0,0,0,0,36,0,0,36,0.05%,0.05%,
104/09/09,0,0,0,0,36,0,0,36,0.05%,0.05%,
104/09/08,0,0,0,0,36,0,0,36,0.05%,0.05%,
104/09/07,0,0,0,0,36,0,0,36,0.05%,0.05%,
104/09/04,0,0,0,0,36,0,0,36,0.05%,0.05%,
104/09/03,0,0,0,0,36,0,0,36,0.05%,0.05%,
104/09/02,0,0,0,0,36,0,0,36,0.05%,0.05%,
104/09/01,0,0,-1,-1,36,0,0,36,0.05%,0.05%,
104/08/31,0,0,0,0,36,0,1,37,0.05%,0.05%,
104/08/28,0,0,0,0,36,0,1,37,0.05%,0.05%,
104/08/27,0,0,0,0,36,0,1,37,0.05%,0.05%,
104/08/26,0,0,0,0,36,0,1,37,0.05%,0.05%,
104/08/25,0,0,0,0,36,0,1,37,0.05%,0.05%,
104/08/24,-5,0,0,-5,36,0,1,37,0.05%,0.05%,
104/08/21,0,0,-2,-2,41,0,1,42,0.06%,0.06%,
104/08/20,0,0,0,0,41,0,3,44,0.06%,0.06%,
104/08/19,0,0,3,3,41,0,3,44,0.06%,0.06%,
104/08/18,0,0,-3,-3,41,0,0,41,0.06%,0.06%,
104/08/17,0,0,1,1,41,0,3,44,0.06%,0.06%,
104/08/14,0,0,1,1,41,0,2,43,0.06%,0.06%,
104/08/13,0,0,1,1,41,0,1,42,0.06%,0.06%,
104/08/12,0,0,0,0,41,0,0,41,0.06%,0.06%,
104/08/11,0,0,-2,-2,41,0,0,41,0.06%,0.06%,
104/08/10,0,0,2,2,41,0,2,43,0.06%,0.06%,
104/08/07,0,0,-3,-3,41,0,0,41,0.06%,0.06%,
104/08/06,0,0,3,3,41,0,3,44,0.06%,0.06%,
104/08/05,0,0,-4,-4,41,0,0,41,0.06%,0.06%,
104/08/04,0,0,2,2,41,0,4,45,0.06%,0.07%,
104/08/03,0,0,1,1,41,0,2,43,0.06%,0.06%,
104/07/31,0,0,1,1,41,0,1,42,0.06%,0.06%,
104/07/30,0,0,0,0,41,0,0,41,0.06%,0.06%,
104/07/29,0,0,-1,-1,41,0,0,41,0.06%,0.06%,
104/07/28,0,0,-3,-3,41,0,1,42,0.06%,0.06%,
104/07/27,0,0,1,1,41,0,4,45,0.06%,0.07%,
104/07/24,0,0,1,1,41,0,3,44,0.06%,0.06%,
104/07/23,-1,0,0,-1,41,0,2,43,0.06%,0.06%,
104/07/22,-6,0,-1,-7,42,0,2,44,0.06%,0.06%,
104/07/21,-11,0,3,-8,48,0,3,51,0.07%,0.07%,
104/07/20,-6,0,-1,-7,59,0,0,59,0.09%,0.09%,
104/07/17,6,0,0,6,65,0,1,66,0.10%,0.10%,
104/07/16,2,0,1,3,59,0,1,60,0.09%,0.09%,
104/07/15,0,0,-1,-1,57,0,0,57,0.09%,0.09%,
104/07/14,0,0,0,0,57,0,1,58,0.09%,0.09%,
104/07/13,6,0,-1,5,57,0,1,58,0.09%,0.09%,
104/07/09,-6,0,2,-4,51,0,2,53,0.08%,0.08%,
104/07/08,-2,0,0,-2,57,0,0,57,0.09%,0.09%,
104/07/07,2,0,-1,1,59,0,0,59,0.09%,0.09%,
104/07/06,2,0,-2,0,57,0,1,58,0.09%,0.09%,
104/07/03,4,0,0,4,55,0,3,58,0.08%,0.08%,
104/07/02,2,0,0,2,51,0,3,54,0.08%,0.08%,
104/07/01,4,0,-1,3,49,0,3,52,0.07%,0.07%,
104/06/30,0,0,4,4,45,0,4,49,0.07%,0.08%,
104/06/29,0,0,0,0,45,0,0,45,0.07%,0.07%,
104/06/26,1,0,-1,0,45,0,0,45,0.07%,0.07%,
104/06/25,0,0,-1,-1,44,0,1,45,0.07%,0.07%,
104/06/24,0,0,2,2,44,0,2,46,0.07%,0.07%,
104/06/23,0,0,0,0,44,0,0,44,0.07%,0.07%,
104/06/22,0,0,0,0,44,0,0,44,0.07%,0.07%,
104/06/18,0,0,0,0,44,0,0,44,0.07%,0.07%,
104/06/17,0,0,-3,-3,44,0,0,44,0.07%,0.07%,
104/06/16,0,0,-1,-1,44,0,3,47,0.07%,0.07%,
104/06/15,0,0,4,4,44,0,4,48,0.07%,0.08%,
104/06/12,0,0,-2,-2,44,0,0,44,0.07%,0.07%,
104/06/11,0,0,-3,-3,44,0,2,46,0.07%,0.07%,
104/06/10,3,0,0,3,44,0,5,49,0.07%,0.08%,
104/06/09,-2,0,5,3,41,0,5,46,0.06%,0.07%,
104/06/08,-2,0,-4,-6,43,0,0,43,0.06%,0.06%,
104/06/05,-1,0,0,-1,45,0,4,49,0.07%,0.08%,
104/06/04,-4,0,4,0,46,0,4,50,0.07%,0.08%,
104/06/03,-1,0,0,-1,50,0,0,50,0.08%,0.08%,
104/06/02,0,0,0,0,51,0,0,51,0.08%,0.08%,
104/06/01,0,0,-1,-1,51,0,0,51,0.08%,0.08%,
104/05/29,2,0,-4,-2,51,0,1,52,0.08%,0.08%,
104/05/28,3,0,-1,2,49,0,5,54,0.07%,0.08%,
104/05/27,5,0,1,6,46,0,6,52,0.07%,0.08%,
104/05/26,0,0,0,0,41,0,5,46,0.06%,0.07%,
104/05/25,0,0,5,5,41,0,5,46,0.06%,0.07%,
104/05/22,0,0,-5,-5,41,0,0,41,0.06%,0.06%,
104/05/21,0,0,5,5,41,0,5,46,0.06%,0.07%,
104/05/20,0,0,0,0,41,0,0,41,0.06%,0.06%,
104/05/19,0,0,-6,-6,41,0,0,41,0.06%,0.06%,
104/05/18,-1,0,5,4,41,0,5,46,0.06%,0.07%,
104/05/15,0,0,-458,-458,42,0,0,42,0.06%,0.06%,
104/05/14,1,0,-41,-40,42,0,441,483,0.06%,0.77%,
104/05/13,0,0,-2,-2,41,0,482,523,0.06%,0.84%,
104/05/12,0,0,-1,-1,41,0,484,525,0.06%,0.84%,
104/05/11,0,0,4,4,41,0,485,526,0.06%,0.84%,
104/05/08,0,0,-3,-3,41,0,481,522,0.06%,0.83%,
104/05/07,0,0,3,3,41,0,484,525,0.06%,0.84%,
104/05/06,0,0,0,0,41,0,481,522,0.06%,0.83%,
104/05/05,0,0,-3,-3,41,0,481,522,0.06%,0.83%,
104/05/04,0,0,3,3,41,0,484,525,0.06%,0.84%,
104/04/30,0,0,-3,-3,41,0,481,522,0.06%,0.83%,
104/04/29,0,0,3,3,41,0,484,525,0.06%,0.84%,
104/04/28,0,0,0,0,41,0,481,522,0.06%,0.83%,
104/04/27,0,0,0,0,41,0,481,522,0.06%,0.83%,
104/04/24,0,0,0,0,41,0,481,522,0.06%,0.83%,
104/04/23,0,0,0,0,41,0,481,522,0.06%,0.83%,
104/04/22,0,0,0,0,41,0,481,522,0.06%,0.83%,
104/04/21,-8,0,0,-8,41,0,481,522,0.06%,0.83%,
104/04/20,-3,0,0,-3,49,0,481,530,0.07%,0.84%,
104/04/17,0,0,0,0,52,0,481,533,0.08%,0.85%,
104/04/16,9,0,0,9,52,0,481,533,0.08%,0.85%,
104/04/15,1,0,0,1,43,0,481,524,0.06%,0.83%,
104/04/14,1,0,-3,-2,42,0,481,523,0.06%,0.83%,
104/04/13,-1,0,1,0,41,0,484,525,0.06%,0.84%,
104/04/10,-2,0,2,0,42,0,483,525,0.06%,0.84%,
104/04/09,1,0,0,1,44,0,481,525,0.07%,0.84%,
104/04/08,0,0,0,0,43,0,481,524,0.06%,0.83%,
104/04/07,2,0,0,2,43,0,481,524,0.06%,0.83%,
104/04/02,0,0,-2,-2,41,0,481,522,0.06%,0.83%,
104/04/01,0,0,1,1,41,0,483,524,0.06%,0.84%,
104/03/31,0,0,1,1,41,0,482,523,0.06%,0.84%,
104/03/30,0,0,0,0,41,0,481,522,0.06%,0.83%,
104/03/27,-2,0,-3,-5,41,0,481,522,0.06%,0.83%,
104/03/26,0,0,0,0,43,0,484,527,0.06%,0.84%,
104/03/25,-12,0,3,-9,43,0,484,527,0.06%,0.84%,
104/03/24,2,0,0,2,55,0,481,536,0.08%,0.85%,
104/03/23,2,0,0,2,53,0,481,534,0.08%,0.85%,
104/03/20,5,0,0,5,51,0,481,532,0.08%,0.85%,
104/03/19,5,0,0,5,46,0,481,527,0.07%,0.84%,
104/03/18,0,0,0,0,41,0,481,522,0.06%,0.83%,
104/03/17,0,0,0,0,41,0,481,522,0.06%,0.83%,
104/03/16,0,0,0,0,41,0,481,522,0.06%,0.83%,
104/03/13,0,0,0,0,41,0,481,522,0.06%,0.83%,
104/03/12,-1,0,0,-1,41,0,481,522,0.06%,0.83%,
104/03/11,-1,0,0,-1,42,0,481,523,0.06%,0.83%,
104/03/10,0,0,0,0,43,0,481,524,0.06%,0.83%,
104/03/09,0,0,0,0,43,0,481,524,0.06%,0.83%,
104/03/06,0,0,20,20,43,0,481,524,0.06%,0.83%,
104/03/05,1,0,6,7,43,0,461,504,0.06%,0.80%,
104/03/04,0,0,0,0,42,0,455,497,0.06%,0.79%,
104/03/03,-1,0,77,76,42,0,455,497,0.06%,0.79%,
104/03/02,-2,0,10,8,43,0,378,421,0.06%,0.67%,
104/02/26,2,0,-114,-112,45,0,368,413,0.07%,0.66%,
104/02/25,0,0,-1,-1,43,0,482,525,0.06%,0.84%,
104/02/24,0,0,2,2,43,0,483,526,0.06%,0.84%,
104/02/13,2,0,0,2,43,0,481,524,0.06%,0.83%,
104/02/12,0,0,-1,-1,41,0,481,522,0.06%,0.83%,
104/02/11,0,0,0,0,41,0,482,523,0.06%,0.84%,
104/02/10,0,0,1,1,41,0,482,523,0.06%,0.84%,
104/02/09,0,0,-1,-1,41,0,481,522,0.06%,0.83%,
104/02/06,-1,0,0,-1,41,0,482,523,0.06%,0.84%,
104/02/05,0,0,0,0,42,0,482,524,0.06%,0.84%,
104/02/04,-1,0,1,0,42,0,482,524,0.06%,0.84%,
104/02/03,0,0,0,0,43,0,481,524,0.06%,0.83%,
104/02/02,1,0,-2,-1,43,0,481,524,0.06%,0.83%,
104/01/30,0,0,0,0,42,0,483,525,0.06%,0.84%,
104/01/29,0,0,1,1,42,0,483,525,0.06%,0.84%,
104/01/28,0,0,0,0,42,0,482,524,0.06%,0.84%,
104/01/27,0,0,1,1,42,0,482,524,0.06%,0.84%,
104/01/26,1,0,-1,0,42,0,481,523,0.06%,0.83%,
104/01/23,0,0,1,1,41,0,482,523,0.06%,0.84%,
104/01/22,0,0,0,0,41,0,481,522,0.06%,0.83%,
104/01/21,5,0,0,5,41,0,481,522,0.06%,0.83%,
104/01/20,0,0,0,0,36,0,481,517,0.05%,0.82%,
104/01/19,-2,0,0,-2,36,0,481,517,0.05%,0.82%,
104/01/16,-3,0,0,-3,38,0,481,519,0.06%,0.83%,
104/01/15,4,0,-6,-2,41,0,481,522,0.06%,0.83%,
104/01/14,0,0,-130,-130,37,0,487,524,0.05%,0.83%,
104/01/13,1,0,0,1,37,0,617,654,0.05%,1.04%,
104/01/12,10,0,0,10,36,0,617,653,0.05%,1.04%,
104/01/09,0,0,0,0,26,0,617,643,0.04%,1.03%,
104/01/08,-7,0,0,-7,26,0,617,643,0.04%,1.03%,
104/01/07,7,0,96,103,33,0,617,650,0.05%,1.04%,
104/01/06,0,0,120,120,26,0,521,547,0.04%,0.88%,
104/01/05,0,0,59,59,26,0,401,427,0.04%,0.69%,
