日期,外資買賣超,投信買賣超,自營商買賣超,單日合計買賣超,外資估計持股,投信估計持股,自營商估計持股,單日合計估計持股,外資持股比重,三大法人持股比重,
107/03/31,0,0,-196,-196,140685,7214,2184,150083,39.81%,42.47%,
107/03/30,-208,-5,334,121,140685,7214,2380,150279,39.81%,42.53%,
107/03/29,80,0,13,93,140893,7219,2046,150158,39.87%,42.49%,
107/03/28,153,0,-74,79,140851,7219,2033,150103,39.86%,42.48%,
107/03/27,21,0,-23,-2,140733,7219,2107,150059,39.83%,42.47%,
107/03/26,201,0,-25,176,140863,7219,2130,150212,39.86%,42.51%,
107/03/23,-195,0,-606,-801,140662,7219,2155,150036,39.81%,42.46%,
107/03/22,16,0,100,116,140857,7219,2761,150837,39.86%,42.68%,
107/03/21,275,0,103,378,140841,7219,2661,150721,39.86%,42.66%,
107/03/20,457,-10,-161,286,140709,7219,2558,150486,39.82%,42.59%,
107/03/19,593,-2,-3,588,140412,7229,2719,150360,39.74%,42.56%,
107/03/16,127,0,-211,-84,139819,7231,2722,149772,39.57%,42.39%,
107/03/15,-166,0,-208,-374,139836,7231,2933,150000,39.57%,42.45%,
107/03/14,437,0,280,717,140002,7231,3141,150374,39.62%,42.56%,
107/03/13,1174,-10,216,1380,139704,7231,2861,149796,39.54%,42.40%,
107/03/12,467,0,-120,347,138898,7241,2645,148784,39.31%,42.11%,
107/03/09,303,0,73,376,138431,7241,2765,148437,39.18%,42.01%,
107/03/08,503,0,-22,481,138128,7241,2692,148061,39.09%,41.90%,
107/03/07,189,0,-144,45,137826,7241,2714,147781,39.00%,41.82%,
107/03/06,866,0,-63,803,137637,7241,2858,147736,38.95%,41.81%,
107/03/05,113,29,70,212,137001,7241,2921,147163,38.77%,41.65%,
107/03/02,475,0,-155,320,136979,7212,2851,147042,38.77%,41.62%,
107/03/01,79,0,-108,-29,136484,7212,3006,146702,38.62%,41.51%,
107/02/27,-41,0,171,130,136202,7212,3114,146528,38.55%,41.47%,
107/02/26,-501,0,-635,-1136,136272,7212,2943,146427,38.56%,41.43%,
107/02/23,-47,0,1276,1229,136818,7212,3578,147608,38.72%,41.77%,
107/02/22,-97,-5,10,-92,137177,7212,2302,146691,38.82%,41.51%,
107/02/21,663,0,26,689,137274,7217,2292,146783,38.85%,41.54%,
107/02/12,143,0,-20,123,136611,7217,2266,146094,38.66%,41.34%,
107/02/09,383,0,-83,300,136468,7217,2286,145971,38.62%,41.31%,
107/02/08,475,-300,-129,46,136254,7217,2369,145840,38.56%,41.27%,
107/02/07,151,2,-42,111,135779,7517,2498,145794,38.43%,41.26%,
107/02/06,-471,0,-780,-1251,135628,7515,2540,145683,38.38%,41.23%,
107/02/05,136,0,-169,-33,136213,7515,3320,147048,38.55%,41.62%,
107/02/02,-298,0,-78,-376,136077,7515,3489,147081,38.51%,41.62%,
107/02/01,-327,0,-377,-704,136793,7515,3567,147875,38.71%,41.85%,
107/01/31,990,86,413,1489,137128,7515,3944,148587,38.81%,42.05%,
107/01/30,-178,0,-216,-394,136087,7429,3531,147047,38.51%,41.61%,
107/01/29,-479,-573,-1003,-2055,136535,7429,3747,147711,38.64%,41.80%,
107/01/26,-101,-8,613,504,137243,8002,4750,149995,38.84%,42.45%,
107/01/25,-249,0,447,198,137397,8010,4137,149544,38.88%,42.32%,
107/01/24,159,-307,29,-119,137646,8010,3690,149346,38.95%,42.26%,
107/01/23,374,0,223,597,137487,8317,3661,149465,38.91%,42.30%,
107/01/22,179,0,119,298,137128,8317,3438,148883,38.81%,42.14%,
107/01/19,379,0,-20,359,136949,8317,3319,148585,38.76%,42.05%,
107/01/18,-51,0,-164,-215,136570,8317,3339,148226,38.65%,41.95%,
107/01/17,-5,-549,-66,-620,136583,8317,3503,148403,38.65%,42.00%,
107/01/16,304,-8,-203,93,136587,8866,3569,149022,38.65%,42.17%,
107/01/15,391,0,85,476,136321,8874,3772,148967,38.58%,42.16%,
107/01/12,631,0,322,953,135928,8874,3687,148489,38.47%,42.03%,
107/01/11,1221,0,-192,1029,135305,8874,3365,147544,38.29%,41.75%,
107/01/10,-3056,-6,-69,-3131,134084,8874,3557,146515,37.95%,41.47%,
107/01/09,221,-194,-58,-31,137543,8880,3626,150049,38.92%,42.46%,
107/01/08,-328,0,-691,-1019,137298,9074,3684,150056,38.86%,42.47%,
107/01/05,-153,-6,86,-73,137481,9074,4375,150930,38.91%,42.72%,
107/01/04,-55,168,-140,-27,137966,9080,4289,151335,39.04%,42.82%,
107/01/03,-2127,194,-536,-2469,137621,8912,4429,150962,38.95%,42.73%,
107/01/02,457,0,81,538,139709,8718,4965,153392,39.54%,43.41%,
106/12/29,-1577,1000,700,123,139291,8718,4884,152893,39.42%,43.27%,
106/12/28,-1022,1000,149,127,140471,7826,4184,152481,39.75%,43.15%,
106/12/27,-1263,1002,39,-222,141374,6826,4035,152235,40.01%,43.08%,
106/12/26,-2132,142,-275,-2265,142548,5824,3996,152368,40.34%,43.12%,
106/12/25,-571,500,288,217,144241,5682,4271,154194,40.82%,43.64%,
106/12/22,-541,0,-93,-634,144440,5182,3983,153605,40.88%,43.47%,
106/12/21,-153,0,135,-18,144867,5182,4076,154125,41.00%,43.62%,
106/12/20,304,0,-16,288,145133,5182,3941,154256,41.07%,43.65%,
106/12/19,465,0,39,504,144813,5182,3957,153952,40.98%,43.57%,
106/12/18,-110,0,-33,-143,143185,5182,3918,152285,40.52%,43.10%,
106/12/15,-1844,0,-470,-2314,143164,5182,3951,152297,40.52%,43.10%,
106/12/14,-218,0,714,496,144461,5182,4421,154064,40.88%,43.60%,
106/12/13,347,239,-239,347,144560,5182,3707,153449,40.91%,43.43%,
106/12/12,-1661,0,-159,-1820,144208,4943,3946,153097,40.81%,43.33%,
106/12/11,-518,168,310,-40,145837,4943,4105,154885,41.27%,43.83%,
106/12/08,-245,500,-152,103,146811,4775,3795,155381,41.55%,43.98%,
106/12/07,-2287,0,-216,-2503,147063,4275,3947,155285,41.62%,43.95%,
106/12/06,154,0,226,380,149215,4275,4163,157653,42.23%,44.62%,
106/12/05,1697,525,-693,1529,148806,4275,3937,157018,42.11%,44.43%,
106/12/04,-272,650,-201,177,146827,3750,4630,155207,41.55%,43.92%,
106/12/01,1336,3,-175,1164,146959,3100,4831,154890,41.59%,43.83%,
106/11/30,-1251,1570,-664,-345,145623,3097,5006,153726,41.21%,43.50%,
106/11/29,328,48,-34,342,146745,1527,5670,153942,41.53%,43.57%,
106/11/28,1314,-450,711,1575,146417,1479,5704,153600,41.44%,43.47%,
106/11/27,2281,0,42,2323,145093,1929,4993,152015,41.06%,43.02%,
106/11/24,-2074,-61,-13,-2148,142765,1929,4951,149645,40.40%,42.35%,
106/11/23,1844,0,954,2798,144792,1990,4964,151746,40.98%,42.95%,
106/11/22,-1187,0,-458,-1645,142903,1990,4010,148903,40.44%,42.14%,
106/11/21,-530,0,801,271,144090,1990,4468,150548,40.78%,42.61%,
106/11/20,-361,0,-278,-639,144620,1990,3667,150277,40.93%,42.53%,
106/11/17,895,0,465,1360,144981,1990,3945,150916,41.03%,42.71%,
106/11/16,-1749,0,275,-1474,144086,1990,3480,149556,40.78%,42.33%,
106/11/15,30,0,-174,-144,145949,1990,3205,151144,41.30%,42.77%,
106/11/14,452,0,-190,262,145918,1990,3379,151287,41.30%,42.82%,
106/11/13,-1077,0,-120,-1197,145466,1990,3569,151025,41.17%,42.74%,
106/11/10,238,0,-62,176,146582,1990,3689,152261,41.48%,43.09%,
106/11/09,-91,-1,55,-37,146344,1990,3751,152085,41.42%,43.04%,
106/11/08,471,-646,-372,-547,146435,1991,3696,152122,41.44%,43.05%,
106/11/07,-659,0,-139,-798,145964,2637,4068,152669,41.31%,43.21%,
106/11/06,605,0,331,936,146623,2637,4207,153467,41.49%,43.43%,
106/11/03,374,0,602,976,146018,2637,3876,152531,41.32%,43.16%,
106/11/02,18,0,-33,-15,145644,2637,3274,151555,41.22%,42.89%,
106/11/01,-140,-1,-135,-276,145626,2637,3307,151570,41.21%,42.89%,
106/10/31,847,0,110,957,145766,2638,3442,151846,41.25%,42.97%,
106/10/30,872,0,-571,301,144919,2638,3332,150889,41.01%,42.70%,
106/10/27,-878,0,583,-295,144047,2638,3903,150588,40.77%,42.62%,
106/10/26,3354,0,652,4006,144925,2638,3320,150883,41.01%,42.70%,
106/10/25,707,0,-427,280,141542,2638,2668,146848,40.06%,41.56%,
106/10/24,171,0,444,615,140835,2638,3095,146568,39.86%,41.48%,
106/10/23,944,0,-102,842,140642,2638,2651,145931,39.80%,41.30%,
106/10/20,523,0,-173,350,139698,2638,2753,145089,39.53%,41.06%,
106/10/19,33,-2,69,100,139122,2638,2926,144686,39.37%,40.94%,
106/10/18,681,0,113,794,139105,2640,2857,144602,39.37%,40.93%,
106/10/17,1252,-1,100,1351,138424,2640,2744,143808,39.17%,40.69%,
106/10/16,524,0,151,675,137084,2641,2644,142369,38.80%,40.30%,
106/10/13,860,0,246,1106,136560,2641,2493,141694,38.65%,40.10%,
106/10/12,273,0,-138,135,135739,2641,2247,140627,38.41%,39.79%,
106/10/11,1249,0,-65,1184,135466,2641,2385,140492,38.34%,39.76%,
106/10/06,35,0,-62,-27,134244,2641,2450,139335,37.99%,39.43%,
106/10/05,516,386,181,1083,134209,2641,2512,139362,37.98%,39.44%,
106/10/03,-510,260,-31,-281,133693,2255,2331,138279,37.84%,39.14%,
106/10/02,295,0,-71,224,134203,1995,2362,138560,37.98%,39.21%,
106/09/30,0,0,-11,-11,133908,1995,2433,138336,37.90%,39.15%,
106/09/29,88,0,-667,-579,133908,2037,2444,138389,37.90%,39.17%,
106/09/28,-532,0,-1015,-1547,134090,2037,3111,139238,37.95%,39.41%,
106/09/27,896,0,1345,2241,134622,2037,4126,140785,38.10%,39.84%,
106/09/26,-469,0,-140,-609,133726,2037,2781,138544,37.84%,39.20%,
106/09/25,-252,0,-64,-316,133972,2037,2921,138930,37.91%,39.31%,
106/09/22,205,0,-53,152,134224,2037,2985,139246,37.99%,39.41%,
106/09/21,340,0,-48,292,134219,2037,3038,139294,37.98%,39.42%,
106/09/20,328,0,-303,25,133879,2037,3086,139002,37.89%,39.34%,
106/09/19,-184,0,-260,-444,133551,2037,3389,138977,37.80%,39.34%,
106/09/18,557,0,328,885,133735,2037,3649,139421,37.85%,39.46%,
106/09/15,37,0,-54,-17,133178,2037,3321,138536,37.69%,39.21%,
106/09/14,133,0,56,189,133141,2037,3375,138553,37.68%,39.21%,
106/09/13,551,0,-51,500,132981,2037,3319,138337,37.63%,39.15%,
106/09/12,303,0,-400,-97,132430,2037,3370,137837,37.48%,39.01%,
106/09/11,673,0,952,1625,132127,2037,3770,137934,37.39%,39.03%,
106/09/08,803,-2,81,882,131454,2037,2818,136309,37.20%,38.57%,
106/09/07,762,0,-225,537,130651,2039,2737,135427,36.97%,38.32%,
106/09/06,1061,-1,-98,962,129889,2039,2962,134890,36.76%,38.18%,
106/09/05,1495,0,-703,792,128829,2040,3060,133929,36.46%,37.90%,
106/09/04,1342,0,406,1748,127334,2040,3763,133137,36.04%,37.68%,
106/09/01,1169,0,680,1849,125992,2040,3357,131389,35.66%,37.19%,
106/08/31,1093,0,212,1305,124946,2040,2677,129663,35.36%,36.70%,
106/08/30,1205,0,-119,1086,123853,2040,2465,128358,35.05%,36.33%,
106/08/29,1503,0,301,1804,122648,2040,2584,127272,34.71%,36.02%,
106/08/28,763,0,-2,761,121145,2040,2283,125468,34.28%,35.50%,
106/08/25,818,0,-63,755,120392,2040,2285,124717,34.07%,35.29%,
106/08/24,563,21,149,733,119691,2040,2348,124079,33.87%,35.11%,
106/08/23,760,22,169,951,119223,2019,2199,123441,33.74%,34.93%,
106/08/22,-53,0,-97,-150,118463,1997,2030,122490,33.52%,34.66%,
106/08/21,9,0,220,229,118516,1997,2127,122640,33.54%,34.71%,
106/08/18,160,0,-80,80,118510,1997,1907,122414,33.54%,34.64%,
106/08/17,340,0,-6,334,118367,1997,1987,122351,33.50%,34.63%,
106/08/16,12,0,-75,-63,118027,1997,1993,122017,33.40%,34.53%,
106/08/15,384,0,43,427,118015,1997,2068,122080,33.40%,34.55%,
106/08/14,246,0,-382,-136,117643,1997,2025,121665,33.29%,34.43%,
106/08/11,-860,0,93,-767,117397,1997,2407,121801,33.22%,34.47%,
106/08/10,-456,-120,-206,-782,118301,1997,2314,122612,33.48%,34.70%,
106/08/09,270,0,-227,43,118768,2117,2520,123405,33.61%,34.92%,
106/08/08,207,0,-260,-53,118498,2117,2747,123362,33.53%,34.91%,
106/08/07,-124,120,-142,-146,118291,2117,3007,123415,33.48%,34.93%,
106/08/04,993,0,544,1537,118426,1997,3149,123572,33.51%,34.97%,
106/08/03,550,0,484,1034,117433,1997,2605,122035,33.23%,34.53%,
106/08/02,221,0,-13,208,116883,1997,2121,121001,33.08%,34.25%,
106/08/01,-146,0,-99,-245,116662,1997,2134,120793,33.01%,34.18%,
106/07/31,178,0,54,232,116808,1997,2233,121038,33.06%,34.26%,
106/07/28,29,0,109,138,116630,1997,2179,120806,33.01%,34.19%,
106/07/27,513,0,220,733,116569,1997,2070,120636,32.99%,34.14%,
106/07/26,-9,0,9,0,116056,1997,1850,119903,32.84%,33.93%,
106/07/25,290,0,-110,180,116067,1997,1841,119905,32.85%,33.94%,
106/07/24,13,0,58,71,115777,1997,1951,119725,32.76%,33.88%,
106/07/21,111,0,-111,0,115791,1997,1893,119681,32.77%,33.87%,
106/07/20,17,0,-58,-41,115680,1997,2004,119681,32.74%,33.87%,
106/07/19,-52,0,-100,-152,115675,1997,2062,119734,32.74%,33.89%,
106/07/18,45,1,117,163,115727,1997,2162,119886,32.75%,33.93%,
106/07/17,7,0,-18,-11,115623,1996,2045,119664,32.72%,33.86%,
106/07/14,90,-1,17,106,115606,1996,2063,119665,32.72%,33.87%,
106/07/13,6,0,-184,-178,115796,1997,2046,119839,32.77%,33.91%,
106/07/12,45,-1,7,51,115790,1997,2230,120017,32.77%,33.97%,
106/07/11,163,0,-1,162,115585,1998,2223,119806,32.71%,33.90%,
106/07/10,-17,209,-37,155,115422,1998,2224,119644,32.66%,33.85%,
106/07/07,-209,0,-45,-254,115409,1789,2261,119459,32.66%,33.81%,
106/07/06,73,0,52,125,115618,1789,2306,119713,32.72%,33.88%,
106/07/05,239,0,36,275,115645,1789,2254,119688,32.73%,33.87%,
106/07/04,88,129,-37,180,115406,1789,2218,119413,32.66%,33.79%,
106/07/03,-38,0,-238,-276,115318,1660,2255,119233,32.63%,33.74%,
106/06/30,-31,0,301,270,115322,1660,2493,119475,32.64%,33.82%,
106/06/29,-151,0,-4,-155,115353,1631,2192,119176,32.64%,33.72%,
106/06/28,-122,209,35,122,115504,1631,2196,119331,32.69%,33.77%,
106/06/27,19,0,-69,-50,115626,1422,2161,119209,32.72%,33.73%,
106/06/26,448,-1,-52,395,115607,1422,2230,119259,32.72%,33.75%,
106/06/23,-99,134,9,44,115247,1423,2282,118952,32.61%,33.66%,
106/06/22,-263,0,-308,-571,115403,1289,2273,118965,32.66%,33.67%,
106/06/21,456,0,367,823,115466,1289,2581,119336,32.68%,33.78%,
106/06/20,93,205,-67,231,115010,1289,2214,118513,32.55%,33.54%,
106/06/19,-592,-1,-13,-606,114917,1084,2281,118282,32.52%,33.47%,
106/06/16,-87,0,-617,-704,115509,1085,2294,118888,32.69%,33.65%,
106/06/15,157,0,852,1009,115596,1085,2911,119592,32.71%,33.84%,
106/06/14,-217,417,353,553,115288,1085,2059,118432,32.63%,33.52%,
106/06/13,-56,213,-153,4,115447,668,1706,117821,32.67%,33.34%,
106/06/12,14,218,73,305,115503,455,1859,117817,32.69%,33.34%,
106/06/09,-47,219,-47,125,115488,237,1786,117511,32.68%,33.25%,
106/06/08,-247,0,-358,-605,115535,18,1833,117386,32.70%,33.22%,
106/06/07,28,-1,35,62,115782,18,2191,117991,32.77%,33.40%,
106/06/06,-94,-19,-2,-115,115775,19,2156,117950,32.76%,33.38%,
106/06/05,226,-12,19,233,115869,38,2158,118065,32.79%,33.41%,
106/06/03,0,-1,-106,-107,115611,50,2139,117800,32.72%,33.34%,
106/06/02,-22,-1,15,-8,115611,51,2245,117907,32.72%,33.37%,
106/06/01,-251,0,21,-230,115633,52,2230,117915,32.72%,33.37%,
106/05/31,-921,0,-180,-1101,115768,52,2209,118029,32.76%,33.40%,
106/05/26,-85,-2,448,361,116595,52,2389,119036,33.00%,33.69%,
106/05/25,106,0,-38,68,116680,54,1941,118675,33.02%,33.58%,
106/05/24,-222,0,-222,-444,116574,54,1979,118607,32.99%,33.57%,
106/05/23,-683,0,195,-488,116796,54,2201,119051,33.05%,33.69%,
106/05/22,-311,0,-17,-328,117467,54,2006,119527,33.24%,33.82%,
106/05/19,-91,0,-66,-157,117758,54,2023,119835,33.32%,33.91%,
106/05/18,93,-1,2,94,118218,54,2089,120361,33.46%,34.07%,
106/05/17,30,0,-210,-180,118125,55,2087,120267,33.43%,34.04%,
106/05/16,-22,41,250,269,118085,55,2297,120437,33.42%,34.09%,
106/05/15,-293,14,-214,-493,117943,14,2047,120004,33.38%,33.96%,
106/05/12,-10,0,-229,-239,118236,0,2261,120497,33.46%,34.10%,
106/05/11,-47,0,633,586,118246,0,2490,120736,33.46%,34.16%,
106/05/10,9,0,-18,-9,118294,0,1857,120151,33.48%,34.01%,
106/05/09,-118,0,-208,-326,118327,0,1875,120202,33.49%,34.02%,
106/05/08,317,0,262,579,118445,0,2083,120528,33.52%,34.11%,
106/05/05,335,0,-64,271,118128,0,1821,119949,33.43%,33.95%,
106/05/04,188,0,-49,139,117793,0,1885,119678,33.33%,33.86%,
106/05/03,150,0,-42,108,117649,0,1934,119583,33.29%,33.84%,
106/05/02,142,0,17,159,117569,0,1976,119545,33.27%,33.83%,
106/04/28,1,0,-18,-17,117427,0,1959,119386,33.23%,33.78%,
106/04/27,110,0,21,131,117426,0,1977,119403,33.23%,33.79%,
106/04/26,350,0,10,360,117316,0,1956,119272,33.20%,33.75%,
106/04/25,-18,0,-19,-37,116966,0,1946,118912,33.10%,33.65%,
106/04/24,-246,0,93,-153,116777,0,1965,118742,33.05%,33.61%,
106/04/21,-116,0,0,-116,116999,0,1872,118871,33.11%,33.64%,
106/04/20,-180,0,33,-147,117114,0,1872,118986,33.14%,33.67%,
106/04/19,-562,0,0,-562,117265,0,1839,119104,33.19%,33.71%,
106/04/18,-324,0,21,-303,117706,0,1839,119545,33.31%,33.83%,
106/04/17,-36,0,-125,-161,117884,0,1818,119702,33.36%,33.87%,
106/04/14,-221,-1,-256,-478,117907,0,1943,119850,33.37%,33.92%,
106/04/13,-21,0,-18,-39,117999,1,2199,120199,33.39%,34.01%,
106/04/12,-258,0,-14,-272,118010,1,2217,120228,33.40%,34.03%,
106/04/11,-218,0,-88,-306,118258,1,2231,120490,33.47%,34.10%,
106/04/10,-464,0,-67,-531,118437,1,2319,120757,33.52%,34.18%,
106/04/07,-896,0,-10,-906,118880,1,2386,121267,33.64%,34.32%,
106/04/06,-1191,0,-208,-1399,119776,1,2396,122173,33.90%,34.58%,
106/04/05,-206,0,168,-38,120820,1,2604,123425,34.19%,34.93%,
106/03/31,-359,0,42,-317,121002,1,2436,123439,34.24%,34.93%,
106/03/30,-281,0,23,-258,121361,1,2394,123756,34.34%,35.02%,
106/03/29,615,-22,-32,561,121690,1,2371,124062,34.44%,35.11%,
106/03/28,-345,-66,-71,-482,121065,23,2403,123491,34.26%,34.95%,
106/03/27,-33,-129,-55,-217,121410,89,2474,123973,34.36%,35.09%,
106/03/24,-60,-94,-74,-228,121577,218,2529,124324,34.41%,35.19%,
106/03/23,200,0,-28,172,121637,312,2603,124552,34.42%,35.25%,
106/03/22,113,0,-133,-20,121437,312,2631,124380,34.37%,35.20%,
106/03/21,69,-68,142,143,121338,312,2764,124414,34.34%,35.21%,
106/03/20,192,-70,-38,84,121262,380,2622,124264,34.32%,35.17%,
106/03/17,-221,0,-124,-345,121105,450,2660,124215,34.27%,35.15%,
106/03/16,484,0,-897,-413,121317,450,2784,124551,34.33%,35.25%,
106/03/15,-42,0,1339,1297,120819,450,3681,124950,34.19%,35.36%,
106/03/14,64,0,-426,-362,120862,450,2342,123654,34.20%,34.99%,
106/03/13,208,0,596,804,120782,450,2768,124000,34.18%,35.09%,
106/03/10,64,0,-56,8,120582,450,2172,123204,34.12%,34.86%,
106/03/09,706,0,-293,413,120508,450,2228,123186,34.10%,34.86%,
106/03/08,-241,0,392,151,119792,450,2521,122763,33.90%,34.74%,
106/03/07,-122,0,-183,-305,120032,450,2129,122611,33.97%,34.70%,
106/03/06,240,0,112,352,120154,450,2312,122916,34.00%,34.78%,
106/03/03,119,0,-53,66,119915,450,2200,122565,33.94%,34.69%,
106/03/02,78,0,-55,23,119796,450,2253,122499,33.90%,34.67%,
106/03/01,661,0,-180,481,119818,450,2308,122576,33.91%,34.69%,
106/02/24,-294,0,-102,-396,119157,450,2488,122095,33.72%,34.55%,
106/02/23,337,0,-76,261,119451,450,2590,122491,33.80%,34.66%,
106/02/22,181,0,-64,117,119194,450,2666,122310,33.73%,34.61%,
106/02/21,-86,0,-624,-710,118873,450,2730,122053,33.64%,34.54%,
106/02/20,-521,0,250,-271,118959,450,3354,122763,33.66%,34.74%,
106/02/18,-492,0,132,-360,119480,450,3104,123034,33.81%,34.82%,
106/02/17,192,0,38,230,119972,450,2972,123394,33.95%,34.92%,
106/02/16,-682,300,92,-290,119730,450,2934,123114,33.88%,34.84%,
106/02/15,-284,0,-241,-525,120412,150,2842,123404,34.08%,34.93%,
106/02/14,723,0,1495,2218,120696,150,3083,123929,34.16%,35.08%,
106/02/13,201,0,110,311,119963,150,1588,121701,33.95%,34.44%,
106/02/10,168,0,-29,139,119762,150,1478,121390,33.89%,34.35%,
106/02/09,76,0,-2,74,119595,150,1507,121252,33.84%,34.31%,
106/02/08,131,0,93,224,119529,150,1509,121188,33.83%,34.30%,
106/02/07,746,0,-30,716,119408,150,1416,120974,33.79%,34.23%,
106/02/06,-132,0,13,-119,118669,150,1446,120265,33.58%,34.03%,
106/02/03,-552,14,52,-486,118818,150,1433,120401,33.62%,34.07%,
106/02/02,-118,0,-32,-150,119370,136,1381,120887,33.78%,34.21%,
106/01/24,257,0,-75,182,119488,136,1413,121037,33.81%,34.25%,
106/01/23,-7,0,-63,-70,119231,136,1488,120855,33.74%,34.20%,
106/01/20,112,0,-16,96,119192,136,1551,120879,33.73%,34.21%,
106/01/19,33,0,-64,-31,119045,136,1567,120748,33.69%,34.17%,
106/01/18,-197,0,-89,-286,119012,136,1631,120779,33.68%,34.18%,
106/01/17,-66,-3,190,121,119204,136,1720,121060,33.73%,34.26%,
106/01/16,-994,-199,-78,-1271,119397,139,1530,121066,33.79%,34.26%,
106/01/13,3,-480,-79,-556,120391,338,1608,122337,34.07%,34.62%,
106/01/12,42,-320,-22,-300,120378,818,1687,122883,34.07%,34.78%,
106/01/11,-55,-14,-37,-106,120336,1138,1709,123183,34.05%,34.86%,
106/01/10,-326,-391,-242,-959,120311,1152,1746,123209,34.05%,34.87%,
106/01/09,-56,0,377,321,120637,1543,1988,124168,34.14%,35.14%,
106/01/06,40,54,11,105,120693,1543,1611,123847,34.16%,35.05%,
106/01/05,153,41,70,264,120653,1489,1600,123742,34.14%,35.01%,
106/01/04,-51,0,-93,-144,120500,1448,1530,123478,34.10%,34.94%,
106/01/03,-244,-9,209,-44,120854,1448,1623,123925,34.20%,35.07%,
105/12/30,146,0,-29,117,121098,1457,1414,123969,34.27%,35.08%,
105/12/29,131,0,0,131,120952,1457,1443,123852,34.23%,35.05%,
105/12/28,51,0,14,65,120821,1457,1443,123721,34.19%,35.01%,
105/12/27,102,-150,-7,-55,120770,1457,1429,123656,34.18%,35.00%,
105/12/26,243,0,17,260,120668,1607,1436,123711,34.15%,35.01%,
105/12/23,-172,0,8,-164,120415,1607,1419,123441,34.08%,34.94%,
105/12/22,143,0,-39,104,120587,1607,1411,123605,34.13%,34.98%,
105/12/21,421,0,26,447,120558,1607,1450,123615,34.12%,34.99%,
105/12/20,823,-689,-19,115,120137,1607,1424,123168,34.00%,34.86%,
105/12/19,-25,0,-62,-87,119304,2296,1443,123043,33.76%,34.82%,
105/12/16,706,-206,-48,452,119329,2296,1505,123130,33.77%,34.85%,
105/12/15,135,-107,2,30,118623,2502,1553,122678,33.57%,34.72%,
105/12/14,338,-201,-21,116,118480,2609,1551,122640,33.53%,34.71%,
105/12/13,1103,-359,18,762,118132,2810,1572,122514,33.43%,34.67%,
105/12/12,581,0,-186,395,117018,3169,1554,121741,33.12%,34.46%,
105/12/09,1229,-354,436,1311,116427,3169,1740,121336,32.95%,34.34%,
105/12/08,753,0,-21,732,115198,3523,1304,120025,32.60%,33.97%,
105/12/07,786,0,6,792,114435,3523,1325,119283,32.38%,33.75%,
105/12/06,939,0,19,958,113649,3523,1319,118491,32.16%,33.53%,
105/12/05,521,0,1,522,112710,3523,1300,117533,31.90%,33.27%,
105/12/02,816,0,-6,810,112179,3523,1299,117001,31.75%,33.11%,
105/12/01,714,0,-26,688,111353,3523,1305,116181,31.51%,32.88%,
105/11/30,38,100,58,196,110768,3523,1331,115622,31.35%,32.72%,
105/11/29,658,-150,-16,492,110720,3423,1273,115416,31.33%,32.66%,
105/11/28,364,100,100,564,110052,3573,1289,114914,31.14%,32.52%,
105/11/25,137,100,13,250,109688,3473,1189,114350,31.04%,32.36%,
105/11/24,160,0,-23,137,109551,3373,1176,114100,31.00%,32.29%,
105/11/23,445,-150,11,306,109391,3373,1199,113963,30.96%,32.25%,
105/11/22,647,-150,-5,492,108936,3523,1188,113647,30.83%,32.16%,
105/11/21,483,-500,-21,-38,108289,3673,1193,113155,30.64%,32.02%,
105/11/18,419,-200,17,236,107806,4173,1214,113193,30.51%,32.03%,
105/11/17,216,-252,-4,-40,107387,4373,1197,112957,30.39%,31.97%,
105/11/16,-311,-248,36,-523,107171,4625,1201,112997,30.33%,31.98%,
105/11/15,46,-100,7,-47,107482,4873,1165,113520,30.42%,32.13%,
105/11/14,101,-470,-26,-395,107436,4973,1158,113567,30.40%,32.14%,
105/11/11,343,0,-55,288,107335,5443,1184,113962,30.37%,32.25%,
105/11/10,-141,-100,118,-123,106982,5443,1239,113664,30.28%,32.17%,
105/11/09,181,-5,-85,91,107113,5543,1121,113777,30.31%,32.20%,
105/11/08,1,-150,0,-149,106922,5548,1206,113676,30.26%,32.17%,
105/11/07,192,-100,26,118,106911,5698,1206,113815,30.25%,32.20%,
105/11/04,68,0,14,82,106719,5798,1180,113697,30.20%,32.18%,
105/11/03,-196,0,17,-179,106651,5798,1166,113615,30.18%,32.15%,
105/11/02,202,0,-81,121,106847,5798,1149,113794,30.24%,32.21%,
105/11/01,108,0,1,109,106645,5798,1230,113673,30.18%,32.17%,
105/10/31,-46,0,-147,-193,106506,5798,1229,113533,30.14%,32.13%,
105/10/28,-71,0,-100,-171,106542,5798,1376,113716,30.15%,32.18%,
105/10/27,-204,0,44,-160,106592,5798,1476,113866,30.16%,32.22%,
105/10/26,-4,0,3,-1,106779,5798,1432,114009,30.22%,32.27%,
105/10/25,74,0,0,74,106767,5798,1429,113994,30.21%,32.26%,
105/10/24,100,0,24,124,106688,5798,1429,113915,30.19%,32.24%,
105/10/21,106,-186,-21,-101,106573,5798,1405,113776,30.16%,32.20%,
105/10/20,-80,15,-30,-95,106492,5984,1426,113902,30.14%,32.24%,
105/10/19,360,0,105,465,106501,5969,1456,113926,30.14%,32.24%,
105/10/18,131,0,-7,124,106628,5969,1351,113948,30.17%,32.24%,
105/10/17,44,0,-89,-45,106481,5969,1358,113808,30.13%,32.20%,
105/10/14,-28,0,-273,-301,106417,5969,1447,113833,30.12%,32.22%,
105/10/13,12,0,-50,-38,106386,5969,1720,114075,30.11%,32.29%,
105/10/12,108,0,-18,90,106344,5969,1770,114083,30.09%,32.28%,
105/10/11,-101,0,-220,-321,106186,5969,1788,113943,30.05%,32.25%,
105/10/07,-246,0,70,-176,105661,5969,2008,113638,29.90%,32.16%,
105/10/06,249,0,170,419,105907,5969,1938,113814,29.97%,32.21%,
105/10/05,7,0,3,10,105554,5969,1768,113291,29.87%,32.06%,
105/10/04,445,-217,344,572,105447,5969,1765,113181,29.84%,32.03%,
105/10/03,-43,0,23,-20,105002,6186,1421,112609,29.71%,31.86%,
105/09/30,228,-359,-25,-156,105045,6186,1398,112629,29.73%,31.88%,
105/09/29,40,-500,-42,-502,104817,4773,1423,111013,29.66%,31.41%,
105/09/26,-96,0,-456,-552,104777,5273,1465,111515,29.65%,31.56%,
105/09/23,1082,0,564,1646,104873,5273,1921,112067,29.68%,31.72%,
105/09/22,227,0,32,259,103791,5273,1357,110421,29.37%,31.25%,
105/09/21,919,0,6,925,103564,5273,1325,110162,29.31%,31.18%,
105/09/20,426,0,-43,383,102645,5273,1319,109237,29.05%,30.92%,
105/09/19,1193,0,86,1279,102219,5273,1362,108854,28.93%,30.81%,
105/09/14,-239,0,-20,-259,101026,5273,1276,107575,28.59%,30.44%,
105/09/13,-271,-550,-41,-862,101265,5273,1296,107834,28.66%,30.52%,
105/09/12,-372,0,-9,-381,101536,5823,1337,108696,28.73%,30.76%,
105/09/10,8,0,-78,-70,101308,5823,1346,108477,28.67%,30.70%,
105/09/09,70,0,-109,-39,101300,5823,1424,108547,28.67%,30.72%,
105/09/08,697,0,-105,592,101230,5823,1533,108586,28.65%,30.73%,
105/09/07,245,0,112,357,100533,5823,1638,107994,28.45%,30.56%,
105/09/06,293,0,-13,280,100329,5823,1526,107678,28.39%,30.47%,
105/09/05,-151,-388,-3,-542,100036,5823,1539,107398,28.31%,30.39%,
105/09/02,53,0,-66,-13,100187,6211,1542,107940,28.35%,30.54%,
105/09/01,49,-500,-145,-596,100134,6211,1608,107953,28.34%,30.55%,
105/08/31,1182,-400,-63,719,100085,6711,1753,108549,28.32%,30.72%,
105/08/30,-376,-925,-230,-1531,98903,7111,1816,107830,27.99%,30.52%,
105/08/29,-324,-63,-241,-628,99279,8036,2046,109361,28.09%,30.94%,
105/08/26,-2,-246,381,133,99603,8099,2287,109989,28.19%,31.13%,
105/08/25,-542,-184,172,-554,99605,8345,1906,109856,28.19%,31.09%,
105/08/24,-566,-35,36,-565,100146,8529,1734,110409,28.34%,31.24%,
105/08/23,30,-944,79,-835,100723,8564,1698,110985,28.50%,31.40%,
105/08/22,-256,0,-22,-278,100693,9508,1619,111820,28.49%,31.64%,
105/08/19,-42,-340,-39,-421,100949,9508,1641,112098,28.57%,31.73%,
105/08/18,-101,-210,58,-253,100991,9848,1680,112519,28.58%,31.84%,
105/08/17,-784,0,-121,-905,101092,10058,1622,112772,28.61%,31.92%,
105/08/16,-429,-51,10,-470,101863,10058,1743,113664,28.83%,32.17%,
105/08/15,32,-50,-1,-19,102292,10109,1733,114134,28.95%,32.30%,
105/08/12,324,0,9,333,102260,10159,1734,114153,28.94%,32.31%,
105/08/11,45,0,-227,-182,101936,10159,1725,113820,28.85%,32.21%,
105/08/10,519,0,-106,413,101891,10159,1952,114002,28.83%,32.26%,
105/08/09,-188,-1125,-320,-1633,101372,10159,2058,113589,28.69%,32.15%,
105/08/08,222,0,414,636,101560,11284,2378,115222,28.74%,32.61%,
105/08/05,156,-520,129,-235,101338,11284,1964,114586,28.68%,32.43%,
105/08/04,-116,-680,-122,-918,101182,11804,1835,114821,28.63%,32.49%,
105/08/03,-217,-5229,-123,-5569,101298,12484,1957,115739,28.67%,32.76%,
105/08/02,-283,-1000,-605,-1888,101465,17713,2080,121258,28.71%,34.31%,
105/08/01,561,510,1279,2350,101748,18713,2685,123146,28.79%,34.85%,
105/07/29,183,-51,1,133,101187,18203,1406,120796,28.63%,34.18%,
105/07/28,209,-50,-21,138,101004,18254,1405,120663,28.58%,34.14%,
105/07/27,313,0,-23,290,100795,18304,1426,120525,28.52%,34.10%,
105/07/26,645,-200,-27,418,100482,18304,1449,120235,28.44%,34.03%,
105/07/25,374,-200,-121,53,99837,18504,1476,119817,28.25%,33.91%,
105/07/22,417,-1,-12,404,99463,18704,1597,119764,28.15%,33.90%,
105/07/21,402,-1,-45,356,99046,18705,1609,119360,28.03%,33.78%,
105/07/20,96,-1,-184,-89,98644,18706,1654,119004,27.91%,33.67%,
105/07/19,-1953,450,-200,-1703,98548,18707,1838,119093,27.89%,33.71%,
105/07/18,409,600,284,1293,100501,18257,2038,120796,28.44%,34.18%,
105/07/15,165,0,-46,119,100092,17657,1754,119503,28.32%,33.81%,
105/07/14,8,200,-137,71,99927,17657,1800,119384,28.28%,33.79%,
105/07/13,-518,0,-95,-613,99919,17457,1937,119313,28.28%,33.77%,
105/07/12,-99,250,489,640,100437,17457,2032,119926,28.42%,33.94%,
105/07/11,21,-19,-10,-8,100536,17207,1543,119286,28.45%,33.76%,
105/07/07,-236,0,-30,-266,100515,17226,1553,119294,28.44%,33.76%,
105/07/06,-169,0,-13,-182,100751,17226,1583,119560,28.51%,33.83%,
105/07/05,-59,-38,-42,-139,100920,17226,1596,119742,28.56%,33.89%,
105/07/04,111,0,45,156,100979,17264,1638,119881,28.58%,33.93%,
105/07/01,-140,0,-19,-159,100868,17264,1593,119725,28.54%,33.88%,
105/06/30,-345,0,38,-307,101008,17264,1612,119884,28.58%,33.92%,
105/06/29,13,389,116,518,101353,16128,1574,119055,28.68%,33.69%,
105/06/28,-434,0,44,-390,101340,15739,1458,118537,28.68%,33.55%,
105/06/27,-127,1,114,-12,101774,15739,1414,118927,28.80%,33.65%,
105/06/24,660,-212,-68,380,101901,15738,1300,118939,28.84%,33.66%,
105/06/23,-243,-200,0,-443,101241,15950,1368,118559,28.65%,33.55%,
105/06/22,-197,0,38,-159,101484,16150,1368,119002,28.72%,33.68%,
105/06/21,-27,0,5,-22,101681,16150,1330,119161,28.77%,33.72%,
105/06/20,-225,0,36,-189,101708,16150,1325,119183,28.78%,33.73%,
105/06/17,-101,0,6,-95,101933,16150,1289,119372,28.85%,33.79%,
105/06/16,-179,0,64,-115,101997,16150,1283,119430,28.86%,33.79%,
105/06/15,-2276,0,48,-2228,102176,16150,1219,119545,28.91%,33.83%,
105/06/14,119,0,4,123,104452,16150,1171,121773,29.56%,34.46%,
105/06/13,-273,-100,-106,-479,104333,16150,1167,121650,29.53%,34.43%,
105/06/08,-256,-183,-9,-448,104606,16250,1273,122129,29.60%,34.56%,
105/06/07,-1235,-81,5,-1311,104862,16433,1282,122577,29.67%,34.68%,
105/06/06,88,0,-48,40,106097,16514,1277,123888,30.02%,35.06%,
105/06/04,0,0,-24,-24,106009,16514,1325,123848,30.00%,35.05%,
105/06/03,32,35,-20,47,106009,16514,1349,123872,30.00%,35.06%,
105/06/02,31,-88,18,-39,105977,16479,1369,123825,29.99%,35.04%,
105/06/01,-149,-620,17,-752,105946,16567,1351,123864,29.98%,35.05%,
105/05/31,278,0,2,280,106095,17187,1334,124616,30.02%,35.26%,
105/05/30,39,-543,-121,-625,105817,17187,1332,124336,29.95%,35.19%,
105/05/27,-336,238,64,-34,105778,17730,1453,124961,29.93%,35.36%,
105/05/26,-616,368,-174,-422,106114,17492,1389,124995,30.03%,35.37%,
105/05/25,-470,1440,289,1259,106730,17124,1563,125417,30.20%,35.49%,
105/05/24,43,50,-35,58,107200,15684,1274,124158,30.34%,35.14%,
105/05/23,-1110,0,-11,-1121,107157,15634,1309,124100,30.32%,35.12%,
105/05/20,-661,32,5,-624,108267,15634,1320,125221,30.64%,35.44%,
105/05/19,-252,0,10,-242,108928,15602,1315,125845,30.83%,35.62%,
105/05/18,-739,200,-6,-545,109180,15602,1305,126087,30.90%,35.69%,
105/05/17,-1936,866,2,-1068,109919,15402,1311,126632,31.11%,35.84%,
105/05/16,-298,0,172,-126,111899,14536,1309,127744,31.67%,36.15%,
105/05/13,27,100,-13,114,112197,14536,1137,127870,31.75%,36.19%,
105/05/12,-516,65,0,-451,112170,14436,1150,127756,31.74%,36.15%,
105/05/11,-2099,629,-42,-1512,112686,14371,1150,128207,31.89%,36.28%,
105/05/10,53,-475,95,-327,114785,13742,1192,129719,32.48%,36.71%,
105/05/09,115,-895,-15,-795,114732,14217,1097,130046,32.47%,36.80%,
105/05/06,-61,-510,-48,-619,114624,15112,1112,130848,32.44%,37.03%,
105/05/05,-677,-236,-109,-1022,114685,15622,1160,131467,32.46%,37.21%,
105/05/04,428,-529,-6,-107,115362,15858,1269,132489,32.65%,37.50%,
105/05/03,-1787,-190,164,-1813,114934,16387,1275,132596,32.53%,37.53%,
105/04/29,-1177,0,-57,-1234,116721,16577,1111,134409,33.03%,38.04%,
105/04/28,112,-250,-130,-268,117898,16577,1168,135643,33.36%,38.38%,
105/04/27,204,-130,23,97,117786,16827,1298,135911,33.33%,38.46%,
105/04/26,178,0,-55,123,117579,16957,1275,135811,33.27%,38.43%,
105/04/25,234,35,-12,257,117471,16957,1330,135758,33.24%,38.42%,
105/04/22,-284,-273,30,-527,117237,16922,1342,135501,33.18%,38.35%,
105/04/21,-35,-152,40,-147,117521,17195,1312,136028,33.26%,38.50%,
105/04/20,421,0,-96,325,117526,17347,1272,136145,33.26%,38.53%,
105/04/19,-310,0,-79,-389,117109,17347,1368,135824,33.14%,38.44%,
105/04/18,58,0,-20,38,117419,17347,1447,136213,33.23%,38.55%,
105/04/15,43,4,-82,-35,117471,17347,1467,136285,33.24%,38.57%,
105/04/14,440,0,12,452,117475,17343,1549,136367,33.24%,38.59%,
105/04/13,-308,0,79,-229,117021,17343,1537,135901,33.12%,38.46%,
105/04/12,-135,-50,-82,-267,117329,17343,1458,136130,33.20%,38.52%,
105/04/11,-296,0,-22,-318,117464,17393,1540,136397,33.24%,38.60%,
105/04/08,-137,767,1,631,117723,17393,1562,136678,33.32%,38.68%,
105/04/07,166,0,-7,159,117850,16626,1561,136037,33.35%,38.50%,
105/04/06,956,-90,-27,839,117855,16626,1568,136049,33.35%,38.50%,
105/04/01,625,-132,-54,439,116918,16716,1595,135229,33.09%,38.27%,
105/03/31,33,-193,-88,-248,116309,16848,1649,134806,32.91%,38.15%,
105/03/30,368,-69,106,405,116276,16833,1737,134846,32.91%,38.17%,
105/03/29,1522,0,-221,1301,115898,16902,1631,134431,32.80%,38.05%,
105/03/28,121,0,45,166,114366,16902,1852,133120,32.36%,37.67%,
105/03/25,308,-846,-28,-566,114252,16902,1807,132961,32.33%,37.63%,
105/03/24,746,-280,-23,443,113930,17748,1835,133513,32.24%,37.78%,
105/03/23,801,-200,-137,464,113184,18028,1858,133070,32.03%,37.66%,
105/03/22,2453,-359,101,2195,112383,18228,1995,132606,31.80%,37.52%,
105/03/21,505,-896,-51,-442,110060,18587,1894,130541,31.15%,36.95%,
105/03/18,-254,-616,-102,-972,109600,19483,1945,131028,31.02%,37.08%,
105/03/17,23,-433,-155,-565,109854,20099,2047,132000,31.09%,37.36%,
105/03/16,-30,-583,111,-502,109915,20532,2202,132649,31.10%,37.53%,
105/03/15,1689,-490,-274,925,109862,21115,2091,133068,31.09%,37.66%,
105/03/14,-342,333,248,239,108135,21605,2365,132105,30.60%,37.38%,
105/03/11,131,100,-305,-74,108436,21272,2117,131825,30.69%,37.31%,
105/03/10,-271,0,45,-226,108285,21172,2422,131879,30.64%,37.32%,
105/03/09,-592,50,-410,-952,108838,21172,2377,132387,30.80%,37.47%,
105/03/08,-433,610,408,585,109379,21122,2787,133288,30.95%,37.72%,
105/03/07,64,0,-121,-57,109717,20512,2379,132608,31.05%,37.53%,
105/03/04,-407,220,-101,-288,109643,20512,2500,132655,31.03%,37.54%,
105/03/03,-656,-324,-843,-1823,110533,20292,2601,133426,31.28%,37.76%,
105/03/02,-154,795,1143,1784,111172,20616,3444,135232,31.46%,38.27%,
105/03/01,188,-251,226,163,111326,19821,2301,133448,31.50%,37.76%,
105/02/26,43,20,-75,-12,111138,20072,2075,133285,31.45%,37.72%,
105/02/25,376,0,-15,361,111095,20052,2150,133297,31.44%,37.72%,
105/02/24,-179,32,-112,-259,110290,20052,2165,132507,31.21%,37.50%,
105/02/23,-289,0,-443,-732,110469,20020,2277,132766,31.26%,37.57%,
105/02/22,602,0,338,940,110747,20020,2720,133487,31.34%,37.78%,
105/02/19,-1221,80,23,-1118,110145,20020,2382,132547,31.17%,37.51%,
105/02/18,-269,137,-93,-225,111366,19940,2359,133665,31.52%,37.83%,
105/02/17,-305,436,-141,-10,111635,19803,2452,133890,31.59%,37.89%,
105/02/16,-2522,1375,-467,-1614,111969,19367,2593,133929,31.69%,37.91%,
105/02/15,764,95,1289,2148,114090,17992,3060,135142,32.29%,38.25%,
105/02/03,36,345,-321,60,113326,17897,1771,132994,32.07%,37.64%,
105/02/02,452,1000,-47,1405,113186,17552,2092,132830,32.03%,37.59%,
105/02/01,71,124,-530,-335,113029,16552,2139,131720,31.99%,37.28%,
105/01/30,-1,302,593,894,113138,16428,2669,132235,32.02%,37.43%,
105/01/29,114,0,-15,99,113139,16126,2076,131341,32.02%,37.17%,
105/01/28,594,-231,87,450,113025,16126,2091,131242,31.99%,37.15%,
105/01/27,-447,0,-134,-581,112421,16357,2004,130782,31.81%,37.01%,
105/01/26,509,36,-349,196,112868,16357,2138,131363,31.94%,37.17%,
105/01/25,-125,230,718,823,112327,16321,2487,131135,31.79%,37.11%,
105/01/22,1369,180,-63,1486,112753,16091,1769,130613,31.91%,36.97%,
105/01/21,-573,33,-272,-812,111370,15911,1832,129113,31.52%,36.54%,
105/01/20,-600,398,-263,-465,111742,15878,2104,129724,31.62%,36.71%,
105/01/19,78,409,739,1226,112327,15480,2367,130174,31.79%,36.84%,
105/01/18,546,-2090,-44,-1588,112249,15071,1628,128948,31.77%,36.50%,
105/01/15,505,148,-128,525,111703,17161,1672,130536,31.61%,36.94%,
105/01/14,-1485,-188,-101,-1774,111188,17013,1800,130001,31.47%,36.79%,
105/01/13,-723,22,-869,-1570,112644,17201,1901,131746,31.88%,37.29%,
105/01/12,932,213,912,2057,113292,17179,2770,133241,32.06%,37.71%,
105/01/11,1427,-3366,-502,-2441,112050,16966,1858,130874,31.71%,37.04%,
105/01/08,-551,-308,199,-660,110623,20332,2360,133315,31.31%,37.73%,
105/01/07,-4973,676,-817,-5114,111120,20640,2161,133921,31.45%,37.90%,
105/01/06,724,1977,777,3478,116040,19964,2978,138982,32.84%,39.33%,
105/01/05,314,-1127,-105,-918,115316,17987,2201,135504,32.63%,38.34%,
105/01/04,-1013,-1946,-52,-3011,114948,19114,2306,136368,32.53%,38.59%,
104/12/31,702,-1063,297,-64,116073,21060,2358,139491,32.85%,39.48%,
104/12/30,713,-1794,-228,-1309,115371,23510,2061,140942,32.65%,39.89%,
104/12/29,-119,-5,-862,-986,114624,25304,2289,142217,32.44%,40.25%,
104/12/28,-492,-103,406,-189,114695,25309,3151,143155,32.46%,40.52%,
104/12/25,1714,-270,-48,1396,115187,25412,2745,143344,32.60%,40.57%,
104/12/24,-149,0,-548,-697,113473,25682,2793,141948,32.11%,40.17%,
104/12/23,340,0,-76,264,114045,25682,3341,143068,32.27%,40.48%,
104/12/22,-3258,-2,-611,-3871,113855,25682,3417,142954,32.22%,40.46%,
104/12/21,-994,19,760,-215,117113,25684,4028,146825,33.14%,41.55%,
104/12/18,-342,0,169,-173,118142,25665,3268,147075,33.43%,41.62%,
104/12/17,37,433,567,1037,118489,25665,3099,147253,33.53%,41.67%,
104/12/16,681,0,-44,637,118442,25232,2532,146206,33.52%,41.38%,
104/12/15,-3443,538,-340,-3245,117751,25232,2576,145559,33.32%,41.19%,
104/12/14,-2448,3876,440,1868,121355,24694,2916,148965,34.34%,42.15%,
104/12/11,-1190,6669,-94,5385,123803,20818,2476,147097,35.04%,41.63%,
104/12/10,-2611,-550,-818,-3979,124658,14149,2570,141377,35.28%,40.01%,
104/12/09,3529,-854,-1325,1350,127269,14699,3388,145356,36.02%,41.14%,
104/12/08,-882,455,280,-147,123740,15553,4713,144006,35.02%,40.76%,
104/12/07,281,388,-604,65,124622,15098,4433,144153,35.27%,40.80%,
104/12/04,-2358,147,-1154,-3365,124150,14710,5037,143897,35.13%,40.72%,
104/12/03,4856,2058,529,7443,126508,14563,6191,147262,35.80%,41.67%,
104/12/02,1978,1854,3464,7296,121653,12505,5662,139820,34.43%,39.57%,
104/12/01,553,1205,57,1815,119675,10651,2198,132524,33.87%,37.51%,
104/11/30,394,0,-256,138,119122,9446,2141,130709,33.71%,36.99%,
104/11/27,-38,160,151,273,118728,9446,2397,130571,33.60%,36.95%,
104/11/26,1500,634,38,2172,118765,9286,2246,130297,33.61%,36.87%,
104/11/25,-361,26,-11,-346,117265,8652,2208,128125,33.19%,36.26%,
104/11/24,-702,-124,-458,-1284,117626,8626,2219,128471,33.29%,36.36%,
104/11/23,-240,-50,354,64,118778,8750,2677,130205,33.61%,36.84%,
104/11/20,760,-60,-261,439,119018,8800,2323,130141,33.68%,36.83%,
104/11/19,-1027,110,-627,-1544,118258,8860,2584,129702,33.47%,36.71%,
104/11/18,-658,2164,922,2428,119285,8750,3211,131246,33.76%,37.15%,
104/11/17,-3866,3592,-324,-598,119936,6586,2289,128811,33.94%,36.45%,
104/11/16,-732,0,-153,-885,123802,2994,2613,129409,35.04%,36.63%,
104/11/13,183,-30,8,161,124514,2994,2766,130274,35.24%,36.87%,
104/11/12,-968,25,-382,-1325,124331,3024,2758,130113,35.19%,36.83%,
104/11/11,78,0,-1661,-1583,125545,2999,3140,131684,35.53%,37.27%,
104/11/10,230,0,173,403,124866,2999,4801,132666,35.34%,37.55%,
104/11/09,-479,0,-428,-907,124636,2999,4628,132263,35.27%,37.43%,
104/11/06,-488,0,-1184,-1672,125115,2999,5056,133170,35.41%,37.69%,
104/11/05,216,0,257,473,125691,2999,6240,134930,35.57%,38.18%,
104/11/04,-279,4,1332,1057,125475,2999,5983,134457,35.51%,38.05%,
104/11/03,165,0,383,548,125754,2995,4651,133400,35.59%,37.75%,
104/11/02,487,0,89,576,125589,2995,4268,132852,35.54%,37.60%,
104/10/30,482,0,-237,245,125102,2995,4179,132276,35.40%,37.43%,
104/10/29,811,-50,-605,156,124620,2995,4416,132031,35.27%,37.37%,
104/10/28,508,-170,-483,-145,123809,3045,5021,131875,35.04%,37.32%,
104/10/27,991,0,1149,2140,123120,3215,5504,131839,34.84%,37.31%,
104/10/26,350,0,21,371,122129,3215,4355,129699,34.56%,36.70%,
104/10/23,-102,0,-418,-520,121779,3215,4334,129328,34.46%,36.60%,
104/10/22,310,35,449,794,121881,3215,4752,129848,34.49%,36.74%,
104/10/21,-103,0,-326,-429,121571,3180,4303,129054,34.40%,36.52%,
104/10/20,-600,-50,282,-368,121674,3180,4629,129483,34.43%,36.64%,
104/10/19,0,-300,-25,-325,122274,3230,4347,129851,34.60%,36.74%,
104/10/16,623,0,-214,409,122274,3530,4372,130176,34.60%,36.84%,
104/10/15,-485,85,97,-303,121712,3530,4586,129828,34.44%,36.74%,
104/10/14,336,20,176,532,122253,3445,4489,130187,34.60%,36.85%,
104/10/13,-128,20,-166,-274,121917,3425,4313,129655,34.50%,36.69%,
104/10/12,-219,60,25,-134,122045,3405,4479,129929,34.54%,36.77%,
104/10/08,-882,620,-1697,-1959,122203,3345,4454,130002,34.58%,36.79%,
104/10/07,1157,0,2347,3504,123305,2725,6151,132181,34.89%,37.40%,
104/10/06,259,73,-860,-528,122058,2725,3804,128587,34.54%,36.39%,
104/10/05,20,101,282,403,121678,2652,4664,128994,34.43%,36.50%,
104/10/02,90,738,336,1164,121658,2551,4382,128591,34.43%,36.39%,
104/10/01,82,100,-115,67,121558,1813,4046,127417,34.40%,36.06%,
104/09/30,-218,20,24,-174,121476,1713,4161,127350,34.38%,36.04%,
104/09/25,-1,530,-96,433,121694,2919,4137,128750,34.44%,36.44%,
104/09/24,-91,550,-173,286,121627,2389,4233,128249,34.42%,36.29%,
104/09/23,-1018,0,-377,-1395,121668,1839,4406,127913,34.43%,36.20%,
104/09/22,-301,120,1100,919,122630,1839,4783,129252,34.70%,36.57%,
104/09/21,-602,-55,115,-542,122931,1719,3683,128333,34.79%,36.32%,
104/09/18,-73,0,199,126,123533,1774,3568,128875,34.96%,36.47%,
104/09/17,1257,0,-573,684,123606,1774,3369,128749,34.98%,36.44%,
104/09/16,62,0,731,793,122405,1774,3942,128121,34.64%,36.26%,
104/09/15,-388,0,-115,-503,122344,1774,3211,127329,34.62%,36.03%,
104/09/14,628,0,98,726,122732,1774,3326,127832,34.73%,36.17%,
104/09/11,-155,100,796,741,122604,1774,3228,127606,34.70%,36.12%,
104/09/10,111,0,-241,-130,122759,1674,2432,126865,34.74%,35.90%,
104/09/09,2141,0,678,2819,122648,1674,2673,126995,34.71%,35.94%,
104/09/08,1674,200,84,1958,120436,1674,1995,124105,34.08%,35.12%,
104/09/07,274,201,88,563,118762,1474,1911,122147,33.61%,34.57%,
104/09/04,85,198,-300,-17,118488,1273,1823,121584,33.53%,34.41%,
104/09/03,4226,300,24,4550,118413,1075,2123,121611,33.51%,34.42%,
104/09/02,1547,0,630,2177,114187,775,2099,117061,32.31%,33.12%,
104/09/01,-2981,38,147,-2796,112640,775,1469,114884,31.88%,32.52%,
104/08/31,-2536,-7,108,-2435,115622,737,1322,117681,32.72%,33.30%,
104/08/28,-2597,0,1,-2596,117578,744,1214,119536,33.27%,33.82%,
104/08/27,-2963,0,-16,-2979,120175,744,1213,122132,34.01%,34.56%,
104/08/26,149,0,58,207,123137,744,1229,125110,34.85%,35.41%,
104/08/25,-1792,50,6,-1736,122988,744,1171,124903,34.81%,35.35%,
104/08/24,-94,0,-194,-288,124781,694,1165,126640,35.31%,35.84%,
104/08/21,-217,100,-291,-408,124875,694,1359,126928,35.34%,35.92%,
104/08/20,328,0,48,376,125092,594,1650,127336,35.40%,36.04%,
104/08/19,-28,0,-271,-299,124764,594,1602,126960,35.31%,35.93%,
104/08/18,-135,0,-54,-189,124792,594,1873,127259,35.32%,36.02%,
104/08/17,-263,0,-119,-382,124927,594,1927,127448,35.35%,36.06%,
104/08/14,8,0,-52,-44,125190,594,2047,127831,35.43%,36.18%,
104/08/13,1461,0,167,1628,125508,594,2099,128201,35.52%,36.28%,
104/08/12,52,-2,-276,-226,124047,594,1932,126573,35.10%,35.81%,
104/08/11,-509,0,-147,-656,123985,596,2208,126789,35.09%,35.88%,
104/08/10,-325,0,615,290,124494,596,2355,127445,35.23%,36.07%,
104/08/07,-353,0,265,-88,124819,596,1740,127155,35.32%,35.98%,
104/08/06,-617,0,46,-571,125172,596,1475,127243,35.42%,36.01%,
104/08/05,1330,0,60,1390,125833,596,1429,127858,35.61%,36.18%,
104/08/04,299,0,-348,-49,124503,596,1369,126468,35.23%,35.79%,
104/08/03,255,0,-191,64,124271,596,1717,126584,35.17%,35.82%,
104/07/31,-242,0,-10,-252,124026,596,1908,126530,35.10%,35.81%,
104/07/30,68,100,45,213,124268,596,1918,126782,35.17%,35.88%,
104/07/29,138,50,-31,157,124200,496,1873,126569,35.15%,35.82%,
104/07/28,960,5,-290,675,124062,446,1904,126412,35.11%,35.78%,
104/07/27,290,0,-609,-319,123102,441,2194,125737,34.84%,35.59%,
104/07/24,-163,2,34,-127,122802,441,2803,126046,34.75%,35.67%,
104/07/23,-107,0,-269,-376,122941,439,2769,126149,34.79%,35.70%,
104/07/22,-107,100,-267,-274,123021,439,3038,126498,34.81%,35.79%,
104/07/21,136,100,-684,-448,123110,339,3305,126754,34.84%,35.87%,
104/07/20,-183,0,84,-99,122974,239,3989,127202,34.80%,36.00%,
104/07/17,177,70,-45,202,123164,239,3905,127308,34.86%,36.03%,
104/07/16,-37,0,144,107,122999,169,3950,127118,34.81%,35.98%,
104/07/15,288,3,-18,273,123069,169,3806,127044,34.83%,35.96%,
104/07/14,287,0,-35,252,122781,166,3824,126771,34.75%,35.88%,
104/07/13,-247,0,211,-36,122494,166,3859,126519,34.67%,35.81%,
104/07/09,296,150,-144,302,122686,166,3648,126500,34.72%,35.80%,
104/07/08,-2569,0,-817,-3386,122380,16,3792,126188,34.63%,35.71%,
104/07/07,-184,0,33,-151,125013,16,4609,129638,35.38%,36.69%,
104/07/06,-12,0,-530,-542,125197,16,4576,129789,35.43%,36.73%,
104/07/03,-202,0,-177,-379,125209,16,5106,130331,35.43%,36.88%,
104/07/02,2673,0,1067,3740,125411,16,5283,130710,35.49%,36.99%,
104/07/01,-69,0,7,-62,122738,16,4216,126970,34.73%,35.93%,
104/06/30,-196,0,-41,-237,122797,16,4209,127022,34.75%,35.95%,
104/06/29,-242,0,-565,-807,123125,163,4250,127538,34.84%,36.09%,
104/06/26,-839,0,-475,-1314,123367,163,4815,128345,34.91%,36.32%,
104/06/25,1682,0,1134,2816,124064,163,5290,129517,35.11%,36.65%,
104/06/24,2674,0,819,3493,122436,163,4156,126755,34.65%,35.87%,
104/06/23,-177,0,-12,-189,119768,163,3337,123268,33.89%,34.88%,
104/06/22,-292,-6,57,-241,119817,163,3349,123329,33.91%,34.90%,
104/06/18,579,0,-125,454,120149,169,3292,123610,34.00%,