日期,外資買賣超,投信買賣超,自營商買賣超,單日合計買賣超,外資估計持股,投信估計持股,自營商估計持股,單日合計估計持股,外資持股比重,三大法人持股比重,
107/03/31,-25,0,-3076,-3101,890849,277,24274,915400,38.07%,39.12%,
107/03/30,-146,0,3903,3757,890884,277,27350,918511,38.07%,39.25%,
107/03/29,-8403,0,-1161,-9564,891030,277,23447,914754,38.08%,39.09%,
107/03/28,-1044,0,242,-802,899475,277,24608,924360,38.44%,39.50%,
107/03/27,-2273,-2,-1123,-3398,899509,277,24366,924152,38.44%,39.49%,
107/03/26,635,0,-7315,-6680,901730,279,25489,927498,38.54%,39.64%,
107/03/23,9036,0,6872,15908,901328,279,32804,934411,38.52%,39.93%,
107/03/22,3866,0,-5005,-1139,892299,279,25932,918510,38.13%,39.25%,
107/03/21,-10457,0,-1454,-11911,888829,279,30937,920045,37.99%,39.32%,
107/03/20,-11147,0,-125,-11272,899394,279,32391,932064,38.44%,39.84%,
107/03/19,-8927,0,-741,-9668,912007,279,32516,944802,38.98%,40.38%,
107/03/16,-9441,4,24,-9413,921960,279,33257,955496,39.40%,40.83%,
107/03/15,-18001,0,2876,-15125,930297,275,33233,963805,39.76%,41.19%,
107/03/14,-9093,0,-38,-9131,947478,275,30357,978110,40.49%,41.80%,
107/03/13,-6644,0,355,-6289,956949,275,30395,987619,40.90%,42.21%,
107/03/12,-3695,0,-2905,-6600,962604,275,30040,992919,41.14%,42.44%,
107/03/09,-10401,0,-1196,-11597,966419,275,32945,999639,41.30%,42.72%,
107/03/08,1521,0,1986,3507,976877,275,34141,1011293,41.75%,43.22%,
107/03/07,3811,0,-2132,1679,975226,275,32155,1007656,41.68%,43.07%,
107/03/06,659,0,-2292,-1633,971373,275,34287,1005935,41.51%,42.99%,
107/03/05,740,0,-2460,-1720,970730,275,36579,1007584,41.49%,43.07%,
107/03/02,-796,0,-352,-1148,970252,275,39039,1009566,41.47%,43.15%,
107/03/01,-79,0,-1667,-1746,971063,275,39391,1010729,41.50%,43.20%,
107/02/27,3793,0,-1097,2696,971144,275,41058,1012477,41.51%,43.28%,
107/02/26,1209,0,-872,337,967967,275,42155,1010397,41.37%,43.18%,
107/02/23,382,0,-233,149,967250,275,43027,1010552,41.34%,43.19%,
107/02/22,1762,0,687,2449,967287,275,43260,1010822,41.34%,43.20%,
107/02/21,-1542,0,2700,1158,965677,275,42573,1008525,41.27%,43.10%,
107/02/12,-5163,0,655,-4508,966093,275,39873,1006241,41.29%,43.01%,
107/02/09,2299,0,-232,2067,970562,275,39218,1010055,41.48%,43.17%,
107/02/08,284,0,250,534,968163,275,39450,1007888,41.38%,43.08%,
107/02/07,1330,0,419,1749,967973,275,39200,1007448,41.37%,43.06%,
107/02/06,-6607,0,-1770,-8377,966948,275,38781,1006004,41.33%,43.00%,
107/02/05,-3677,0,433,-3244,973807,275,40551,1014633,41.62%,43.37%,
107/02/02,-600,0,-154,-754,977480,275,40118,1017873,41.78%,43.51%,
107/02/01,-732,0,634,-98,977880,275,40272,1018427,41.79%,43.52%,
107/01/31,-1724,0,-48,-1772,978763,275,39638,1018676,41.83%,43.54%,
107/01/30,3861,0,764,4625,980380,275,39686,1020341,41.90%,43.61%,
107/01/29,-2118,0,-2883,-5001,976292,275,38922,1015489,41.73%,43.41%,
107/01/26,1509,0,1912,3421,978410,275,41805,1020490,41.82%,43.62%,
107/01/25,6695,0,-2987,3708,976865,275,39893,1017033,41.75%,43.47%,
107/01/24,-1476,0,-696,-2172,970206,275,42880,1013361,41.46%,43.30%,
107/01/23,2043,0,208,2251,970981,275,43576,1014832,41.50%,43.37%,
107/01/22,-7419,0,742,-6677,968990,275,43368,1012633,41.41%,43.28%,
107/01/19,6392,0,-797,5595,976371,275,42626,1019272,41.73%,43.56%,
107/01/18,8439,0,-1059,7380,969885,275,43423,1013583,41.45%,43.32%,
107/01/17,-74,0,-3828,-3902,961636,275,44482,1006393,41.10%,43.01%,
107/01/16,66,0,3740,3806,961498,275,48310,1010083,41.09%,43.17%,
107/01/15,5673,0,788,6461,962142,275,44570,1006987,41.12%,43.04%,
107/01/12,-237,0,1133,896,956707,275,43782,1000764,40.89%,42.77%,
107/01/11,252,0,-1001,-749,956891,275,42649,999815,40.90%,42.73%,
107/01/10,4235,0,2013,6248,956889,275,43650,1000814,40.90%,42.78%,
107/01/09,-2790,0,-3824,-6614,953222,275,41637,995134,40.74%,42.53%,
107/01/08,8006,0,7363,15369,979550,275,45461,1025286,41.86%,43.81%,
107/01/05,3942,0,1145,5087,979006,275,38098,1017379,41.84%,43.48%,
107/01/04,8477,0,1056,9533,979715,275,36953,1016943,41.87%,43.46%,
107/01/03,5567,0,916,6483,972417,275,35897,1008589,41.56%,43.11%,
107/01/02,3367,0,-1231,2136,967513,275,34981,1002769,41.35%,42.86%,
106/12/29,9723,0,-5031,4692,964084,275,36212,1000571,41.20%,42.76%,
106/12/28,8059,0,391,8450,953873,345,41243,995461,40.77%,42.55%,
106/12/27,14179,0,-1923,12256,945240,345,40852,986437,40.40%,42.16%,
106/12/26,-2681,-3,-2275,-4959,932137,345,42775,975257,39.84%,41.68%,
106/12/25,6385,0,-55,6330,934751,347,45050,980148,39.95%,41.89%,
106/12/22,-20685,0,-159,-20844,927969,347,45105,973421,39.66%,41.60%,
106/12/21,2352,0,981,3333,950372,347,45264,995983,40.62%,42.57%,
106/12/20,-254,0,-1362,-1616,948080,347,44283,992710,40.52%,42.43%,
106/12/19,-4430,0,732,-3698,948581,347,45645,994573,40.54%,42.51%,
106/12/18,691,0,-4766,-4075,952837,347,44913,998097,40.72%,42.65%,
106/12/15,-5208,72,13781,8645,952134,347,49679,1002160,40.69%,42.83%,
106/12/14,-4136,0,-876,-5012,956810,275,35898,992983,40.89%,42.44%,
106/12/13,-8081,0,-90,-8171,960818,275,36774,997867,41.06%,42.64%,
106/12/12,-1758,0,-548,-2306,969599,275,36864,1006738,41.44%,43.03%,
106/12/11,-1451,0,-5954,-7405,971341,275,37412,1009028,41.51%,43.12%,
106/12/08,-3947,0,10644,6697,971911,275,43366,1015552,41.54%,43.41%,
106/12/07,-9215,0,4231,-4984,979062,275,32722,1012059,41.84%,43.25%,
106/12/06,10587,0,-5117,5470,988227,275,28491,1016993,42.24%,43.47%,
106/12/05,-1267,0,370,-897,976909,275,33608,1010792,41.75%,43.20%,
106/12/04,-1612,0,-2314,-3926,977976,275,33238,1011489,41.80%,43.23%,
106/12/01,10650,0,-21580,-10930,979588,275,35552,1015415,41.87%,43.40%,
106/11/30,9687,0,-11118,-1431,968938,275,57132,1026345,41.41%,43.86%,
106/11/29,6880,0,-1960,4920,959237,275,68250,1027762,41.00%,43.93%,
106/11/28,5989,0,-3268,2721,952455,275,70210,1022940,40.71%,43.72%,
106/11/27,9811,0,5567,15378,947534,275,73478,1021287,40.50%,43.65%,
106/11/24,4697,0,-1501,3196,937543,275,67911,1005729,40.07%,42.98%,
106/11/23,-536,0,6858,6322,932783,275,69412,1002470,39.87%,42.85%,
106/11/22,8900,0,1161,10061,935072,275,62554,997901,39.96%,42.65%,
106/11/21,9741,0,-663,9078,926127,275,61393,987795,39.58%,42.22%,
106/11/20,5875,0,6719,12594,916338,275,62056,978669,39.16%,41.82%,
106/11/17,5500,0,11480,16980,910722,275,55337,966334,38.92%,41.30%,
106/11/16,500,0,6413,6913,905146,275,43857,949278,38.68%,40.57%,
106/11/15,-491,0,-213,-704,902663,275,37444,940382,38.58%,40.19%,
106/11/14,-979,0,1886,907,902962,275,37657,940894,38.59%,40.21%,
106/11/13,-496,0,472,-24,904014,275,35771,940060,38.64%,40.18%,
106/11/10,-482,0,-379,-861,904375,275,35299,939949,38.65%,40.17%,
106/11/09,-1050,0,-4615,-5665,904656,275,35678,940609,38.66%,40.20%,
106/11/08,-698,0,955,257,904726,275,40293,945294,38.67%,40.40%,
106/11/07,-1505,0,-613,-2118,905414,275,39338,945027,38.70%,40.39%,
106/11/06,-429,0,-951,-1380,906499,275,39951,946725,38.74%,40.46%,
106/11/03,-84,0,-1050,-1134,905997,275,40902,947174,38.72%,40.48%,
106/11/02,-105,0,717,612,906523,275,41952,948750,38.74%,40.54%,
106/11/01,-433,0,1164,731,906333,275,41235,947843,38.73%,40.50%,
106/10/31,-1535,0,434,-1101,906751,275,40071,947097,38.75%,40.47%,
106/10/30,1208,0,-1098,110,907020,275,39637,946932,38.76%,40.47%,
106/10/27,724,0,-2774,-2050,905566,275,40735,946576,38.70%,40.45%,
106/10/26,3005,0,-3428,-423,905603,275,43509,949387,38.70%,40.57%,
106/10/25,6622,0,8319,14941,902308,275,46937,949520,38.56%,40.58%,
106/10/24,4880,0,5155,10035,895280,275,38618,934173,38.26%,39.92%,
106/10/23,3416,0,253,3669,890218,275,33463,923956,38.05%,39.49%,
106/10/20,-310,0,49,-261,886658,275,33210,920143,37.89%,39.32%,
106/10/19,1098,0,1616,2714,887357,275,33161,920793,37.92%,39.35%,
106/10/18,192,0,-1670,-1478,886198,275,31545,918018,37.87%,39.23%,
106/10/17,264,0,-5927,-5663,885959,275,33215,919449,37.86%,39.29%,
106/10/16,-1586,0,-4939,-6525,885931,275,39142,925348,37.86%,39.54%,
106/10/13,4798,0,4917,9715,885938,275,44081,930294,37.86%,39.76%,
106/10/12,3798,0,-362,3436,881056,275,39164,920495,37.65%,39.34%,
106/10/11,-1517,0,-407,-1924,877248,275,39526,917049,37.49%,39.19%,
106/10/06,-876,0,20,-856,878737,275,39933,918945,37.56%,39.28%,
106/10/05,554,0,79,633,879142,275,39913,919330,37.57%,39.29%,
106/10/03,298,3,-510,-209,878545,275,39834,918654,37.55%,39.26%,
106/10/02,-788,0,725,-63,877859,272,40344,918475,37.52%,39.26%,
106/09/30,0,0,519,519,877540,272,39619,917431,37.50%,39.21%,
106/09/29,-1506,0,-2108,-3614,877540,353,39100,916993,37.50%,39.19%,
106/09/28,-3220,0,-532,-3752,879035,353,41208,920596,37.57%,39.35%,
106/09/27,9792,0,4109,13901,881698,353,41740,923791,37.68%,39.48%,
106/09/26,-2008,0,-5032,-7040,871162,353,37631,909146,37.23%,38.85%,
106/09/25,-2455,0,-120,-2575,872833,353,42663,915849,37.30%,39.14%,
106/09/22,-2715,0,-254,-2969,876832,353,42783,919968,37.47%,39.31%,
106/09/21,-1432,0,171,-1261,879047,353,43037,922437,37.57%,39.42%,
106/09/20,-5768,0,-3383,-9151,880169,353,42866,923388,37.62%,39.47%,
106/09/19,-394,0,-5640,-6034,886084,353,46249,932686,37.87%,39.86%,
106/09/18,-2060,0,360,-1700,886118,353,51889,938360,37.87%,40.10%,
106/09/15,-4796,1,-3213,-8008,888058,353,51529,939940,37.95%,40.17%,
106/09/14,-2963,0,1397,-1566,892844,352,54742,947938,38.16%,40.51%,
106/09/13,-331,0,-3416,-3747,894797,352,53345,948494,38.24%,40.54%,
106/09/12,-96,0,-3254,-3350,895116,352,56761,952229,38.26%,40.70%,
106/09/11,-384,0,2394,2010,894645,352,60015,955012,38.24%,40.82%,
106/09/08,1136,0,-280,856,894727,352,57621,952700,38.24%,40.72%,
106/09/07,143,0,-4933,-4790,893444,352,57901,951697,38.18%,40.67%,
106/09/06,2876,0,4570,7446,895011,352,62834,958197,38.25%,40.95%,
106/09/05,7299,0,3935,11234,891759,352,58264,950375,38.11%,40.62%,
106/09/04,3728,0,-4944,-1216,884122,352,54329,938803,37.79%,40.13%,
106/09/01,-2190,0,2746,556,880381,352,59273,940006,37.63%,40.18%,
106/08/31,400,0,-13,387,882309,352,56527,939188,37.71%,40.14%,
106/08/30,-1072,0,-7979,-9051,881855,352,56540,938747,37.69%,40.12%,
106/08/29,5975,1,10764,16740,883494,352,64519,948365,37.76%,40.53%,
106/08/28,5769,0,-4854,915,877209,351,53755,931315,37.49%,39.80%,
106/08/25,11166,0,9048,20214,871220,351,58609,930180,37.23%,39.75%,
106/08/24,375,0,1102,1477,859844,351,49561,909756,36.75%,38.88%,
106/08/23,792,0,169,961,859316,351,48459,908126,36.73%,38.82%,
106/08/22,1049,0,1281,2330,858497,351,48290,907138,36.69%,38.77%,
106/08/21,-201,1,1189,989,857143,351,47009,904503,36.63%,38.65%,
106/08/18,-316,0,826,510,857234,350,45820,903404,36.64%,38.61%,
106/08/17,192,0,-173,19,857440,350,44994,902784,36.64%,38.58%,
106/08/16,-2396,0,742,-1654,857161,350,45167,902678,36.63%,38.58%,
106/08/15,-3068,0,-340,-3408,859193,350,44425,903968,36.72%,38.63%,
106/08/14,-1793,0,-1280,-3073,861963,350,44765,907078,36.84%,38.77%,
106/08/11,-6365,0,3903,-2462,863256,350,46045,909651,36.89%,38.87%,
106/08/10,-362,0,-3400,-3762,869708,350,42142,912200,37.17%,38.99%,
106/08/09,-448,0,-307,-755,869517,350,45542,915409,37.16%,39.12%,
106/08/08,-3038,0,-1535,-4573,869965,350,45849,916164,37.18%,39.15%,
106/08/07,-1116,0,-981,-2097,873003,350,47384,920737,37.31%,39.35%,
106/08/04,-5546,0,4353,-1193,874119,350,48365,922834,37.36%,39.44%,
106/08/03,-2033,0,-2879,-4912,879381,350,44012,923743,37.58%,39.48%,
106/08/02,-1507,0,430,-1077,881414,350,46891,928655,37.67%,39.69%,
106/08/01,-3116,0,-5596,-8712,882911,350,46461,929722,37.73%,39.73%,
106/07/31,-1210,0,-456,-1666,885961,350,52057,938368,37.86%,40.10%,
106/07/28,165,0,-9516,-9351,889632,350,52513,942495,38.02%,40.28%,
106/07/27,11114,0,2565,13679,888594,350,62029,950973,37.98%,40.65%,
106/07/26,4901,0,2709,7610,877803,350,59464,937617,37.52%,40.08%,
106/07/25,7540,0,9383,16923,872664,350,56755,929769,37.30%,39.74%,
106/07/24,-1181,0,2375,1194,864838,350,47372,912560,36.96%,39.00%,
106/07/21,-592,0,-2459,-3051,865799,350,44997,911146,37.00%,38.94%,
106/07/20,-334,2,-388,-720,866391,350,47456,914197,37.03%,39.07%,
106/07/19,-1019,0,-2117,-3136,866725,348,47844,914917,37.04%,39.10%,
106/07/18,183,0,-260,-77,867243,348,49961,917552,37.06%,39.21%,
106/07/17,160,0,-891,-731,866575,348,50221,917144,37.04%,39.20%,
106/07/14,4,0,24,28,866365,348,51112,917825,37.03%,39.23%,
106/07/13,-888,0,-475,-1363,867161,348,51088,918597,37.06%,39.26%,
106/07/12,1238,0,2184,3422,867794,348,51563,919705,37.09%,39.31%,
106/07/11,-1254,0,-7030,-8284,864178,348,49379,913905,36.93%,39.06%,
106/07/10,548,0,-1291,-743,864961,348,56409,921718,36.97%,39.40%,
106/07/07,2654,0,-7863,-5209,864363,348,57700,922411,36.94%,39.42%,
106/07/06,753,0,-330,423,861629,348,65563,927540,36.82%,39.64%,
106/07/05,656,0,-1103,-447,860876,348,65893,927117,36.79%,39.62%,
106/07/04,-492,0,981,489,860220,348,66996,927564,36.76%,39.64%,
106/07/03,39,0,269,308,860712,348,66015,927075,36.78%,39.62%,
106/06/30,1566,0,-1238,328,860673,348,65746,926767,36.78%,39.61%,
106/06/29,-533,0,-947,-1480,859107,434,66984,926525,36.72%,39.60%,
106/06/28,-5496,0,1432,-4064,859630,434,67931,927995,36.74%,39.66%,
106/06/27,763,0,593,1356,865126,434,66499,932059,36.97%,39.83%,
106/06/26,-319,0,-2142,-2461,864363,434,65906,930703,36.94%,39.78%,
106/06/23,1814,0,-1579,235,864682,434,68048,933164,36.95%,39.88%,
106/06/22,1491,0,-1979,-488,862768,434,69627,932829,36.87%,39.86%,
106/06/21,4214,0,-8920,-4706,861020,434,71606,933060,36.80%,39.88%,
106/06/20,2237,2,-2315,-76,856782,434,80526,937742,36.62%,40.08%,
106/06/19,710,0,-161,549,854835,432,82841,938108,36.53%,40.09%,
106/06/16,4977,-11,168,5134,854125,432,83002,937559,36.50%,40.07%,
106/06/15,3049,0,1026,4075,848986,443,82834,932263,36.28%,39.84%,
106/06/14,-68,0,1940,1872,844727,443,81808,926978,36.10%,39.62%,
106/06/13,2702,0,-4198,-1496,844660,443,79868,924971,36.10%,39.53%,
106/06/12,1042,0,26902,27944,842276,443,84066,926785,36.00%,39.61%,
106/06/09,-6262,0,7768,1506,840728,443,57164,898335,35.93%,38.39%,
106/06/08,4727,0,4491,9218,850215,443,49396,900054,36.34%,38.47%,
106/06/07,-13868,0,-2229,-16097,845854,443,44905,891202,36.15%,38.09%,
106/06/06,-2258,0,2474,216,859503,443,47134,907080,36.73%,38.76%,
106/06/05,2525,0,10226,12751,861446,443,44660,906549,36.82%,38.75%,
106/06/03,0,0,5692,5692,858620,443,34434,893497,36.70%,38.19%,
106/06/02,23,0,541,564,858620,443,28742,887805,36.70%,37.95%,
106/06/01,-1291,0,-59,-1350,858597,443,28201,887241,36.69%,37.91%,
106/05/31,-1817,0,607,-1210,859458,443,28260,888161,36.73%,37.96%,
106/05/26,49,0,-58,-9,861264,443,27653,889360,36.81%,38.01%,
106/05/25,-114,0,184,70,861215,443,27711,889369,36.81%,38.01%,
106/05/24,-808,0,400,-408,860392,443,27527,888362,36.77%,37.97%,
106/05/23,-187,0,-374,-561,860690,443,27127,888260,36.78%,37.96%,
106/05/22,-2401,0,-172,-2573,860676,443,27501,888620,36.78%,37.97%,
106/05/19,-1472,0,-1199,-2671,862377,443,27673,890493,36.86%,38.06%,
106/05/18,-3381,0,9097,5716,863644,443,28872,892959,36.91%,38.16%,
106/05/17,-2089,0,6530,4441,868271,443,19774,888488,37.11%,37.97%,
106/05/16,116,0,-43,73,869306,443,13244,882993,37.15%,37.74%,
106/05/15,-547,0,713,166,869530,443,13287,883260,37.16%,37.75%,
106/05/12,1505,0,-845,660,868067,443,12574,881084,37.10%,37.66%,
106/05/11,3864,0,-298,3566,865652,443,13419,879514,37.00%,37.59%,
106/05/10,2068,0,959,3027,852660,443,13717,866820,36.44%,37.05%,
106/05/09,2300,0,-1779,521,850558,443,12758,863759,36.35%,36.91%,
106/05/08,-110,0,-824,-934,848148,443,14537,863128,36.25%,36.89%,
106/05/05,-178,0,-1083,-1261,848248,443,15361,864052,36.25%,36.93%,
106/05/04,-877,0,4,-873,848416,443,16444,865303,36.26%,36.98%,
106/05/03,-123,0,-431,-554,847783,443,16440,864666,36.23%,36.95%,
106/05/02,-224,-3,-44,-271,848446,443,16871,865760,36.26%,37.00%,
106/04/28,-962,0,-391,-1353,850079,446,16915,867440,36.33%,37.07%,
106/04/27,-997,0,-855,-1852,851011,446,17306,868763,36.37%,37.13%,
106/04/26,-1324,0,4905,3581,851470,446,18161,870077,36.39%,37.19%,
106/04/25,1321,1,111,1433,852607,446,13256,866309,36.44%,37.03%,
106/04/24,-48,0,108,60,851230,445,13145,864820,36.38%,36.96%,
106/04/21,1968,0,-389,1579,851267,445,13037,864749,36.38%,36.96%,
106/04/20,-186,0,192,6,851556,445,13426,865427,36.39%,36.98%,
106/04/19,5200,0,-6036,-836,849713,445,13234,863392,36.31%,36.89%,
106/04/18,1773,0,2612,4385,844442,445,19270,864157,36.09%,36.93%,
106/04/17,784,0,-5313,-4529,842639,445,16658,859742,36.01%,36.74%,
106/04/14,-1212,0,368,-844,841695,445,21971,864111,35.97%,36.93%,
106/04/13,-2088,0,336,-1752,842573,445,21603,864621,36.01%,36.95%,
106/04/12,-1336,0,470,-866,842988,445,21267,864700,36.03%,36.96%,
106/04/11,-1584,0,491,-1093,844289,445,20797,865531,36.08%,36.99%,
106/04/10,-303,0,-1944,-2247,845821,445,20306,866572,36.15%,37.04%,
106/04/07,-7482,0,4187,-3295,846114,445,22250,868809,36.16%,37.13%,
106/04/06,-3186,0,-378,-3564,852254,445,18063,870762,36.42%,37.21%,
106/04/05,-9802,0,-1428,-11230,852850,445,18441,871736,36.45%,37.26%,
106/03/31,-3577,0,7910,4333,862493,445,19869,882807,36.86%,37.73%,
106/03/30,1359,0,965,2324,866399,481,11959,878839,37.03%,37.56%,
106/03/29,-1048,0,488,-560,865016,481,10994,876491,36.97%,37.46%,
106/03/28,-5576,0,1906,-3670,866064,481,10506,877051,37.01%,37.48%,
106/03/27,742,0,329,1071,872590,481,8600,881671,37.29%,37.68%,
106/03/24,-2370,0,1138,-1232,871254,481,8271,880006,37.24%,37.61%,
106/03/23,-344,0,634,290,873624,481,7133,881238,37.34%,37.67%,
106/03/22,991,0,672,1663,874526,481,6499,881506,37.38%,37.68%,
106/03/21,-1616,0,-1128,-2744,873535,481,5827,879843,37.33%,37.60%,
106/03/20,-6406,0,2086,-4320,871654,481,6955,879090,37.25%,37.57%,
106/03/17,10347,-5,-1036,9306,878060,481,4869,883410,37.53%,37.76%,
106/03/16,-4229,0,-1018,-5247,867712,486,5905,874103,37.08%,37.35%,
106/03/15,1468,0,-507,961,869124,486,6923,876533,37.14%,37.46%,
106/03/14,3715,0,846,4561,864342,486,7430,872258,36.94%,37.28%,
106/03/13,2320,0,832,3152,859487,486,6584,866557,36.73%,37.03%,
106/03/10,-2447,0,257,-2190,853458,486,5752,859696,36.47%,36.74%,
106/03/09,7139,0,2599,9738,855905,486,5495,861886,36.58%,36.84%,
106/03/08,-2865,0,-729,-3594,848766,486,2896,852148,36.27%,36.41%,
106/03/07,281,0,-740,-459,849595,486,3625,853706,36.31%,36.49%,
106/03/06,27759,0,-1502,26257,849314,486,4365,854165,36.30%,36.51%,
106/03/03,35693,0,-951,34742,821546,486,5867,827899,35.11%,35.38%,
106/03/02,13734,0,-2942,10792,788517,486,6818,795821,33.70%,34.01%,
106/03/01,19,0,-925,-906,774749,486,9760,784995,33.11%,33.55%,
106/02/24,9080,0,1025,10105,805025,486,10685,816196,34.40%,34.88%,
106/02/23,16354,0,-1457,14897,796790,486,9660,806936,34.05%,34.48%,
106/02/22,6759,0,-1165,5594,780952,486,11117,792555,33.38%,33.88%,
106/02/21,41993,0,4122,46115,775628,486,12282,788396,33.15%,33.70%,
106/02/20,-2076,0,-5950,-8026,735335,486,8160,743981,31.43%,31.80%,
106/02/18,2,0,2576,2578,737418,486,14110,752014,31.51%,32.13%,
106/02/17,-7644,0,355,-7289,737416,486,11534,749436,31.51%,32.02%,
106/02/16,2861,0,2929,5790,747220,486,11179,758885,31.93%,32.43%,
106/02/15,6075,0,287,6362,745896,486,8250,754632,31.88%,32.25%,
106/02/14,-195,0,327,132,740002,486,7963,748451,31.63%,31.99%,
106/02/13,3218,0,-938,2280,741482,486,7636,749604,31.69%,32.04%,
106/02/10,-9315,0,-3346,-12661,738741,486,8574,747801,31.57%,31.96%,
106/02/09,1409,0,3961,5370,748319,486,11920,760725,31.98%,32.51%,
106/02/08,10003,0,726,10729,746700,486,7959,755145,31.91%,32.27%,
106/02/07,8860,0,-778,8082,736644,486,7233,744363,31.48%,31.81%,
106/02/06,24046,0,727,24773,729940,486,8011,738437,31.20%,31.56%,
106/02/03,9074,0,-1102,7972,706555,486,7284,714325,30.20%,30.53%,
106/02/02,4960,0,1305,6265,699493,486,8386,708365,29.89%,30.27%,
106/01/24,34672,0,27,34699,695245,486,7081,702812,29.71%,30.03%,
106/01/23,6289,-3,-1158,5128,663933,486,7054,671473,28.37%,28.69%,
106/01/20,2742,0,-2312,430,658094,490,8212,666796,28.12%,28.49%,
106/01/19,5322,0,-651,4671,655445,490,10524,666459,28.01%,28.48%,
106/01/18,8883,0,1639,10522,651679,490,11175,663344,27.85%,28.35%,
106/01/17,25525,0,115,25640,642587,490,9536,652613,27.46%,27.89%,
106/01/16,13079,0,-488,12591,623396,490,9421,633307,26.64%,27.06%,
106/01/13,18168,0,984,19152,610040,490,9909,620439,26.07%,26.51%,
106/01/12,18633,0,-3533,15100,592237,490,8925,601652,25.31%,25.71%,
106/01/11,56798,0,-522,56276,573604,490,12458,586552,24.51%,25.06%,
106/01/10,32564,0,5995,38559,516795,490,12980,530265,22.08%,22.66%,
106/01/09,316,0,99,415,485461,490,6985,492936,20.75%,21.07%,
106/01/06,745,0,-351,394,485145,490,6886,492521,20.73%,21.05%,
106/01/05,-579,0,692,113,501541,490,7237,509268,21.43%,21.76%,
106/01/04,-699,0,533,-166,503164,490,6545,510199,21.50%,21.80%,
106/01/03,507,0,-835,-328,503137,490,6012,509639,21.50%,21.78%,
105/12/30,512,0,-56,456,502612,490,6847,509949,21.48%,21.79%,
105/12/29,-263,0,-181,-444,503554,490,6903,510947,21.52%,21.84%,
105/12/28,364,0,-144,220,503627,490,7084,511201,21.52%,21.84%,
105/12/27,-679,0,302,-377,503551,490,7228,511269,21.52%,21.85%,
105/12/26,-752,0,-335,-1087,503980,490,6926,511396,21.54%,21.86%,
105/12/23,-1756,0,-159,-1915,504664,490,7261,512415,21.57%,21.90%,
105/12/22,-2616,0,-162,-2778,504920,490,7420,512830,21.58%,21.92%,
105/12/21,-4718,0,632,-4086,504290,490,7582,512362,21.55%,21.90%,
105/12/20,1531,0,41,1572,504995,490,6950,512435,21.58%,21.90%,
105/12/19,-3617,0,-397,-4014,501973,490,6909,509372,21.45%,21.77%,
105/12/16,-6755,459,105,-6191,505090,490,7306,512886,21.58%,21.91%,
105/12/15,-1781,0,-104,-1885,509836,31,7201,517068,21.79%,22.10%,
105/12/14,-1798,0,-165,-1963,510898,31,7305,518234,21.83%,22.14%,
105/12/13,2305,0,-773,1532,512696,31,7470,520197,21.91%,22.23%,
105/12/12,3474,0,-357,3117,510391,31,8243,518665,21.81%,22.16%,
105/12/09,816,0,-345,471,506832,31,8600,515463,21.66%,22.03%,
105/12/08,203,0,-270,-67,504016,31,8945,512992,21.54%,21.92%,
105/12/07,1797,0,348,2145,503813,31,9215,513059,21.53%,21.93%,
105/12/06,484,0,-234,250,501016,31,8867,509914,21.41%,21.79%,
105/12/05,1256,0,-362,894,500532,31,9101,509664,21.39%,21.78%,
105/12/02,-8,0,-845,-853,498276,31,9463,507770,21.29%,21.70%,
105/12/01,1605,0,-595,1010,495767,31,10308,506106,21.19%,21.63%,
105/11/30,5047,0,1426,6473,490262,31,10903,501196,20.95%,21.42%,
105/11/29,7168,0,55,7223,485372,31,9477,494880,20.74%,21.15%,
105/11/28,1060,0,198,1258,478204,31,9422,487657,20.44%,20.84%,
105/11/25,6181,0,51,6232,477099,31,9224,486354,20.39%,20.79%,
105/11/24,115,0,46,161,470918,31,9173,480122,20.12%,20.51%,
105/11/23,9841,0,-691,9150,470013,31,9127,479171,20.09%,20.48%,
105/11/22,1238,0,153,1391,460172,31,9818,470021,19.66%,20.08%,
105/11/21,3262,0,-754,2508,458844,31,9665,468540,19.61%,20.02%,
105/11/18,3181,0,601,3782,455582,31,10419,466032,19.47%,19.92%,
105/11/17,18424,0,765,19189,452401,31,9818,462250,19.33%,19.75%,
105/11/16,19024,0,-2152,16872,435265,31,9053,444349,18.60%,18.99%,
105/11/15,8825,0,2555,11380,416241,31,11205,427477,17.79%,18.27%,
105/11/14,2002,0,-541,1461,407239,31,8650,415920,17.40%,17.77%,
105/11/11,-587,0,-1491,-2078,405237,31,9191,414459,17.32%,17.71%,
105/11/10,10622,0,4439,15061,405472,31,10682,416185,17.33%,17.79%,
105/11/09,14392,0,-1005,13387,394135,31,6243,400409,16.84%,17.11%,
105/11/08,17282,0,-1304,15978,379414,31,7248,386693,16.21%,16.52%,
105/11/07,3620,0,1632,5252,361216,31,8552,369799,15.43%,15.80%,
105/11/04,12379,0,1065,13444,357020,31,6920,363971,15.26%,15.56%,
105/11/03,23951,0,237,24188,344025,31,5855,349911,14.70%,14.95%,
105/11/02,-3125,-0,-1406,-4531,319947,31,5618,325596,13.67%,13.91%,
105/11/01,-1112,0,206,-906,325582,31,7024,332637,13.91%,14.21%,
105/10/31,-3028,0,-428,-3456,326419,31,6818,333268,13.95%,14.24%,
105/10/28,-2597,0,-764,-3361,329047,31,7246,336324,14.06%,14.37%,
105/10/27,-3645,0,-84,-3729,328960,31,8010,337001,14.06%,14.40%,
105/10/26,-2656,0,458,-2198,332031,31,8094,340156,14.19%,14.54%,
105/10/25,1128,0,80,1208,334327,31,7636,341994,14.29%,14.62%,
105/10/24,-1253,0,435,-818,333199,31,7556,340786,14.24%,14.56%,
105/10/21,-677,0,574,-103,314522,31,7121,321674,13.44%,13.75%,
105/10/20,740,0,-136,604,314699,31,6547,321277,13.45%,13.73%,
105/10/19,-4718,0,-1740,-6458,313958,31,6683,320672,13.41%,13.70%,
105/10/18,-4251,0,2446,-1805,318537,31,8423,326991,13.61%,13.97%,
105/10/17,-1210,0,-418,-1628,321088,31,5977,327096,13.72%,13.98%,
105/10/14,45899,0,380,46279,321798,31,6395,328224,13.75%,14.02%,
105/10/13,-4603,0,-290,-4893,275899,31,6015,281945,11.79%,12.05%,
105/10/12,-7984,0,-716,-8700,280502,31,6305,286838,11.98%,12.25%,
105/10/11,-1878,0,687,-1191,281156,31,7021,288208,12.01%,12.31%,
105/10/07,-12941,0,1714,-11227,283349,31,6334,289714,12.11%,12.38%,
105/10/06,5180,0,-143,5037,296042,31,4620,300693,12.65%,12.85%,
105/10/05,-3490,0,-385,-3875,279907,31,4763,284701,11.96%,12.16%,
105/10/04,-3847,0,373,-3474,282922,31,5148,288101,12.09%,12.31%,
105/10/03,226,0,83,309,286769,31,4775,291575,12.25%,12.46%,
105/09/30,1323,-8,544,1859,284466,31,4692,289189,12.15%,12.35%,
105/09/29,3401,0,53,3454,283135,46,4148,287329,12.10%,12.28%,
105/09/26,-94,0,734,640,278251,46,4095,282392,11.89%,12.07%,
105/09/23,1766,0,46,1812,278345,46,3361,281752,11.89%,12.04%,
105/09/22,2584,0,673,3257,275913,46,3315,279274,11.79%,11.93%,
105/09/21,733,0,-31,702,273163,46,2642,275851,11.67%,11.78%,
105/09/20,2692,0,-588,2104,272420,46,2673,275139,11.64%,11.76%,
105/09/19,920,0,12,932,269718,46,3261,273025,11.52%,11.66%,
105/09/14,1231,0,8,1239,268798,46,3249,272093,11.48%,11.62%,
105/09/13,197,0,-107,90,267486,46,3241,270773,11.43%,11.57%,
105/09/12,-471,0,21,-450,267234,46,3348,270628,11.42%,11.57%,
105/09/10,0,0,125,125,267705,46,3327,271078,11.44%,11.58%,
105/09/09,687,0,-194,493,267705,46,3202,270953,11.44%,11.58%,
105/09/08,-429,0,258,-171,267008,46,3396,270450,11.41%,11.56%,
105/09/07,3041,0,173,3214,267286,46,3138,270470,11.42%,11.56%,
105/09/06,1323,0,176,1499,264244,46,2965,267255,11.29%,11.42%,
105/09/05,139,0,0,139,262762,46,2789,265597,11.23%,11.35%,
105/09/02,-259,0,1,-258,262553,46,2789,265388,11.22%,11.34%,
105/09/01,7,0,0,7,262812,46,2788,265646,11.23%,11.35%,
105/08/31,-91,0,-16,-107,262805,46,2788,265639,11.23%,11.35%,
105/08/30,-393,0,-77,-470,262886,46,2804,265736,11.23%,11.35%,
105/08/29,-138,0,-20,-158,263091,46,2881,266018,11.24%,11.37%,
105/08/26,-36,0,-10,-46,263219,46,2901,266166,11.25%,11.38%,
105/08/25,1147,0,-1,1146,263255,46,2911,266212,11.25%,11.38%,
105/08/24,-751,0,0,-751,262108,46,2912,265066,11.20%,11.33%,
105/08/23,-854,0,0,-854,262859,46,2912,265817,11.23%,11.36%,
105/08/22,-948,0,-31,-979,263713,46,2912,266671,11.27%,11.40%,
105/08/19,-1154,0,0,-1154,264646,46,2943,267635,11.31%,11.44%,
105/08/18,120,0,-31,89,265830,46,2943,268819,11.36%,11.49%,
105/08/17,276,0,-3,273,265717,46,2974,268737,11.35%,11.48%,
105/08/16,250,0,-17,233,265438,46,2977,268461,11.34%,11.47%,
105/08/15,-369,0,0,-369,265188,46,2994,268228,11.33%,11.46%,
105/08/12,270,0,1,271,265557,46,2994,268597,11.35%,11.48%,
105/08/11,625,0,-2423,-1798,265287,46,2993,268326,11.33%,11.46%,
105/08/10,4,0,9,13,264292,46,5416,269754,11.29%,11.52%,
105/08/09,-514,0,12,-502,264288,46,5407,269741,11.29%,11.52%,
105/08/08,-342,0,0,-342,264802,46,5395,270243,11.31%,11.54%,
105/08/05,7,0,-5,2,265144,46,5395,270585,11.33%,11.56%,
105/08/04,-267,0,-81,-348,264909,46,5400,270355,11.32%,11.55%,
105/08/03,-625,0,-15,-640,265176,46,5481,270703,11.33%,11.57%,
105/08/02,-1078,0,18,-1060,265801,46,5496,271343,11.36%,11.60%,
105/08/01,319,0,-71,248,266864,46,5478,272388,11.40%,11.64%,
105/07/29,-200,-0,0,-200,266545,46,5549,272140,11.39%,11.63%,
105/07/28,145,0,2,147,266745,46,5549,272340,11.40%,11.64%,
105/07/27,-1179,0,3,-1176,266600,46,5547,272193,11.39%,11.63%,
105/07/26,-759,0,-14,-773,267779,46,5544,273369,11.44%,11.68%,
105/07/25,-1626,0,-46,-1672,268513,46,5558,274117,11.47%,11.71%,
105/07/22,-853,0,2808,1955,270139,46,5604,275789,11.54%,11.78%,
105/07/21,644,0,108,752,270982,46,2796,273824,11.58%,11.70%,
105/07/20,406,0,165,571,270470,46,2688,273204,11.56%,11.68%,
105/07/19,-287,0,238,-49,270064,46,2523,272633,11.54%,11.65%,
105/07/18,437,0,294,731,270260,46,2285,272591,11.55%,11.65%,
105/07/15,399,0,0,399,269786,46,1991,271823,11.53%,11.62%,
105/07/14,186,0,0,186,269387,46,1991,271424,11.51%,11.60%,
105/07/13,379,0,0,379,269201,46,1991,271238,11.50%,11.59%,
105/07/12,-169,0,0,-169,268822,46,1991,270859,11.49%,11.58%,
105/07/11,-474,0,0,-474,268991,46,1991,271028,11.49%,11.58%,
105/07/07,538,0,0,538,269426,46,1991,271463,11.51%,11.60%,
105/07/06,-558,0,0,-558,268888,46,1991,270925,11.49%,11.58%,
105/07/05,204,0,0,204,269460,46,1991,271497,11.51%,11.60%,
105/07/04,823,0,0,823,268957,46,1991,270994,11.49%,11.58%,
105/07/01,611,0,0,611,267602,46,1991,269639,11.43%,11.52%,
105/06/30,1016,0,-8,1008,267300,46,1991,269337,11.42%,11.51%,
105/06/29,-501,0,0,-501,266284,46,1999,268329,11.38%,11.47%,
105/06/28,-324,0,0,-324,266785,46,1999,268830,11.40%,11.49%,
105/06/27,-6,0,-3,-9,267109,46,1999,269154,11.41%,11.50%,
105/06/24,-1923,0,-33,-1956,267115,46,2002,269163,11.41%,11.50%,
105/06/23,219,0,0,219,268388,46,2035,270469,11.47%,11.56%,
105/06/22,219,0,0,219,268169,46,2035,270250,11.46%,11.55%,
105/06/21,145,0,0,145,267950,46,2035,270031,11.45%,11.54%,
105/06/20,-1145,0,39,-1106,267805,46,2035,269886,11.44%,11.53%,
105/06/17,-502,0,0,-502,268950,46,1996,270992,11.49%,11.58%,
105/06/16,-510,0,0,-510,269201,46,1996,271243,11.50%,11.59%,
105/06/15,-112,0,-4,-116,269711,46,1996,271753,11.52%,11.61%,
105/06/14,105,0,0,105,269585,46,2000,271631,11.52%,11.61%,
105/06/13,-1465,0,0,-1465,269480,46,2000,271526,11.51%,11.60%,
105/06/08,-584,0,-9,-593,270845,46,2000,272891,11.57%,11.66%,
105/06/07,-476,0,0,-476,271429,46,2009,273484,11.60%,11.69%,
105/06/06,231,0,0,231,271905,46,2009,273960,11.62%,11.71%,
105/06/04,0,0,0,0,271674,46,2009,273729,11.61%,11.70%,
105/06/03,1005,0,0,1005,271674,46,2009,273729,11.61%,11.70%,
105/06/02,947,0,-100,847,270669,46,2009,272724,11.56%,11.65%,
105/06/01,642,0,0,642,269722,46,2109,271877,11.52%,11.61%,
105/05/31,356,0,0,356,269267,46,2109,271422,11.50%,11.59%,
105/05/30,348,0,0,348,268911,46,2109,271066,11.49%,11.58%,
105/05/27,94,0,0,94,268553,46,2109,270708,11.47%,11.56%,
105/05/26,-269,0,-40,-309,268437,46,2109,270592,11.47%,11.56%,
105/05/25,-1129,0,0,-1129,268728,46,2149,270923,11.48%,11.57%,
105/05/24,-420,0,0,-420,269736,46,2149,271931,11.52%,11.61%,
105/05/23,334,0,0,334,269156,46,2149,271351,11.50%,11.59%,
105/05/20,227,0,0,227,267722,46,2149,269917,11.44%,11.53%,
105/05/19,845,0,0,845,267495,46,2149,269690,11.43%,11.52%,
105/05/18,350,0,9,359,266650,46,2149,268845,11.39%,11.48%,
105/05/17,-97,0,-14,-111,266300,46,2140,268486,11.38%,11.47%,
105/05/16,114,0,0,114,266387,46,2154,268587,11.38%,11.47%,
105/05/13,-884,0,-14,-898,266259,46,2154,268459,11.38%,11.47%,
105/05/12,-1767,0,-2,-1769,267143,46,2168,269357,11.41%,11.50%,
105/05/11,-1677,0,-20,-1697,268910,46,2170,271126,11.49%,11.58%,
105/05/10,-82,6,128,52,270587,46,2190,272823,11.56%,11.66%,
105/05/09,-1669,0,-112,-1781,270669,39,2062,272770,11.56%,11.65%,
105/05/06,-425,0,0,-425,272338,39,2174,274551,11.64%,11.73%,
105/05/05,-503,0,0,-503,272763,39,2174,274976,11.65%,11.74%,
105/05/04,-1798,0,-72,-1870,273266,39,2174,275479,11.68%,11.77%,
105/05/03,-685,0,0,-685,275064,39,2246,277349,11.75%,11.85%,
105/04/29,-246,0,0,-246,275749,39,2246,278034,11.78%,11.88%,
105/04/28,-17,0,-23,-40,275995,39,2246,278280,11.79%,11.89%,
105/04/27,-471,0,0,-471,276012,39,2269,278320,11.79%,11.89%,
105/04/26,-756,0,23,-733,276483,39,2269,278791,11.81%,11.91%,
105/04/25,-230,0,0,-230,277239,39,2246,279524,11.85%,11.95%,
105/04/22,-1661,0,-50,-1711,277469,39,2246,279754,11.86%,11.96%,
105/04/21,-987,0,-66,-1053,278466,39,2296,280801,11.90%,12.00%,
105/04/20,-1842,0,-24,-1866,279453,39,2362,281854,11.94%,12.04%,
105/04/19,-244,0,0,-244,281295,39,2386,283720,12.02%,12.12%,
105/04/18,-377,0,0,-377,281539,39,2386,283964,12.03%,12.13%,
105/04/15,-681,0,0,-681,281916,39,2386,284341,12.05%,12.15%,
105/04/14,-82,0,0,-82,282597,39,2386,285022,12.07%,12.17%,
105/04/13,73,0,0,73,282679,39,2386,285104,12.08%,12.18%,
105/04/12,-1071,0,0,-1071,282606,39,2386,285031,12.07%,12.17%,
105/04/11,-718,0,0,-718,283677,39,2386,286102,12.12%,12.22%,
105/04/08,-41,0,0,-41,284395,39,2386,286820,12.15%,12.25%,
105/04/07,-373,0,-176,-549,284436,39,2386,286861,12.15%,12.25%,
105/04/06,-193,0,-55,-248,284809,39,2562,287410,12.17%,12.28%,
105/04/01,49,0,-119,-70,285002,39,2617,287658,12.18%,12.29%,
105/03/31,-434,0,17,-417,284953,39,2736,287728,12.17%,12.29%,
105/03/30,-169,0,0,-169,285387,39,2719,288145,12.19%,12.31%,
105/03/29,578,0,-40,538,285556,39,2719,288314,12.20%,12.32%,
105/03/28,-1055,0,-228,-1283,284978,39,2759,287776,12.18%,12.30%,
105/03/25,-1661,0,-32,-1693,286033,39,2987,289059,12.22%,12.35%,
105/03/24,-645,0,9,-636,287694,39,3019,290752,12.29%,12.42%,
105/03/23,-682,0,102,-580,288339,39,3010,291388,12.32%,12.45%,
105/03/22,1449,0,-22,1427,289021,39,2908,291968,12.35%,12.48%,
105/03/21,-77,0,2,-75,287572,39,2930,290541,12.29%,12.42%,
105/03/18,-497,0,-126,-623,287649,39,2928,290616,12.29%,12.42%,
105/03/17,-686,0,-2,-688,288146,39,3054,291239,12.31%,12.44%,
105/03/16,-177,0,224,47,288850,39,3056,291945,12.34%,12.47%,
105/03/15,-74,0,-396,-470,289027,39,2832,291898,12.35%,12.47%,
105/03/14,-1009,0,-1,-1010,289101,39,3228,292368,12.35%,12.49%,
105/03/11,-1003,0,-213,-1216,290110,39,3229,293378,12.40%,12.54%,
105/03/10,1929,0,-23,1906,291113,39,3442,294594,12.44%,12.59%,
105/03/09,429,0,29,458,289184,39,3465,292688,12.36%,12.51%,
105/03/08,625,0,196,821,288755,39,3436,292230,12.34%,12.49%,
105/03/07,497,0,394,891,288130,39,3240,291409,12.31%,12.45%,
105/03/04,602,0,51,653,287615,39,2846,290500,12.29%,12.41%,
105/03/03,1503,0,-45,1458,287013,39,2795,289847,12.26%,12.38%,
105/03/02,1239,0,-9,1230,285510,39,2840,288389,12.20%,12.32%,
105/03/01,297,0,11,308,284271,39,2849,287159,12.15%,12.27%,
105/02/26,-2,0,-79,-81,283974,39,2838,286851,12.13%,12.25%,
105/02/25,-282,0,-10,-292,283976,39,2917,286932,12.13%,12.26%,
105/02/24,-488,0,144,-344,284258,39,2927,287224,12.15%,12.28%,
105/02/23,-660,0,136,-524,284804,39,2783,287626,12.17%,12.29%,
105/02/22,244,0,7,251,285464,39,2647,288150,12.20%,12.31%,
105/02/19,99,0,-80,19,285220,39,2640,287899,12.19%,12.30%,
105/02/18,-78,0,206,128,285121,39,2720,287880,12.18%,12.30%,
105/02/17,-476,0,-122,-598,285199,39,2514,287752,12.19%,12.30%,
105/02/16,524,0,216,740,285675,39,2636,288350,12.21%,12.32%,
105/02/15,-115,3,26,-86,285151,39,2420,287610,12.18%,12.29%,
105/02/03,264,0,-42,222,285266,36,2394,287696,12.19%,12.29%,
105/02/02,734,0,53,787,284944,36,2436,287416,12.17%,12.28%,
105/02/01,-1,0,-25,-26,284210,36,2383,286629,12.14%,12.24%,
105/01/30,0,0,6,6,284211,36,2408,286655,12.14%,12.24%,
105/01/29,2128,0,2,2130,284211,36,2402,286649,12.14%,12.24%,
105/01/28,1113,0,14,1127,282083,36,2400,284519,12.05%,12.15%,
105/01/27,15,0,-17,-2,280970,36,2386,283392,12.00%,12.10%,
105/01/26,-834,0,-3,-837,282331,36,2403,284770,12.06%,12.16%,
105/01/25,-481,0,190,-291,283165,36,2406,285607,12.10%,12.20%,
105/01/22,-152,0,0,-152,283646,36,2216,285898,12.12%,12.22%,
105/01/21,154,0,0,154,283798,36,2216,286050,12.13%,12.23%,
105/01/20,-157,0,-182,-339,283644,36,2216,285896,12.12%,12.22%,
105/01/19,275,0,98,373,283814,36,2398,286248,12.13%,12.23%,
105/01/18,694,0,-40,654,283539,36,2300,285875,12.11%,12.21%,
105/01/15,-398,0,24,-374,282845,36,2340,285221,12.08%,12.18%,
105/01/14,-223,0,1,-222,283702,36,2316,286054,12.12%,12.22%,
105/01/13,-1590,0,-55,-1645,283870,36,2315,286221,12.13%,12.23%,
105/01/12,1013,0,33,1046,285430,36,2370,287836,12.20%,12.30%,
105/01/11,-1065,0,-113,-1178,284341,36,2337,286714,12.15%,12.25%,
105/01/08,595,0,14,609,285378,36,2450,287864,12.19%,12.30%,
105/01/07,1208,0,-12,1196,284773,36,2436,287245,12.17%,12.28%,
105/01/06,64,0,44,108,283534,36,2448,286018,12.11%,12.22%,
105/01/05,-157,0,-15,-172,283470,36,2404,285910,12.11%,12.21%,
105/01/04,-112,0,-8,-120,283158,36,2419,285613,12.10%,12.20%,
104/12/31,326,0,34,360,283270,36,2427,285733,12.10%,12.21%,
104/12/30,1024,0,-11,1013,282944,34,2393,285371,12.09%,12.19%,
104/12/29,659,0,214,873,282409,34,2404,284847,12.07%,12.17%,
104/12/28,590,0,-3,587,281818,34,2190,284042,12.04%,12.14%,
104/12/25,213,0,-32,181,281228,34,2193,283455,12.02%,12.12%,
104/12/24,-73,0,11,-62,281015,34,2225,283274,12.01%,12.11%,
104/12/23,614,0,17,631,281088,34,2214,283336,12.01%,12.11%,
104/12/22,408,0,-80,328,280474,34,2197,282705,11.98%,12.08%,
104/12/21,51,0,119,170,280056,34,2277,282367,11.97%,12.07%,
104/12/18,1167,0,-33,1134,279972,34,2158,282164,11.96%,12.05%,
104/12/17,619,0,-47,572,278701,34,2191,280926,11.91%,12.01%,
104/12/16,140,0,-32,108,278056,34,2238,280328,11.88%,11.98%,
104/12/15,-424,0,3,-421,277890,34,2270,280194,11.87%,11.97%,
104/12/14,-1018,-6,15,-1009,278296,34,2267,280597,11.89%,11.99%,
104/12/11,-27,0,51,24,279002,40,2252,281294,11.92%,12.02%,
104/12/10,-1313,0,-88,-1401,279156,40,2201,281397,11.93%,12.03%,
104/12/09,-945,0,-118,-1063,280104,40,2289,282433,11.97%,12.07%,
104/12/08,-364,0,0,-364,280840,40,2407,283287,12.00%,12.10%,
104/12/07,-333,0,-15,-348,281120,40,2407,283567,12.01%,12.11%,
104/12/04,-1228,0,-3,-1231,281439,40,2422,283901,12.02%,12.13%,
104/12/03,33,0,26,59,282671,40,2425,285136,12.08%,12.19%,
104/12/02,826,0,-22,804,282628,40,2399,285067,12.08%,12.18%,
104/12/01,-426,0,-20,-446,281802,40,2421,284263,12.04%,12.15%,
104/11/30,-1685,0,32,-1653,282228,40,2441,284709,12.06%,12.17%,
104/11/27,71,0,-28,43,283903,40,2409,286352,12.13%,12.23%,
104/11/26,-1538,0,38,-1500,283822,40,2437,286299,12.13%,12.24%,
104/11/25,-660,0,1,-659,285284,40,2399,287723,12.19%,12.29%,
104/11/24,-211,0,-14,-225,285818,40,2398,288256,12.21%,12.31%,
104/11/23,-63,0,9,-54,286029,40,2412,288481,12.22%,12.32%,
104/11/20,-170,0,0,-170,286442,40,2403,288885,12.24%,12.34%,
104/11/19,-299,0,-30,-329,286612,40,2403,289055,12.25%,12.35%,
104/11/18,-1117,0,-261,-1378,286911,40,2433,289384,12.26%,12.37%,
104/11/17,-599,0,27,-572,288147,40,2694,290881,12.31%,12.43%,
104/11/16,-686,0,36,-650,288655,40,2667,291362,12.33%,12.45%,
104/11/13,-714,0,0,-714,289563,40,2631,292234,12.37%,12.48%,
104/11/12,-681,0,-42,-723,290263,40,2631,292934,12.40%,12.51%,
104/11/11,-1225,0,-31,-1256,290910,40,2673,293623,12.43%,12.55%,
104/11/10,-1082,0,20,-1062,292104,40,2704,294848,12.48%,12.60%,
104/11/09,-941,0,306,-635,293186,40,2684,295910,12.53%,12.65%,
104/11/06,-699,0,11,-688,294127,40,2378,296545,12.57%,12.67%,
104/11/05,-708,0,-48,-756,294826,40,2367,297233,12.60%,12.70%,
104/11/04,-911,0,14,-897,295534,40,2415,297989,12.63%,12.73%,
104/11/03,-83,0,51,-32,296445,40,2401,298886,12.67%,12.77%,
104/11/02,65,0,3,68,296503,40,2350,298893,12.67%,12.77%,
104/10/30,-834,0,8,-826,296438,40,2347,298825,12.67%,12.77%,
104/10/29,-867,0,51,-816,297417,40,2339,299796,12.71%,12.81%,
104/10/28,328,0,0,328,298284,40,2288,300612,12.74%,12.84%,
104/10/27,-403,0,-16,-419,297956,40,2288,300284,12.73%,12.83%,
104/10/26,-1379,0,24,-1355,298359,40,2304,300703,12.75%,12.85%,
104/10/23,-1078,0,-64,-1142,299738,40,2280,302058,12.81%,12.91%,
104/10/22,593,0,59,652,300870,40,2344,303254,12.86%,12.96%,
104/10/21,850,0,-454,396,300277,40,2285,302602,12.83%,12.93%,
104/10/20,762,0,501,1263,299384,40,2739,302163,12.79%,12.91%,
104/10/19,-1008,0,-1,-1009,298622,40,2238,300900,12.76%,12.86%,
104/10/16,-153,0,0,-153,299630,40,2239,301909,12.80%,12.90%,
104/10/15,-650,0,-96,-746,299783,40,2239,302062,12.81%,12.91%,
104/10/14,-1654,0,-12,-1666,300668,40,2335,303043,12.85%,12.95%,
104/10/13,-704,0,337,-367,302322,40,2347,304709,12.92%,13.02%,
104/10/12,-825,0,0,-825,303026,40,2010,305076,12.95%,13.04%,
104/10/08,-1924,0,20,-1904,303841,40,2010,305891,12.98%,13.07%,
104/10/07,-1366,0,0,-1366,305504,40,1990,307534,13.05%,13.14%,
104/10/06,-910,0,-10,-920,306848,40,1990,308878,13.11%,13.20%,
104/10/05,578,0,7,585,307596,40,2000,309636,13.14%,13.23%,
104/10/02,1937,0,0,1937,306905,40,1993,308938,13.11%,13.20%,
104/10/01,-420,0,-28,-448,304968,40,1993,307001,13.03%,13.12%,
104/09/30,-1507,0,0,-1507,305347,40,2021,307408,13.05%,13.14%,
104/09/25,-1196,0,0,-1196,306934,42,2021,308997,13.11%,13.20%,
104/09/24,-527,0,-6,-533,308120,42,2021,310183,13.17%,13.26%,
104/09/23,-1230,0,-3,-1233,308613,42,2027,310682,13.19%,13.28%,
104/09/22,-27,-4,0,-31,309843,42,2030,311915,13.24%,13.33%,
104/09/21,-1549,0,-27,-1576,309860,45,2030,311935,13.24%,13.33%,
104/09/18,-2430,0,3,-2427,311409,45,2057,313511,13.31%,13.40%,
104/09/17,-360,0,21,-339,313839,45,2054,315938,13.41%,13.50%,
104/09/16,-372,0,-6,-378,314199,45,2033,316277,13.42%,13.51%,
104/09/15,-600,0,9,-591,314571,45,2039,316655,13.44%,13.53%,
104/09/14,-484,0,-37,-521,315171,45,2030,317246,13.47%,13.56%,
104/09/11,-558,0,0,-558,315655,45,2067,317767,13.49%,13.58%,
104/09/10,-508,0,-5,-513,316213,45,2067,318325,13.51%,13.60%,
104/09/09,428,0,44,472,316721,45,2072,318838,13.53%,13.62%,
104/09/08,49,0,-4,45,316276,45,2028,318349,13.51%,13.60%,
104/09/07,-104,0,12,-92,316180,45,2032,318257,13.51%,13.60%,
104/09/04,-648,0,-1,-649,316654,45,2020,318719,13.53%,13.62%,
104/09/03,886,0,-33,853,317102,45,2021,319168,13.55%,13.64%,
104/09/02,651,0,0,651,316291,45,2054,318390,13.51%,13.60%,
104/09/01,-179,0,-47,-226,315640,45,2054,317739,13.49%,13.58%,
104/08/31,480,0,-3,477,315819,45,2101,317965,13.49%,13.58%,
104/08/28,809,0,-87,722,315291,45,2104,317440,13.47%,13.56%,
104/08/27,-236,0,-48,-284,314482,45,2191,316718,13.44%,13.54%,
104/08/26,-396,0,-15,-411,314696,45,2239,316980,13.45%,13.55%,
104/08/25,498,-7,4,495,315051,45,2254,317350,13.46%,13.56%,
104/08/24,-1034,0,-24,-1058,314553,52,2250,316855,13.44%,13.54%,
104/08/21,15,0,-2,13,315807,52,2274,318133,13.49%,13.59%,
104/08/20,667,0,0,667,315701,52,2276,318029,13.49%,13.59%,
104/08/19,-344,0,-15,-359,315051,52,2276,317379,13.46%,13.56%,
104/08/18,124,0,-67,57,315456,52,2291,317799,13.48%,13.58%,
104/08/17,-204,0,83,-121,315326,52,2358,317736,13.47%,13.57%,
104/08/14,184,0,14,198,315689,52,2275,318016,13.49%,13.59%,
104/08/13,29,0,3,32,315605,52,2261,317918,13.49%,13.59%,
104/08/12,-275,0,99,-176,315182,52,2258,317492,13.47%,13.57%,
104/08/11,-482,0,-188,-670,315463,52,2159,317674,13.48%,13.57%,
104/08/10,513,0,21,534,315945,52,2347,318344,13.50%,13.60%,
104/08/07,-1216,0,-11,-1227,315422,52,2326,317800,13.48%,13.58%,
104/08/06,-756,0,1,-755,316739,52,2337,319128,13.53%,13.63%,
104/08/05,866,0,47,913,317450,52,2336,319838,13.56%,13.66%,
104/08/04,110,0,65,175,316515,52,2289,318856,13.52%,13.62%,
104/08/03,-226,0,-28,-254,316405,52,2224,318681,13.52%,13.62%,
104/07/31,-275,0,-57,-332,316621,52,2252,318925,13.53%,13.63%,
104/07/30,-168,0,-2,-170,317565,52,2309,319926,13.57%,13.67%,
104/07/29,-232,0,6,-226,317733,52,2311,320096,13.58%,13.68%,
104/07/28,-352,0,-20,-372,318400,52,2305,320757,13.60%,13.70%,
104/07/27,-599,0,129,-470,318673,52,2325,321050,13.62%,13.72%,
104/07/24,-801,0,5,-796,318908,52,2196,321156,13.63%,13.73%,
104/07/23,-55,0,30,-25,319906,52,2191,322149,13.67%,13.77%,
104/07/22,210,0,39,249,319621,52,2161,321834,13.66%,13.75%,
104/07/21,-432,0,0,-432,319915,52,2122,322089,13.67%,13.76%,
104/07/20,325,0,-1,324,320331,52,2122,322505,13.69%,13.78%,
104/07/17,650,0,0,650,319804,52,2123,321979,13.66%,13.75%,
104/07/16,536,0,0,536,319114,52,2123,321289,13.64%,13.73%,
104/07/15,-148,0,-50,-198,318578,52,2123,320753,13.61%,13.70%,
104/07/14,-425,0,-29,-454,318726,52,2173,320951,13.62%,13.72%,
104/07/13,-699,0,-22,-721,319151,52,2202,321405,13.64%,13.74%,
104/07/09,-597,0,77,-520,320160,52,2224,322436,13.68%,13.78%,
104/07/08,-1496,0,-202,-1698,319800,52,2147,321999,13.66%,13.75%,
104/07/07,-905,0,14,-891,321285,52,2349,323686,13.73%,13.83%,
104/07/06,-794,0,-31,-825,322192,52,2335,324579,13.77%,13.87%,
104/07/03,-567,0,-11,-578,322986,52,2366,325404,13.80%,13.90%,
104/07/02,-280,0,0,-280,324192,52,2377,326621,13.85%,13.95%,
104/07/01,-622,0,-25,-647,324472,52,2377,326901,13.86%,13.96%,
104/06/30,-715,0,41,-674,324145,52,2402,326599,13.85%,13.95%,
104/06/29,-716,0,3,-713,324860,0,2361,327221,13.88%,13.98%,
104/06/26,-983,0,-10,-993,325576,0,2358,327934,13.91%,14.01%,
104/06/25,-1488,0,-30,-1518,326680,0,2368,329048,13.96%,14.06%,
104/06/24,-1014,0,100,-914,328168,0,2398,330566,14.02%,14.12%,
104/06/23,621,0,-3,618,329124,0,2298,331422,14.06%,14.16%,
104/06/22,-738,-16,0,-754,328503,0,2301,330804,14.04%,14.14%,
104/06/18,-5319,0,0,-5319,329494,15,2301,331810,14.08%,14.18%,
104/06/17,-2835,0,-41,-2876,334783,15,2301,337099,14.30%,14.40%,
104/06/16,-995,0,0,-995,337618,15,2342,339975,14.43%,14.53%,
104/06/15,-271,0,43,-228,338341,15,2342,340698,14.46%,14.56%,
104/06/12,-1387,0,-14,-1401,339293,15,2299,341607,14.50%,14.60%,
104/06/11,-1206,0,0,-1206,340680,15,2313,343008,14.56%,14.66%,
104/06/10,173,0,75,248,341886,15,2313,344214,14.61%,14.71%,
104/06/09,-1100,0,-273,-1373,341673,15,2238,343926,14.60%,14.70%,
104/06/08,-530,0,-51,-581,342773,15,2511,345299,14.65%,14.76%,
104/06/05,-1217,-2,-71,-1290,343244,15,2562,345821,14.67%,14.78%,
104/06/04,-560,8,-47,-599,344410,17,2633,347060,14.72%,14.83%,
104/06/03,-1282,0,-175,-1457,344970,9,2680,347659,14.74%,14.85%,
104/06/02,-660,0,-67,-727,346225,9,2855,349089,14.79%,14.91%,
104/06/01,-39,0,122,83,346796,9,2922,349727,14.82%,14.95%,
104/05/29,-37,0,5,-32,346835,9,2800,349644,14.82%,14.94%,
104/05/28,-572,0,0,-572,346872,9,2795,349676,14.82%,14.94%,
104/05/27,-129,0,0,-129,347444,9,2795,350248,14.85%,14.97%,
104/05/26,347,0,0,347,347716,9,2795,350520,14.86%,14.98%,
104/05/25,-339,0,-26,-365,347369,9,2795,350173,14.84%,14.96%,
104/05/22,-562,0,-14,-576,347708,9,2821,350538,14.86%,14.98%,
104/05/21,72,0,-29,43,348270,9,2835,351114,14.88%,15.00%,
104/05/20,-893,0,-20,-913,348162,9,2864,351035,14.88%,15.00%,
104/05/19,93,0,3,96,349055,9,2884,351948,14.91%,15.03%,
104/05/18,84,0,-133,-49,348935,9,2881,351825,14.91%,15.03%,
104/05/15,-140,0,13,-127,348865,9,3014,351888,14.91%,15.04%,
104/05/14,66,0,-242,-176,349013,9,3001,352023,14.91%,15.04%,
104/05/13,-84,0,11,-73,349048,9,3243,352300,14.91%,15.05%,
104/05/12,143,0,-38,105,349132,9,3232,352373,14.92%,15.06%,
104/05/11,-157,0,-285,-442,348989,9,3270,352268,14.91%,15.05%,
104/05/08,-19,0,42,23,349016,9,3555,352580,14.91%,15.06%,
104/05/07,540,0,-39,501,349035,9,3513,352557,14.91%,15.06%,
104/05/06,906,0,-39,867,348495,9,3552,352056,14.89%,15.04%,
104/05/05,1190,0,-10,1180,347589,9,3591,351189,14.85%,15.00%,
104/05/04,392,0,-5,387,346399,9,3601,350009,14.80%,14.95%,
104/04/30,770,0,18,788,346007,9,3606,349622,14.78%,14.93%,
104/04/29,880,-9,70,941,344693,9,3588,348290,14.73%,14.88%,
104/04/28,849,0,0,849,343813,18,3518,347349,14.69%,14.84%,
104/04/27,761,0,-3,758,342964,18,3518,346500,14.65%,14.80%,
104/04/24,1176,0,13,1189,342203,18,3521,345742,14.62%,14.77%,
104/04/23,-624,0,32,-592,341027,18,3508,344553,14.57%,14.72%,
104/04/22,-252,0,-118,-370,340774,18,3476,344268,14.56%,14.71%,
104/04/21,176,0,-16,160,341135,18,3594,344747,14.58%,14.73%,
104/04/20,229,0,-120,109,340959,18,3610,344587,14.57%,14.73%,
104/04/17,204,0,-6,198,340730,18,3730,344478,14.56%,14.72%,
104/04/16,609,0,-27,582,340526,18,3736,344280,14.55%,14.71%,
104/04/15,-218,-26,12,-232,339808,18,3763,343589,14.52%,14.68%,
104/04/14,461,0,-1,460,340122,44,3751,343917,14.53%,14.69%,
104/04/13,114,0,-58,56,339648,44,3752,343444,14.51%,14.67%,
104/04/10,-87,0,-31,-118,339534,44,3810,343388,14.51%,14.67%,
104/04/09,713,0,12,725,339621,44,3841,343506,14.51%,14.68%,
104/04/08,44,0,-2,42,338908,44,3829,342781,14.48%,14.65%,
104/04/07,279,0,3,282,338864,44,3831,342739,14.48%,14.65%,
104/04/02,129,0,4,133,338585,44,3828,342457,14.47%,14.64%,
104/04/01,188,0,40,228,338465,44,3824,342333,14.46%,14.63%,
104/03/31,366,0,-213,153,338277,44,3784,342105,14.45%,14.61%,
104/03/30,303,0,-3,300,338060,0,3997,342057,14.44%,14.61%,
104/03/27,-617,0,-99,-716,337634,0,4000,341634,14.43%,14.60%,
104/03/26,-284,0,-640,-924,338251,0,4099,342350,14.45%,14.63%,
104/03/25,-594,0,174,-420,338535,0,4739,343274,14.47%,14.67%,
104/03/24,-73,0,783,710,338981,0,4565,343546,14.48%,14.68%,
104/03/23,-134,0,-55,-189,339003,0,3782,342785,14.49%,14.65%,
104/03/20,-894,-24,-97,-1015,339092,0,3837,342929,14.49%,14.65%,
104/03/19,-631,0,-109,-740,339986,20,3934,343940,14.53%,14.70%,
104/03/18,-613,0,-738,-1351,340617,20,4043,344680,14.55%,14.72%,
104/03/17,-916,0,-10,-926,341230,20,4781,346031,14.58%,14.79%,
104/03/16,442,0,-49,393,342146,20,4791,346957,14.62%,14.83%,
104/03/13,-633,0,-58,-691,341705,20,4840,346565,14.60%,14.81%,
104/03/12,-1131,0,-127,-1258,342338,20,4898,347256,14.63%,14.84%,
104/03/11,-767,0,-1230,-1997,343469,20,5025,348514,14.68%,14.90%,
104/03/10,-759,0,2485,1726,344236,20,6255,350511,14.71%,14.98%,
104/03/09,-144,0,12,-132,344994,20,3770,348784,14.74%,14.90%,
104/03/06,29,0,-20,9,345138,20,3758,348916,14.75%,14.91%,
104/03/05,-21,0,-129,-150,345110,20,3778,348908,14.75%,14.91%,
104/03/04,-908,0,-17,-925,345131,20,3907,349058,14.75%,14.92%,
104/03/03,-828,0,119,-709,346039,20,3924,349983,14.79%,14.96%,
104/03/02,28,0,-46,-18,346897,20,3805,350722,14.82%,14.98%,
104/02/26,31,0,0,31,346904,20,3851,350775,14.82%,14.99%,
104/02/25,259,-25,-8,226,346873,20,3851,350744,14.82%,14.99%,
104/02/24,1601,0,-1046,555,346614,45,3859,350518,14.81%,14.98%,
104/02/13,-157,0,-346,-503,345013,45,4905,349963,14.74%,14.95%,
104/02/12,75,0,-487,-412,345186,45,5251,350482,14.75%,14.98%,
104/02/11,601,0,-363,238,345091,45,5738,350874,14.75%,15.00%,
104/02/10,-381,0,162,-219,344554,45,6101,350700,14.72%,14.98%,
104/02/09,-339,0,82,-257,344919,45,5939,350903,14.74%,15.00%,
104/02/06,-654,0,169,-485,345258,45,5857,351160,14.75%,15.00%,
104/02/05,-396,0,94,-302,345912,45,5688,351645,14.78%,15.03%,
104/02/04,-353,0,331,-22,346308,45,5594,351947,14.80%,15.04%,
104/02/03,-324,0,159,-165,346661,45,5263,351969,14.81%,15.04%,
104/02/02,296,0,-215,81,346985,45,5104,352134,14.83%,15.05%,
104/01/30,-272,0,-359,-631,346689,45,5319,352053,14.81%,15.04%,
104/01/29,-423,0,559,136,346961,45,5678,352684,14.83%,15.07%,
104/01/28,771,0,-13,758,347384,45,5119,352548,14.84%,15.06%,
104/01/27,138,0,-664,-526,346613,45,5132,351790,14.81%,15.03%,
104/01/26,-715,0,801,86,346475,45,5796,352316,14.80%,15.05%,
104/01/23,1031,0,324,1355,347190,45,4995,352230,14.84%,15.06%,
104/01/22,-243,0,174,-69,346159,45,4671,350875,14.79%,14.99%,
104/01/21,113,0,179,292,346402,45,4497,350944,14.80%,14.99%,
104/01/20,117,0,-453,-336,346289,45,4318,350652,14.80%,14.99%,
104/01/19,-636,0,563,-73,346172,45,4771,350988,14.79%,15.00%,
104/01/16,-713,0,-171,-884,346798,45,4208,351051,14.82%,15.00%,
104/01/15,-701,0,213,-488,347511,45,4379,351935,14.85%,15.04%,
104/01/14,-696,0,-214,-910,348212,45,4166,352423,14.88%,15.06%,
104/01/13,-893,0,434,-459,348908,45,4380,353333,14.91%,15.10%,
104/01/12,-555,0,785,230,349801,45,3946,353792,14.95%,15.12%,
104/01/09,-65,0,52,-13,350356,45,3161,353562,14.97%,15.11%,
104/01/08,-20,0,-36,-56,350421,45,3109,353575,14.97%,15.10%,
104/01/07,267,0,-270,-3,350441,45,3145,353631,14.97%,15.11%,
104/01/06,-194,0,53,-141,350174,45,3415,353634,14.96%,15.11%,
104/01/05,-405,0,-3,-408,350368,45,3362,353775,14.97%,15.12%,
