日期,外資買賣超,投信買賣超,自營商買賣超,單日合計買賣超,外資估計持股,投信估計持股,自營商估計持股,單日合計估計持股,外資持股比重,三大法人持股比重,
107/03/31,0,0,36,36,43669,2876,1414,47959,21.07%,23.12%,
107/03/30,-10,0,-51,-61,43669,2876,1378,47923,21.07%,23.10%,
107/03/29,-16,0,50,34,43677,2876,1429,47982,21.08%,23.14%,
107/03/28,-300,0,0,-300,43706,2876,1379,47961,21.09%,23.12%,
107/03/27,80,-24,-51,5,44502,2876,1379,48757,21.47%,23.50%,
107/03/26,148,-16,43,175,44422,2900,1430,48752,21.44%,23.51%,
107/03/23,115,-5,67,177,44268,2916,1387,48571,21.36%,23.42%,
107/03/22,146,-7,-60,79,44153,2921,1320,48394,21.31%,23.34%,
107/03/21,77,-11,99,165,44006,2928,1380,48314,21.23%,23.29%,
107/03/20,34,16,-12,38,44190,2939,1281,48410,21.32%,23.34%,
107/03/19,252,-8,-8,236,44235,2923,1293,48451,21.35%,23.36%,
107/03/16,23,-443,44,-376,44041,2931,1301,48273,21.25%,23.27%,
107/03/15,-228,-30,-19,-277,43915,3374,1257,48546,21.19%,23.40%,
107/03/14,-414,-17,0,-431,43834,3404,1276,48514,21.15%,23.39%,
107/03/13,-219,-9,5,-223,44325,3421,1276,49022,21.39%,23.63%,
107/03/12,12,-9,-39,-36,44555,3430,1271,49256,21.50%,23.75%,
107/03/09,-42,-2,-122,-166,44359,3439,1310,49108,21.41%,23.68%,
107/03/08,-550,-24,12,-562,44269,3441,1432,49142,21.36%,23.69%,
107/03/07,60,1,-65,-4,44484,3465,1420,49369,21.47%,23.80%,
107/03/06,75,0,-26,49,44351,3464,1485,49300,21.40%,23.76%,
107/03/05,-409,0,-171,-580,44263,3464,1511,49238,21.36%,23.74%,
107/03/02,539,92,183,814,44652,3464,1682,49798,21.55%,24.01%,
107/03/01,-99,31,59,-9,44125,3372,1499,48996,21.29%,23.62%,
107/02/27,-45,36,-45,-54,44143,3341,1440,48924,21.30%,23.58%,
107/02/26,187,57,102,346,44146,3305,1485,48936,21.30%,23.59%,
107/02/23,60,-2,146,204,43946,3248,1383,48577,21.21%,23.42%,
107/02/22,142,69,-11,200,43873,3250,1237,48360,21.17%,23.31%,
107/02/21,167,150,23,340,43682,3181,1248,48111,21.08%,23.20%,
107/02/12,4,0,-9,-5,43515,3031,1225,47771,21.00%,23.03%,
107/02/09,62,-24,26,64,43512,3031,1234,47777,21.00%,23.04%,
107/02/08,119,0,-16,103,43450,3055,1208,47713,20.97%,23.01%,
107/02/07,-107,437,-41,289,43426,3055,1224,47705,20.95%,22.99%,
107/02/06,95,-7,-72,16,43625,2618,1265,47508,21.05%,22.90%,
107/02/05,-180,-129,-38,-347,43580,2625,1337,47542,21.03%,22.92%,
107/02/02,-313,0,-111,-424,43746,2754,1375,47875,21.11%,23.08%,
107/02/01,-196,-10,104,-102,44059,2754,1486,48299,21.26%,23.28%,
107/01/31,29,-28,0,1,44295,2764,1382,48441,21.37%,23.35%,
107/01/30,-127,0,-68,-195,44266,2792,1382,48440,21.36%,23.35%,
107/01/29,98,-10,20,108,44580,2792,1450,48822,21.51%,23.54%,
107/01/26,382,0,-75,307,44482,2802,1430,48714,21.46%,23.48%,
107/01/25,-682,0,-101,-783,44100,2802,1505,48407,21.28%,23.34%,
107/01/24,-10,63,88,141,44782,2802,1606,49190,21.61%,23.72%,
107/01/23,271,0,-69,202,44949,2739,1518,49206,21.69%,23.72%,
107/01/22,233,-20,-38,175,45302,2739,1587,49628,21.86%,23.93%,
107/01/19,369,26,-36,359,45039,2759,1625,49423,21.73%,23.82%,
107/01/18,2384,479,241,3104,44670,2733,1661,49064,21.56%,23.66%,
107/01/17,-85,0,-19,-104,42286,2254,1420,45960,20.40%,22.15%,
107/01/16,6,0,-14,-8,42247,2254,1439,45940,20.39%,22.15%,
107/01/15,7,0,-14,-7,42899,2254,1453,46606,20.70%,22.47%,
107/01/12,-139,0,-25,-164,42856,2254,1467,46577,20.68%,22.46%,
107/01/11,-40,0,-28,-68,42901,2254,1492,46647,20.70%,22.49%,
107/01/10,89,0,-9,80,42887,2254,1520,46661,20.69%,22.49%,
107/01/09,338,0,64,402,42783,2254,1529,46566,20.64%,22.45%,
107/01/08,28,-10,-5,13,42749,2254,1465,46468,20.63%,22.41%,
107/01/05,82,-45,-130,-93,42711,2264,1470,46445,20.61%,22.39%,
107/01/04,194,0,120,314,42624,2309,1600,46533,20.57%,22.44%,
107/01/03,117,0,-20,97,42427,2309,1480,46216,20.47%,22.30%,
107/01/02,22,10,2,34,42310,2309,1500,46119,20.42%,22.26%,
106/12/29,160,0,-16,144,42288,2299,1498,46085,20.41%,22.24%,
106/12/28,20,1,-18,3,42138,2491,1514,46143,20.33%,22.26%,
106/12/27,126,0,82,208,42117,2490,1532,46139,20.32%,22.26%,
106/12/26,10,-0,-20,-10,41991,2490,1450,45931,20.26%,22.16%,
106/12/25,9,0,10,19,41977,2490,1470,45937,20.26%,22.17%,
106/12/22,25,0,6,31,41968,2490,1460,45918,20.25%,22.16%,
106/12/21,21,0,-14,7,41943,2490,1454,45887,20.24%,22.14%,
106/12/20,144,7,1,152,41691,2490,1468,45649,20.12%,22.03%,
106/12/19,-6,336,21,351,41547,2483,1467,45497,20.05%,21.96%,
106/12/18,19,118,-71,66,41539,2147,1446,45132,20.04%,21.77%,
106/12/15,-57,310,115,368,41517,2029,1517,45063,20.03%,21.74%,
106/12/14,-6,61,-29,26,41623,1719,1402,44744,20.08%,21.59%,
106/12/13,60,15,-11,64,41629,1658,1431,44718,20.09%,21.58%,
106/12/12,149,0,65,214,42044,1643,1442,45129,20.29%,21.78%,
106/12/11,-43,0,1,-42,41880,1643,1377,44900,20.21%,21.67%,
106/12/08,8,0,11,19,41985,1643,1376,45004,20.26%,21.72%,
106/12/07,32,0,-10,22,42014,1643,1365,45022,20.27%,21.72%,
106/12/06,-49,-50,-104,-203,41912,1643,1375,44930,20.22%,21.68%,
106/12/05,43,-24,126,145,42114,1693,1479,45286,20.32%,21.85%,
106/12/04,195,-2,24,217,42071,1717,1353,45141,20.30%,21.78%,
106/12/01,-10,0,-94,-104,41825,1719,1329,44873,20.18%,21.65%,
106/11/30,-78,0,48,-30,41618,1719,1423,44760,20.08%,21.60%,
106/11/29,23,0,-17,6,41723,1719,1375,44817,20.13%,21.62%,
106/11/28,-20,0,43,23,41708,1719,1392,44819,20.13%,21.63%,
106/11/27,87,-55,-28,4,41759,1719,1349,44827,20.15%,21.63%,
106/11/24,22,-12,-9,1,41656,1774,1377,44807,20.10%,21.62%,
106/11/23,30,0,-1,29,41622,1786,1386,44794,20.08%,21.61%,
106/11/22,95,-30,-19,46,41545,1786,1387,44718,20.05%,21.58%,
106/11/21,-33,-7,18,-22,41508,1816,1406,44730,20.03%,21.58%,
106/11/20,-112,-14,25,-101,41677,1823,1388,44888,20.11%,21.66%,
106/11/17,-132,0,5,-127,41852,1837,1363,45052,20.20%,21.74%,
106/11/16,-55,0,-9,-64,41906,1837,1358,45101,20.22%,21.76%,
106/11/15,-98,-30,10,-118,42010,1837,1367,45214,20.27%,21.82%,
106/11/14,-210,0,-8,-218,42032,1867,1357,45256,20.28%,21.84%,
106/11/13,-300,-50,-149,-499,42221,1867,1365,45453,20.37%,21.93%,
106/11/10,-57,0,-3,-60,42418,1917,1514,45849,20.47%,22.13%,
106/11/09,-85,0,39,-46,42446,1917,1517,45880,20.48%,22.14%,
106/11/08,-141,0,-22,-163,42462,1917,1478,45857,20.49%,22.13%,
106/11/07,16,-80,-109,-173,42506,1917,1500,45923,20.51%,22.16%,
106/11/06,-287,-27,-113,-427,42447,1997,1609,46053,20.48%,22.22%,
106/11/03,-154,-50,23,-181,42682,2024,1722,46428,20.60%,22.41%,
106/11/02,-60,-90,0,-150,42715,2074,1699,46488,20.61%,22.43%,
106/11/01,38,-77,-23,-62,42761,2164,1699,46624,20.63%,22.49%,
106/10/31,178,0,88,266,42652,2241,1722,46615,20.58%,22.49%,
106/10/30,49,0,25,74,42540,2241,1634,46415,20.53%,22.40%,
106/10/27,60,-9,-70,-19,42591,2241,1609,46441,20.55%,22.41%,
106/10/26,97,0,-54,43,42531,2250,1679,46460,20.52%,22.42%,
106/10/25,144,-65,-1,78,42730,2250,1733,46713,20.62%,22.54%,
106/10/24,122,0,-23,99,42427,2315,1734,46476,20.47%,22.42%,
106/10/23,380,0,20,400,42512,2315,1757,46584,20.51%,22.47%,
106/10/20,570,0,-59,511,42175,2315,1737,46227,20.35%,22.31%,
106/10/19,921,-20,47,948,41705,2315,1796,45816,20.12%,22.10%,
106/10/18,43,0,50,93,40874,2335,1749,44958,19.72%,21.69%,
106/10/17,252,0,55,307,40723,2335,1699,44757,19.65%,21.60%,
106/10/16,443,0,100,543,40451,2335,1644,44430,19.52%,21.44%,
106/10/13,-86,0,-21,-107,40013,2335,1544,43892,19.31%,21.18%,
106/10/12,-241,0,-8,-249,40135,2335,1565,44035,19.37%,21.25%,
106/10/11,23,0,-22,1,40345,2335,1573,44253,19.47%,21.36%,
106/10/06,-231,-28,2,-257,40185,2335,1595,44115,19.39%,21.29%,
106/10/05,20,-13,-3,4,40196,2363,1593,44152,19.40%,21.31%,
106/10/03,-54,0,6,-48,40170,2376,1596,44142,19.38%,21.30%,
106/10/02,4,-60,32,-24,40223,2376,1590,44189,19.41%,21.32%,
106/09/30,0,0,-53,-53,40194,2436,1558,44188,19.40%,21.33%,
106/09/29,74,0,31,105,40194,2322,1611,44127,19.40%,21.30%,
106/09/28,28,-25,-13,-10,40188,2322,1580,44090,19.39%,21.27%,
106/09/27,49,-70,10,-11,40159,2347,1593,44099,19.38%,21.28%,
106/09/26,125,-55,29,99,40110,2417,1583,44110,19.35%,21.28%,
106/09/25,-169,-85,-32,-286,39965,2472,1554,43991,19.28%,21.22%,
106/09/22,-34,-26,-114,-174,40158,2557,1586,44301,19.38%,21.38%,
106/09/21,-32,-30,91,29,40174,2583,1700,44457,19.39%,21.46%,
106/09/20,-32,8,-139,-163,40115,2613,1609,44337,19.36%,21.40%,
106/09/19,-364,-34,54,-344,40063,2605,1748,44416,19.33%,21.43%,
106/09/18,-3,-78,-27,-108,40299,2639,1694,44632,19.45%,21.54%,
106/09/15,-47,0,21,-26,40292,2717,1721,44730,19.44%,21.58%,
106/09/14,-68,0,44,-24,40328,2717,1700,44745,19.46%,21.59%,
106/09/13,17,-29,-26,-38,40359,2717,1656,44732,19.47%,21.58%,
106/09/12,21,-27,-8,-14,40308,2746,1682,44736,19.45%,21.59%,
106/09/11,-785,-205,-70,-1060,40282,2773,1690,44745,19.44%,21.59%,
106/09/08,88,-20,0,68,41010,2978,1760,45748,19.79%,22.08%,
106/09/07,73,-26,16,63,40904,2998,1760,45662,19.74%,22.04%,
106/09/06,-323,0,-193,-516,40951,3024,1744,45719,19.76%,22.06%,
106/09/05,-12,-2,-39,-53,41224,3024,1937,46185,19.89%,22.28%,
106/09/04,88,29,-190,-73,41226,3026,1976,46228,19.89%,22.31%,
106/09/01,-216,8,405,197,41121,2997,2166,46284,19.84%,22.33%,
106/08/31,29,59,-62,26,41156,2989,1761,45906,19.86%,22.15%,
106/08/30,194,-59,75,210,41177,2930,1823,45930,19.87%,22.17%,
106/08/29,81,23,7,111,40973,2989,1748,45710,19.77%,22.06%,
106/08/28,49,32,-26,55,40892,2966,1741,45599,19.73%,22.00%,
106/08/25,56,2,-101,-43,40833,2934,1767,45534,19.70%,21.97%,
106/08/24,381,12,220,613,40765,2932,1868,45565,19.67%,21.99%,
106/08/23,559,34,-162,431,40536,2920,1648,45104,19.56%,21.77%,
106/08/22,-67,31,-94,-130,40368,2886,1810,45064,19.48%,21.75%,
106/08/21,624,115,319,1058,40373,2855,1904,45132,19.48%,21.78%,
106/08/18,30,0,-64,-34,39749,2740,1585,44074,19.18%,21.27%,
106/08/17,152,0,99,251,39719,2740,1649,44108,19.17%,21.29%,
106/08/16,268,66,-284,50,39558,2740,1550,43848,19.09%,21.16%,
106/08/15,1380,104,131,1615,39261,2674,1834,43769,18.94%,21.12%,
106/08/14,140,9,-174,-25,37861,2570,1703,42134,18.27%,20.33%,
106/08/11,-344,0,-1,-345,37691,2561,1877,42129,18.19%,20.33%,
106/08/10,-80,76,-99,-103,38044,2561,1878,42483,18.36%,20.50%,
106/08/09,83,58,133,274,38098,2485,1977,42560,18.38%,20.53%,
106/08/08,-50,50,-26,-26,37988,2427,1844,42259,18.33%,20.39%,
106/08/07,-19,72,-30,23,38037,2377,1870,42284,18.35%,20.40%,
106/08/04,66,4,137,207,38056,2305,1900,42261,18.36%,20.39%,
106/08/03,-2,0,16,14,37940,2301,1763,42004,18.31%,20.27%,
106/08/02,60,0,-93,-33,37912,2301,1747,41960,18.29%,20.24%,
106/08/01,-290,0,136,-154,37852,2301,1840,41993,18.26%,20.26%,
106/07/31,6,-76,1,-69,38141,2301,1704,42146,18.40%,20.33%,
106/07/28,240,-24,-104,112,38392,2377,1703,42472,18.53%,20.50%,
106/07/27,233,-150,44,127,38152,2401,1807,42360,18.41%,20.44%,
106/07/26,339,0,-208,131,37919,2551,1763,42233,18.30%,20.38%,
106/07/25,317,-80,23,260,37559,2551,1971,42081,18.12%,20.30%,
106/07/24,83,-75,-20,-12,37292,2631,1948,41871,17.99%,20.20%,
106/07/21,-13,-13,9,-17,37209,2706,1968,41883,17.95%,20.21%,
106/07/20,277,4,-138,143,37293,2719,1959,41971,17.99%,20.25%,
106/07/19,1655,-18,-68,1569,36756,2715,2097,41568,17.74%,20.06%,
106/07/18,155,-148,-15,-8,34441,2733,2165,39339,16.62%,18.99%,
106/07/17,-38,2,-313,-349,34602,2881,2180,39663,16.70%,19.14%,
106/07/14,-171,-1,324,152,34640,2879,2493,40012,16.71%,19.30%,
106/07/13,-511,0,-42,-553,34884,2880,2169,39933,16.83%,19.27%,
106/07/12,-167,9,54,-104,35430,2880,2211,40521,17.10%,19.56%,
106/07/11,-811,-164,300,-675,35597,2871,2157,40625,17.18%,19.61%,
106/07/10,-528,-383,4,-907,36023,3035,1857,40915,17.38%,19.74%,
106/07/07,-204,9,-159,-354,36472,3418,1852,41742,17.60%,20.14%,
106/07/06,502,10,-414,98,36676,3409,2011,42096,17.70%,20.32%,
106/07/05,-268,20,57,-191,36239,3399,2425,42063,17.49%,20.30%,
106/07/04,-24,47,-107,-84,36507,3379,2368,42254,17.62%,20.40%,
106/07/03,124,251,194,569,37918,3332,2475,43725,18.30%,21.10%,
106/06/30,163,40,-7,196,37827,3081,2281,43189,18.25%,20.84%,
106/06/29,180,46,-30,196,37770,3214,2288,43272,18.23%,20.89%,
106/06/28,18,75,3,96,37631,3168,2318,43117,18.16%,20.81%,
106/06/27,67,90,-178,-21,37814,3093,2315,43222,18.25%,20.86%,
106/06/26,296,100,181,577,37747,3003,2493,43243,18.21%,20.86%,
106/06/23,-75,54,-263,-284,37571,2903,2312,42786,18.13%,20.65%,
106/06/22,1123,32,219,1374,37526,2849,2575,42950,18.11%,20.73%,
106/06/21,56,1,-179,-122,36555,2817,2356,41728,17.64%,20.14%,
106/06/20,92,48,29,169,36276,2816,2535,41627,17.50%,20.08%,
106/06/19,75,110,-32,153,36468,2768,2506,41742,17.60%,20.15%,
106/06/16,376,-103,-15,258,36541,2658,2538,41737,17.63%,20.14%,
106/06/15,131,-36,-31,64,36602,2761,2553,41916,17.66%,20.23%,
106/06/14,-832,-10,-359,-1201,36461,2797,2584,41842,17.59%,20.19%,
106/06/13,473,0,324,797,37316,2807,2943,43066,18.01%,20.79%,
106/06/12,-83,0,58,-25,36833,2807,2619,42259,17.77%,20.39%,
106/06/09,-43,48,163,168,37040,2807,2561,42408,17.87%,20.46%,
106/06/08,24,0,66,90,37027,2759,2398,42184,17.87%,20.36%,
106/06/07,-73,0,-125,-198,36971,2759,2332,42062,17.84%,20.30%,
106/06/06,119,1,95,215,36981,2759,2457,42197,17.84%,20.36%,
106/06/05,-343,-10,32,-321,36771,2758,2362,41891,17.85%,20.32%,
106/06/03,-139,-1,-69,-209,36966,2768,2330,42064,17.94%,20.40%,
106/06/02,87,20,100,207,36878,2769,2399,42046,17.90%,20.40%,
106/06/01,47,-18,40,69,36796,2749,2299,41844,17.86%,20.30%,
106/05/31,108,-12,-33,63,36673,2767,2259,41699,17.80%,20.23%,
106/05/26,-22,-2,-51,-75,36558,2779,2292,41629,17.74%,20.19%,
106/05/25,63,0,99,162,36572,2781,2343,41696,17.75%,20.23%,
106/05/24,-120,0,-146,-266,36565,2781,2244,41590,17.75%,20.18%,
106/05/23,-608,0,260,-348,36793,2781,2390,41964,17.86%,20.36%,
106/05/22,-129,0,50,-79,37392,2781,2130,42303,18.15%,20.53%,
106/05/19,-296,0,26,-270,37521,2781,2080,42382,18.21%,20.56%,
106/05/18,-691,30,190,-471,37762,2781,2054,42597,18.33%,20.67%,
106/05/17,555,-13,-319,223,38525,2751,1864,43140,18.70%,20.93%,
106/05/16,700,24,385,1109,37813,2764,2183,42760,18.35%,20.74%,
106/05/15,-8,8,93,93,36815,2740,1798,41353,17.87%,20.07%,
106/05/12,83,0,132,215,36771,2732,1705,41208,17.85%,20.00%,
106/05/11,50,0,1,51,36688,2732,1573,40993,17.81%,19.89%,
106/05/10,76,0,31,107,36638,2732,1572,40942,17.78%,19.86%,
106/05/09,-229,0,14,-215,36512,2732,1541,40785,17.72%,19.79%,
106/05/08,107,0,35,142,36741,2732,1527,41000,17.83%,19.89%,
106/05/05,148,0,-9,139,36637,2732,1492,40861,17.78%,19.82%,
106/05/04,260,0,-9,251,36504,2732,1501,40737,17.72%,19.77%,
106/05/03,57,0,-76,-19,35944,2732,1510,40186,17.45%,19.50%,
106/05/02,658,0,163,821,36391,2732,1586,40709,17.66%,19.75%,
106/04/28,355,0,209,564,35633,2732,1423,39788,17.29%,19.30%,
106/04/27,71,0,10,81,35278,2732,1214,39224,17.12%,19.03%,
106/04/26,36,0,17,53,35206,2732,1204,39142,17.09%,18.99%,
106/04/25,-254,-0,2,-252,35246,2732,1187,39165,17.11%,19.01%,
106/04/24,-41,0,-12,-53,35589,2732,1185,39506,17.27%,19.16%,
106/04/21,84,0,-4,80,35630,2732,1197,39559,17.29%,19.19%,
106/04/20,-26,0,63,37,35546,2732,1201,39479,17.25%,19.15%,
106/04/19,-233,0,0,-233,35572,2732,1138,39442,17.27%,19.14%,
106/04/18,-67,0,4,-63,35740,2732,1138,39610,17.35%,19.22%,
106/04/17,-167,0,45,-122,35807,2732,1134,39673,17.38%,19.25%,
106/04/14,-12,0,-70,-82,35974,2732,1089,39795,17.46%,19.31%,
106/04/13,-100,0,-3,-103,35937,2732,1159,39828,17.44%,19.32%,
106/04/12,-169,0,-115,-284,36027,2732,1162,39921,17.49%,19.37%,
106/04/11,-259,0,-99,-358,36135,2732,1277,40144,17.54%,19.48%,
106/04/10,-156,0,96,-60,36314,2732,1376,40422,17.63%,19.62%,
106/04/07,-106,0,-27,-133,36370,2732,1280,40382,17.65%,19.59%,
106/04/06,-385,0,-6,-391,36376,2732,1307,40415,17.66%,19.61%,
106/04/05,-350,0,-11,-361,36761,2732,1313,40806,17.84%,19.80%,
106/03/31,-160,0,33,-127,37111,2732,1324,41167,18.01%,19.97%,
106/03/30,-238,25,-24,-237,37271,2146,1291,40708,18.09%,19.75%,
106/03/29,-221,0,50,-171,37509,2121,1315,40945,18.21%,19.87%,
106/03/28,17,0,-74,-57,37907,2121,1265,41293,18.40%,20.04%,
106/03/27,-31,0,-41,-72,37940,2121,1339,41400,18.42%,20.09%,
106/03/24,82,55,-139,-2,37992,2121,1380,41493,18.44%,20.13%,
106/03/23,-4,0,101,97,37911,2066,1519,41496,18.40%,20.13%,
106/03/22,-252,0,-47,-299,37915,2066,1418,41399,18.40%,20.09%,
106/03/21,14,-3,-27,-16,38219,2066,1465,41750,18.55%,20.26%,
106/03/20,28,12,-103,-63,38294,2069,1492,41855,18.59%,20.31%,
106/03/17,554,41,345,940,38251,2057,1595,41903,18.57%,20.34%,
106/03/16,118,0,-3,115,37695,2016,1250,40961,18.30%,19.88%,
106/03/15,43,0,-34,9,37539,2016,1253,40808,18.22%,19.80%,
106/03/14,352,0,-37,315,37428,2016,1287,40731,18.17%,19.77%,
106/03/13,271,117,108,496,37003,2016,1324,40343,17.96%,19.58%,
106/03/10,267,63,-25,305,36704,1899,1216,39819,17.82%,19.33%,
106/03/09,-28,235,-32,175,36437,1836,1241,39514,17.69%,19.18%,
106/03/08,-29,204,73,248,36469,1601,1273,39343,17.70%,19.09%,
106/03/07,341,17,14,372,36502,1397,1200,39099,17.72%,18.98%,
106/03/06,-508,100,6,-402,36078,1380,1186,38644,17.51%,18.75%,
106/03/03,239,200,-46,393,36585,1280,1180,39045,17.76%,18.95%,
106/03/02,121,0,-28,93,36417,1080,1226,38723,17.68%,18.80%,
106/03/01,-35,31,11,7,36296,1080,1254,38630,17.62%,18.75%,
106/02/24,242,50,4,296,36330,1049,1243,38622,17.63%,18.74%,
106/02/23,-330,100,39,-191,36070,999,1239,38308,17.51%,18.59%,
106/02/22,-380,-1,56,-325,36400,899,1200,38499,17.67%,18.69%,
106/02/21,-261,0,-95,-356,36814,900,1144,38858,17.87%,18.86%,
106/02/20,-335,0,-60,-395,37075,900,1239,39214,18.00%,19.03%,
106/02/18,0,0,156,156,37410,900,1299,39609,18.16%,19.22%,
106/02/17,-100,0,88,-12,37410,900,1143,39453,18.16%,19.15%,
106/02/16,-85,0,-51,-136,37393,900,1055,39348,18.15%,19.10%,
106/02/15,-207,0,-6,-213,37427,900,1106,39433,18.17%,19.14%,
106/02/14,-151,0,-37,-188,37764,900,1112,39776,18.33%,19.30%,
106/02/13,-419,0,-24,-443,37739,900,1149,39788,18.32%,19.31%,
106/02/10,-1206,-1,-19,-1226,38144,900,1173,40217,18.51%,19.51%,
106/02/09,-1156,0,24,-1132,39357,901,1192,41450,19.10%,20.11%,
106/02/08,-387,0,8,-379,40513,901,1168,42582,19.66%,20.66%,
106/02/07,-569,0,8,-561,40898,901,1160,42959,19.85%,20.85%,
106/02/06,-679,0,2,-677,41525,901,1152,43578,20.16%,21.15%,
106/02/03,-136,1,23,-112,42214,901,1150,44265,20.49%,21.48%,
106/02/02,-417,0,-39,-456,42410,900,1127,44437,20.59%,21.57%,
106/01/24,27,0,-22,5,42769,900,1166,44835,20.76%,21.76%,
106/01/23,-427,0,-4,-431,42767,900,1188,44855,20.76%,21.77%,
106/01/20,-678,0,-11,-689,43195,900,1192,45287,20.97%,21.98%,
106/01/19,-1301,0,85,-1216,43842,900,1203,45945,21.28%,22.30%,
106/01/18,-207,0,-59,-266,44977,900,1118,46995,21.83%,22.81%,
106/01/17,-227,0,-4,-231,45183,900,1177,47260,21.93%,22.93%,
106/01/16,-213,0,-4,-217,45482,900,1181,47563,22.08%,23.09%,
106/01/13,-716,-17,-57,-790,45695,900,1185,47780,22.18%,23.19%,
106/01/12,-62,0,-6,-68,46177,917,1242,48336,22.41%,23.45%,
106/01/11,-645,0,-3,-648,46239,917,1248,48404,22.44%,23.49%,
106/01/10,-281,0,20,-261,47029,917,1251,49197,22.83%,23.88%,
106/01/09,-561,0,-36,-597,47400,917,1231,49548,23.01%,24.05%,
106/01/06,-511,0,0,-511,47961,917,1267,50145,23.28%,24.34%,
106/01/05,-660,1,-45,-704,48447,917,1267,50631,23.52%,24.58%,
106/01/04,-386,0,65,-321,49027,916,1312,51255,23.80%,24.88%,
106/01/03,-265,0,160,-105,49413,916,1247,51576,23.99%,25.04%,
105/12/30,45,0,2,47,49678,916,1086,51680,24.11%,25.08%,
105/12/29,-65,0,9,-56,49597,916,1085,51598,24.07%,25.04%,
105/12/28,-88,0,40,-48,49541,916,1076,51533,24.05%,25.01%,
105/12/27,-92,0,-3,-95,49823,916,1036,51775,24.18%,25.12%,
105/12/26,-143,0,-22,-165,49765,916,1039,51720,24.16%,25.11%,
105/12/23,-245,0,19,-226,49908,916,1061,51885,24.23%,25.19%,
105/12/22,-43,0,8,-35,50153,916,1042,52111,24.34%,25.29%,
105/12/21,-144,0,0,-144,50196,916,1034,52146,24.37%,25.31%,
105/12/20,-47,0,15,-32,50340,916,1034,52290,24.44%,25.38%,
105/12/19,-293,-11,-15,-319,50037,916,1019,51972,24.29%,25.23%,
105/12/16,-294,0,-5,-299,49996,927,1034,51957,24.27%,25.22%,
105/12/15,-18,0,22,4,50588,927,1039,52554,24.56%,25.51%,
105/12/14,3,0,-3,0,50606,927,1017,52550,24.56%,25.50%,
105/12/13,146,-1,6,151,50503,927,1020,52450,24.51%,25.45%,
105/12/12,43,0,-69,-26,50708,928,1014,52650,24.61%,25.55%,
105/12/09,-104,0,-34,-138,51007,928,1083,53018,24.76%,25.73%,
105/12/08,-204,0,107,-97,51592,928,1117,53637,25.04%,26.03%,
105/12/07,-158,0,-51,-209,51696,928,1010,53634,25.09%,26.03%,
105/12/06,-91,0,17,-74,51879,928,1061,53868,25.18%,26.14%,
105/12/05,-111,0,-36,-147,51956,928,1044,53928,25.22%,26.17%,
105/12/02,-142,0,-99,-241,52067,928,1080,54075,25.27%,26.24%,
105/12/01,-93,2,-23,-114,52306,928,1179,54413,25.39%,26.41%,
105/11/30,130,13,117,260,52716,926,1202,54844,25.59%,26.62%,
105/11/29,21,1,-27,-5,53118,913,1085,55116,25.78%,26.75%,
105/11/28,-130,0,131,1,53097,912,1112,55121,25.77%,26.75%,
105/11/25,61,0,35,96,53247,912,981,55140,25.85%,26.77%,
105/11/24,96,0,5,101,53199,912,946,55057,25.82%,26.72%,
105/11/23,76,0,2,78,53531,912,941,55384,25.98%,26.88%,
105/11/22,286,1,0,287,53491,912,939,55342,25.97%,26.87%,
105/11/21,-13,0,8,-5,53276,911,939,55126,25.86%,26.76%,
105/11/18,-108,0,2,-106,53289,911,931,55131,25.87%,26.76%,
105/11/17,-220,0,-7,-227,53397,911,929,55237,25.92%,26.81%,
105/11/16,444,1,2,447,53275,911,936,55122,25.86%,26.76%,
105/11/15,80,4,53,137,52817,910,934,54661,25.64%,26.54%,
105/11/14,207,0,74,281,52803,906,881,54590,25.63%,26.50%,
105/11/11,-129,-52,33,-148,52596,906,807,54309,25.53%,26.36%,
105/11/10,-230,0,57,-173,52757,958,774,54489,25.61%,26.45%,
105/11/09,184,0,-23,161,53025,958,717,54700,25.74%,26.55%,
105/11/08,-8,0,-9,-17,52869,958,740,54567,25.66%,26.48%,
105/11/07,3,0,65,68,52877,958,749,54584,25.67%,26.50%,
105/11/04,170,0,-9,161,52785,958,684,54427,25.62%,26.42%,
105/11/03,-179,0,5,-174,52664,958,693,54315,25.56%,26.36%,
105/11/02,279,0,2,281,52843,958,687,54488,25.65%,26.45%,
105/11/01,122,0,-11,111,52596,958,685,54239,25.53%,26.33%,
105/10/31,84,0,8,92,52474,958,696,54128,25.47%,26.27%,
105/10/28,-93,0,-38,-131,52390,958,688,54036,25.43%,26.23%,
105/10/27,501,-120,91,472,52520,958,726,54204,25.49%,26.31%,
105/10/26,-576,-311,42,-845,52019,1078,635,53732,25.25%,26.08%,
105/10/25,-760,-11,-14,-785,52481,1389,593,54463,25.48%,26.44%,
105/10/24,-124,0,6,-118,53241,1400,607,55248,25.84%,26.81%,
105/10/21,-737,-85,28,-794,53365,1400,601,55366,25.90%,26.87%,
105/10/20,297,-8,-110,179,54102,1485,573,56160,26.26%,27.26%,
105/10/19,-72,-10,-9,-91,53838,1493,683,56014,26.13%,27.19%,
105/10/18,-624,100,53,-471,53900,1503,692,56095,26.16%,27.23%,
105/10/17,-80,4,-19,-95,54502,1403,639,56544,26.46%,27.45%,
105/10/14,285,0,-2,283,54840,1399,658,56897,26.62%,27.62%,
105/10/13,352,0,10,362,54605,1399,660,56664,26.51%,27.51%,
105/10/12,205,0,-33,172,54253,1399,650,56302,26.34%,27.33%,
105/10/11,-553,0,-186,-739,54118,1399,683,56200,26.27%,27.28%,
105/10/07,-31,0,-15,-46,54716,1399,869,56984,26.56%,27.66%,
105/10/06,41,5,-18,28,54807,1399,884,57090,26.60%,27.71%,
105/10/05,48,0,-17,31,54722,1394,902,57018,26.56%,27.67%,
105/10/04,113,0,-4,109,54771,1394,919,57084,26.59%,27.71%,
105/10/03,75,0,-41,34,54658,1394,923,56975,26.53%,27.65%,
105/09/30,48,0,79,127,54524,1394,964,56882,26.47%,27.61%,
105/09/29,-388,16,-48,-420,54503,1447,885,56835,26.46%,27.59%,
105/09/26,150,0,-88,62,54816,1431,932,57179,26.61%,27.76%,
105/09/23,99,0,-64,35,54666,1431,1020,57117,26.54%,27.73%,
105/09/22,-537,61,151,-325,54567,1431,1084,57082,26.49%,27.71%,
105/09/21,-174,0,-140,-314,55127,1370,933,57430,26.76%,27.88%,
105/09/20,42,0,431,473,55317,1370,1074,57761,26.85%,28.04%,
105/09/19,-330,0,53,-277,55195,1370,643,57208,26.79%,27.77%,
105/09/14,-530,643,-41,72,55450,1370,590,57410,26.92%,27.87%,
105/09/13,-185,719,10,544,55862,727,631,57220,27.12%,27.78%,
105/09/12,-195,0,-27,-222,55491,8,621,56120,26.94%,27.25%,
105/09/10,0,0,-126,-126,55611,8,648,56267,26.99%,27.31%,
105/09/09,-283,0,-5,-288,55611,8,774,56393,26.99%,27.37%,
105/09/08,-29,-1,-40,-70,55803,8,779,56590,27.09%,27.47%,
105/09/07,-105,0,-118,-223,55734,9,819,56562,27.05%,27.45%,
105/09/06,51,0,77,128,55332,9,937,56278,26.86%,27.32%,
105/09/05,275,0,-508,-233,55216,9,861,56086,26.80%,27.22%,
105/09/02,122,0,3,125,54939,9,1368,56316,26.67%,27.34%,
105/09/01,-258,0,-42,-300,54757,9,1365,56131,26.58%,27.25%,
105/08/31,-25,0,-4,-29,54921,9,1407,56337,26.66%,27.35%,
105/08/30,30,0,-101,-71,54949,9,1411,56369,26.67%,27.36%,
105/08/29,-64,0,208,144,54919,9,1512,56440,26.66%,27.40%,
105/08/26,-68,0,18,-50,54957,9,1304,56270,26.68%,27.32%,
105/08/25,126,0,19,145,54991,9,1286,56286,26.69%,27.32%,
105/08/24,-24,0,-13,-37,54840,9,1267,56116,26.62%,27.24%,
105/08/23,-68,0,-25,-93,54840,9,1280,56129,26.62%,27.25%,
105/08/22,-174,0,37,-137,54898,9,1305,56212,26.65%,27.29%,
105/08/19,-200,0,393,193,53213,9,1268,54490,26.75%,27.37%,
105/08/18,-129,0,265,136,53211,9,875,54095,26.75%,27.18%,
105/08/17,-83,0,-72,-155,53291,9,610,53910,26.79%,27.09%,
105/08/16,-236,0,12,-224,53112,9,682,53803,26.70%,27.04%,
105/08/15,-87,0,-25,-112,53288,9,670,53967,26.79%,27.12%,
105/08/12,98,0,-157,-59,53259,9,695,53963,26.77%,27.11%,
105/08/11,59,0,229,288,52804,9,852,53665,26.54%,26.96%,
105/08/10,-371,0,-8,-379,52601,9,623,53233,26.44%,26.75%,
105/08/09,168,0,-292,-124,52966,9,631,53606,26.63%,26.94%,
105/08/08,-1070,0,-50,-1120,53198,9,923,54130,26.74%,27.19%,
105/08/05,-139,0,-54,-193,53867,9,973,54849,27.08%,27.56%,
105/08/04,-57,0,25,-32,53964,9,1027,55000,27.13%,27.63%,
105/08/03,-169,0,-110,-279,52765,9,1002,53776,26.52%,27.01%,
105/08/02,-162,0,-1116,-1278,52893,9,1112,54014,26.59%,27.13%,
105/08/01,278,0,1050,1328,53133,9,2228,55370,26.71%,27.83%,
105/07/29,391,-15,25,401,52855,9,1179,54043,26.57%,27.17%,
105/07/28,-33,0,9,-24,52464,24,1154,53642,26.37%,26.96%,
105/07/27,-91,0,-127,-218,52637,24,1145,53806,26.46%,27.05%,
105/07/26,202,0,251,453,52828,24,1272,54124,26.56%,27.21%,
105/07/25,-469,0,-48,-517,52649,24,1021,53694,26.47%,27.00%,
105/07/22,-453,-1,-15,-469,53147,24,1069,54240,26.72%,27.27%,
105/07/21,-237,-1,-36,-274,53640,25,1084,54749,26.96%,27.52%,
105/07/20,-759,-1,164,-596,53877,26,1120,55023,27.08%,27.66%,
105/07/19,-791,0,-129,-920,54636,27,956,55619,27.47%,27.96%,
105/07/18,116,0,-165,-49,55427,27,1085,56539,27.86%,28.42%,
105/07/15,954,0,50,1004,55382,27,1250,56659,27.84%,28.48%,
105/07/14,156,0,5,161,54697,27,1200,55924,27.50%,28.12%,
105/07/13,506,0,-211,295,54442,27,1195,55664,27.37%,27.98%,
105/07/12,471,0,456,927,53917,27,1406,55350,27.10%,27.82%,
105/07/11,107,0,172,279,53676,27,950,54653,26.98%,27.47%,
105/07/07,108,0,13,121,53544,27,778,54349,26.92%,27.32%,
105/07/06,102,0,-62,40,53436,27,765,54228,26.86%,27.26%,
105/07/05,-330,-3,-19,-352,53343,27,827,54197,26.82%,27.25%,
105/07/04,116,0,-61,55,53673,30,846,54549,26.98%,27.42%,
105/07/01,-233,0,-76,-309,53557,30,907,54494,26.92%,27.39%,
105/06/30,255,0,82,337,53759,30,983,54772,27.02%,27.53%,
105/06/29,-471,0,-49,-520,53504,0,901,54405,26.90%,27.35%,
105/06/28,103,-87,316,332,53974,0,950,54924,27.13%,27.61%,
105/06/27,-103,-13,-3,-119,53871,0,634,54505,27.08%,27.40%,
105/06/24,-118,-13,87,-44,53974,0,637,54611,27.13%,27.45%,
105/06/23,-9,0,-11,-20,54192,0,550,54742,27.24%,27.52%,
105/06/22,-195,0,-105,-300,54106,0,561,54667,27.20%,27.48%,
105/06/21,-82,-34,1,-115,54289,0,666,54955,27.29%,27.63%,
105/06/20,-251,0,10,-241,54362,0,665,55027,27.33%,27.66%,
105/06/17,-956,-33,44,-945,54613,0,655,55268,27.45%,27.78%,
105/06/16,-317,-35,-133,-485,55508,0,611,56119,27.90%,28.21%,
105/06/15,28,-75,-94,-141,55825,0,743,56568,28.06%,28.43%,
105/06/14,110,-45,64,129,55944,0,837,56781,28.12%,28.54%,
105/06/13,-85,0,-81,-166,55965,26,773,56764,28.13%,28.53%,
105/06/08,-275,0,4,-271,55999,26,854,56879,28.15%,28.59%,
105/06/07,273,0,-31,242,56373,26,850,57249,28.45%,28.89%,
105/06/06,-164,0,42,-122,56090,26,881,56997,28.31%,28.77%,
105/06/04,-200,0,16,-184,56253,26,839,57118,28.39%,28.83%,
105/06/03,-289,-12,-18,-319,56453,26,823,57302,28.49%,28.92%,
105/06/02,-1086,0,-111,-1197,56686,38,841,57565,28.61%,29.05%,
105/06/01,54,-50,11,15,57722,38,952,58712,29.13%,29.63%,
105/05/31,-144,0,33,-111,57633,88,941,58662,29.09%,29.61%,
105/05/30,-571,0,-20,-591,57744,88,908,58740,29.14%,29.64%,
105/05/27,-584,0,-35,-619,58282,88,928,59298,29.41%,29.92%,
105/05/26,126,0,1,127,58999,88,963,60050,29.78%,30.31%,
105/05/25,-121,0,46,-75,58873,88,962,59923,29.71%,30.24%,
105/05/24,-295,0,-17,-312,59003,88,916,60007,29.78%,30.29%,
105/05/23,-479,6,172,-301,59421,88,933,60442,29.99%,30.50%,
105/05/20,16,-18,-20,-22,59900,82,761,60743,30.23%,30.65%,
105/05/19,-159,0,0,-159,59971,100,781,60852,30.27%,30.71%,
105/05/18,309,0,68,377,60130,100,781,61011,30.35%,30.79%,
105/05/17,-247,0,0,-247,59736,100,713,60549,30.15%,30.56%,
105/05/16,-156,0,-4,-160,60020,100,713,60833,30.29%,30.70%,
105/05/13,94,-172,142,64,60227,100,717,61044,30.40%,30.81%,
105/05/12,-518,-263,-118,-899,60111,272,575,60958,30.34%,30.77%,
105/05/11,-218,-136,-17,-371,60539,535,693,61767,30.55%,31.17%,
105/05/10,-637,0,87,-550,60857,671,710,62238,30.71%,31.40%,
105/05/09,481,0,-146,335,61551,671,623,62845,31.06%,31.71%,
105/05/06,417,0,32,449,61219,671,769,62659,30.90%,31.62%,
105/05/05,-196,0,16,-180,61242,671,737,62650,30.91%,31.62%,
105/05/04,-801,-29,216,-614,61328,671,721,62720,30.95%,31.65%,
105/05/03,-810,0,-14,-824,62163,700,505,63368,31.37%,31.98%,
105/04/29,471,0,-34,437,63053,700,519,64272,31.82%,32.43%,
105/04/28,737,0,-284,453,62445,700,553,63698,31.52%,32.15%,
105/04/27,1359,-65,125,1419,61685,700,837,63222,31.13%,31.90%,
105/04/26,514,0,45,559,60202,765,712,61679,30.38%,31.12%,
105/04/25,83,-119,15,-21,59660,765,667,61092,30.11%,30.83%,
105/04/22,-1264,-78,-9,-1351,59567,884,652,61103,30.06%,30.83%,
105/04/21,-1895,-115,223,-1787,60821,962,661,62444,30.70%,31.52%,
105/04/20,-1708,-125,-152,-1985,62273,1077,438,63788,31.43%,32.19%,
105/04/19,283,0,-92,191,64003,1202,590,65795,32.30%,33.20%,
105/04/18,-619,0,147,-472,63689,1202,682,65573,32.14%,33.09%,
105/04/15,68,12,-76,4,64307,1202,535,66044,32.46%,33.33%,
105/04/14,-55,0,24,-31,64239,1190,611,66040,32.42%,33.33%,
105/04/13,-1013,-212,142,-1083,64294,1190,587,66071,32.45%,33.34%,
105/04/12,-438,-354,-125,-917,65307,1401,445,67153,32.96%,33.89%,
105/04/11,-361,0,-17,-378,65744,1755,570,68069,33.18%,34.35%,
105/04/08,-273,-80,-30,-383,66105,1755,587,68447,33.36%,34.54%,
105/04/07,733,0,48,781,66437,1835,617,68889,33.53%,34.76%,
105/04/06,-435,-39,-108,-582,65764,1835,569,68168,33.19%,34.40%,
105/04/01,-606,-21,-27,-654,66200,1874,677,68751,33.41%,34.69%,
105/03/31,-178,-13,16,-175,66746,1895,704,69345,33.69%,35.00%,
105/03/30,-310,0,-29,-339,67034,2231,688,69953,33.83%,35.30%,
105/03/29,-35,-1,-23,-59,67545,2231,717,70493,34.09%,35.57%,
105/03/28,-313,-68,11,-370,67469,2232,740,70441,34.05%,35.55%,
105/03/25,-250,-84,3,-331,67732,2300,729,70761,34.18%,35.70%,
105/03/24,9,0,27,36,68068,2384,726,71178,34.35%,35.91%,
105/03/23,-1107,-10,-26,-1143,68059,2384,699,71142,34.35%,35.90%,
105/03/22,-188,-5,62,-131,68890,2394,725,72009,34.77%,36.34%,
105/03/21,-1453,-5,9,-1449,69278,2399,663,72340,34.96%,36.50%,
105/03/18,-538,-30,79,-489,70849,2404,654,73907,35.76%,37.30%,
105/03/17,-268,0,-80,-348,71387,2434,575,74396,36.03%,37.54%,
105/03/16,-143,-5,106,-42,71634,2434,655,74723,36.15%,37.70%,
105/03/15,-296,0,-124,-420,71767,2439,549,74755,36.22%,37.72%,
105/03/14,-248,-92,29,-311,72046,2439,674,75159,36.36%,37.93%,
105/03/11,-84,-51,-58,-193,72302,2532,645,75479,36.49%,38.09%,
105/03/10,465,-126,56,395,72377,2583,703,75663,36.53%,38.18%,
105/03/09,304,0,196,500,71902,2709,647,75258,36.29%,37.98%,
105/03/08,-1397,-182,-95,-1674,71588,2709,451,74748,36.13%,37.72%,
105/03/07,-1085,-477,-76,-1638,72726,2891,546,76163,36.70%,38.43%,
105/03/04,-642,-313,185,-770,73801,3368,622,77791,37.25%,39.26%,
105/03/03,-1033,-215,62,-1186,74523,3681,437,78641,37.61%,39.68%,
105/03/02,-1885,-17,-127,-2029,75545,3895,375,79815,38.13%,40.28%,
105/03/01,-269,-107,-56,-432,77040,3912,502,81454,38.88%,41.10%,
105/02/26,-283,0,20,-263,77301,4019,558,81878,39.01%,41.32%,
105/02/25,-643,-145,70,-718,77624,4019,538,82181,39.18%,41.48%,
105/02/24,-982,-508,-12,-1502,78317,4164,468,82949,39.53%,41.86%,
105/02/23,-1398,-298,59,-1637,79299,4672,480,84451,40.02%,42.62%,
105/02/22,-441,0,-34,-475,80708,4970,421,86099,40.73%,43.45%,
105/02/19,-118,-5,23,-100,81136,4970,455,86561,40.95%,43.68%,
105/02/18,124,-8,-61,55,81237,4975,432,86644,41.00%,43.72%,
105/02/17,-97,0,-20,-117,81100,4983,493,86576,40.93%,43.69%,
105/02/16,186,80,140,406,81137,4983,513,86633,40.95%,43.72%,
105/02/15,313,46,27,386,80964,4903,373,86240,40.86%,43.52%,
105/02/03,184,44,-28,200,80651,4857,346,85854,40.70%,43.32%,
105/02/02,145,25,17,187,80602,4813,374,85789,40.68%,43.29%,
105/02/01,619,87,-64,642,80896,4788,357,86041,40.83%,43.42%,
105/01/30,1,3,-172,-168,80277,4701,421,85399,40.52%,43.10%,
105/01/29,7,359,155,521,80276,4698,593,85567,40.52%,43.19%,
105/01/28,345,79,179,603,80269,4339,438,85046,40.51%,42.92%,
105/01/27,125,0,36,161,79914,4260,259,84433,40.33%,42.61%,
105/01/26,-168,32,-1,-137,79790,4260,223,84273,40.27%,42.53%,
105/01/25,243,16,51,310,79826,4228,224,84278,40.29%,42.53%,
105/01/22,186,-166,82,102,79563,4212,173,83948,40.16%,42.37%,
105/01/21,-550,70,-144,-624,79416,4378,91,83885,40.08%,42.33%,
105/01/20,-256,99,120,-37,80139,4308,235,84682,40.45%,42.74%,
105/01/19,-345,-94,-17,-456,80432,4209,115,84756,40.59%,42.77%,
105/01/18,-32,0,6,-26,80801,4303,132,85236,40.78%,43.01%,
105/01/15,50,-18,58,90,80823,4303,126,85252,40.79%,43.02%,
105/01/14,677,-245,-14,418,80751,4321,68,85140,40.76%,42.97%,
105/01/13,8,0,29,37,80054,4566,82,84702,40.40%,42.74%,
105/01/12,-718,0,-190,-908,80010,4566,53,84629,40.38%,42.71%,
105/01/11,-208,39,25,-144,80900,4566,243,85709,40.83%,43.25%,
105/01/08,-36,1,11,-24,81098,4527,218,85843,40.93%,43.32%,
105/01/07,65,0,-149,-84,81161,4526,207,85894,40.96%,43.34%,
105/01/06,97,-159,50,-12,81004,4526,356,85886,40.88%,43.34%,
105/01/05,209,-410,14,-187,81057,4685,306,86048,40.91%,43.42%,
105/01/04,36,-56,-40,-60,80658,5095,292,86045,40.71%,43.42%,
104/12/31,9,0,-33,-24,80670,5151,332,86153,40.71%,43.47%,
104/12/30,50,-84,-35,-69,80887,4802,365,86054,40.82%,43.42%,
104/12/29,246,-232,-3,11,80900,4886,400,86186,40.83%,43.49%,
104/12/28,124,-179,-7,-62,80654,5118,403,86175,40.71%,43.49%,
104/12/25,45,-66,4,-17,80530,5297,410,86237,40.64%,43.52%,
104/12/24,-40,-70,-19,-129,80485,5363,406,86254,40.62%,43.53%,
104/12/23,97,-63,-45,-11,80525,5433,425,86383,40.64%,43.59%,
104/12/22,-226,-124,-40,-390,80427,5496,470,86393,40.59%,43.60%,
104/12/21,403,17,-11,409,80650,5620,510,86780,40.70%,43.79%,
104/12/18,354,105,-103,356,80248,5603,521,86372,40.50%,43.59%,
104/12/17,228,50,108,386,79928,5498,624,86050,40.34%,43.42%,
104/12/16,458,170,-19,609,79749,5448,516,85713,40.25%,43.26%,
104/12/15,158,45,186,389,79291,5278,535,85104,40.02%,42.95%,
104/12/14,22,65,-28,59,79134,5233,349,84716,39.94%,42.75%,
104/12/11,133,91,30,254,78999,5168,377,84544,39.87%,42.66%,
104/12/10,-484,37,-99,-546,78758,5078,347,84183,39.75%,42.48%,
104/12/09,614,-104,-2,508,79241,5041,446,84728,39.99%,42.75%,
104/12/08,-101,-152,7,-246,78614,5145,448,84207,39.68%,42.50%,
104/12/07,126,-19,2,109,78715,5297,441,84453,39.73%,42.62%,
104/12/04,-203,-38,-215,-456,78486,5316,439,84241,39.61%,42.51%,
104/12/03,306,105,221,632,78311,5354,654,84319,39.52%,42.55%,
104/12/02,379,-84,-162,133,78184,5249,433,83866,39.46%,42.33%,
104/12/01,1,31,-5,27,77680,5333,595,83608,39.21%,42.20%,
104/11/30,862,33,115,1010,77523,5302,600,83425,39.13%,42.11%,
104/11/27,156,-34,-114,8,76450,5269,485,82204,38.58%,41.48%,
104/11/26,159,0,367,526,76564,5303,599,82466,38.64%,41.62%,
104/11/25,160,0,-202,-42,76386,5303,232,81921,38.55%,41.34%,
104/11/24,-143,0,-130,-273,76635,5303,434,82372,38.68%,41.58%,
104/11/23,-5,-41,7,-39,76778,5303,564,82645,38.75%,41.71%,
104/11/20,-165,56,23,-86,76644,5344,557,82545,38.68%,41.66%,
104/11/19,106,68,124,298,76711,5288,534,82533,38.72%,41.66%,
104/11/18,-889,-36,-177,-1102,76674,5220,410,82304,38.70%,41.54%,
104/11/17,-242,50,126,-66,77435,5256,587,83278,39.08%,42.03%,
104/11/16,-157,-482,-117,-756,77577,5206,461,83244,39.15%,42.01%,
104/11/13,-1487,-22,82,-1427,77687,5688,578,83953,39.21%,42.37%,
104/11/12,-789,4,45,-740,78710,5710,496,84916,39.73%,42.86%,
104/11/11,-915,-4,30,-889,79954,5706,451,86111,40.35%,43.46%,
104/11/10,-391,-5,-20,-416,80748,5710,421,86879,40.75%,43.84%,
104/11/09,-647,-51,-114,-812,80913,5715,441,87069,40.84%,43.95%,
104/11/06,-4,-149,-53,-206,81560,5766,555,87881,41.16%,44.35%,
104/11/05,278,-291,-90,-103,81482,5915,608,88005,41.12%,44.41%,
104/11/04,592,3,-25,570,81242,6206,698,88146,41.00%,44.48%,
104/11/03,208,-87,74,195,80578,6203,723,87504,40.67%,44.17%,
104/11/02,70,-110,22,-18,80362,6290,649,87301,40.56%,44.06%,
104/10/30,469,-53,-62,354,80592,6400,627,87619,40.68%,44.23%,
104/10/29,84,-46,6,44,80109,6453,689,87251,40.43%,44.04%,
104/10/28,153,-147,10,16,79775,6499,683,86957,40.26%,43.89%,
104/10/27,-151,-102,-110,-363,80302,6646,673,87621,40.53%,44.22%,
104/10/26,-105,-53,-4,-162,80452,6748,783,87983,40.60%,44.40%,
104/10/23,283,-43,-44,196,80232,6801,787,87820,40.49%,44.32%,
104/10/22,83,-65,-350,-332,79949,6845,831,87625,40.35%,44.22%,
104/10/21,-140,-432,465,-107,79766,6910,1181,87857,40.26%,44.34%,
104/10/20,-483,67,-98,-514,80118,7342,716,88176,40.44%,44.51%,
104/10/19,-25,17,-34,-42,80677,7275,814,88766,40.72%,44.80%,
104/10/16,83,68,-89,62,80444,7258,848,88550,40.60%,44.69%,
104/10/15,-218,-182,91,-309,80582,7190,937,88709,40.67%,44.77%,
104/10/14,-604,-402,58,-948,80814,7372,846,89032,40.79%,44.94%,
104/10/13,-255,-119,43,-331,81277,7774,788,89839,41.02%,45.34%,
104/10/12,-650,-242,248,-644,80882,7893,745,89520,40.82%,45.18%,
104/10/08,-1127,-390,-213,-1730,81522,8135,497,90154,41.14%,45.50%,
104/10/07,-278,55,32,-191,82360,8525,710,91595,41.57%,46.23%,
104/10/06,986,26,-112,900,82323,8470,678,91471,41.55%,46.17%,
104/10/05,55,-15,55,95,81281,8444,790,90515,41.02%,45.68%,
104/10/02,-26,-33,-8,-67,81176,8459,735,90370,40.97%,45.61%,
104/10/01,27,-214,13,-174,81167,8492,743,90402,40.97%,45.63%,
104/09/30,-27,0,85,58,81088,8706,730,90524,40.93%,45.69%,
104/09/25,166,0,67,233,81080,8486,645,90211,40.92%,45.53%,
104/09/24,119,-125,-123,-129,80901,8486,578,89965,40.83%,45.41%,
104/09/23,-127,-129,-45,-301,80763,8611,701,90075,40.76%,45.46%,
104/09/22,-3,-45,13,-35,80801,8740,746,90287,40.78%,45.57%,
104/09/21,-329,-119,-48,-496,80804,8785,734,90323,40.78%,45.58%,
104/09/18,-8,-45,115,62,81133,8904,782,90819,40.95%,45.84%,
104/09/17,-584,-204,78,-710,81141,8949,667,90757,40.95%,45.80%,
104/09/16,-195,-32,53,-174,81725,9154,589,91468,41.25%,46.17%,
104/09/15,-10,-43,-21,-74,81920,9186,536,91642,41.35%,46.26%,
104/09/14,-83,21,69,7,81961,9229,557,91747,41.37%,46.31%,
104/09/11,-628,-144,-35,-807,82043,9207,487,91737,41.41%,46.30%,
104/09/10,-76,-20,6,-90,82672,9351,522,92545,41.73%,46.71%,
104/09/09,-171,9,61,-101,82751,9371,516,92638,41.76%,46.75%,
104/09/08,-77,11,-9,-75,82948,9362,455,92765,41.86%,46.82%,
104/09/07,-852,-1,124,-729,83053,9351,464,92868,41.92%,46.87%,
104/09/04,-288,18,-407,-677,83942,9352,340,93634,42.37%,47.26%,
104/09/03,201,210,136,547,84194,9334,747,94275,42.49%,47.58%,
104/09/02,-288,139,165,16,83993,9124,611,93728,42.39%,47.30%,
104/09/01,-67,6,52,-9,84258,8985,446,93689,42.53%,47.29%,
104/08/31,-536,65,40,-431,84370,8979,394,93743,42.58%,47.31%,
104/08/28,-772,30,119,-623,84956,8914,354,94224,42.88%,47.56%,
104/08/27,-168,77,-271,-362,85750,8884,235,94869,43.28%,47.88%,
104/08/26,1442,274,88,1804,85942,8807,506,95255,43.38%,48.08%,
104/08/25,-21,169,140,288,84499,8533,418,93450,42.65%,47.17%,
104/08/24,-5,4,-97,-98,84470,8364,278,93112,42.63%,46.99%,
104/08/21,38,111,-215,-66,84492,8360,375,93227,42.64%,47.05%,
104/08/20,437,188,329,954,81558,8249,590,90397,42.63%,47.09%,
104/08/19,680,297,-80,897,80963,8061,261,89285,42.31%,46.51%,
104/08/18,316,117,-178,255,80283,7764,341,88388,41.96%,46.05%,
104/08/17,241,281,255,777,79967,7647,519,88133,41.79%,45.91%,
104/08/14,-420,88,-99,-431,79727,7366,264,87357,41.67%,45.52%,
104/08/13,623,199,-60,762,80146,7278,363,87787,41.89%,45.75%,
104/08/12,179,218,125,522,79523,7079,423,87025,41.56%,45.35%,
104/08/11,384,186,-149,421,79344,6861,298,86503,41.47%,45.08%,
104/08/10,373,24,199,596,78952,6675,447,86074,41.26%,44.85%,
104/08/07,21,-274,31,-222,78579,6651,248,85478,41.07%,44.55%,
104/08/06,103,19,-54,68,78511,6925,217,85653,41.03%,44.64%,
104/08/05,-733,37,-34,-730,78397,6906,271,85574,40.97%,44.59%,
104/08/04,-355,11,-325,-669,79110,6869,305,86284,41.35%,44.97%,
104/08/03,-255,123,352,220,79496,6858,630,86984,41.55%,45.46%,
104/07/31,658,206,64,928,79741,6735,278,86754,41.68%,45.35%,
104/07/30,730,62,61,853,79063,6529,214,85806,41.32%,44.84%,
104/07/29,10,0,153,163,78333,6467,153,84953,40.94%,44.40%,
104/07/28,49,30,-70,9,78383,6467,0,84850,40.97%,44.35%,
104/07/27,159,80,-74,165,78334,6437,0,84771,40.94%,44.30%,
104/07/24,120,-46,-16,58,78245,6357,0,84602,40.89%,44.21%,
104/07/23,153,0,-71,82,78125,6403,0,84528,40.83%,44.18%,
104/07/22,19,-4,-94,-79,77972,6403,0,84375,40.75%,44.10%,
104/07/21,6,0,51,57,77963,6407,84,84454,40.75%,44.14%,
104/07/20,179,0,-2,177,77947,6407,33,84387,40.74%,44.11%,
104/07/17,249,-6,-101,142,77758,6407,35,84200,40.64%,44.01%,
104/07/16,101,-110,-1,-10,77509,6413,136,84058,40.51%,43.93%,
104/07/15,-15,1,-57,-71,77409,6523,137,84069,40.46%,43.94%,
104/07/14,55,0,-25,30,77424,6522,194,84140,40.46%,43.97%,
104/07/13,86,28,-30,84,77460,6522,219,84201,40.48%,44.00%,
104/07/09,477,-14,-40,423,77397,6494,249,84140,40.45%,43.97%,
104/07/08,-8,-9,-227,-244,76910,6508,289,83707,40.20%,43.75%,
104/07/07,233,0,-98,135,76863,6517,516,83896,40.17%,43.85%,
104/07/06,583,1,-114,470,76615,6517,614,83746,40.04%,43.77%,
104/07/03,237,0,166,403,76034,6516,728,83278,39.74%,43.53%,
104/07/02,206,-85,44,165,75825,6516,562,82903,39.63%,43.33%,
104/07/01,200,-1,10,209,75608,6601,518,82727,39.52%,43.24%,
104/06/30,128,-15,-258,-145,75398,6602,508,82508,39.41%,43.13%,
104/06/29,-287,-4,-78,-369,75261,6877,766,82904,39.33%,43.33%,
104/06/26,-111,-6,-2,-119,75547,6881,844,83272,39.48%,43.52%,
104/06/25,-188,0,162,-26,75658,6887,846,83391,39.54%,43.58%,
104/06/24,-28,-21,-22,-71,75836,6887,684,83407,39.63%,43.59%,
104/06/23,212,15,3,230,75864,6908,706,83478,39.65%,43.63%,
104/06/22,411,-15,16,412,75652,6893,703,83248,39.54%,43.51%,
104/06/18,-142,0,-20,-162,75248,6908,687,82843,39.33%,43.30%,
104/06/17,-597,1,-16,-612,75390,6908,707,83005,39.40%,43.38%,
104/06/16,168,145,-33,280,75977,6907,723,83607,39.71%,43.70%,
104/06/15,7,0,-78,-71,75788,6762,756,83306,39.61%,43.54%,
104/06/12,-163,0,129,-34,75789,6762,834,83385,39.78%,43.75%,
104/06/11,-91,12,-13,-92,75952,6762,705,83419,39.87%,43.77%,
104/06/10,-122,225,40,143,76061,6750,718,83529,39.92%,43.82%,
104/06/09,147,0,-44,103,76189,6525,678,83392,39.99%,43.76%,
104/06/08,151,-25,16,142,76048,6525,722,83295,39.92%,43.71%,
104/06/05,-457,-1,-11,-469,75903,6550,706,83159,39.84%,43.63%,
104/06/04,-355,32,-451,-774,76330,6551,717,83598,40.07%,43.87%,
104/06/03,133,0,236,369,76677,6518,1168,84363,40.25%,44.27%,
104/06/02,381,54,-327,108,76580,6518,932,84030,40.20%,44.10%,
104/06/01,113,121,298,532,76189,6464,1259,83912,39.99%,44.03%,
104/05/29,340,-12,179,507,76066,6343,961,83370,39.93%,43.75%,
104/05/28,-58,-122,-31,-211,75726,6355,782,82863,39.75%,43.49%,
104/05/27,201,-8,87,280,75784,6477,813,83074,39.78%,43.60%,
104/05/26,-261,-61,-18,-340,75660,6486,726,82872,39.71%,43.49%,
104/05/25,410,-99,52,363,75944,6547,744,83235,39.86%,43.68%,
104/05/22,-499,-169,89,-579,75534,6646,692,82872,39.65%,43.49%,
104/05/21,-1446,-115,-125,-1686,76082,6815,603,83500,39.94%,43.82%,
104/05/20,-806,-6,124,-688,77481,6930,728,85139,40.67%,44.68%,
104/05/19,-32,27,-32,-37,78275,6936,604,85815,41.09%,45.04%,
104/05/18,502,4,-161,345,78297,6909,636,85842,41.10%,45.05%,
104/05/15,94,24,-57,61,77765,6904,797,85466,40.82%,44.85%,
104/05/14,1107,3,-30,1080,77635,6880,854,85369,40.75%,44.80%,
104/05/13,29,6,-73,-38,76642,6877,884,84403,40.23%,44.29%,
104/05/12,192,5,-166,31,76550,6871,957,84378,40.18%,44.28%,
104/05/11,259,6,183,448,76299,6866,1123,84288,40.05%,44.23%,
104/05/08,508,0,-68,440,75980,6860,940,83780,39.88%,43.96%,
104/05/07,191,24,-101,114,75471,6860,1008,83339,39.62%,43.74%,
104/05/06,177,4,-61,120,75253,6836,1109,83198,39.50%,43.66%,
104/05/05,220,42,159,421,75068,6832,1170,83070,39.40%,43.59%,
104/05/04,-67,-18,16,-69,75303,6790,1011,83104,39.53%,43.61%,
104/04/30,519,6,-141,384,75371,6808,995,83174,39.56%,43.65%,
104/04/29,280,-90,22,212,74852,6802,1136,82790,39.29%,43.45%,
104/04/28,142,-29,41,154,74589,6892,1114,82595,39.15%,43.34%,
104/04/27,136,-63,4,77,74497,6921,1073,82491,39.10%,43.29%,
104/04/24,139,-16,-190,-67,74355,6984,1069,82408,39.03%,43.25%,
104/04/23,-382,-49,-131,-562,74224,7000,1259,82483,38.96%,43.28%,
104/04/22,1019,428,465,1912,74592,7049,1390,83031,39.15%,43.57%,
104/04/21,443,79,-68,454,73741,6621,925,81287,38.71%,42.66%,
104/04/20,95,1,146,242,73298,6542,993,80833,38.47%,42.42%,
104/04/17,356,212,-19,549,73207,6541,847,80595,38.43%,42.30%,
104/04/16,330,8,-44,294,72851,6329,866,80046,38.24%,42.01%,
104/04/15,368,-42,33,359,72521,6321,910,79752,38.07%,41.86%,
104/04/14,298,-55,35,278,72241,6363,877,79481,37.92%,41.71%,
104/04/13,71,-33,41,79,71942,6418,842,79202,37.76%,41.56%,
104/04/10,566,-497,16,85,71872,6451,801,79124,37.73%,41.53%,
104/04/09,-112,-253,-22,-387,71306,6948,785,79039,37.43%,41.48%,
104/04/08,1130,2,-307,825,71418,7201,807,79426,37.49%,41.68%,
104/04/07,164,40,80,284,70302,7199,1114,78615,36.90%,41.25%,
104/04/02,62,29,141,232,70149,7159,1034,78342,36.82%,41.11%,
104/04/01,501,-64,-61,376,70087,7130,893,78110,36.79%,40.99%,
104/03/31,227,-76,-5,146,69637,7194,954,77785,36.55%,40.82%,
104/03/30,556,6,-56,506,69440,7557,959,77956,36.45%,40.91%,
104/03/27,889,0,-147,742,68871,7551,1015,77437,36.15%,40.64%,
104/03/26,210,-8,22,224,67982,7551,1162,76695,35.68%,40.24%,
104/03/25,-6,53,7,54,67812,7559,1140,76511,35.59%,40.15%,
104/03/24,9,67,-12,64,67808,7506,1133,76447,35.59%,40.12%,
104/03/23,209,150,-75,284,67734,7439,1145,76318,35.55%,40.05%,
104/03/20,148,248,138,534,67519,7289,1220,76028,35.44%,39.90%,
104/03/19,403,-37,18,384,67361,7041,1082,75484,35.36%,39.62%,
104/03/18,126,-19,-119,-12,66968,7078,1064,75110,35.15%,39.42%,
104/03/17,-229,-33,7,-255,66836,7097,1183,75116,35.08%,39.42%,
104/03/16,319,13,-30,302,67139,7129,1176,75444,35.24%,39.59%,
104/03/13,225,135,71,431,66812,7116,1206,75134,35.07%,39.43%,
104/03/12,1115,92,52,1259,66587,6981,1135,74703,34.95%,39.20%,
104/03/11,53,-111,25,-33,65472,6889,1083,73444,34.37%,38.55%,
104/03/10,1140,0,-72,1068,65419,7000,1058,73477,34.34%,38.56%,
104/03/09,161,-13,-61,87,64280,7000,1130,72410,33.74%,38.00%,
104/03/06,177,258,47,482,64119,7013,1191,72323,33.66%,37.96%,
104/03/05,853,-269,-108,476,63941,6755,1144,71840,33.56%,37.70%,
104/03/04,-162,70,-140,-232,63088,7024,1252,71364,33.11%,37.45%,
104/03/03,-839,50,547,-242,63250,6954,1392,71596,33.20%,37.57%,
104/03/02,581,-5,-13,563,64089,6904,845,71838,33.64%,37.70%,
104/02/26,-102,10,111,19,63543,6909,858,71310,33.35%,37.42%,
104/02/25,265,-51,-152,62,63646,6899,747,71292,33.41%,37.42%,
104/02/24,798,77,101,976,63374,6950,899,71223,33.26%,37.37%,
104/02/13,1440,440,-148,1732,62576,6873,798,70247,32.85%,36.87%,
104/02/12,1492,-36,-72,1384,61175,6433,946,68554,32.11%,35.98%,
104/02/11,1197,0,-82,1115,59728,6469,1018,67215,31.35%,35.27%,
104/02/10,737,0,-60,677,58531,6469,1100,66100,30.72%,34.69%,
104/02/09,381,-2,-30,349,57794,6469,1160,65423,30.34%,34.34%,
104/02/06,602,-30,-91,481,57413,6471,1190,65074,30.14%,34.15%,
104/02/05,89,80,-286,-117,56826,6501,1281,64608,29.83%,33.91%,
104/02/04,473,10,733,1216,56857,6421,1567,64845,29.84%,34.02%,
104/02/03,-99,-166,18,-247,56384,6411,834,63629,29.60%,33.40%,
104/02/02,79,-22,65,122,56483,6577,816,63876,29.65%,33.52%,
104/01/30,220,-3,25,242,56404,6599,751,63754,29.61%,33.46%,
104/01/29,168,0,-51,117,56267,6602,726,63595,29.53%,33.37%,
104/01/28,143,0,77,220,56105,6602,777,63484,29.45%,33.32%,
104/01/27,384,100,9,493,55962,6602,700,63264,29.37%,33.20%,
104/01/26,71,110,97,278,55550,6502,691,62743,29.16%,32.93%,
104/01/23,252,68,-69,251,55479,6392,594,62465,29.12%,32.78%,
104/01/22,570,106,-202,474,55548,6324,663,62535,29.16%,32.82%,
104/01/21,183,50,190,423,55027,6218,865,62110,28.88%,32.59%,
104/01/20,10,0,60,70,54869,6168,675,61712,28.80%,32.38%,
104/01/19,131,2,-8,125,54912,6168,615,61695,28.82%,32.37%,
104/01/16,-141,99,-159,-201,54781,6166,623,61570,28.75%,32.31%,
104/01/15,-193,0,-80,-273,55097,6067,783,61947,28.92%,32.51%,
104/01/14,-44,0,-34,-78,55397,6067,863,62327,29.08%,32.71%,
104/01/13,-272,6,-59,-325,55441,6067,897,62405,29.10%,32.75%,
104/01/12,-149,165,-113,-97,55441,6061,956,62458,29.10%,32.78%,
104/01/09,-62,404,118,460,55459,5896,1069,62424,29.11%,32.76%,
104/01/08,230,15,90,335,55466,5492,951,61909,29.11%,32.49%,
104/01/07,188,0,-9,179,55225,5477,861,61563,28.99%,32.31%,
104/01/06,430,20,-45,405,54799,5477,870,61146,28.76%,32.09%,
104/01/05,415,0,218,633,54370,5457,915,60742,28.54%,31.88%,
