日期,外資買賣超,投信買賣超,自營商買賣超,單日合計買賣超,外資估計持股,投信估計持股,自營商估計持股,單日合計估計持股,外資持股比重,三大法人持股比重,
107/03/31,72,82,14,168,90675,2404,762,93841,40.22%,41.62%,
107/03/30,-1034,169,27,-838,90603,2322,748,93673,40.19%,41.55%,
107/03/29,-792,0,97,-695,91637,2153,721,94511,40.65%,41.92%,
107/03/28,-458,0,0,-458,92429,2153,624,95206,41.00%,42.23%,
107/03/27,-233,17,22,-194,92887,2153,624,95664,41.20%,42.43%,
107/03/26,-76,-123,17,-182,93120,2136,602,95858,41.31%,42.52%,
107/03/23,-1264,63,29,-1172,93196,2259,585,96040,41.34%,42.60%,
107/03/22,-634,17,27,-590,94461,2196,556,97213,41.90%,43.12%,
107/03/21,-510,-18,-39,-567,95095,2179,529,97803,42.18%,43.38%,
107/03/20,-764,42,62,-660,95605,2197,568,98370,42.41%,43.64%,
107/03/19,-74,-11,33,-52,96378,2155,506,99039,42.75%,43.93%,
107/03/16,-311,23,20,-268,96452,2166,473,99091,42.78%,43.95%,
107/03/15,-151,-44,-24,-219,96763,2143,453,99359,42.92%,44.07%,
107/03/14,-1068,-24,-18,-1110,96914,2187,477,99578,42.99%,44.17%,
107/03/13,-579,-19,14,-584,97981,2211,495,100687,43.46%,44.66%,
107/03/12,-661,88,157,-416,98560,2230,481,101271,43.72%,44.92%,
107/03/09,-279,77,86,-116,99219,2142,324,101685,44.01%,45.10%,
107/03/08,-423,-33,66,-390,99499,2065,238,101802,44.14%,45.16%,
107/03/07,-93,-2,89,-6,99922,2098,172,102192,44.32%,45.33%,
107/03/06,-458,50,66,-342,100015,2100,83,102198,44.36%,45.33%,
107/03/05,-280,-5,-67,-352,100473,2050,17,102540,44.57%,45.49%,
107/03/02,-34,-9,-27,-70,100753,2055,84,102892,44.69%,45.64%,
107/03/01,55,-20,-41,-6,100824,2064,111,102999,44.72%,45.68%,
107/02/27,22,-10,44,56,100770,2084,152,103006,44.70%,45.69%,
107/02/26,-195,-6,0,-201,100748,2094,108,102950,44.69%,45.67%,
107/02/23,-46,-3,6,-43,100943,2100,108,103151,44.78%,45.76%,
107/02/22,38,-6,-16,16,100989,2103,102,103194,44.80%,45.78%,
107/02/21,174,70,7,251,100951,2109,118,103178,44.78%,45.77%,
107/02/12,-445,0,-7,-452,100777,2039,111,102927,44.70%,45.65%,
107/02/09,-159,0,-56,-215,101222,2039,118,103379,44.90%,45.86%,
107/02/08,-181,0,-57,-238,101381,2039,174,103594,44.97%,45.95%,
107/02/07,-407,519,68,180,101562,2039,231,103832,45.05%,46.06%,
107/02/06,-754,41,-71,-784,101969,1520,163,103652,45.23%,45.98%,
107/02/05,-93,0,-34,-127,102721,1479,234,104434,45.56%,46.32%,
107/02/02,-334,80,-14,-268,102943,1479,268,104690,45.66%,46.44%,
107/02/01,-34,17,-13,-30,103277,1399,282,104958,45.81%,46.56%,
107/01/31,-263,11,-9,-261,103310,1382,295,104987,45.83%,46.57%,
107/01/30,-197,10,-31,-218,103573,1371,304,105248,45.94%,46.68%,
107/01/29,-238,20,-53,-271,103770,1361,335,105466,46.03%,46.78%,
107/01/26,-82,-10,-93,-185,104008,1341,388,105737,46.14%,46.91%,
107/01/25,-68,0,93,25,104090,1351,481,105922,46.17%,46.98%,
107/01/24,-95,-78,-102,-275,104158,1351,388,105897,46.20%,46.97%,
107/01/23,1296,0,101,1397,104254,1429,490,106173,46.24%,47.09%,
107/01/22,-24,0,65,41,102958,1429,389,104776,45.67%,46.48%,
107/01/19,35,-50,-18,-33,102981,1429,324,104734,45.68%,46.46%,
107/01/18,-168,0,-6,-174,102946,1479,342,104767,45.66%,46.47%,
107/01/17,-57,30,0,-27,103124,1479,348,104951,45.74%,46.55%,
107/01/16,9,-9,-8,-8,103181,1449,348,104978,45.77%,46.57%,
107/01/15,-208,10,-46,-244,103162,1458,356,104976,45.76%,46.56%,
107/01/12,45,0,38,83,103469,1448,402,105319,45.90%,46.72%,
107/01/11,-49,10,-7,-46,103424,1448,364,105236,45.88%,46.68%,
107/01/10,-98,2,-29,-125,103473,1438,371,105282,45.90%,46.70%,
107/01/09,-273,-23,-95,-391,103571,1436,400,105407,45.94%,46.75%,
107/01/08,18,0,18,36,103844,1459,495,105798,46.06%,46.93%,
107/01/05,15,-7,-50,-42,103824,1459,477,105760,46.05%,46.91%,
107/01/04,48,23,2,73,103807,1466,527,105800,46.05%,46.93%,
107/01/03,-60,20,12,-28,103752,1443,525,105720,46.02%,46.89%,
107/01/02,-34,0,-14,-48,103810,1423,513,105746,46.05%,46.91%,
106/12/29,516,0,15,531,103805,1423,527,105755,46.05%,46.92%,
106/12/28,144,2,-30,116,103289,1963,512,105764,45.82%,46.92%,
106/12/27,24,2,-24,2,103125,1961,542,105628,45.74%,46.85%,
106/12/26,-12,1,-18,-29,103073,1959,566,105598,45.72%,46.84%,
106/12/25,-43,0,-31,-74,103061,1958,584,105603,45.72%,46.85%,
106/12/22,30,40,36,106,103087,1958,615,105660,45.73%,46.87%,
106/12/21,-72,-33,-7,-112,103057,1918,579,105554,45.71%,46.82%,
106/12/20,-198,-82,23,-257,103128,1951,586,105665,45.75%,46.88%,
106/12/19,-120,-398,-26,-544,103318,2033,563,105914,45.83%,46.98%,
106/12/18,217,-54,36,199,103438,2431,589,106458,45.88%,47.22%,
106/12/15,-301,-59,-121,-481,103221,2485,553,106259,45.79%,47.14%,
106/12/14,-961,-65,-89,-1115,103518,2544,674,106736,45.92%,47.35%,
106/12/13,-280,0,56,-224,104493,2609,763,107865,46.35%,47.85%,
106/12/12,-450,0,-133,-583,104734,2609,707,108050,46.46%,47.93%,
106/12/11,145,-10,192,327,105041,2609,840,108490,46.59%,48.12%,
106/12/08,-37,0,-23,-60,104896,2619,648,108163,46.53%,47.98%,
106/12/07,100,0,21,121,104945,2619,671,108235,46.55%,48.01%,
106/12/06,-8,66,-87,-29,104845,2619,650,108114,46.51%,47.96%,
106/12/05,-111,192,-12,69,104887,2553,737,108177,46.53%,47.99%,
106/12/04,37,-149,-111,-223,105066,2361,749,108176,46.60%,47.98%,
106/12/01,238,5,50,293,105108,2510,860,108478,46.62%,48.12%,
106/11/30,-52,4,-21,-69,104889,2505,810,108204,46.53%,48.00%,
106/11/29,126,17,-110,33,104955,2501,831,108287,46.56%,48.04%,
106/11/28,-10,-5,78,63,104843,2484,941,108268,46.51%,48.03%,
106/11/27,424,-47,-65,312,104853,2489,863,108205,46.51%,48.00%,
106/11/24,-17,-72,-486,-575,104429,2536,928,107893,46.32%,47.86%,
106/11/23,2585,102,641,3328,104446,2608,1414,108468,46.33%,48.11%,
106/11/22,335,80,52,467,101866,2506,773,105145,45.19%,46.64%,
106/11/21,167,0,-99,68,101531,2426,721,104678,45.04%,46.44%,
106/11/20,54,0,36,90,101419,2426,820,104665,44.99%,46.43%,
106/11/17,680,0,253,933,101368,2426,784,104578,44.96%,46.38%,
106/11/16,43,73,-28,88,100691,2426,531,103648,44.66%,45.97%,
106/11/15,37,125,-56,106,100652,2353,559,103564,44.65%,45.94%,
106/11/14,128,-1,80,207,100615,2228,615,103458,44.63%,45.89%,
106/11/13,51,0,-334,-283,100487,2229,535,103251,44.57%,45.80%,
106/11/10,-114,0,-16,-130,100436,2229,869,103534,44.55%,45.92%,
106/11/09,442,0,-131,311,100550,2229,885,103664,44.60%,45.98%,
106/11/08,-194,0,65,-129,100108,2229,1016,103353,44.41%,45.85%,
106/11/07,460,0,85,545,100302,2229,951,103482,44.49%,45.90%,
106/11/06,269,0,21,290,99842,2229,866,102937,44.29%,45.66%,
106/11/03,-204,23,52,-129,99573,2229,845,102647,44.17%,45.53%,
106/11/02,404,-6,-32,366,99773,2206,793,102772,44.26%,45.59%,
106/11/01,339,-1,-166,172,99369,2212,825,102406,44.08%,45.43%,
106/10/31,174,47,-464,-243,99014,2213,991,102218,43.92%,45.34%,
106/10/30,2110,-60,228,2278,98825,2166,1455,102446,43.84%,45.45%,
106/10/27,-84,0,197,113,96714,2226,1227,100167,42.90%,44.43%,
106/10/26,135,-239,-71,-175,96798,2226,1030,100054,42.94%,44.38%,
106/10/25,58,12,103,173,96663,2465,1101,100229,42.88%,44.46%,
106/10/24,126,1,-69,58,96605,2453,998,100056,42.85%,44.38%,
106/10/23,64,0,-129,-65,96479,2452,1067,99998,42.80%,44.36%,
106/10/20,-62,118,158,214,96415,2452,1196,100063,42.77%,44.39%,
106/10/19,170,0,73,243,96477,2334,1038,99849,42.79%,44.29%,
106/10/18,-387,8,7,-372,96307,2334,965,99606,42.72%,44.18%,
106/10/17,262,-20,52,294,96792,2326,958,100076,42.93%,44.39%,
106/10/16,352,0,27,379,96530,2346,906,99782,42.82%,44.26%,
106/10/13,166,8,-99,75,96238,2346,879,99463,42.69%,44.12%,
106/10/12,41,-67,-60,-86,96072,2338,978,99388,42.61%,44.08%,
106/10/11,2135,-150,106,2091,96040,2405,1038,99483,42.60%,44.13%,
106/10/06,528,-61,-81,386,93894,2555,932,97381,41.65%,43.20%,
106/10/05,880,-91,337,1126,93454,2616,1013,97083,41.45%,43.06%,
106/10/03,-95,36,53,-6,92574,2707,676,95957,41.06%,42.56%,
106/10/02,-120,49,32,-39,92667,2671,623,95961,41.10%,42.56%,
106/09/30,0,0,-60,-60,92752,2622,591,95965,41.14%,42.57%,
106/09/29,-629,45,96,-488,92752,2231,652,95635,41.14%,42.42%,
106/09/28,208,65,103,376,93219,2186,556,95961,41.35%,42.57%,
106/09/27,-77,17,0,-60,93011,2121,453,95585,41.26%,42.40%,
106/09/26,-112,404,-21,271,93002,2104,453,95559,41.25%,42.38%,
106/09/25,-72,199,-104,23,92986,1700,474,95160,41.25%,42.21%,
106/09/22,206,0,-173,33,93023,1501,578,95102,41.26%,42.18%,
106/09/21,-84,-50,88,-46,92746,1501,751,94998,41.14%,42.14%,
106/09/20,339,30,17,386,92829,1551,663,95043,41.18%,42.16%,
106/09/19,-48,0,-146,-194,92490,1521,646,94657,41.03%,41.99%,
106/09/18,-83,-1,-58,-142,92538,1521,792,94851,41.05%,42.08%,
106/09/15,221,-65,447,603,92591,1522,850,94963,41.07%,42.12%,
106/09/14,49,0,33,82,92370,1587,403,94360,40.97%,41.85%,
106/09/13,36,0,-8,28,92301,1587,370,94258,40.94%,41.81%,
106/09/12,-97,0,-30,-127,92265,1587,378,94230,40.93%,41.80%,
106/09/11,15,0,-7,8,92332,1587,408,94327,40.96%,41.85%,
106/09/08,-127,0,-17,-144,92317,1587,415,94319,40.95%,41.84%,
106/09/07,-96,0,-40,-136,92444,1587,432,94463,41.01%,41.91%,
106/09/06,436,0,81,517,92540,1587,472,94599,41.05%,41.96%,
106/09/05,172,0,8,180,92083,1587,391,94061,40.85%,41.73%,
106/09/04,146,0,10,156,91911,1587,383,93881,40.77%,41.64%,
106/09/01,4,0,-1,3,91765,1587,373,93725,40.70%,41.57%,
106/08/31,-75,0,-60,-135,91761,1587,374,93722,40.70%,41.57%,
106/08/30,169,0,67,236,91836,1587,434,93857,40.74%,41.64%,
106/08/29,-31,0,-41,-72,91667,1587,367,93621,40.66%,41.53%,
106/08/28,-108,0,7,-101,91698,1587,408,93693,40.67%,41.56%,
106/08/25,-40,-72,-36,-148,91806,1587,401,93794,40.72%,41.60%,
106/08/24,-78,40,-2,-40,91846,1659,437,93942,40.74%,41.67%,
106/08/23,-84,0,12,-72,91924,1619,439,93982,40.77%,41.68%,
106/08/22,16,0,14,30,92009,1619,427,94055,40.81%,41.72%,
106/08/21,-71,0,2,-69,91993,1619,413,94025,40.81%,41.71%,
106/08/18,-72,0,-11,-83,92064,1619,411,94094,40.84%,41.74%,
106/08/17,-33,0,-4,-37,92136,1619,422,94177,40.87%,41.78%,
106/08/16,-50,8,0,-42,92169,1619,426,94214,40.88%,41.79%,
106/08/15,29,0,-13,16,92219,1611,426,94256,40.91%,41.81%,
106/08/14,-40,-60,-3,-103,92190,1611,439,94240,40.89%,41.80%,
106/08/11,127,0,-11,116,92230,1671,442,94343,40.91%,41.85%,
106/08/10,120,0,-7,113,92103,1671,453,94227,40.85%,41.79%,
106/08/09,294,32,-6,320,91983,1671,460,94114,40.80%,41.75%,
106/08/08,176,0,-27,149,91689,1639,466,93794,40.67%,41.60%,
106/08/07,198,50,-31,217,91513,1639,493,93645,40.59%,41.54%,
106/08/04,244,0,14,258,91315,1589,524,93428,40.50%,41.44%,
106/08/03,305,0,-90,215,91071,1589,510,93170,40.40%,41.33%,
106/08/02,374,128,-77,425,90766,1589,600,92955,40.26%,41.23%,
106/08/01,722,15,95,832,90392,1461,677,92530,40.09%,41.04%,
106/07/31,155,100,44,299,89670,1446,582,91698,39.77%,40.67%,
106/07/28,707,0,-79,628,89515,1346,538,91399,39.71%,40.55%,
106/07/27,198,0,39,237,88808,1346,617,90771,39.39%,40.26%,
106/07/26,353,0,103,456,88610,1346,578,90534,39.30%,40.15%,
106/07/25,109,0,-6,103,88332,1346,475,90153,39.18%,39.99%,
106/07/24,105,0,-7,98,88223,1346,481,90050,39.13%,39.94%,
106/07/21,-33,-23,25,-31,88118,1346,488,89952,39.09%,39.90%,
106/07/20,180,-251,-19,-90,88150,1369,463,89982,39.10%,39.91%,
106/07/19,153,0,-93,60,87970,1620,482,90072,39.02%,39.95%,
106/07/18,443,51,-74,420,87817,1620,575,90012,38.95%,39.92%,
106/07/17,351,0,40,391,87374,1569,649,89592,38.76%,39.74%,
106/07/14,-415,-394,-111,-920,87065,1569,609,89243,38.62%,39.59%,
106/07/13,95,-315,332,112,87480,1963,720,90163,38.80%,39.99%,
106/07/12,-104,-1,-10,-115,87454,2278,388,90120,38.79%,39.97%,
106/07/11,-258,25,-6,-239,87558,2279,398,90235,38.84%,40.03%,
106/07/10,-193,35,18,-140,87791,2254,404,90449,38.94%,40.12%,
106/07/07,-56,0,45,-11,88097,2219,386,90702,39.08%,40.24%,
106/07/06,82,103,9,194,88153,2219,341,90713,39.10%,40.24%,
106/07/05,-97,0,-3,-100,88072,2116,332,90520,39.07%,40.16%,
106/07/04,-300,15,65,-220,88169,2116,335,90620,39.11%,40.20%,
106/07/03,-75,0,29,-46,88426,2101,270,90797,39.22%,40.27%,
106/06/30,217,1,16,234,88501,2101,241,90843,39.26%,40.30%,
106/06/29,-55,25,25,-5,88284,1927,225,90436,39.16%,40.11%,
106/06/28,15,0,1,16,88339,1902,200,90441,39.18%,40.11%,
106/06/27,97,0,4,101,88324,1902,199,90425,39.18%,40.11%,
106/06/26,-154,-1,36,-119,88227,1902,195,90324,39.13%,40.06%,
106/06/23,-112,0,22,-90,88231,1903,159,90293,39.14%,40.05%,
106/06/22,-85,0,24,-61,88343,1903,137,90383,39.19%,40.09%,
106/06/21,-207,0,13,-194,88428,1903,113,90444,39.22%,40.11%,
106/06/20,49,-1,23,71,88660,1903,100,90663,39.33%,40.22%,
106/06/19,111,-80,-5,26,88611,1904,77,90592,39.31%,40.19%,
106/06/16,-60,0,-37,-97,88500,1984,82,90566,39.26%,40.18%,
106/06/15,7,0,-69,-62,88560,1984,119,90663,39.28%,40.21%,
106/06/14,-263,0,-13,-276,88553,1984,188,90725,39.28%,40.24%,
106/06/13,-49,-64,-31,-144,88816,1984,201,91001,39.40%,40.37%,
106/06/12,17,0,-25,-8,88865,2048,232,91145,39.42%,40.43%,
106/06/09,97,0,-67,30,88897,2048,257,91202,39.43%,40.45%,
106/06/08,100,24,0,124,88800,2048,324,91172,39.39%,40.44%,
106/06/07,73,-21,-140,-88,88700,2024,324,91048,39.34%,40.38%,
106/06/06,-161,-70,-1,-232,88626,2045,464,91135,39.31%,40.42%,
106/06/05,-138,-6,-15,-159,88852,2115,465,91432,39.41%,40.55%,
106/06/03,0,-103,-39,-142,88990,2121,480,91591,39.47%,40.62%,
106/06/02,159,85,38,282,88960,2224,519,91703,39.62%,40.84%,
106/06/01,-3,0,3,0,88801,2139,481,91421,39.55%,40.71%,
106/05/31,186,0,10,196,88805,2139,478,91422,39.55%,40.71%,
106/05/26,31,-1,0,30,88639,2139,468,91246,39.48%,40.64%,
106/05/25,232,-159,-3,70,88608,2140,468,91216,39.46%,40.62%,
106/05/24,-41,0,-3,-44,88376,2298,471,91145,39.36%,40.59%,
106/05/23,5,-133,54,-74,88669,2298,474,91441,39.49%,40.72%,
106/05/22,-15,-116,-22,-153,88664,2431,420,91515,39.49%,40.75%,
106/05/19,-60,-217,65,-212,88679,2547,442,91668,39.50%,40.83%,
106/05/18,-265,0,0,-265,88739,2764,377,91880,39.52%,40.91%,
106/05/17,-27,0,1,-26,89004,2764,377,92145,39.64%,41.03%,
106/05/16,213,26,2,241,89031,2764,376,92171,39.65%,41.04%,
106/05/15,311,24,11,346,88818,2738,374,91930,39.56%,40.94%,
106/05/12,-51,0,-2,-53,88507,2714,363,91584,39.42%,40.79%,
106/05/11,-124,0,25,-99,88632,2714,365,91711,39.48%,40.85%,
106/05/10,18,0,-12,6,88756,2714,340,91810,39.53%,40.88%,
106/05/09,247,0,11,258,88739,2714,352,91805,39.52%,40.88%,
106/05/08,237,0,-7,230,88492,2714,341,91547,39.41%,40.77%,
106/05/05,27,0,-7,20,88255,2714,348,91317,39.31%,40.67%,
106/05/04,-137,-30,-36,-203,88228,2714,355,91297,39.30%,40.66%,
106/05/03,-104,25,99,20,88438,2744,391,91573,39.39%,40.78%,
106/05/02,-134,25,32,-77,88554,2719,292,91565,39.44%,40.78%,
106/04/28,-33,60,1,28,88688,2694,260,91642,39.50%,40.81%,
106/04/27,62,15,3,80,88814,2634,259,91707,39.56%,40.84%,
106/04/26,-23,0,13,-10,88739,2619,256,91614,39.52%,40.80%,
106/04/25,195,30,-189,36,88736,2619,243,91598,39.52%,40.79%,
106/04/24,179,45,47,271,88520,2589,432,91541,39.43%,40.77%,
106/04/21,5,30,-4,31,88341,2544,385,91270,39.35%,40.65%,
106/04/20,46,30,13,89,88326,2514,389,91229,39.34%,40.63%,
106/04/19,261,25,-10,276,88180,2484,376,91040,39.27%,40.54%,
106/04/18,37,70,10,117,87918,2459,386,90763,39.16%,40.42%,
106/04/17,182,100,-10,272,87840,2389,376,90605,39.12%,40.35%,
106/04/14,-294,0,-78,-372,87630,2289,386,90305,39.03%,40.22%,
106/04/13,-251,10,48,-193,87924,2289,464,90677,39.16%,40.38%,
106/04/12,465,0,-144,321,88175,2279,416,90870,39.27%,40.47%,
106/04/11,42,0,12,54,87570,2279,560,90409,39.00%,40.26%,
106/04/10,39,0,29,68,87499,2279,548,90326,38.97%,40.22%,
106/04/07,184,0,-5,179,87363,2279,519,90161,38.91%,40.15%,
106/04/06,38,10,15,63,87179,2279,523,89981,38.83%,40.08%,
106/04/05,535,-30,6,511,87141,2269,508,89918,38.81%,40.05%,
106/03/31,56,32,6,94,86606,2299,502,89407,38.57%,39.82%,
106/03/30,26,0,12,38,86550,2503,496,89549,38.55%,39.89%,
106/03/29,8,0,-1,7,86524,2503,484,89511,38.54%,39.87%,
106/03/28,229,0,10,239,86516,2503,485,89504,38.53%,39.86%,
106/03/27,144,0,-21,123,86287,2503,475,89265,38.43%,39.76%,
106/03/24,-124,0,-93,-217,86277,2503,496,89276,38.43%,39.77%,
106/03/23,-6,0,-161,-167,86401,2503,589,89493,38.48%,39.86%,
106/03/22,107,0,23,130,86407,2503,750,89660,38.48%,39.93%,
106/03/21,232,-8,-60,164,86300,2503,727,89530,38.44%,39.88%,
106/03/20,-271,-9,78,-202,86068,2511,787,89366,38.33%,39.80%,
106/03/17,428,40,70,538,86393,2520,709,89622,38.48%,39.92%,
106/03/16,-173,0,38,-135,85965,2480,639,89084,38.29%,39.68%,
106/03/15,-220,0,283,63,86138,2480,601,89219,38.36%,39.73%,
106/03/14,207,0,-1,206,86355,2480,318,89153,38.46%,39.71%,
106/03/13,44,0,-5,39,86148,2480,319,88947,38.37%,39.62%,
106/03/10,-62,-19,0,-81,86092,2480,324,88896,38.34%,39.59%,
106/03/09,10,0,0,10,86137,2499,324,88960,38.36%,39.62%,
106/03/08,-28,0,-4,-32,86121,2499,324,88944,38.36%,39.62%,
106/03/07,82,-1,-6,75,86152,2499,328,88979,38.37%,39.63%,
106/03/06,-57,0,3,-54,86084,2500,334,88918,38.34%,39.60%,
106/03/03,-45,0,1,-44,86131,2500,331,88962,38.36%,39.62%,
106/03/02,13,0,1,14,86187,2500,330,89017,38.39%,39.65%,
106/03/01,-197,0,-2,-199,86122,2500,329,88951,38.36%,39.62%,
106/02/24,293,0,4,297,86253,2500,331,89084,38.42%,39.68%,
106/02/23,234,0,14,248,85959,2500,327,88786,38.29%,39.55%,
106/02/22,154,0,14,168,85725,2500,313,88538,38.18%,39.43%,
106/02/21,95,0,7,102,85571,2500,299,88370,38.11%,39.36%,
106/02/20,170,-39,-21,110,85476,2500,292,88268,38.07%,39.31%,
106/02/18,0,0,1,1,85306,2539,313,88158,37.99%,39.26%,
106/02/17,180,0,-3,177,85306,2539,312,88157,37.99%,39.26%,
106/02/16,122,0,-9,113,85176,2539,315,88030,37.94%,39.21%,
106/02/15,9,-157,-33,-181,85054,2539,324,87917,37.88%,39.15%,
106/02/14,192,0,-31,161,85169,2696,357,88222,37.93%,39.29%,
106/02/13,102,0,143,245,84938,2696,388,88022,37.83%,39.20%,
106/02/10,64,0,12,76,84785,2696,245,87726,37.76%,39.07%,
106/02/09,199,-70,-1,128,84720,2696,233,87649,37.73%,39.03%,
106/02/08,37,0,7,44,84519,2766,234,87519,37.64%,38.98%,
106/02/07,71,0,36,107,84482,2766,227,87475,37.63%,38.96%,
106/02/06,280,0,20,300,84410,2766,191,87367,37.60%,38.92%,
106/02/03,89,1,-11,79,84130,2766,171,87067,37.47%,38.78%,
106/02/02,524,89,-31,582,84091,2765,182,87038,37.45%,38.76%,
106/01/24,-75,-80,43,-112,83567,2676,213,86456,37.22%,38.51%,
106/01/23,-72,-0,-4,-76,83643,2756,170,86569,37.25%,38.55%,
106/01/20,-207,-80,18,-269,83714,2757,174,86645,37.29%,38.59%,
106/01/19,-115,-50,4,-161,83921,2837,156,86914,37.38%,38.71%,
106/01/18,1,-145,-29,-173,84037,2887,152,87076,37.43%,38.78%,
106/01/17,-441,-132,-16,-589,84035,3032,181,87248,37.43%,38.86%,
106/01/16,-460,-122,-13,-595,84476,3164,197,87837,37.62%,39.12%,
106/01/13,-175,0,24,-151,84936,3286,210,88432,37.83%,39.39%,
106/01/12,119,70,-1,188,85110,3286,186,88582,37.91%,39.46%,
106/01/11,-19,0,-39,-58,85000,3216,187,88403,37.86%,39.38%,
106/01/10,120,0,11,131,85019,3216,226,88461,37.87%,39.40%,
106/01/09,232,-100,-24,108,85041,3216,215,88472,37.88%,39.41%,
106/01/06,365,-2,-37,326,84767,3316,239,88322,37.75%,39.33%,
106/01/05,734,1,37,772,84386,3318,276,87980,37.58%,39.18%,
106/01/04,60,0,-25,35,83652,3317,239,87208,37.26%,38.84%,
106/01/03,-24,0,-12,-36,83592,3317,264,87173,37.23%,38.82%,
105/12/30,225,0,-20,205,83616,3317,276,87209,37.24%,38.84%,
105/12/29,-1,-6,1,-6,83391,3317,296,87004,37.14%,38.75%,
105/12/28,166,0,-180,-14,83458,3323,295,87076,37.17%,38.78%,
105/12/27,-28,0,-14,-42,83332,3323,475,87130,37.11%,38.80%,
105/12/26,-10,0,4,-6,83360,3323,489,87172,37.13%,38.83%,
105/12/23,-5,0,-15,-20,83369,3323,485,87177,37.13%,38.83%,
105/12/22,43,0,-44,-1,83374,3323,500,87197,37.13%,38.83%,
105/12/21,-0,0,11,11,83331,3323,544,87198,37.11%,38.83%,
105/12/20,0,-15,4,-11,83332,3323,533,87188,37.11%,38.83%,
105/12/19,200,0,0,200,83331,3338,529,87198,37.11%,38.83%,
105/12/16,884,0,24,908,83131,3338,529,86998,37.03%,38.75%,
105/12/15,-7,0,218,211,82276,3338,505,86119,36.64%,38.35%,
105/12/14,22,0,92,114,82283,3338,287,85908,36.65%,38.26%,
105/12/13,-42,55,86,99,82291,3338,195,85824,36.65%,38.22%,
105/12/12,76,0,-20,56,82333,3283,109,85725,36.67%,38.18%,
105/12/09,194,-50,68,212,82257,3283,129,85669,36.64%,38.16%,
105/12/08,-139,-50,7,-182,82063,3333,61,85457,36.55%,38.06%,
105/12/07,-151,0,11,-140,82203,3383,54,85640,36.61%,38.14%,
105/12/06,2,-100,17,-81,82354,3383,43,85780,36.68%,38.21%,
105/12/05,-85,-15,26,-74,82352,3483,26,85861,36.68%,38.24%,
105/12/02,64,-100,-41,-77,82437,3498,0,85935,36.72%,38.28%,
105/12/01,-145,-50,12,-183,82373,3598,38,86009,36.69%,38.31%,
105/11/30,-399,-50,17,-432,82518,3648,26,86192,36.75%,38.39%,
105/11/29,-42,0,1,-41,82917,3698,9,86624,36.93%,38.58%,
105/11/28,-21,0,0,-21,82959,3698,8,86665,36.95%,38.60%,
105/11/25,-77,-9,0,-86,82980,3698,8,86686,36.96%,38.61%,
105/11/24,-99,0,-13,-112,83457,3707,8,87172,37.17%,38.82%,
105/11/23,-7,0,7,0,83557,3707,21,87285,37.21%,38.87%,
105/11/22,115,-231,9,-107,83614,3707,14,87335,37.24%,38.90%,
105/11/21,-98,64,-43,-77,83498,3938,5,87441,37.19%,38.95%,
105/11/18,-622,-347,18,-951,83596,3874,48,87518,37.23%,38.98%,
105/11/17,-46,0,-5,-51,84318,4221,30,88569,37.55%,39.44%,
105/11/16,-35,0,-3,-38,84414,4221,35,88670,37.60%,39.50%,
105/11/15,-223,20,13,-190,84449,4221,38,88708,37.61%,39.51%,
105/11/14,151,0,9,160,84672,4201,25,88898,37.71%,39.59%,
105/11/11,39,0,-8,31,84518,4201,16,88735,37.64%,39.52%,
105/11/10,262,160,24,446,84465,4201,24,88690,37.62%,39.50%,
105/11/09,229,-101,-20,108,84204,4041,0,88245,37.50%,39.30%,
105/11/08,165,50,-10,205,83965,4142,13,88120,37.40%,39.25%,
105/11/07,203,-118,23,108,83846,4092,23,87961,37.34%,39.17%,
105/11/04,142,0,-7,135,83643,4210,0,87853,37.25%,39.13%,
105/11/03,158,0,8,166,83430,4210,8,87648,37.16%,39.04%,
105/11/02,390,0,-22,368,83273,4210,0,87483,37.09%,38.97%,
105/11/01,98,0,-6,92,82883,4210,14,87107,36.91%,38.79%,
105/10/31,254,0,-67,187,82785,4210,20,87015,36.87%,38.75%,
105/10/28,12,-49,57,20,82531,4210,87,86828,36.76%,38.67%,
105/10/27,306,-120,-38,148,82769,4259,30,87058,36.86%,38.77%,
105/10/26,644,-96,55,603,82485,4379,68,86932,36.74%,38.72%,
105/10/25,99,-121,-19,-41,81841,4475,13,86329,36.45%,38.45%,
105/10/24,521,-26,-2,493,81918,4596,32,86546,36.49%,38.55%,
105/10/21,312,-299,-117,-104,81397,4622,34,86053,36.25%,38.32%,
105/10/20,2064,150,-57,2157,81116,4921,151,86188,36.13%,38.39%,
105/10/19,-134,337,183,386,79052,4771,208,84031,35.21%,37.43%,
105/10/18,65,-10,22,77,79186,4434,25,83645,35.27%,37.26%,
105/10/17,-1065,-42,3,-1104,79121,4444,3,83568,35.24%,37.22%,
105/10/14,-265,-210,-2,-477,80186,4486,0,84672,35.71%,37.71%,
105/10/13,-72,-254,-79,-405,80351,4696,0,85047,35.79%,37.88%,
105/10/12,-161,-1,-2,-164,80304,4949,0,85253,35.77%,37.97%,
105/10/11,-327,-340,-75,-742,80480,4950,0,85430,35.84%,38.04%,
105/10/07,-143,-260,-6,-409,80777,5290,7,86074,35.98%,38.34%,
105/10/06,-113,-150,1,-262,81022,5550,13,86585,36.09%,38.57%,
105/10/05,8,0,-12,-4,80985,5700,12,86697,36.07%,38.61%,
105/10/04,172,0,-13,159,81016,5700,24,86740,36.08%,38.63%,
105/10/03,-73,0,-32,-105,80844,5700,37,86581,36.01%,38.57%,
105/09/30,271,0,45,316,80877,5700,69,86646,36.02%,38.59%,
105/09/29,687,-126,-3,558,80454,4934,24,85412,35.83%,38.04%,
105/09/26,245,-4,-80,161,79767,5060,27,84854,35.53%,37.80%,
105/09/23,-251,0,-269,-520,79543,5064,107,84714,35.43%,37.73%,
105/09/22,-299,94,326,121,79759,5064,376,85199,35.52%,37.94%,
105/09/21,-33,0,-4,-37,80058,4970,50,85078,35.66%,37.90%,
105/09/20,43,0,-4,39,80080,4970,54,85104,35.67%,37.91%,
105/09/19,-151,-80,58,-173,80037,4970,58,85065,35.65%,37.89%,
105/09/14,182,0,-11,171,80075,5050,0,85125,35.66%,37.91%,
105/09/13,-43,-50,-39,-132,79843,5050,0,84893,35.56%,37.81%,
105/09/12,358,-164,-5,189,77525,5100,0,82625,35.56%,37.83%,
105/09/10,0,-103,-14,-117,77117,5264,0,82381,35.38%,37.72%,
105/09/09,145,-153,-50,-58,77117,5367,0,82484,35.38%,37.77%,
105/09/08,64,-118,-62,-116,76971,5520,47,82538,35.31%,37.79%,
105/09/07,37,0,-73,-36,76908,5638,109,82655,35.28%,37.84%,
105/09/06,61,0,135,196,76820,5638,182,82640,35.24%,37.83%,
105/09/05,-28,0,47,19,76789,5638,47,82474,35.23%,37.76%,
105/09/02,-103,0,-23,-126,76821,5638,0,82459,35.24%,37.75%,
105/09/01,24,0,-48,-24,76646,5638,0,82284,35.16%,37.67%,
105/08/31,-251,-5,-1,-257,76622,5638,0,82260,35.15%,37.66%,
105/08/30,157,-98,-83,-24,76873,5643,0,82516,35.27%,37.78%,
105/08/29,-119,-56,-145,-320,76700,5741,18,82459,35.19%,37.76%,
105/08/26,359,0,69,428,76648,5797,163,82608,35.16%,37.81%,
105/08/25,434,-56,-359,19,76290,5797,94,82181,35.00%,37.62%,
105/08/24,-22,0,-984,-1006,75856,5853,453,82162,34.80%,37.61%,
105/08/23,-99,-29,1002,874,75878,5853,1437,83168,34.81%,38.16%,
105/08/22,491,0,94,585,75977,5882,435,82294,34.85%,37.75%,
105/08/19,-383,-28,-55,-466,75486,5882,341,81709,34.63%,37.49%,
105/08/18,488,-308,308,488,75869,5910,396,82175,34.81%,37.70%,
105/08/17,103,0,-50,53,75781,6218,88,82087,34.76%,37.65%,
105/08/16,160,0,-32,128,75678,6218,138,82034,34.72%,37.64%,
105/08/15,-275,0,135,-140,75518,6218,170,81906,34.64%,37.57%,
105/08/12,-207,0,-5,-212,75793,6218,35,82046,34.77%,37.64%,
105/08/11,-91,-16,-42,-149,75501,6218,40,81759,34.64%,37.51%,
105/08/10,209,0,82,291,75592,6234,82,81908,34.68%,37.58%,
105/08/09,-240,0,-21,-261,75393,6234,0,81627,34.59%,37.45%,
105/08/08,-70,-80,2,-148,75633,6234,2,81869,34.70%,37.56%,
105/08/05,-217,-9,-18,-244,75703,6314,0,82017,34.73%,37.63%,
105/08/04,-510,0,-46,-556,75565,6323,0,81888,34.67%,37.57%,
105/08/03,-1071,0,4,-1067,76065,6323,4,82392,34.90%,37.80%,
105/08/02,-640,-44,-59,-743,77136,6323,0,83459,35.39%,38.29%,
105/08/01,-431,-366,37,-760,77776,6367,37,84180,35.68%,38.62%,
105/07/29,122,-980,-62,-920,78241,6733,0,84974,35.89%,38.98%,
105/07/28,872,-1016,-488,-632,78120,7713,25,85858,35.84%,39.39%,
105/07/27,809,-59,391,1141,77248,8729,513,86490,35.44%,39.68%,
105/07/26,405,-261,10,154,76438,8788,122,85348,35.07%,39.16%,
105/07/25,549,0,35,584,76033,9049,112,85194,34.88%,39.08%,
105/07/22,644,-251,30,423,75474,9049,77,84600,34.62%,38.81%,
105/07/21,362,78,-54,386,74831,9300,47,84178,34.33%,38.62%,
105/07/20,840,-39,-296,505,74458,9222,101,83781,34.16%,38.44%,
105/07/19,1943,300,386,2629,73640,9261,397,83298,33.78%,38.21%,
105/07/18,187,0,11,198,71697,8961,11,80669,32.89%,37.01%,
105/07/15,271,0,-59,212,71500,8961,0,80461,32.80%,36.91%,
105/07/14,401,10,31,442,71219,8961,54,80234,32.67%,36.81%,
105/07/13,-371,0,-46,-417,70822,8951,23,79796,32.49%,36.61%,
105/07/12,-711,0,-157,-868,71193,8951,69,80213,32.66%,36.80%,
105/07/11,-266,0,76,-190,71894,8951,226,81071,32.98%,37.19%,
105/07/07,-704,0,-3,-707,72150,8951,150,81251,33.10%,37.28%,
105/07/06,-626,-89,-20,-735,72854,8951,153,81958,33.42%,37.60%,
105/07/05,-747,-30,-21,-798,73490,9040,173,82703,33.71%,37.94%,
105/07/04,-129,-75,7,-197,74237,9070,194,83501,34.06%,38.31%,
105/07/01,-78,0,-46,-124,74366,9145,187,83698,34.12%,38.40%,
105/06/30,-106,10,10,-86,74444,9145,233,83822,34.15%,38.45%,
105/06/29,-564,-89,82,-571,74550,9133,223,83906,34.20%,38.49%,
105/06/28,-508,8,28,-472,75114,9222,141,84477,34.46%,38.76%,
105/06/27,247,8,-70,185,75622,9214,113,84949,34.69%,38.97%,
105/06/24,-744,9,-203,-938,75374,9206,183,84763,34.58%,38.89%,
105/06/23,-324,-65,3,-386,76118,9197,386,85701,34.92%,39.32%,
105/06/22,159,-63,-50,46,76442,9262,383,86087,35.07%,39.50%,
105/06/21,-332,-78,-52,-462,76283,9325,433,86041,34.99%,39.47%,
105/06/20,-553,-46,-108,-707,76614,9403,485,86502,35.15%,39.69%,
105/06/17,303,-30,47,320,77227,9449,593,87269,35.43%,40.04%,
105/06/16,-3,35,21,53,76914,9479,546,86939,35.28%,39.88%,
105/06/15,453,12,177,642,76917,9444,525,86886,35.29%,39.86%,
105/06/14,-15,51,-48,-12,76464,9432,348,86244,35.08%,39.57%,
105/06/13,195,-34,-39,122,76479,9381,396,86256,35.09%,39.58%,
105/06/08,1632,-30,-5,1597,76284,9415,435,86134,35.00%,39.52%,
105/06/07,1245,-30,113,1328,74662,9445,440,84547,34.25%,38.79%,
105/06/06,101,0,-62,39,73418,9475,327,83220,33.68%,38.18%,
105/06/04,0,0,38,38,73317,9475,389,83181,33.63%,38.16%,
105/06/03,-22,0,-257,-279,73317,9475,351,83143,33.63%,38.14%,
105/06/02,-526,-115,105,-536,73339,9475,608,83422,33.64%,38.27%,
105/06/01,-148,1,68,-79,74008,9590,503,84101,33.95%,38.59%,
105/05/31,-27,-100,-59,-186,74181,9589,435,84205,34.03%,38.64%,
105/05/30,-282,5,47,-230,74114,9689,494,84297,34.00%,38.68%,
105/05/27,-394,89,220,-85,74381,9684,447,84512,34.12%,38.77%,
105/05/26,-33,-102,103,-32,74763,9595,227,84585,34.30%,38.81%,
105/05/25,-234,77,-35,-192,74736,9697,124,84557,34.29%,38.80%,
105/05/24,-197,77,-122,-242,74960,9620,159,84739,34.39%,38.88%,
105/05/23,-438,-38,251,-225,75158,9543,281,84982,34.48%,38.99%,
105/05/20,263,67,-28,302,75752,9581,30,85363,34.75%,39.17%,
105/05/19,-262,0,-27,-289,75489,9514,58,85061,34.63%,39.03%,
105/05/18,-244,167,-15,-92,75999,9514,85,85598,35.30%,39.71%,
105/05/17,-371,-420,10,-781,76243,9347,100,85690,35.41%,39.75%,
105/05/16,-121,-35,15,-141,76443,9767,90,86300,35.51%,40.04%,
105/05/13,1484,0,-41,1443,76482,9802,75,86359,35.52%,40.06%,
105/05/12,642,-92,-81,469,74998,9802,116,84916,34.84%,39.40%,
105/05/11,1971,25,-309,1687,74356,9893,197,84446,34.54%,39.18%,
105/05/10,1549,-0,77,1626,72385,9868,506,82759,33.62%,38.39%,
105/05/09,1520,36,-303,1253,70824,9868,429,81121,32.90%,37.63%,
105/05/06,3562,214,-164,3612,69309,9832,732,79873,32.19%,37.04%,
105/05/05,2056,0,-96,1960,65747,9618,896,76261,30.54%,35.37%,
105/05/04,3680,0,243,3923,63665,9618,992,74275,29.57%,34.49%,
105/05/03,289,359,56,704,59985,9618,749,70352,27.86%,32.66%,
105/04/29,275,0,29,304,59696,9259,693,69648,27.73%,32.34%,
105/04/28,412,262,-48,626,59421,9259,664,69344,27.60%,32.20%,
105/04/27,369,-163,14,220,59300,8997,712,69009,27.54%,32.04%,
105/04/26,518,10,-274,254,58921,9160,698,68779,27.37%,31.94%,
105/04/25,-387,639,-25,227,58402,9150,972,68524,27.13%,31.82%,
105/04/22,-981,103,-244,-1122,58790,8511,997,68298,27.31%,31.72%,
105/04/21,726,0,518,1244,59771,8408,1241,69420,27.76%,32.23%,
105/04/20,-839,200,26,-613,59049,8408,723,68180,27.43%,31.66%,
105/04/19,-441,102,25,-314,59597,8208,697,68502,27.68%,31.81%,
105/04/18,-151,1,-59,-209,60038,8106,672,68816,27.89%,31.96%,
105/04/15,-491,77,1,-413,60189,8105,731,69025,27.96%,32.05%,
105/04/14,-131,0,-3,-134,60676,8028,730,69434,28.18%,32.24%,
105/04/13,-121,43,13,-65,60807,8028,733,69568,28.24%,32.30%,
105/04/12,-107,68,-155,-194,60927,7985,720,69632,28.30%,32.33%,
105/04/11,-331,50,15,-266,61035,7917,875,69827,28.35%,32.42%,
105/04/08,-19,99,-28,52,61366,7867,860,70093,28.50%,32.54%,
105/04/07,-456,296,-345,-505,61385,7768,888,70041,28.51%,32.52%,
105/04/06,-204,479,492,767,61841,7472,1233,70546,28.72%,32.75%,
105/04/01,152,0,-52,100,62045,6993,741,69779,28.82%,32.40%,
105/03/31,244,165,-14,395,61893,6993,793,69679,28.75%,32.36%,
105/03/30,127,45,202,374,61749,7077,807,69633,28.68%,32.33%,
105/03/29,151,450,31,632,61702,7032,605,69339,28.66%,32.20%,
105/03/28,29,374,32,435,61471,6582,574,68627,28.55%,31.87%,
105/03/25,585,0,25,610,61442,6208,542,68192,28.54%,31.67%,
105/03/24,389,-100,24,313,60857,6208,517,67582,28.27%,31.39%,
105/03/23,279,0,-32,247,60488,6308,493,67289,28.09%,31.24%,
105/03/22,-2,0,-55,-57,60209,6308,525,67042,27.96%,31.13%,
105/03/21,467,-15,-94,358,60211,6308,580,67099,27.97%,31.16%,
105/03/18,105,0,168,273,59744,6323,674,66741,27.75%,30.99%,
105/03/17,676,0,-92,584,59644,6323,506,66473,27.70%,30.86%,
105/03/16,568,0,50,618,58999,6323,598,65920,27.40%,30.61%,
105/03/15,387,35,-179,243,58431,6323,548,65302,27.14%,30.32%,
105/03/14,1293,9,233,1535,58044,6288,727,65059,26.96%,30.21%,
105/03/11,-35,0,24,-11,56752,6280,494,63526,26.36%,29.50%,
105/03/10,-78,0,-15,-93,56787,6280,470,63537,26.38%,29.51%,
105/03/09,-53,0,-71,-124,56884,6280,485,63649,26.42%,29.55%,
105/03/08,-654,25,-283,-912,56922,6280,556,63758,26.44%,29.61%,
105/03/07,-329,0,414,85,57553,6255,839,64647,26.73%,30.02%,
105/03/04,100,-158,-60,-118,57873,6255,425,64553,26.88%,29.98%,
105/03/03,81,-1,-114,-34,57774,6413,485,64672,26.83%,30.03%,
105/03/02,-254,-337,5,-586,57693,6414,599,64706,26.80%,30.05%,
105/03/01,-265,0,71,-194,57947,6751,594,65292,26.91%,30.31%,
105/02/26,167,30,-53,144,58212,6751,523,65486,27.04%,30.41%,
105/02/25,44,30,106,180,58045,6721,576,65342,26.96%,30.34%,
105/02/24,284,-300,-25,-41,58001,6691,470,65162,26.94%,30.26%,
105/02/23,-5,-440,0,-445,57717,6991,495,65203,26.81%,30.28%,
105/02/22,313,0,-23,290,57722,7431,495,65648,26.81%,30.48%,
105/02/19,-49,4,-58,-103,57454,7431,518,65403,26.69%,30.37%,
105/02/18,-86,-50,-56,-192,57503,7427,576,65506,26.71%,30.42%,
105/02/17,-306,-160,-72,-538,57589,7477,632,65698,26.75%,30.51%,
105/02/16,-810,206,-86,-690,57895,7637,704,66236,26.89%,30.75%,
105/02/15,559,249,607,1415,58693,7431,790,66914,27.26%,31.07%,
105/02/03,-330,-99,35,-394,58134,7182,183,65499,27.00%,30.41%,
105/02/02,80,-40,-47,-7,58526,7281,148,65955,27.18%,30.62%,
105/02/01,-142,-47,-11,-200,58446,7321,195,65962,27.15%,30.63%,
105/01/30,0,71,-20,51,58588,7368,206,66162,27.21%,30.72%,
105/01/29,594,-184,-160,250,58588,7297,226,66111,27.21%,30.70%,
105/01/28,94,315,179,588,58014,7482,386,65882,26.95%,30.60%,
105/01/27,199,-140,22,81,57920,7167,207,65294,26.90%,30.32%,
105/01/26,79,-11,-31,37,57721,7307,185,65213,26.81%,30.28%,
105/01/25,307,0,38,345,57642,7318,216,65176,26.77%,30.26%,
105/01/22,-134,0,-224,-358,57335,7318,178,64831,26.63%,30.10%,
105/01/21,541,69,258,868,57470,7318,402,65190,26.69%,30.27%,
105/01/20,410,-1,-447,-38,56883,7249,144,64276,26.42%,29.85%,
105/01/19,206,121,232,559,56473,7250,591,64314,26.23%,29.86%,
105/01/18,152,116,-39,229,56267,7129,359,63755,26.13%,29.60%,
105/01/15,83,-1,-44,38,56115,7013,398,63526,26.06%,29.49%,
105/01/14,85,0,-156,-71,56097,7014,442,63553,26.06%,29.51%,
105/01/13,100,-101,-42,-43,56247,7014,598,63859,26.12%,29.65%,
105/01/12,138,0,-11,127,56187,7115,640,63942,26.10%,29.69%,
105/01/11,348,-420,-57,-129,56049,7115,651,63815,26.03%,29.63%,
105/01/08,458,-480,4,-18,55701,7535,708,63944,25.87%,29.69%,
105/01/07,309,-430,-126,-247,55244,8015,704,63963,25.66%,29.70%,
105/01/06,133,-46,16,103,54856,8445,830,64131,25.48%,29.78%,
105/01/05,477,8,90,575,54723,8491,814,64028,25.42%,29.73%,
105/01/04,397,-3,80,474,54192,8483,724,63399,25.17%,29.44%,
104/12/31,113,-21,-22,70,53776,8486,644,62906,24.98%,29.21%,
104/12/30,313,0,-96,217,53663,8285,666,62614,24.92%,29.07%,
104/12/29,604,-19,113,698,53193,8285,762,62240,24.71%,28.90%,
104/12/28,622,-17,38,643,52589,8304,649,61542,24.43%,28.58%,
104/12/25,80,0,-5,75,51967,8321,611,60899,24.14%,28.28%,
104/12/24,-12,220,-48,160,51887,8321,616,60824,24.10%,28.24%,
104/12/23,1253,60,4,1317,51899,8101,664,60664,24.10%,28.16%,
104/12/22,712,0,44,756,50601,8041,660,59302,23.50%,27.53%,
104/12/21,416,-100,10,326,49889,8041,616,58546,23.17%,27.18%,
104/12/18,-51,-1,-40,-92,49473,8141,606,58220,22.98%,27.03%,
104/12/17,-145,-50,-105,-300,49531,8142,646,58319,23.00%,27.07%,
104/12/16,-64,0,299,235,49676,8192,751,58619,23.07%,27.21%,
104/12/15,-83,-42,-49,-174,49740,8192,452,58384,23.10%,27.11%,
104/12/14,53,153,4,210,49754,8234,501,58489,23.11%,27.16%,
104/12/11,-6,500,20,514,49700,8081,497,58278,23.08%,27.05%,
104/12/10,-273,-195,-43,-511,49749,7581,477,57807,23.11%,26.84%,
104/12/09,-220,204,-4,-20,50022,7776,520,58318,23.23%,27.07%,
104/12/08,712,-30,-10,672,50242,7572,524,58338,23.33%,27.08%,
104/12/07,505,21,-8,518,49530,7602,534,57666,23.00%,26.77%,
104/12/04,97,-78,-362,-343,49025,7581,542,57148,22.77%,26.53%,
104/12/03,-7,0,248,241,48878,7659,904,57441,22.70%,26.67%,
104/12/02,-21,0,-73,-94,48884,7659,656,57199,22.70%,26.56%,
104/12/01,-636,0,-188,-824,48905,7659,729,57293,22.71%,26.60%,
104/11/30,654,0,-72,582,49541,7659,917,58117,23.01%,26.99%,
104/11/27,248,0,-55,193,48866,7659,989,57514,22.70%,26.71%,
104/11/26,322,0,-99,223,48639,7659,1044,57342,22.59%,26.63%,
104/11/25,258,0,-59,199,48392,7659,1143,57194,22.48%,26.57%,
104/11/24,531,0,-202,329,48134,7659,1202,56995,22.36%,26.47%,
104/11/23,-80,0,-392,-472,47603,7659,1404,56666,22.11%,26.32%,
104/11/20,301,0,186,487,47717,7659,1796,57172,22.16%,26.55%,
104/11/19,147,0,206,353,47406,7659,1610,56675,22.02%,26.32%,
104/11/18,-327,7,-890,-1210,47259,7659,1404,56322,21.95%,26.16%,
104/11/17,1403,-78,632,1957,47587,7652,2294,57533,22.10%,26.72%,
104/11/16,405,0,34,439,46184,7730,1662,55576,21.45%,25.81%,
104/11/13,163,0,135,298,45801,7730,1628,55159,21.27%,25.61%,
104/11/12,194,0,-136,58,45638,7730,1493,54861,21.20%,25.48%,
104/11/11,29,0,111,140,45444,7730,1629,54803,21.11%,25.45%,
104/11/10,1218,-10,235,1443,45415,7730,1518,54663,21.09%,25.38%,
104/11/09,117,120,-240,-3,44197,7739,1283,53219,20.53%,24.72%,
104/11/06,369,613,138,1120,43965,7619,1523,53107,20.42%,24.66%,
104/11/05,529,0,-152,377,43595,7007,1385,51987,20.25%,24.15%,
104/11/04,1356,326,-385,1297,43070,7007,1537,51614,20.00%,23.97%,
104/11/03,1155,0,-968,187,41702,6681,1922,50305,19.37%,23.36%,
104/11/02,2243,40,1134,3417,40526,6681,2890,50097,18.82%,23.26%,
104/10/30,317,433,262,1012,38274,6641,1756,46671,17.77%,21.67%,
104/10/29,118,0,23,141,37947,6208,1494,45649,17.62%,21.19%,
104/10/28,-86,0,-413,-499,37829,6208,1471,45508,17.57%,21.13%,
104/10/27,118,-10,860,968,37905,6208,1884,45997,17.60%,21.36%,
104/10/26,48,-5,16,59,37934,6218,1024,45176,17.62%,20.98%,
104/10/23,-314,-1,-493,-808,37886,6223,1008,45117,17.59%,20.95%,
104/10/22,323,0,606,929,38199,6224,1501,45924,17.74%,21.33%,
104/10/21,138,0,-28,110,37856,6224,895,44975,17.58%,20.88%,
104/10/20,126,0,58,184,37718,6224,923,44865,17.52%,20.84%,
104/10/19,-271,0,22,-249,37592,6224,865,44681,17.46%,20.75%,
104/10/16,42,-70,-33,-61,37863,6224,843,44930,17.58%,20.86%,
104/10/15,62,0,-81,-19,37693,6294,876,44863,17.51%,20.84%,
104/10/14,-132,0,-57,-189,37631,6294,957,44882,17.48%,20.85%,
104/10/13,-165,-127,282,-10,37753,6294,1014,45061,17.53%,20.92%,
104/10/12,61,-178,-44,-161,37918,6421,732,45071,17.61%,20.93%,
104/10/08,-876,-80,-372,-1328,37857,6599,776,45232,17.58%,21.00%,
104/10/07,-608,-100,108,-600,38821,6679,1148,46648,18.03%,21.66%,
104/10/06,-1029,0,-159,-1188,39429,6779,1040,47248,18.31%,21.94%,
104/10/05,-1247,68,566,-613,40459,6779,1199,48437,18.79%,22.49%,
104/10/02,75,4,-91,-12,41706,6711,633,49050,19.37%,22.78%,
104/10/01,68,0,77,145,40974,6707,724,48405,19.69%,23.14%,
104/09/30,471,0,117,588,40906,6707,647,48260,19.66%,23.07%,
104/09/25,327,-80,-18,229,40435,6960,530,47925,19.44%,22.92%,
104/09/24,522,-7,-29,486,40167,7040,548,47755,19.31%,22.83%,
104/09/23,469,-147,-148,174,39645,7047,577,47269,19.06%,22.60%,
104/09/22,-763,-507,-136,-1406,39176,7194,725,47095,18.83%,22.51%,
104/09/21,21,-476,-299,-754,39939,7701,861,48501,19.20%,23.17%,
104/09/18,867,-361,102,608,39918,8177,1160,49255,19.19%,23.52%,
104/09/17,506,-300,-55,151,38917,8538,1058,48513,18.71%,23.16%,
104/09/16,207,0,-82,125,38366,8838,1113,48317,18.44%,23.06%,
104/09/15,-257,129,-252,-380,38109,8838,1195,48142,18.32%,22.98%,
104/09/14,70,0,399,469,38366,8709,1447,48522,18.44%,23.15%,
104/09/11,231,360,-3,588,38296,8709,1048,48053,18.41%,22.94%,
104/09/10,204,0,-85,119,38065,8349,1051,47465,18.30%,22.66%,
104/09/09,351,0,96,447,37861,8349,1136,47346,18.20%,22.60%,
104/09/08,316,-1,75,390,37510,8349,1040,46899,18.03%,22.39%,
104/09/07,385,-49,384,720,37194,8350,965,46509,17.88%,22.20%,
104/09/04,257,-82,-142,33,36809,8399,581,45789,17.69%,21.86%,
104/09/03,729,164,-193,700,36539,8481,723,45743,17.56%,21.83%,
104/09/02,-81,200,307,426,35823,8317,916,45056,17.22%,21.51%,
104/09/01,136,29,-202,-37,35904,8117,609,44630,17.26%,21.31%,
104/08/31,478,20,527,1025,35758,8088,811,44657,17.19%,21.32%,
104/08/28,47,479,4,530,35280,8068,284,43632,16.96%,20.84%,
104/08/27,-696,508,-173,-361,35278,7589,280,43147,16.96%,20.61%,
104/08/26,-8,10,212,214,35974,7081,453,43508,17.29%,20.91%,
104/08/25,-338,416,88,166,36134,7071,241,43446,17.37%,20.89%,
104/08/24,-54,245,-37,154,36472,6655,153,43280,17.53%,20.80%,
104/08/21,-65,545,-17,463,36526,6410,190,43126,17.56%,20.73%,
104/08/20,338,627,-23,942,36693,5865,207,42765,17.64%,20.56%,
104/08/19,-156,-178,28,-306,36355,5238,230,41823,17.47%,20.10%,
104/08/18,75,200,-50,225,36511,5416,202,42129,17.55%,20.25%,
104/08/17,-304,200,-47,-151,36436,5216,252,41904,17.51%,20.14%,
104/08/14,173,25,-45,153,36740,5016,299,42055,17.66%,20.22%,
104/08/13,-214,142,39,-33,36567,4991,344,41902,17.58%,20.15%,
104/08/12,91,200,-31,260,36713,4849,305,41867,17.65%,20.13%,
104/08/11,-214,160,-131,-185,36598,4649,336,41583,17.59%,19.99%,
104/08/10,374,217,436,1027,36812,4489,467,41768,17.69%,20.07%,
104/08/07,278,-218,-14,46,36438,4272,31,40741,17.51%,19.58%,
104/08/06,-1317,233,-114,-1198,36160,4490,45,40695,17.38%,19.56%,
104/08/05,19,326,33,378,37300,4257,159,41716,17.93%,20.05%,
104/08/04,-1063,25,-91,-1129,37281,3931,126,41338,17.92%,19.87%,
104/08/03,-506,29,-51,-528,38299,3906,217,42422,18.41%,20.39%,
104/07/31,-706,622,84,0,38805,3877,268,42950,18.65%,20.64%,
104/07/30,466,0,60,526,39511,3255,184,42950,18.99%,20.64%,
104/07/29,-26,-34,-3,-63,39045,3255,124,42424,18.77%,20.39%,
104/07/28,738,3,24,765,39071,3289,127,42487,18.78%,20.42%,
104/07/27,394,0,-309,85,38333,3286,103,41722,18.43%,20.06%,
104/07/24,-93,-118,-30,-241,37939,3286,412,41637,18.24%,20.02%,
104/07/23,-335,0,-16,-351,38032,3404,442,41878,18.28%,20.13%,
104/07/22,-17,35,13,31,38367,3404,458,42229,18.44%,20.30%,
104/07/21,108,0,-27,81,38384,3369,445,42198,18.45%,20.28%,
104/07/20,57,-153,52,-44,38276,3369,472,42117,18.40%,20.25%,
104/07/17,324,132,17,473,38219,3522,420,42161,18.37%,20.27%,
104/07/16,-409,-250,-5,-664,37905,3390,403,41698,18.22%,20.04%,
104/07/15,110,2,-27,85,38304,3640,408,42352,18.41%,20.36%,
104/07/14,-213,25,31,-157,38194,3638,435,42267,18.36%,20.32%,
104/07/13,-112,45,-13,-80,38406,3613,404,42423,18.46%,20.39%,
104/07/09,857,-70,-108,679,38518,3568,417,42503,18.51%,20.43%,
104/07/08,-1090,0,-212,-1302,37673,3638,525,41836,18.11%,20.11%,
104/07/07,497,-150,-60,287,38753,3638,737,43128,18.63%,20.73%,
104/07/06,-775,-50,-213,-1038,38256,3788,797,42841,18.39%,20.59%,
104/07/03,182,-100,137,219,39031,3838,1010,43879,18.76%,21.09%,
104/07/02,-212,-275,20,-467,38849,3938,873,43660,18.67%,20.98%,
104/07/01,88,-150,118,56,39062,4213,853,44128,18.78%,21.22%,
104/06/30,651,-357,-97,197,38974,4363,735,44072,18.73%,21.18%,
104/06/29,-149,0,-200,-349,38323,5780,832,44935,18.42%,21.60%,
104/06/26,194,-210,-500,-516,38471,5780,1032,45283,18.49%,21.77%,
104/06/25,-358,0,-208,-566,38277,5990,1532,45799,18.40%,22.02%,
104/06/24,-118,150,434,466,38635,5990,1740,46365,18.57%,22.29%,
104/06/23,-252,50,-53,-255,38770,5840,1306,45916,18.64%,22.08%,
104/06/22,-318,-2,-33,-353,39023,5790,1359,46172,18.76%,22.20%,
104/06/18,564,0,253,817,39341,5792,1392,46525,18.91%,22.36%,
104/06/17,43,0,44,87,38776,5792,1139,45707,18.64%,21.97%,
104/06/16,122,-55,-105,-38,38733,5792,1095,45620,18.62%,21.93%,
104/06/15,573,0,115,688,38693,5847,1200,45740,18.60%,21.99%,
104/06/12,2875,0,-639,2236,38120,5847,1085,45052,18.32%,21.65%,
104/06/11,-125,150,217,242,35277,5847,1724,42848,16.96%,20.60%,
104/06/10,164,0,180,344,35431,5697,1507,42635,17.03%,20.49%,
104/06/09,-687,307,-150,-530,35267,5697,1327,42291,16.95%,20.33%,
104/06/08,572,-30,258,800,35954,5390,1477,42821,17.28%,20.58%,
104/06/05,759,27,-528,258,35382,5420,1219,42021,17.01%,20.20%,
104/06/04,-923,251,341,-331,34623,5393,1747,41763,16.64%,20.07%,
104/06/03,2682,190,-605,2267,35546,5142,1406,42094,17.09%,20.24%,
104/06/02,2611,80,1133,3824,32842,4952,2011,39805,15.79%,19.14%,
104/06/01,740,0,-73,667,30234,4872,878,35984,14.53%,17.30%,
104/05/29,-50,0,-366,-416,29494,4872,951,35317,14.18%,16.98%,
104/05/28,208,0,478,686,29541,4872,1317,35730,14.20%,17.18%,
104/05/27,156,0,-88,68,29333,4872,839,35044,14.10%,16.85%,
104/05/26,229,70,-324,-25,29177,4872,927,34976,14.02%,16.81%,
104/05/25,-144,0,359,215,28948,4802,1251,35001,13.91%,16.82%,
104/05/22,435,0,-36,399,29082,4802,892,34776,13.98%,16.72%,
104/05/21,-53,0,-378,-431,28647,4802,928,34377,13.77%,16.53%,
104/05/20,-42,0,482,440,28700,4802,1306,34808,13.79%,16.73%,
104/05/19,57,0,209,266,28730,4802,824,34356,13.81%,16.52%,
104/05/18,-112,-70,-37,-219,28652,4802,615,34069,13.77%,16.38%,
104/05/15,-146,0,60,-86,28764,4872,652,34288,13.82%,16.48%,
104/05/14,155,0,-81,74,28910,4872,592,34374,13.89%,16.52%,
104/05/13,36,0,-63,-27,29018,4872,673,34563,13.95%,16.62%,
104/05/12,-387,0,-28,-415,28982,4872,736,34590,13.93%,16.63%,
104/05/11,52,0,-97,-45,29354,4872,764,34990,14.11%,16.82%,
104/05/08,-52,0,-14,-66,29190,4872,861,34923,14.03%,16.79%,
104/05/07,145,-110,66,101,29206,4872,875,34953,14.04%,16.81%,
104/05/06,283,0,-75,208,29340,4982,809,35131,14.12%,16.91%,
104/05/05,45,0,-52,-7,29062,4982,884,34928,13.99%,16.81%,
104/05/04,60,146,-129,77,29081,4982,936,34999,14.00%,16.85%,
104/04/30,176,0,-180,-4,29013,4836,1065,34914,13.97%,16.81%,
104/04/29,170,0,-24,146,28772,4836,1245,34853,13.85%,16.78%,
104/04/28,1,-285,-204,-488,28619,4836,1269,34724,13.78%,16.72%,
104/04/27,-410,-50,212,-248,28602,5121,1473,35196,13.77%,16.95%,
104/04/24,-228,0,244,16,28960,5171,1261,35392,13.94%,17.04%,
104/04/23,-54,-120,51,-123,29186,5171,1017,35374,14.05%,17.03%,
104/04/22,117,0,-36,81,29217,5291,966,35474,14.06%,17.07%,
104/04/21,68,-29,-97,-58,29023,5291,1002,35316,13.97%,17.00%,
104/04/20,56,0,49,105,28954,5320,1099,35373,13.94%,17.03%,
104/04/17,-115,0,-23,-138,28898,5320,1051,35269,13.91%,16.98%,
104/04/16,-98,0,32,-66,29071,5320,1074,35465,13.99%,17.07%,
104/04/15,-74,-2,-47,-123,29169,5320,1042,35531,14.04%,17.10%,
104/04/14,39,-209,7,-163,29212,5322,1089,35623,14.06%,17.15%,
104/04/13,-219,-200,-6,-425,29173,5531,1082,35786,14.04%,17.22%,
104/04/10,72,49,-118,3,29392,5731,1088,36211,14.15%,17.43%,
104/04/09,23,0,-252,-229,29315,5682,1206,36203,14.11%,17.43%,
104/04/08,-204,498,-316,-22,29276,5682,1458,36416,14.09%,17.53%,
104/04/07,-165,0,547,382,29480,5184,1774,36438,14.19%,17.54%,
104/04/02,-429,40,-95,-484,29645,5184,1227,36056,14.27%,17.36%,
104/04/01,58,207,172,437,30074,5144,1322,36540,14.48%,17.59%,
104/03/31,15,14,-75,-46,30016,4937,1150,36103,14.45%,17.38%,
104/03/30,-41,83,-3,39,30001,5121,1225,36347,14.44%,17.50%,
104/03/27,562,0,-152,410,30042,5038,1228,36308,14.46%,17.48%,
104/03/26,301,-317,31,15,29480,5038,1380,35898,14.19%,17.28%,
104/03/25,280,0,6,286,29179,5355,1349,35883,14.05%,17.28%,
104/03/24,-54,0,25,-29,28899,5355,1343,35597,13.91%,17.14%,
104/03/23,518,0,-11,507,28954,5355,1318,35627,13.94%,17.15%,
104/03/20,-179,-1,16,-164,28436,5355,1329,35120,13.69%,16.91%,
104/03/19,519,349,74,942,28615,5356,1313,35284,13.77%,16.98%,
104/03/18,141,0,34,175,28096,5007,1239,34342,13.52%,16.53%,
104/03/17,494,20,60,574,28050,5007,1205,34262,13.50%,16.49%,
104/03/16,55,-14,-104,-63,27556,4987,1145,33688,13.26%,16.21%,
104/03/13,389,0,-456,-67,27501,5001,1249,33751,13.24%,16.25%,
104/03/12,1004,40,632,1676,27024,5001,1705,33730,13.01%,16.24%,
104/03/11,544,0,7,551,25997,4961,1073,32031,12.51%,15.42%,
104/03/10,159,104,80,343,25453,4961,1066,31480,12.25%,15.15%,
104/03/09,170,25,-77,118,25316,4857,986,31159,12.19%,15.00%,
104/03/06,571,3,-336,238,25150,4832,1063,31045,12.11%,14.95%,
104/03/05,50,149,39,238,24605,4829,1399,30833,11.84%,14.84%,
104/03/04,95,55,-155,-5,24575,4680,1360,30615,11.83%,14.74%,
104/03/03,19,0,-58,-39,24688,4625,1515,30828,11.88%,14.84%,
104/03/02,-135,-50,271,86,24669,4625,1573,30867,11.87%,14.85%,
104/02/26,200,-1,54,253,24648,4675,1302,30625,11.86%,14.74%,
104/02/25,338,0,-25,313,24448,4676,1248,30372,11.77%,14.62%,
104/02/24,-59,0,127,68,24255,4676,1273,30204,11.67%,14.53%,
104/02/13,249,-2,-94,153,24313,4676,1146,30135,11.70%,14.50%,
104/02/12,-42,0,-9,-51,24074,4678,1240,29992,11.59%,14.44%,
104/02/11,61,0,-30,31,24028,4678,1249,29955,11.57%,14.42%,
104/02/10,-26,0,-4,-30,24073,4678,1279,30030,11.59%,14.46%,
104/02/09,-156,-3,-106,-265,24099,4678,1283,30060,11.60%,14.47%,
104/02/06,61,0,-567,-506,24173,4681,1389,30243,11.63%,14.55%,
104/02/05,26,0,481,507,24100,4681,1956,30737,11.60%,14.80%,
104/02/04,175,0,207,382,24045,4681,1475,30201,11.57%,14.53%,
104/02/03,283,63,-34,312,23866,4681,1268,29815,11.49%,14.35%,
104/02/02,-28,0,-18,-46,23583,4618,1302,29503,11.35%,14.20%,
104/01/30,36,-3,0,33,23611,4618,1320,29549,11.36%,14.22%,
104/01/29,139,0,-214,-75,23575,4621,1320,29516,11.35%,14.21%,
104/01/28,22,0,275,297,23436,4621,1534,29591,11.28%,14.24%,
104/01/27,135,0,-19,116,23401,4621,1259,29281,11.26%,14.09%,
104/01/26,0,0,-46,-46,23266,4621,1278,29165,11.20%,14.04%,
104/01/23,-16,0,-166,-182,23266,4621,1324,29211,11.20%,14.06%,
104/01/22,-39,-8,76,29,23388,4621,1490,29499,11.26%,14.20%,
104/01/21,-9,0,-9,-18,23388,4629,1414,29431,11.26%,14.17%,
104/01/20,192,0,-14,178,23397,4629,1423,29449,11.26%,14.17%,
104/01/19,-119,0,-58,-177,23223,4629,1437,29289,11.18%,14.10%,
104/01/16,-92,0,-71,-163,23342,4629,1495,29466,11.23%,14.18%,
104/01/15,-86,0,10,-76,23434,4629,1566,29629,11.28%,14.26%,
104/01/14,62,0,-58,4,23668,4629,1556,29853,11.39%,14.37%,
104/01/13,-14,0,-11,-25,23606,4629,1614,29849,11.36%,14.37%,
104/01/12,-232,-12,-216,-460,23642,4629,1625,29896,11.38%,14.39%,
104/01/09,-58,0,411,353,23915,4641,1841,30397,11.51%,14.63%,
104/01/08,78,0,-10,68,23973,4641,1430,30044,11.54%,14.46%,
104/01/07,77,0,-4,73,23895,4641,1440,29976,11.50%,14.43%,
104/01/06,180,0,20,200,23818,4641,1444,29903,11.46%,14.39%,
104/01/05,204,0,6,210,23638,4641,1424,29703,11.38%,14.30%,
