日期,外資買賣超,投信買賣超,自營商買賣超,單日合計買賣超,外資估計持股,投信估計持股,自營商估計持股,單日合計估計持股,外資持股比重,三大法人持股比重,
107/03/31,-446,0,-1472,-1918,3092528,47115,51273,3190916,31.07%,32.06%,
107/03/30,26788,0,2666,29454,3092975,47115,52745,3192835,31.07%,32.07%,
107/03/29,-19041,0,-1183,-20224,3066187,47115,50079,3163381,30.80%,31.78%,
107/03/28,-7405,0,-413,-7818,3087228,47115,51262,3185605,31.02%,32.01%,
107/03/27,-4883,-1,-881,-5765,3097559,47115,51675,3196349,31.12%,32.11%,
107/03/26,-14854,0,350,-14504,3102441,47116,52556,3202113,31.17%,32.17%,
107/03/23,-6711,0,-776,-7487,3116848,47116,52206,3216170,31.31%,32.31%,
107/03/22,-8695,0,-2843,-11538,3126059,47116,52982,3226157,31.41%,32.42%,
107/03/21,-27908,0,-1126,-29034,3133082,47116,55825,3236023,31.48%,32.51%,
107/03/20,-430,0,4546,4116,3155539,47116,56951,3259606,31.70%,32.75%,
107/03/19,-9192,-56,2406,-6842,3162097,47116,52405,3261618,31.77%,32.77%,
107/03/16,-124,-33,-591,-748,3173349,47172,49999,3270520,31.88%,32.86%,
107/03/15,5987,-5000,-770,217,3172627,47205,50590,3270422,31.87%,32.85%,
107/03/14,-6451,0,1201,-5250,3166167,52205,51360,3269732,31.81%,32.85%,
107/03/13,-11266,0,183,-11083,3172519,52205,50159,3274883,31.87%,32.90%,
107/03/12,-5664,5,-1992,-7651,3182085,52205,49976,3284266,31.97%,33.00%,
107/03/09,-27374,1,-924,-28297,3186458,52200,51968,3290626,32.01%,33.06%,
107/03/08,-3533,0,5497,1964,3216232,52199,52892,3321323,32.31%,33.37%,
107/03/07,-19685,0,780,-18905,3216766,52199,47395,3316360,32.32%,33.32%,
107/03/06,-4600,0,-985,-5585,3239691,52199,46615,3338505,32.55%,33.54%,
107/03/05,-9632,0,810,-8822,3244491,52199,47600,3344290,32.60%,33.60%,
107/03/02,-14937,0,-737,-15674,3257678,52199,46790,3356667,32.73%,33.72%,
107/03/01,-19386,0,350,-19036,3269780,52199,47527,3369506,32.85%,33.85%,
107/02/27,-1159,-1,-116,-1276,3279816,52199,47177,3379192,32.95%,33.95%,
107/02/26,-16371,0,-1375,-17746,3283537,52200,47293,3383030,32.99%,33.99%,
107/02/23,-12282,0,1519,-10763,3299908,52200,48668,3400776,33.15%,34.16%,
107/02/22,-31593,-800,-1336,-33729,3315121,52200,47149,3414470,33.31%,34.31%,
107/02/21,-57247,0,-637,-57884,3340174,53000,48485,3441659,33.56%,34.58%,
107/02/12,-37681,-27,-1346,-39054,3396365,53000,49122,3498487,34.12%,35.15%,
107/02/09,-25643,0,-1619,-27262,3452147,53027,50468,3555642,34.68%,35.72%,
107/02/08,-13317,0,6227,-7090,3477982,53027,52087,3583096,34.94%,36.00%,
107/02/07,1210,-1,1391,2600,3491477,53027,45860,3590364,35.08%,36.07%,
107/02/06,-26374,0,-6736,-33110,3476522,53028,44469,3574019,34.93%,35.91%,
107/02/05,-8958,0,-2225,-11183,3518896,53028,51205,3623129,35.35%,36.40%,
107/02/02,-793,0,2085,1292,3538275,53028,53430,3644733,35.55%,36.62%,
107/02/01,-24139,0,-796,-24935,3538989,53028,51345,3643362,35.56%,36.61%,
107/01/31,-10064,-126,858,-9332,3566208,53028,52141,3671377,35.83%,36.89%,
107/01/30,-19258,-112,-3009,-22379,3596094,53154,51283,3700531,36.13%,37.18%,
107/01/29,-3368,0,-4273,-7641,3615489,53266,54292,3723047,36.32%,37.40%,
107/01/26,28585,-596,534,28523,3620843,53266,58565,3732674,36.38%,37.50%,
107/01/25,36180,-13,-2876,33291,3607298,53862,58031,3719191,36.24%,37.36%,
107/01/24,29099,4851,-1640,32310,3579576,53875,60907,3694358,35.96%,37.11%,
107/01/23,618,0,-10407,-9789,3549265,49024,62547,3660836,35.66%,36.78%,
107/01/22,26942,-200,14872,41614,3558132,49024,72954,3680110,35.75%,36.98%,
107/01/19,26828,-180,2336,28984,3537469,49224,58082,3644775,35.54%,36.62%,
107/01/18,50083,0,-3391,46692,3512567,49404,55746,3617717,35.29%,36.35%,
107/01/17,90966,0,-11590,79376,3462485,49404,59137,3571026,34.79%,35.88%,
107/01/16,71123,-4,15851,86970,3376286,49404,70727,3496417,33.92%,35.13%,
107/01/15,8219,-5,-3708,4506,3304963,49408,54876,3409247,33.20%,34.25%,
107/01/12,44418,0,13953,58371,3295444,49413,58584,3403441,33.11%,34.20%,
107/01/11,519,0,-103,416,3251046,49413,44631,3345090,32.66%,33.60%,
107/01/10,-8974,0,455,-8519,3257008,49413,44734,3351155,32.72%,33.67%,
107/01/09,-21900,0,-72,-21972,3266879,49413,44279,3360571,32.82%,33.76%,
107/01/08,5342,0,97,5439,3296879,49413,44351,3390643,33.12%,34.06%,
107/01/05,-3829,0,-961,-4790,3291537,49413,44254,3385204,33.07%,34.01%,
107/01/04,-26778,0,1540,-25238,3296983,49413,45215,3391611,33.12%,34.07%,
107/01/03,-2904,0,347,-2557,3322662,49413,43675,3415750,33.38%,34.32%,
107/01/02,6270,0,63,6333,3325281,49413,43328,3418022,33.41%,34.34%,
106/12/29,-14055,0,-549,-14604,3316812,49413,43265,3409490,33.32%,34.25%,
106/12/28,-9204,6,1636,-7562,3329889,47606,43814,3421309,33.45%,34.37%,
106/12/27,4266,-1,47,4312,3339493,47600,42178,3429271,33.55%,34.45%,
106/12/26,-3478,-1,-408,-3887,3347577,47601,42131,3437309,33.63%,34.53%,
106/12/25,992,0,-114,878,3352338,47602,42539,3442479,33.68%,34.59%,
106/12/22,1165,0,350,1515,3351346,47602,42653,3441601,33.67%,34.58%,
106/12/21,5880,0,-1443,4437,3350884,47602,42303,3440789,33.67%,34.57%,
106/12/20,-5171,76,-1796,-6891,3346190,47602,43746,3437538,33.62%,34.54%,
106/12/19,-17239,0,-171,-17410,3350434,47526,45542,3443502,33.66%,34.60%,
106/12/18,-5330,424,-204,-5110,3368674,47526,45713,3461913,33.84%,34.78%,
106/12/15,-6684,653,-1019,-7050,3374177,47102,45917,3467196,33.90%,34.83%,
106/12/14,-6257,0,-185,-6442,3380861,46449,46936,3474246,33.97%,34.91%,
106/12/13,-7956,0,-213,-8169,3387118,46449,47121,3480688,34.03%,34.97%,
106/12/12,-13440,0,-610,-14050,3394061,46449,47334,3487844,34.10%,35.04%,
106/12/11,2133,0,1196,3329,3407758,46449,47944,3502151,34.24%,35.19%,
106/12/08,-19135,0,-1280,-20415,3405136,46449,46748,3498333,34.21%,35.15%,
106/12/07,-58941,-3,-3040,-61984,3431279,46449,48028,3525756,34.47%,35.42%,
106/12/06,-8579,13,-2162,-10728,3476506,46452,51068,3574026,34.93%,35.91%,
106/12/05,3595,0,-959,2636,3517886,46439,53230,3617555,35.34%,36.34%,
106/12/04,-3064,0,2771,-293,3522071,46439,54189,3622699,35.39%,36.40%,
106/12/01,-9545,9,-887,-10423,3523124,46439,51418,3620981,35.40%,36.38%,
106/11/30,-17158,-11,-2533,-19702,3531669,46430,52305,3630404,35.48%,36.47%,
106/11/29,-10661,-16,1157,-9520,3547688,46441,54838,3648967,35.64%,36.66%,
106/11/28,305,0,950,1255,3560769,46457,53681,3660907,35.77%,36.78%,
106/11/27,-14050,0,-7488,-21538,3558138,46457,52731,3657326,35.75%,36.75%,
106/11/24,-20247,0,710,-19537,3568463,46457,60219,3675139,35.85%,36.92%,
106/11/23,-941,-13,-8069,-9023,3588434,46457,59509,3694400,36.05%,37.11%,
106/11/22,12446,0,15130,27576,3598917,46470,67578,3712965,36.16%,37.31%,
106/11/21,9204,0,404,9608,3585521,46470,52448,3684439,36.02%,37.01%,
106/11/20,-1160,0,-41,-1201,3575509,46470,52044,3674023,35.92%,36.91%,
106/11/17,-10061,-8,-1219,-11288,3575169,46470,52085,3673724,35.92%,36.91%,
106/11/16,-6380,0,1295,-5085,3584130,46478,53304,3683912,36.01%,37.01%,
106/11/15,-3079,0,-1372,-4451,3594821,46478,52009,3693308,36.12%,37.11%,
106/11/14,5607,0,-1158,4449,3597900,46478,53381,3697759,36.15%,37.15%,
106/11/13,1380,-3,469,1846,3593143,46478,54539,3694160,36.10%,37.12%,
106/11/10,-11734,0,-168,-11902,3590560,46481,54070,3691111,36.07%,37.08%,
106/11/09,-3327,0,1489,-1838,3602294,46481,54238,3703013,36.19%,37.20%,
106/11/08,-7095,-1245,-636,-8976,3605631,46481,52749,3704861,36.22%,37.22%,
106/11/07,-15374,0,-258,-15632,3611727,47726,53385,3712838,36.29%,37.31%,
106/11/06,-8140,0,-398,-8538,3626602,47726,53643,3727971,36.44%,37.46%,
106/11/03,-8665,0,1766,-6899,3637399,47726,54041,3739166,36.54%,37.56%,
106/11/02,-33175,0,-965,-34140,3648594,47726,52275,3748595,36.66%,37.66%,
106/11/01,-6590,-750,1929,-5411,3683268,47726,53240,3784234,37.01%,38.02%,
106/10/31,-34659,2,-2742,-37399,3689868,48476,51311,3789655,37.07%,38.07%,
106/10/30,-8251,-1,-376,-8628,3722386,48474,54053,3824913,37.40%,38.43%,
106/10/27,-18172,-468,-5796,-24436,3730397,48475,54429,3833301,37.48%,38.51%,
106/10/26,-42824,0,787,-42037,3749569,48943,60225,3858737,37.67%,38.77%,
106/10/25,-14384,0,2557,-11827,3782247,48943,59438,3890628,38.00%,39.09%,
106/10/24,-36571,-980,-394,-37945,3795183,48943,56881,3901007,38.13%,39.19%,
106/10/23,-14855,-5,-3501,-18361,3831838,49923,57275,3939036,38.50%,39.58%,
106/10/20,12595,0,-2500,10095,3846693,49928,60776,3957397,38.65%,39.76%,
106/10/19,3547,-82,3588,7053,3834098,49928,63276,3947302,38.52%,39.66%,
106/10/18,-12143,0,-4655,-16798,3830551,50010,59688,3940249,38.48%,39.58%,
106/10/17,1135,0,-1899,-764,3842898,50010,64343,3957251,38.61%,39.76%,
106/10/16,-20618,0,-130,-20748,3841763,50010,66242,3958015,38.60%,39.77%,
106/10/13,-7425,0,428,-6997,3862649,50010,66372,3979031,38.81%,39.98%,
106/10/12,-25208,0,-444,-25652,3870094,50010,65944,3986048,38.88%,40.05%,
106/10/11,-17019,-10,-3209,-20238,3891324,50010,66388,4007722,39.10%,40.27%,
106/10/06,-10503,0,-846,-11349,3907343,50020,69597,4026960,39.26%,40.46%,
106/10/05,-9259,0,1406,-7853,3922598,50020,70443,4043061,39.41%,40.62%,
106/10/03,-24535,4,-2666,-27197,3935858,50020,69037,4054915,39.54%,40.74%,
106/10/02,13336,0,2002,15338,3958009,50016,71703,4079728,39.77%,40.99%,
106/09/30,-155,0,-2048,-2203,3928974,50016,69701,4048691,39.47%,40.67%,
106/09/29,-3641,-4,1980,-1665,3929129,55398,71749,4056276,39.48%,40.76%,
106/09/28,-20202,0,-2465,-22667,3927520,55402,69769,4052691,39.46%,40.72%,
106/09/27,-3358,0,1529,-1829,3956789,55402,72234,4084425,39.75%,41.03%,
106/09/26,-6167,0,-5290,-11457,3964734,55402,70705,4090841,39.83%,41.10%,
106/09/25,-3012,0,-5940,-8952,3963561,55402,75995,4094958,39.82%,41.14%,
106/09/22,5239,0,-10087,-4848,3963224,55402,81935,4100561,39.82%,41.20%,
106/09/21,128,0,-117,11,3961485,55402,92022,4108909,39.80%,41.28%,
106/09/20,-12266,0,-3270,-15536,3963055,55402,92139,4110596,39.82%,41.30%,
106/09/19,-47735,872,-18436,-65299,3970821,55402,95409,4121632,39.89%,41.41%,
106/09/18,3488,107,40065,43660,4018556,54530,113845,4186931,40.37%,42.06%,
106/09/15,14124,42,-1115,13051,4015058,54423,73780,4143261,40.34%,41.63%,
106/09/14,-11935,13,-713,-12635,4000847,54381,74895,4130123,40.20%,41.50%,
106/09/13,10704,13,2189,12906,4013015,54368,75608,4142991,40.32%,41.63%,
106/09/12,-13020,165,452,-12403,4011712,54355,73419,4139486,40.31%,41.59%,
106/09/11,-19997,0,-10675,-30672,4030732,54190,72967,4157889,40.50%,41.78%,
106/09/08,9296,-38,11412,20670,4050492,54190,83642,4188324,40.69%,42.07%,
106/09/07,-3907,87,-3127,-6947,4039378,54228,72230,4165836,40.58%,41.85%,
106/09/06,-17995,0,-6992,-24987,4047042,54141,75357,4176540,40.66%,41.96%,
106/09/05,3287,4,3741,7032,4072654,54141,82349,4209144,40.92%,42.29%,
106/09/04,-821,0,-2760,-3581,4073368,54137,78608,4206113,40.92%,42.25%,
106/09/01,-10848,-602,-2911,-14361,4065181,54137,81368,4200686,40.84%,42.20%,
106/08/31,-9332,1,-4687,-14018,4081900,54739,84279,4220918,41.01%,42.41%,
106/08/30,9390,0,15108,24498,4114881,54738,88966,4258585,41.34%,42.78%,
106/08/29,-10673,-12,-3697,-14382,4105091,54738,73858,4233687,41.24%,42.53%,
106/08/28,5345,161,2049,7555,4126264,54750,77555,4258569,41.46%,42.79%,
106/08/25,13202,13,-2603,10612,4121265,54589,75506,4251360,41.41%,42.72%,
106/08/24,-3253,-47,165,-3135,4112715,54576,78109,4245400,41.32%,42.65%,
106/08/23,-1084,-40,-6418,-7542,4100232,54623,77944,4232799,41.19%,42.52%,
106/08/22,18412,1323,5177,24912,4094316,54663,84362,4233341,41.14%,42.54%,
106/08/21,9810,451,4790,15051,4076184,53340,79185,4208709,40.95%,42.28%,
106/08/18,-12759,-6,-2374,-15139,4066848,52889,74395,4194132,40.86%,42.14%,
106/08/17,-10466,0,3261,-7205,4079426,52895,76769,4209090,40.99%,42.29%,
106/08/16,-3439,71,-1370,-4738,4089792,52895,73508,4216195,41.09%,42.36%,
106/08/15,-5021,15,2974,-2032,4099231,52824,74878,4226933,41.18%,42.46%,
106/08/14,-1284,-4,-9965,-11253,4098352,52809,71904,4223065,41.18%,42.43%,
106/08/11,2990,-5,6970,9955,4095986,52813,81869,4230668,41.15%,42.50%,
106/08/10,8686,36,-2639,6083,4079496,52818,74899,4207213,40.99%,42.27%,
106/08/09,-25088,89,-13381,-38380,4060474,52782,77538,4190794,40.80%,42.11%,
106/08/08,-11167,25,820,-10322,4084142,52693,90919,4227754,41.03%,42.47%,
106/08/07,-12507,46,-3800,-16261,4095149,52668,90099,4237916,41.14%,42.57%,
106/08/04,-5036,0,3736,-1300,4094256,52622,93899,4240777,41.13%,42.60%,
106/08/03,-14923,17,-5045,-19951,4098292,52622,90163,4241077,41.18%,42.61%,
106/08/02,-9480,12,-709,-10177,4113468,52605,95208,4261281,41.33%,42.82%,
106/08/01,-15252,-1066,1260,-15058,4110643,52593,95917,4259153,41.30%,42.79%,
106/07/31,-5996,16,1915,-4065,4122534,53659,94657,4270850,41.42%,42.91%,
106/07/28,-21962,2,-7801,-29761,4123291,53643,92742,4269676,41.43%,42.90%,
106/07/27,-29150,-365,3064,-26451,4133190,53641,100543,4287374,41.53%,43.08%,
106/07/26,-34618,-901,-5062,-40581,4143769,54006,97479,4295254,41.63%,43.15%,
106/07/25,7138,-200,5608,12546,4171166,54907,102541,4328614,41.91%,43.49%,
106/07/24,-1206,-100,3288,1982,4152004,55107,96933,4304044,41.71%,43.24%,
106/07/21,-8605,-7283,3230,-12658,4130112,55207,93645,4278964,41.50%,43.00%,
106/07/20,-59862,-2307,-14683,-76852,4127046,62490,90415,4279951,41.46%,43.00%,
106/07/19,-1890,-80,-1175,-3145,4107069,64797,105098,4276964,41.26%,42.97%,
106/07/18,7261,-2708,11182,15735,4108921,64877,106273,4280071,41.28%,43.00%,
106/07/17,5484,-310,-1554,3620,4101261,67585,95091,4263937,41.21%,42.84%,
106/07/14,3429,-8420,1610,-3381,4095776,67895,96645,4260316,41.15%,42.80%,
106/07/13,-40856,-2273,-7000,-50129,4079928,76315,95035,4251278,40.99%,42.71%,
106/07/12,-5788,281,-2129,-7636,4065675,78588,102035,4246298,40.85%,42.66%,
106/07/11,17635,438,1936,20009,4084969,78307,104164,4267440,41.04%,42.87%,
106/07/10,10088,-1039,859,9908,4074511,77869,102228,4254608,40.94%,42.75%,
106/07/07,1961,85,-4926,-2880,4078283,78908,101369,4258560,40.97%,42.78%,
106/07/06,-12041,-133,-3371,-15545,4069161,78823,106295,4254279,40.88%,42.74%,
106/07/05,4807,-265,3828,8370,4082638,78956,109666,4271260,41.02%,42.92%,
106/07/04,2427,-1467,-8015,-7055,4095431,79221,105838,4280490,41.15%,43.01%,
106/07/03,13378,-589,941,13730,4114142,80688,113853,4308683,41.33%,43.28%,
106/06/30,41131,-3492,-722,36917,4100978,81277,112912,4295167,41.20%,43.15%,
106/06/29,11682,-705,-6321,4656,4058647,79905,113634,4252186,40.78%,42.72%,
106/06/28,-7650,700,-4237,-11187,4062047,80610,119955,4262612,40.81%,42.83%,
106/06/27,-809,2331,-13493,-11971,4074132,79910,124192,4278234,40.93%,42.98%,
106/06/26,21200,758,13527,35485,4103447,77579,137685,4318711,41.23%,43.39%,
106/06/23,16273,750,34,17057,4083030,76821,124158,4284009,41.02%,43.04%,
106/06/22,17359,5666,-14779,8246,4074332,76071,124124,4274527,40.93%,42.94%,
106/06/21,26607,369,27071,54047,4049271,70405,138903,4258579,40.68%,42.78%,
106/06/20,17418,-27,-931,16460,4021814,70036,111832,4203682,40.41%,42.24%,
106/06/19,11975,-554,-1227,10194,4002038,70063,112763,4184864,40.21%,42.05%,
106/06/16,-7989,13002,5454,10467,3983950,70617,113990,4168557,40.03%,41.88%,
106/06/15,12023,5045,5645,22713,4013156,57615,108536,4179307,40.32%,41.99%,
106/06/14,8255,-1244,-3726,3285,4005661,52570,102891,4161122,40.24%,41.80%,
106/06/13,-13630,-105,-1814,-15549,3996533,53814,106617,4156964,40.15%,41.76%,
106/06/12,7993,-505,1492,8980,3995952,53919,108431,4158302,40.15%,41.78%,
106/06/09,-1570,-6094,-6228,-13892,3987721,54424,106939,4149084,40.06%,41.68%,
106/06/08,-14679,-1276,-1146,-17101,3977714,60518,113167,4151399,39.96%,41.71%,
106/06/07,29838,-5014,-4225,20599,3997030,61794,114313,4173137,40.16%,41.93%,
106/06/06,1226,1248,2334,4808,3968962,66808,118538,4154308,39.88%,41.74%,
106/06/05,12913,824,14196,27933,3967062,65560,116204,4148826,39.86%,41.69%,
106/06/03,-435,-14,993,544,3954940,64736,102008,4121684,39.73%,41.41%,
106/06/02,16928,63,-283,16708,3955614,64750,101015,4121379,39.74%,41.41%,
106/06/01,823,250,981,2054,3939425,64687,101298,4105410,39.58%,41.25%,
106/05/31,9428,58,1854,11340,3940177,64437,100317,4104931,39.59%,41.25%,
106/05/26,6760,95,-3167,3688,3924131,64379,98463,4086973,39.43%,41.07%,
106/05/25,4435,-478,-855,3102,3905640,64284,101630,4071554,39.24%,40.91%,
106/05/24,22826,-396,-3072,19358,3897576,64762,102485,4064823,39.16%,40.84%,
106/05/23,26946,0,2832,29778,3878952,65158,105557,4049667,38.97%,40.69%,
106/05/22,-13621,296,-4005,-17330,3857639,65158,102725,4025522,38.76%,40.45%,
106/05/19,-2693,-424,10666,7549,3874089,64862,106730,4045681,38.92%,40.64%,
106/05/18,5273,-11,1329,6591,3873982,65286,96064,4035332,38.92%,40.54%,
106/05/17,-6923,0,-6445,-13368,3870699,65297,94735,4030731,38.89%,40.50%,
106/05/16,-8283,1143,5513,-1627,3875809,65297,101180,4042286,38.94%,40.61%,
106/05/15,-14282,390,1389,-12503,3881752,64154,95667,4041573,39.00%,40.61%,
106/05/12,-35822,-275,4537,-31560,3926034,63764,94278,4084076,39.44%,41.03%,
106/05/11,-72951,-833,-19371,-93155,3941429,64039,89741,4095209,39.60%,41.15%,
106/05/10,-20227,-264,5806,-14685,3952624,64872,109112,4126608,39.71%,41.46%,
106/05/09,-26717,-3894,-6937,-37548,3962850,65136,103306,4131292,39.81%,41.50%,
106/05/08,-4910,-3612,-9403,-17925,3948566,69030,110243,4127839,39.67%,41.47%,
106/05/05,-12731,0,-3615,-16346,3957829,72642,119646,4150117,39.76%,41.69%,
106/05/04,-1673,679,7362,6368,3970414,72642,123261,4166317,39.89%,41.86%,
106/05/03,-6180,4543,-343,-1980,3960761,71963,115899,4148623,39.79%,41.68%,
106/05/02,14347,-990,1486,14843,3978584,67420,116242,4162246,39.97%,41.82%,
106/04/28,-7995,-718,-7382,-16095,3959237,68410,114756,4142403,39.78%,41.62%,
106/04/27,-34483,3,-161,-34641,3966748,69128,122138,4158014,39.85%,41.77%,
106/04/26,6308,4,-3658,2654,3999931,69125,122299,4191355,40.19%,42.11%,
106/04/25,21364,-1779,11964,31549,3988623,69121,125957,4183701,40.07%,42.03%,
106/04/24,4440,-1359,-1390,1691,3968151,70900,113993,4153044,39.87%,41.73%,
106/04/21,-6377,-2047,1109,-7315,3962180,72259,115383,4149822,39.81%,41.70%,
106/04/20,1983,3,-3301,-1315,3968107,74306,114274,4156687,39.87%,41.76%,
106/04/19,-1699,703,-3046,-4042,3969598,74303,117575,4161476,39.88%,41.81%,
106/04/18,32848,282,-5273,27857,3971794,73600,120621,4166015,39.90%,41.85%,
106/04/17,-7070,5423,8911,7264,3938462,73318,125894,4137674,39.57%,41.57%,
106/04/14,20700,288,3022,24010,3965114,67895,116983,4149992,39.84%,41.70%,
106/04/13,-19998,2858,-11413,-28553,3944333,67607,113961,4125901,39.63%,41.45%,
106/04/12,10597,500,25292,36389,3972724,64749,125374,4162847,39.91%,41.82%,
106/04/11,-11772,0,-8852,-20624,3961906,64249,100082,4126237,39.80%,41.45%,
106/04/10,-13685,1181,21681,9177,3973478,64249,108934,4146661,39.92%,41.66%,
106/04/07,-7377,5,8945,1573,3986642,63068,87253,4136963,40.05%,41.56%,
106/04/06,-13095,0,-912,-14007,3993686,63063,78309,4135058,40.12%,41.54%,
106/04/05,3176,0,-3667,-491,4006632,63063,79221,4148916,40.25%,41.68%,
106/03/31,-9656,0,-2565,-12221,4003456,63063,82888,4149407,40.22%,41.69%,
106/03/30,-20766,750,-1611,-21627,4013111,68109,85453,4166673,40.32%,41.86%,
106/03/29,-4215,0,20765,16550,4033778,67359,87064,4188201,40.53%,42.08%,
106/03/28,2445,-1030,-369,1046,4031712,67359,66299,4165370,40.51%,41.85%,
106/03/27,5276,-989,-36,4251,4029267,68389,66668,4164324,40.48%,41.84%,
106/03/24,-6123,-10997,-1821,-18941,4024410,69378,66704,4160492,40.43%,41.80%,
106/03/23,-3862,-980,-281,-5123,4037663,80375,68525,4186563,40.57%,42.07%,
106/03/22,-6055,0,340,-5715,4041525,81355,68806,4191686,40.60%,42.11%,
106/03/21,2850,-1018,1670,3502,4047580,81355,68466,4197401,40.67%,42.18%,
106/03/20,-2542,-1020,1273,-2289,4039729,82373,66796,4188898,40.59%,42.09%,
106/03/17,3156,17,-708,2465,4035771,83393,65523,4184687,40.55%,42.05%,
106/03/16,6840,0,288,7128,4032615,83376,66231,4182222,40.52%,42.02%,
106/03/15,1863,-1000,-2436,-1573,4025775,83376,65943,4175094,40.45%,41.95%,
106/03/14,7869,-737,3911,11043,4023446,84376,68379,4176201,40.42%,41.95%,
106/03/13,-3188,0,-2548,-5736,4015567,85113,64468,4165148,40.34%,41.84%,
106/03/10,2020,-1133,-7895,-7008,4018755,85113,67016,4170884,40.38%,41.91%,
106/03/09,-6313,0,839,-5474,4015985,86246,74911,4177142,40.35%,41.97%,
106/03/08,-7533,0,-60,-7593,4022236,86246,74072,4182554,40.41%,42.02%,
106/03/07,10760,515,164,11439,4029669,86246,74132,4190047,40.49%,42.10%,
106/03/06,-3690,-2173,869,-4994,4018879,85731,73968,4178578,40.38%,41.98%,
106/03/03,10712,-996,-2064,7652,4022537,87904,73099,4183540,40.41%,42.03%,
106/03/02,8407,-478,-1213,6716,4011825,88900,75163,4175888,40.31%,41.96%,
106/03/01,-23033,916,-2380,-24497,4003417,89378,76376,4169171,40.22%,41.89%,
106/02/24,16648,-110,-294,16244,4026450,88462,78756,4193668,40.45%,42.13%,
106/02/23,1128,-6638,-6749,-12259,4009802,88572,79050,4177424,40.29%,41.97%,
106/02/22,-15338,555,12038,-2745,4008674,95210,85799,4189683,40.27%,42.09%,
106/02/21,3456,-1656,2706,4506,4024653,94655,73761,4193069,40.44%,42.13%,
106/02/20,2540,-320,-2292,-72,4021197,96311,71055,4188563,40.40%,42.08%,
106/02/18,-776,-1714,332,-2158,4018489,96631,73347,4188467,40.37%,42.08%,
106/02/17,-8929,-427,-2388,-11744,4019265,98345,73015,4190625,40.38%,42.10%,
106/02/16,16815,-1000,-956,14859,4028194,98772,75403,4202369,40.47%,42.22%,
106/02/15,12086,-6519,974,6541,4011301,99772,76359,4187432,40.30%,42.07%,
106/02/14,-2863,-6497,-1897,-11257,3999216,106291,75385,4180892,40.18%,42.01%,
106/02/13,-51104,-7824,-11592,-70520,4002510,112788,77282,4192580,40.21%,42.12%,
106/02/10,-13848,-678,1495,-13031,4053196,120612,88874,4262682,40.72%,42.82%,
106/02/09,17797,-2831,-2138,12828,4066923,121290,87379,4275592,40.86%,42.96%,
106/02/08,-8331,-13677,-12240,-34248,4049126,124121,89517,4262764,40.68%,42.83%,
106/02/07,2709,-2612,-5150,-5053,4057454,137798,101757,4297009,40.76%,43.17%,
106/02/06,-9235,2375,8971,2111,4054400,140410,106907,4301717,40.73%,43.22%,
106/02/03,-15197,3677,-6701,-18221,4063534,138035,97936,4299505,40.83%,43.20%,
106/02/02,34375,4020,11293,49688,4078508,134358,104637,4317503,40.98%,43.38%,
106/01/24,16794,-541,-1849,14404,4044933,130338,93343,4268614,40.64%,42.89%,
106/01/23,-3005,445,97,-2463,4027765,130879,95192,4253836,40.47%,42.74%,
106/01/20,3288,86,-438,2936,4030362,130434,95095,4255891,40.49%,42.76%,
106/01/19,5291,10801,-8261,7831,4027228,130348,95533,4253109,40.46%,42.73%,
106/01/18,11730,820,16542,29092,4021557,119546,103794,4244897,40.40%,42.64%,
106/01/17,4447,2005,82,6534,4012666,118726,87252,4218644,40.31%,42.38%,
106/01/16,-1638,2614,-8962,-7986,4008220,116721,87170,4212111,40.27%,42.32%,
106/01/13,21129,2949,6332,30410,4009858,114107,96132,4220097,40.29%,42.40%,
106/01/12,10898,5202,6009,22109,3988729,111158,89800,4189687,40.07%,42.09%,
106/01/11,658,1325,401,2384,3977831,105956,83791,4167578,39.96%,41.87%,
106/01/10,11518,3929,-1262,14185,3977172,104631,83390,4165193,39.96%,41.85%,
106/01/09,-6649,12150,-4013,1488,3965654,100702,84652,4151008,39.84%,41.70%,
106/01/06,1104,11552,1803,14459,3972303,88552,88665,4149520,39.91%,41.69%,
106/01/05,21679,5291,10614,37584,3969699,77000,86862,4133561,39.88%,41.53%,
106/01/04,3394,11516,-1675,13235,3948020,71709,76248,4095977,39.67%,41.16%,
106/01/03,16302,4708,10370,31380,3944626,60193,77923,4082742,39.63%,41.02%,
105/12/30,5932,648,-76,6504,3928324,55485,67553,4051362,39.47%,40.71%,
105/12/29,3334,0,-1417,1917,3922392,54837,67629,4044858,39.41%,40.64%,
105/12/28,6012,0,2387,8399,3921099,54837,69046,4044982,39.39%,40.63%,
105/12/27,1170,0,102,1272,3915087,54837,66659,4036583,39.33%,40.55%,
105/12/26,-224,0,-206,-430,3913907,54837,66557,4035301,39.32%,40.54%,
105/12/23,-2581,868,187,-1526,3914131,54837,66763,4035731,39.32%,40.54%,
105/12/22,-5638,9620,3560,7542,3915198,53969,66576,4035743,39.34%,40.55%,
105/12/21,-1199,5239,6771,10811,3920836,44349,63016,4028201,39.39%,40.47%,
105/12/20,4423,0,2220,6643,3922251,39110,56245,4017606,39.41%,40.37%,
105/12/19,4574,0,-3368,1206,3917171,39110,54025,4010306,39.36%,40.30%,
105/12/16,6516,-3,1914,8427,3912071,39110,57393,4008574,39.30%,40.27%,
105/12/15,14556,0,7358,21914,3905555,39113,55479,4000147,39.24%,40.19%,
105/12/14,9401,0,-2022,7379,3890999,39113,48121,3978233,39.09%,39.97%,
105/12/13,-2973,0,588,-2385,3881598,39113,50143,3970854,39.00%,39.90%,
105/12/12,8122,0,205,8327,3884571,39113,49555,3973239,39.03%,39.92%,
105/12/09,-355,0,-369,-724,3876449,39113,49350,3964912,38.95%,39.84%,
105/12/08,12022,677,-7556,5143,3876804,39113,49719,3965636,38.95%,39.84%,
105/12/07,5547,0,12651,18198,3864782,38436,57275,3960493,38.83%,39.79%,
105/12/06,14586,0,350,14936,3859235,38436,44624,3942295,38.77%,39.60%,
105/12/05,-6494,0,856,-5638,3844725,38436,44274,3927435,38.63%,39.46%,
105/12/02,-6683,0,-2426,-9109,3851218,38436,43418,3933072,38.69%,39.51%,
105/12/01,2306,-940,586,1952,3857901,38436,45844,3942181,38.76%,39.61%,
105/11/30,6920,1,-588,6333,3855595,39376,45258,3940229,38.74%,39.59%,
105/11/29,-16444,-2707,3651,-15500,3848675,39375,45846,3933896,38.67%,39.53%,
105/11/28,-4776,0,880,-3896,3865043,42082,42195,3949320,38.83%,39.68%,
105/11/25,-6392,0,39,-6353,3869819,42082,41316,3953217,38.88%,39.72%,
105/11/24,-2104,0,-1462,-3566,3876211,42082,41277,3959570,38.94%,39.78%,
105/11/23,-2253,0,766,-1487,3878315,42082,42739,3963136,38.96%,39.81%,
105/11/22,-15257,0,-4099,-19356,3880568,42082,41973,3964623,38.99%,39.83%,
105/11/21,-7187,0,6336,-851,3895825,42082,46072,3983979,39.14%,40.03%,
105/11/18,-8823,1,-608,-9430,3903012,42082,39736,3984830,39.21%,40.03%,
105/11/17,-2721,0,311,-2410,3911835,42081,40344,3994260,39.30%,40.13%,
105/11/16,-7422,0,-1751,-9173,3914578,42081,40033,3996692,39.33%,40.16%,
105/11/15,-676,0,3025,2349,3928037,42081,41784,4011902,39.46%,40.30%,
105/11/14,-7195,0,-80,-7275,3928713,42081,38759,4009553,39.47%,40.28%,
105/11/11,5069,0,-1655,3414,3944622,42081,38839,4025542,39.63%,40.44%,
105/11/10,1920,250,1674,3844,3939578,42081,40494,4022153,39.58%,40.41%,
105/11/09,-7395,0,-2680,-10075,3937658,41831,38820,4018309,39.56%,40.37%,
105/11/08,15978,300,854,17132,3945053,41831,41500,4028384,39.63%,40.47%,
105/11/07,7220,0,-2626,4594,3929075,41531,40646,4011252,39.47%,40.30%,
105/11/04,5116,402,3080,8598,3921855,41531,43272,4006658,39.40%,40.25%,
105/11/03,4650,983,-1092,4541,3918529,41129,40192,3999850,39.37%,40.19%,
105/11/02,23858,1620,-1440,24038,3916879,40146,41284,3998309,39.35%,40.17%,
105/11/01,26415,-3,3528,29940,3893021,38526,42724,3974271,39.11%,39.93%,
105/10/31,-18983,0,203,-18780,3866606,38529,39196,3944331,38.85%,39.63%,
105/10/28,-6281,0,-1620,-7901,3885589,38529,38993,3963111,39.04%,39.82%,
105/10/27,-6131,0,-1968,-8099,3891870,38529,40613,3971012,39.10%,39.90%,
105/10/26,12220,0,-1319,10901,3898001,38529,42581,3979111,39.16%,39.97%,
105/10/25,18191,0,2361,20552,3884135,38529,43900,3966564,39.02%,39.85%,
105/10/24,-1022,0,802,-220,3860944,38529,41539,3941012,38.79%,39.59%,
105/10/21,6114,-21,3083,9176,3861966,38529,40737,3941232,38.80%,39.60%,
105/10/20,-2788,-7,81,-2714,3855419,38550,37654,3931623,38.73%,39.50%,
105/10/19,8883,0,587,9470,3857277,38557,37573,3933407,38.75%,39.51%,
105/10/18,-3212,-2089,85,-5216,3848696,38557,36986,3924239,38.67%,39.43%,
105/10/17,-6801,0,18,-6783,3851519,40646,36901,3929066,38.70%,39.48%,
105/10/14,-1166,0,-520,-1686,3858320,40646,36883,3935849,38.76%,39.54%,
105/10/13,-5117,2,-3716,-8831,3844488,40646,37403,3922537,38.62%,39.40%,
105/10/12,4125,0,-6132,-2007,3849605,40644,41119,3931368,38.68%,39.50%,
105/10/11,-6859,3,-6985,-13841,3845480,40644,47251,3933375,38.63%,39.51%,
105/10/07,-24898,0,673,-24225,3852339,40641,54236,3947216,38.70%,39.65%,
105/10/06,-7654,0,3285,-4369,3877237,40641,53563,3971441,38.95%,39.90%,
105/10/05,-466,0,-47,-513,3884891,40641,50278,3975810,39.03%,39.94%,
105/10/04,-1041,0,-3700,-4741,3869913,40641,50325,3960879,38.88%,39.79%,
105/10/03,-18650,0,11229,-7421,3870955,40641,54025,3965621,38.89%,39.84%,
105/09/30,-7390,115,-1065,-8340,3889049,40641,42796,3972486,39.07%,39.91%,
105/09/29,4388,0,-116,4272,3892171,55353,43861,3991385,39.10%,40.10%,
105/09/26,-6958,-68,-1627,-8653,3887784,55353,43977,3987114,39.06%,40.06%,
105/09/23,-2804,0,608,-2196,3907398,55421,45604,4008423,39.26%,40.28%,
105/09/22,3527,0,-5466,-1939,3910159,55421,44996,4010576,39.28%,40.29%,
105/09/21,-1323,0,2294,971,3906632,55421,50462,4012515,39.25%,40.31%,
105/09/20,875,0,3997,4872,3907955,55421,48168,4011544,39.26%,40.30%,
105/09/19,-1662,0,713,-949,3907080,55421,44171,4006672,39.25%,40.25%,
105/09/14,-2809,113,-1492,-4188,3908742,55421,43458,4007621,39.27%,40.26%,
105/09/13,-6606,1,1815,-4790,3911551,55308,44950,4011809,39.30%,40.31%,
105/09/12,-45126,0,-54,-45180,3917940,55307,43135,4016382,39.36%,40.35%,
105/09/10,-18769,0,-2081,-20850,3983228,55307,43189,4081724,40.02%,41.01%,
105/09/09,-9828,2,-1155,-10981,4001997,55307,45270,4102574,40.21%,41.22%,
105/09/08,-20578,-10,2996,-17592,4011826,55305,46425,4113556,40.31%,41.33%,
105/09/07,1574,18,-30,1562,4031732,55315,43429,4130476,40.51%,41.50%,
105/09/06,-2843,0,7146,4303,4029508,55297,43459,4128264,40.48%,41.47%,
105/09/05,11856,-6,3111,14961,4032401,55297,36313,4124011,40.51%,41.43%,
105/09/02,6977,11,-1218,5770,4020111,55303,33202,4108616,40.39%,41.28%,
105/09/01,-2550,-2318,-1733,-6601,4013117,55292,34420,4102829,40.32%,41.22%,
105/08/31,-12690,0,-3810,-16500,4015726,57610,36153,4109489,40.35%,41.29%,
105/08/30,-4111,56,130,-3925,4029193,57610,39963,4126766,40.48%,41.46%,
105/08/29,-2312,-477,-8050,-10839,4033304,57554,39833,4130691,40.52%,41.50%,
105/08/26,-3560,5,-600,-4155,4035616,58031,47883,4141530,40.54%,41.60%,
105/08/25,8162,50,-476,7736,4039177,58026,48483,4145686,40.58%,41.65%,
105/08/24,-1475,-7006,-3707,-12188,4031014,57976,48959,4137949,40.50%,41.57%,
105/08/23,2980,-3,-5046,-2069,4032489,64982,52666,4150137,40.51%,41.69%,
105/08/22,-2371,-1977,-878,-5226,4029509,64985,57712,4152206,40.48%,41.71%,
105/08/19,-611,522,14927,14838,4031902,66962,58590,4157454,40.51%,41.77%,
105/08/18,6226,-579,4612,10259,4032512,66440,43663,4142615,40.51%,41.62%,
105/08/17,-8725,-625,-3005,-12355,4026286,67019,39051,4132356,40.45%,41.52%,
105/08/16,2873,167,5168,8208,4035011,67644,42056,4144711,40.54%,41.64%,
105/08/15,12233,-271,-1508,10454,4032138,67477,36888,4136503,40.51%,41.56%,
105/08/12,10041,-7004,73,3110,4014905,67748,38396,4121049,40.34%,41.41%,
105/08/11,12578,-7625,-1781,3172,3993707,74752,38323,4106782,40.12%,41.26%,
105/08/10,7287,0,-2170,5117,3978129,82377,40104,4100610,39.97%,41.20%,
105/08/09,2784,0,-716,2068,3970842,82377,42274,4095493,39.89%,41.14%,
105/08/08,11857,-5,-3846,8006,3968058,82377,42990,4093425,39.87%,41.13%,
105/08/05,9328,-3,-2105,7220,3953201,82382,46836,4082419,39.72%,41.02%,
105/08/04,6359,-956,7044,12447,3943874,82385,48941,4075200,39.62%,40.94%,
105/08/03,-8973,-1432,1606,-8799,3937494,83341,41897,4062732,39.56%,40.82%,
105/08/02,-2033,-3009,202,-4840,3946467,84773,40291,4071531,39.65%,40.91%,
105/08/01,31138,1,-1956,29183,3962042,87782,40089,4089913,39.81%,41.09%,
105/07/29,-23381,-143,-2646,-26170,3932403,87781,42045,4062229,39.51%,40.81%,
105/07/28,-22492,9430,-2669,-15731,3957294,87924,44691,4089909,39.76%,41.09%,
105/07/27,7778,699,4151,12628,3978669,78494,47360,4104523,39.97%,41.23%,
105/07/26,11872,118,946,12936,3970891,77795,43209,4091895,39.89%,41.11%,
105/07/25,1318,557,-6530,-4655,3937179,77677,42263,4057119,39.56%,40.77%,
105/07/22,15142,718,-7536,8324,3933688,77120,48793,4059601,39.52%,40.79%,
105/07/21,24627,2996,12941,40564,3911964,76402,56329,4044695,39.30%,40.63%,
105/07/20,12008,1683,-8390,5301,3885684,73406,43388,4002478,39.04%,40.21%,
105/07/19,49520,558,10810,60888,3871129,71723,51778,3994630,38.89%,40.13%,
105/07/18,10858,0,2781,13639,3821489,71165,40968,3933622,38.39%,39.52%,
105/07/15,8787,0,-2639,6148,3807893,71165,38187,3917245,38.26%,39.36%,
105/07/14,2641,-2,47,2686,3798934,71165,40826,3910925,38.17%,39.30%,
105/07/13,-10915,0,364,-10551,3795799,71167,40779,3907745,38.13%,39.25%,
105/07/12,3057,0,-3349,-292,3806693,71167,40415,3918275,38.24%,39.36%,
105/07/11,-18091,0,1303,-16788,3796957,71167,43764,3911888,38.15%,39.30%,
105/07/07,7007,-1527,5352,10832,3817247,71167,42461,3930875,38.35%,39.49%,
105/07/06,-6640,-451,-949,-8040,3810240,72694,37109,3920043,38.28%,39.38%,
105/07/05,7271,344,-1965,5650,3816508,73145,38058,3927711,38.34%,39.46%,
105/07/04,9751,-1200,4775,13326,3813141,72801,40023,3925965,38.31%,39.44%,
105/07/01,1317,1700,-6605,-3588,3802804,74001,35248,3912053,38.21%,39.31%,
105/06/30,19663,16609,8505,44777,3800862,72301,41853,3915016,38.19%,39.34%,
105/06/29,59878,1700,7428,69006,3807976,59803,33348,3901127,38.26%,39.20%,
105/06/28,-11162,2503,1387,-7272,3747903,58103,25920,3831926,37.65%,38.49%,
105/06/27,-2128,1979,537,388,3758689,55600,24533,3838822,37.76%,38.57%,
105/06/24,-5519,938,-1055,-5636,3760462,53621,23996,3838079,37.78%,38.56%,
105/06/23,-4492,1000,81,-3411,3773732,52683,25051,3851466,37.91%,38.69%,
105/06/22,3702,0,352,4054,3777978,51683,24970,3854631,37.96%,38.73%,
105/06/21,7620,-100,-152,7368,3774288,51683,24618,3850589,37.92%,38.69%,
105/06/20,-89,-824,816,-97,3762997,51783,24770,3839550,37.81%,38.58%,
105/06/17,-6148,-5336,378,-11106,3762856,52607,23954,3839417,37.80%,38.57%,
105/06/16,-10095,-1793,-460,-12348,3769712,57943,23576,3851231,37.87%,38.69%,
105/06/15,-13716,-441,-1168,-15325,3791693,59736,24036,3875465,38.09%,38.93%,
105/06/14,-7833,0,8,-7825,3806076,60177,25204,3891457,38.24%,39.10%,
105/06/13,-10685,0,-901,-11586,3814435,60177,25196,3899808,38.32%,39.18%,
105/06/08,-9189,-247,-835,-10271,3823752,60177,26097,3910026,38.42%,39.29%,
105/06/07,-6184,0,103,-6081,3833441,60424,26932,3920797,38.51%,39.39%,
105/06/06,8849,0,1702,10551,3837383,60424,26829,3924636,38.55%,39.43%,
105/06/04,1526,-50,-249,1227,3834670,60424,25127,3920221,38.53%,39.39%,
105/06/03,-3124,0,-2276,-5400,3833644,60474,25376,3919494,38.51%,39.37%,
105/06/02,-3182,0,-2666,-5848,3837972,60474,27652,3926098,38.56%,39.45%,
105/06/01,12276,0,6263,18539,3840297,60474,30318,3931089,38.58%,39.49%,
105/05/31,3311,-1879,20,1452,3828497,60474,24055,3913026,38.46%,39.31%,
105/05/30,-10202,0,345,-9857,3824564,62353,24035,3910952,38.42%,39.29%,
105/05/27,3446,0,698,4144,3825366,62353,23690,3911409,38.43%,39.29%,
105/05/26,2864,-2,-181,2681,3807467,62353,22992,3892812,38.25%,39.11%,
105/05/25,-10265,0,-821,-11086,3804603,62355,23173,3890131,38.22%,39.08%,
105/05/24,-25964,0,-1208,-27172,3811558,62355,23994,3897907,38.29%,39.16%,
105/05/23,-6460,2658,3741,-61,3832706,62355,25202,3920263,38.50%,39.38%,
105/05/20,-19132,3010,378,-15744,3840193,59697,21461,3921351,38.58%,39.40%,
105/05/19,-11809,126,-377,-12060,3859049,56687,21083,3936819,38.77%,39.55%,
105/05/18,-17215,0,359,-16856,3873397,56561,21460,3951418,38.91%,39.69%,
105/05/17,-17644,0,372,-17272,3890347,56561,21101,3968009,39.08%,39.86%,
105/05/16,-4042,0,-296,-4338,3906762,56561,20729,3984052,39.25%,40.03%,
105/05/13,-15220,0,-835,-16055,3911828,56561,21025,3989414,39.30%,40.08%,
105/05/12,-410,0,308,-102,3926148,56561,21860,4004569,39.44%,40.23%,
105/05/11,-5710,0,24,-5686,3926782,56561,21552,4004895,39.45%,40.23%,
105/05/10,-2798,-4,-162,-2964,3929687,56561,21528,4007776,39.48%,40.26%,
105/05/09,-2368,0,339,-2029,3933401,56565,21690,4011656,39.52%,40.31%,
105/05/06,-14120,0,84,-14036,3936144,56565,21351,4014060,39.54%,40.32%,
105/05/05,-708,0,548,-160,3950002,56565,21267,4027834,39.68%,40.46%,
105/05/04,-8809,-800,-650,-10259,3949466,56565,20719,4026750,39.68%,40.46%,
105/05/03,-9829,-32,524,-9337,3961068,57365,21369,4039802,39.79%,40.58%,
105/04/29,2767,0,343,3110,3969458,57397,20845,4047700,39.88%,40.67%,
105/04/28,-4259,0,-2314,-6573,3957191,57397,20502,4035090,39.76%,40.54%,
105/04/27,-2838,0,-1685,-4523,3961450,57397,22816,4041663,39.80%,40.61%,
105/04/26,-5183,-893,-191,-6267,3965302,57397,24501,4047200,39.84%,40.66%,
105/04/25,-3936,0,-2340,-6276,3954884,58290,24692,4037866,39.73%,40.56%,
105/04/22,-1948,0,-1832,-3780,3958820,58290,27032,4044142,39.77%,40.63%,
105/04/21,-1878,0,72,-1806,3961245,58290,28864,4048399,39.80%,40.68%,
105/04/20,2804,1,-1764,1041,3962919,58290,28792,4050001,39.81%,40.68%,
105/04/19,-1068,0,-2643,-3711,3966226,58289,30556,4055071,39.85%,40.74%,
105/04/18,-4283,0,2906,-1377,3966706,58289,33199,4058194,39.85%,40.77%,
105/04/15,4361,-185,-157,4019,3987604,58289,30293,4076186,40.06%,40.95%,
105/04/14,10095,0,4261,14356,3985428,58474,30450,4074352,40.04%,40.93%,
105/04/13,17818,-93,72,17797,3977247,58474,26189,4061910,39.96%,40.81%,
105/04/12,5705,-7,-1597,4101,3959337,58567,26117,4044021,39.78%,40.63%,
105/04/11,17089,0,-5030,12059,3953632,58574,27714,4039920,39.72%,40.59%,
105/04/08,19629,0,5527,25156,3934880,58574,32744,4026198,39.53%,40.45%,
105/04/07,1866,0,-2786,-920,3914127,58574,27217,3999918,39.32%,40.18%,
105/04/06,-9881,-110,-804,-10795,3911115,58574,30003,3999692,39.29%,40.18%,
105/04/01,3688,0,-3298,390,3919405,58684,30807,4008896,39.38%,40.28%,
105/03/31,5486,300,-4366,1420,3914253,58684,34105,4007042,39.32%,40.25%,
105/03/30,-529,-32,87,-474,3915591,64203,38471,4018265,39.34%,40.37%,
105/03/29,-12449,1391,-7954,-19012,3913936,64235,38384,4016555,39.32%,40.35%,
105/03/28,5846,0,10245,16091,3918405,62844,46338,4027587,39.37%,40.47%,
105/03/25,2088,0,-780,1308,3908039,62844,36093,4006976,39.26%,40.25%,
105/03/24,5507,0,-3314,2193,3906038,62844,36873,4005755,39.24%,40.24%,
105/03/23,-10597,0,2015,-8582,3899642,62844,40187,4002673,39.18%,40.22%,
105/03/22,8398,0,-1801,6597,3911552,62844,38172,4012568,39.30%,40.31%,
105/03/21,6003,0,-970,5033,3903606,62844,39973,4006423,39.22%,40.25%,
105/03/18,5138,85,-1164,4059,3897435,62844,40943,4001222,39.15%,40.19%,
105/03/17,10488,0,-7833,2655,3890874,62759,42107,3995740,39.09%,40.14%,
105/03/16,5487,1,5841,11329,3885598,62759,49940,3998297,39.04%,40.17%,
105/03/15,-4083,-5,-2160,-6248,3879998,62758,44099,3986855,38.98%,40.05%,
105/03/14,5097,0,-1488,3609,3882950,62763,46259,3991972,39.01%,40.11%,
105/03/11,14541,0,-2520,12021,3876509,62763,47747,3987019,38.94%,40.05%,
105/03/10,21303,0,-2786,18517,3865182,62763,50267,3978212,38.83%,39.97%,
105/03/09,-6253,-52,-3479,-9784,3842742,62763,53053,3958558,38.61%,39.77%,
105/03/08,17638,-7,20220,37851,3850106,62815,56532,3969453,38.68%,39.88%,
105/03/07,-8201,0,-719,-8920,3831267,62822,36312,3930401,38.49%,39.49%,
105/03/04,-16570,0,2180,-14390,3834903,62822,37031,3934756,38.53%,39.53%,
105/03/03,22567,0,-3064,19503,3857447,62822,34851,3955120,38.75%,39.73%,
105/03/02,21687,-12,5195,26870,3834812,62822,37915,3935549,38.53%,39.54%,
105/03/01,-15261,0,1810,-13451,3812697,62834,32720,3908251,38.30%,39.26%,
105/02/26,-121,900,-4139,-3360,3827577,62834,30910,3921321,38.45%,39.39%,
105/02/25,-24335,110,1740,-22485,3827231,61934,35049,3924214,38.45%,39.42%,
105/02/24,-9579,0,8378,-1201,3854051,61824,33309,3949184,38.72%,39.68%,
105/02/23,-18304,0,2813,-15491,3863364,61824,24931,3950119,38.81%,39.68%,
105/02/22,-14609,0,-1202,-15811,3881215,61824,22118,3965157,38.99%,39.83%,
105/02/19,-13854,-45,134,-13765,3895371,61824,23320,3980515,39.13%,39.99%,
105/02/18,-10438,0,208,-10230,3904225,61869,23186,3989280,39.22%,40.07%,
105/02/17,-15198,4,-363,-15557,3915092,61869,22978,3999939,39.33%,40.18%,
105/02/16,1466,0,1038,2504,3930289,61865,23341,4015495,39.48%,40.34%,
105/02/15,-2294,2,-1521,-3813,3928466,61865,22303,4012634,39.46%,40.31%,
105/02/03,-3581,-3000,353,-6228,3928125,61863,23824,4013812,39.46%,40.32%,
105/02/02,12939,0,-1437,11502,3930926,64863,23471,4019260,39.49%,40.38%,
105/02/01,3116,0,1846,4962,3917987,64863,24908,4007758,39.36%,40.26%,
105/01/30,3727,52,609,4388,3914585,64863,23062,4002510,39.32%,40.20%,
105/01/29,5521,3,491,6015,3910858,64811,22453,3998122,39.29%,40.17%,
105/01/28,6392,85,-848,5629,3905338,64808,21962,3992108,39.23%,40.10%,
105/01/27,-3416,0,68,-3348,3899046,64723,22810,3986579,39.17%,40.05%,
105/01/26,2468,0,-4475,-2007,3904195,64723,22742,3991660,39.22%,40.10%,
105/01/25,4603,-9,-3999,595,3901674,64723,27217,3993614,39.20%,40.12%,
105/01/22,-2197,0,-2165,-4362,3897072,64732,31216,3993020,39.15%,40.11%,
105/01/21,9373,0,-4055,5318,3898576,64732,33381,3996689,39.16%,40.15%,
105/01/20,-3268,-44,-3674,-6986,3886979,64732,37436,3989147,39.05%,40.08%,
105/01/19,-5672,-14,-176,-5862,3888668,64776,41110,3994554,39.06%,40.12%,
105/01/18,-8592,0,605,-7987,3895934,64790,41286,4002010,39.14%,40.21%,
105/01/15,-14057,-614,-1616,-16287,3904479,64790,40681,4009950,39.22%,40.28%,
105/01/14,7721,0,-1955,5766,3918535,65404,42297,4026236,39.36%,40.44%,
105/01/13,14170,-3,-5209,8958,3910518,65404,44252,4020174,39.28%,40.38%,
105/01/12,13764,-2,-1430,12332,3895625,65407,49461,4010493,39.13%,40.28%,
105/01/11,5604,0,-316,5288,3882781,65409,50891,3999081,39.01%,40.18%,
105/01/08,-5125,0,285,-4840,3876944,65409,51207,3993560,38.95%,40.12%,
105/01/07,8967,-8,-2246,6713,3882385,65409,50922,3998716,39.00%,40.17%,
105/01/06,-697,1,-1830,-2526,3873394,65417,53168,3991979,38.91%,40.10%,
105/01/05,-3859,-1264,-821,-5944,3874752,65416,54998,3995166,38.92%,40.13%,
105/01/04,-16946,0,-1653,-18599,3878611,66680,55819,4001110,38.96%,40.19%,
104/12/31,-9026,0,-1207,-10233,3895218,66680,57472,4019370,39.13%,40.38%,
104/12/30,-12949,0,-978,-13927,3904218,68302,58679,4031199,39.22%,40.50%,
104/12/29,-2256,-272,-913,-3441,3922257,68302,59657,4050216,39.40%,40.69%,
104/12/28,-1733,-227,-1153,-3113,3925729,68574,60570,4054873,39.44%,40.74%,
104/12/25,-4898,0,-1516,-6414,3927852,68801,61723,4058376,39.46%,40.77%,
104/12/24,26180,0,-4709,21471,3939249,68801,63239,4071289,39.57%,40.90%,
104/12/23,4651,0,6095,10746,3913069,68801,67948,4049818,39.31%,40.68%,
104/12/22,-873,476,-7981,-8378,3909910,68801,61853,4040564,39.28%,40.59%,
104/12/21,9699,0,9410,19109,3910770,68325,69834,4048929,39.29%,40.68%,
104/12/18,2886,-42,-687,2157,3898453,68325,60424,4027202,39.16%,40.45%,
104/12/17,-6656,0,63,-6593,3895511,68367,61111,4024989,39.13%,40.43%,
104/12/16,589,0,-267,322,3902409,68367,61048,4031824,39.20%,40.50%,
104/12/15,-6822,-630,4663,-2789,3901020,68367,61315,4030702,39.19%,40.49%,
104/12/14,-15774,-1,324,-15451,3907230,68997,56652,4032879,39.25%,40.51%,
104/12/11,10386,0,2138,12524,3922715,68998,56328,4048041,39.41%,40.67%,
104/12/10,-15703,0,-5013,-20716,3911709,68998,54190,4034897,39.30%,40.54%,
104/12/09,-11,0,-1614,-1625,3924182,68998,59203,4052383,39.42%,40.71%,
104/12/08,-3387,0,-636,-4023,3925485,68998,60817,4055300,39.43%,40.73%,
104/12/07,22996,0,1667,24663,3927525,68998,61453,4057976,39.45%,40.76%,
104/12/04,3177,0,-43,3134,3904437,68998,59786,4033221,39.22%,40.51%,
104/12/03,1697,-77,822,2442,3907284,68998,59829,4036111,39.25%,40.54%,
104/12/02,-5038,0,1006,-4032,3910293,69075,59007,4038375,39.28%,40.57%,
104/12/01,133,-1,57,189,3917024,69075,58001,4044100,39.35%,40.63%,
104/11/30,-3994,2,1902,-2090,3916007,69076,57944,4043027,39.34%,40.62%,
104/11/27,-3950,0,-51,-4001,3917501,69074,56042,4042617,39.35%,40.61%,
104/11/26,8348,0,1038,9386,3921451,69074,56093,4046618,39.39%,40.65%,
104/11/25,1777,0,-868,909,3914716,69074,55055,4038845,39.33%,40.58%,
104/11/24,-7756,0,-11,-7767,3913633,69074,55923,4038630,39.32%,40.58%,
104/11/23,4156,-5,-487,3664,3926841,69074,55934,4051849,39.45%,40.71%,
104/11/20,-5102,0,42,-5060,3922685,69079,56421,4048185,39.41%,40.67%,
104/11/19,794,-148,-1514,-868,3933943,69079,56379,4059401,39.52%,40.78%,
104/11/18,-16552,2,-1237,-17787,3933070,69227,57893,4060190,39.51%,40.79%,
104/11/17,-10020,0,2725,-7295,3949497,69225,59130,4077852,39.67%,40.96%,
104/11/16,-26151,0,395,-25756,3958954,69225,56405,4084584,39.77%,41.03%,
104/11/13,-36401,1160,1965,-33276,3982448,69225,56010,4107683,40.01%,41.27%,
104/11/12,-12149,0,-3545,-15694,4012283,68065,54045,4134393,40.30%,41.53%,
104/11/11,-17315,0,814,-16501,4024461,68065,57590,4150116,40.43%,41.69%,
104/11/10,-17515,0,1228,-16287,4031456,68065,56776,4156297,40.50%,41.75%,
104/11/09,-16359,72,-2521,-18808,4048301,68065,55548,4171914,40.67%,41.91%,
104/11/06,-23170,0,-982,-24152,4062877,67993,58069,4188939,40.81%,42.08%,
104/11/05,-12191,1,11948,-242,4088022,67993,59051,4215066,41.07%,42.35%,
104/11/04,6826,129,-4272,2683,4100214,67992,47103,4215309,41.19%,42.35%,
104/11/03,-33509,-282,3437,-30354,4087188,67863,51375,4206426,41.06%,42.26%,
104/11/02,-5852,0,356,-5496,4121173,68145,47938,4237256,41.40%,42.57%,
104/10/30,8148,-1,-3911,4236,4126731,68145,47582,4242458,41.45%,42.61%,
104/10/29,10091,-503,-1378,8210,4119448,68146,51493,4239087,41.38%,42.58%,
104/10/28,8197,0,-1627,6570,4109324,68649,52871,4230844,41.28%,42.50%,
104/10/27,-4041,0,-88,-4129,4098490,68649,54498,4221637,41.17%,42.41%,
104/10/26,3570,0,2276,5846,4102181,68649,54586,4225416,41.21%,42.45%,
104/10/23,-10836,-148,2737,-8247,4098366,68649,52310,4219325,41.17%,42.39%,
104/10/22,7844,-2725,2288,7407,4108710,68797,49573,4227080,41.27%,42.46%,
104/10/21,-2878,0,-1109,-3987,4100775,71522,47285,4219582,41.19%,42.38%,
104/10/20,5175,0,552,5727,4104581,71522,48394,4224497,41.23%,42.43%,
104/10/19,16439,0,-1028,15411,4104310,71522,47842,4223674,41.23%,42.43%,
104/10/16,27019,19,-267,26771,4086679,71522,48870,4207071,41.05%,42.26%,
104/10/15,40066,0,-1699,38367,4059239,71503,49137,4179879,40.78%,41.99%,
104/10/14,-1947,0,2801,854,4020078,71503,50836,4142417,40.38%,41.61%,
104/10/13,6807,0,1758,8565,4021977,71503,48035,4141515,40.40%,41.60%,
104/10/12,12823,0,-3076,9747,4014793,71503,46277,4132573,40.33%,41.51%,
104/10/08,3015,-1364,1949,3600,4004429,71503,49353,4125285,40.23%,41.44%,
104/10/07,5936,10,8680,14626,4001768,72867,47404,4122039,40.20%,41.41%,
104/10/06,4096,5,-1897,2204,3995464,72857,38724,4107045,40.14%,41.26%,
104/10/05,2923,-7,-526,2390,3993029,72852,40621,4106502,40.11%,41.25%,
104/10/02,12310,104,-688,11726,3990055,72859,41147,4104061,40.08%,41.23%,
104/10/01,2627,-47,1573,4153,3976446,72755,41835,4091036,39.94%,41.09%,
104/09/30,998,0,1433,2431,3972241,72802,40262,4085305,39.90%,41.04%,
104/09/25,-6618,0,1795,-4823,3971225,119150,38829,4129204,39.89%,41.48%,
104/09/24,-1351,0,-1495,-2846,3975853,119150,37034,4132037,39.94%,41.51%,
104/09/23,-22469,0,5216,-17253,3977113,119150,38529,4134792,39.95%,41.53%,
104/09/22,-18218,-1717,249,-19686,3997148,119150,33313,4149611,40.15%,41.68%,
104/09/21,-9254,-196,-6108,-15558,4013438,120867,33064,4167369,40.32%,41.87%,
104/09/18,-5054,-3452,1069,-7437,4022432,121063,39172,4182667,40.41%,42.02%,
104/09/17,-9677,0,-1941,-11618,4027486,124515,38103,4190104,40.46%,42.09%,
104/09/16,-269,0,626,357,4034154,124515,40044,4198713,40.52%,42.17%,
104/09/15,3336,16,-1257,2095,4029616,124515,39418,4193549,40.48%,42.13%,
104/09/14,12445,14,-1307,11152,4031000,124499,40675,4196174,40.49%,42.15%,
104/09/11,-10574,32,629,-9913,4018554,124485,41982,4185021,40.37%,42.04%,
104/09/10,-11937,0,-2911,-14848,4029388,124453,41353,4195194,40.48%,42.15%,
104/09/09,22119,-6898,6718,21939,4041326,124453,44264,4210043,40.60%,42.30%,
104/09/08,-7712,30,1205,-6477,4017602,131351,37546,4186499,40.36%,42.06%,
104/09/07,-3554,71,-1225,-4708,4019954,131321,36341,4187616,40.38%,42.06%,
104/09/04,-16234,18,-2451,-18667,4007712,131250,37566,4176528,40.26%,41.96%,
104/09/03,19022,89,6559,25670,4017393,131232,40017,4188642,40.36%,42.08%,
104/09/02,-9816,-1201,1970,-9047,4002267,131143,33458,4166868,40.20%,41.85%,
104/09/01,-15402,-1367,-4978,-21747,4011918,132344,31488,4175750,40.30%,41.95%,
104/08/31,20953,-125,-5020,15808,4028245,133711,36466,4198422,40.47%,42.18%,
104/08/28,-8927,9,4411,-4507,4004033,133836,41486,4179355,40.22%,41.98%,
104/08/27,-16047,1,2459,-13587,4013580,133827,37075,4184482,40.32%,42.04%,
104/08/26,-15651,161,-1004,-16494,4029627,133826,34616,4198069,40.48%,42.17%,
104/08/25,-7603,6,1669,-5928,4043780,133665,35620,4213065,40.62%,42.32%,
104/08/24,-4547,0,-970,-5517,4048616,133659,33951,4216226,40.67%,42.35%,
104/08/21,-28824,0,-3148,-31972,4052091,133659,34921,4220671,40.70%,42.39%,
104/08/20,-16400,4,1232,-15164,4084553,133659,38069,4256281,41.03%,42.76%,
104/08/19,-29597,4,-208,-29801,4099315,133655,36837,4269807,41.18%,42.89%,
104/08/18,-33830,1,-6899,-40728,4128924,133651,37045,4299620,41.48%,43.19%,
104/08/17,-12869,7,4392,-8470,4159564,133650,43944,4337158,41.78%,43.56%,
104/08/14,-24940,0,-9175,-34115,4167966,133643,39552,4341161,41.87%,43.61%,
104/08/13,10110,-1581,6685,15214,4183725,133643,48727,4366095,42.03%,43.86%,
104/08/12,-12732,215,5417,-7100,4176369,135224,42042,4353635,41.95%,43.73%,
104/08/11,-11348,-13849,216,-24981,4189101,135009,36625,4360735,42.08%,43.80%,
104/08/10,-3714,185,448,-3081,4200166,148858,36409,4385433,42.19%,44.05%,
104/08/07,22348,177,-2778,19747,4201619,148673,35961,4386253,42.21%,44.06%,
104/08/06,-38229,126,-4944,-43047,4182918,148496,38739,4370153,42.02%,43.90%,
104/08/05,-24888,-867,-3525,-29280,4222330,148370,43683,4414383,42.41%,44.34%,
104/08/04,-23160,136,10125,-12899,4245141,149237,47208,4441586,42.64%,44.61%,
104/08/03,-18186,228,-368,-18326,4267027,149101,37083,4453211,42.86%,44.73%,
104/07/31,-38286,-905,3774,-35417,4276763,148873,37451,4463087,42.96%,44.83%,
104/07/30,3326,-103,3079,6302,4314838,149778,33677,4498293,43.34%,45.18%,
104/07/29,-25334,-236,-8677,-34247,4315200,149881,30598,4495679,43.35%,45.16%,
104/07/28,7278,-4843,4514,6949,4336413,150117,39275,4525805,43.56%,45.46%,
104/07/27,1482,-3424,-4754,-6696,4325943,154960,34761,4515664,43.46%,45.37%,
104/07/24,16002,-5163,-23,10816,4323177,158384,39515,4521076,43.43%,45.42%,
104/07/23,11919,-11916,-1659,-1656,4310190,163547,39538,4513275,43.30%,45.34%,
104/07/22,-13440,-579,-840,-14859,4300706,175463,41197,4517366,43.20%,45.38%,
104/07/21,8686,-9456,5637,4867,4310231,176042,42037,4528310,43.30%,45.49%,
104/07/20,-24645,-4284,-1540,-30469,4295645,185498,36400,4517543,43.15%,45.38%,
104/07/17,1889,-4813,-2503,-5427,4319672,189782,37940,4547394,43.39%,45.68%,
104/07/16,1729,-180,-2228,-679,4317483,194595,40443,4552521,43.37%,45.73%,
104/07/15,6867,-51,-41,6775,4315114,194775,42671,4552560,43.35%,45.74%,
104/07/14,-18666,0,-2050,-20716,4308247,194826,42712,4545785,43.28%,45.67%,
104/07/13,-2328,-3,207,-2124,4331783,194826,44762,4571371,43.51%,45.92%,
104/07/09,12528,-307,5107,17328,4337158,194829,44555,4576542,43.57%,45.97%,
104/07/08,4040,-486,-2421,1133,4327113,195136,39448,4561697,43.47%,45.83%,
104/07/07,-6671,-220,94,-6797,4322961,195622,41869,4560452,43.43%,45.82%,
104/07/06,6173,0,-1640,4533,4324032,195842,41775,4561649,43.44%,45.83%,
104/07/03,-12156,0,178,-11978,4317810,195842,43415,4557067,43.37%,45.77%,
104/07/02,494,0,-174,320,4333644,195842,43237,4572723,43.53%,45.93%,
104/07/01,2577,-811,-1628,138,4333150,195842,43411,4572403,43.53%,45.93%,
104/06/30,30872,-1627,162,29407,4354772,196653,45039,4596464,43.74%,46.17%,
104/06/29,1433,-1168,-7128,-6863,4324037,134112,44877,4503026,43.44%,45.24%,
104/06/26,1465,-1591,-794,-920,4326558,135280,52005,4513843,43.46%,45.34%,
104/06/25,12746,-6099,4775,11422,4337482,136871,52799,4527152,43.57%,45.48%,
104/06/24,1267,-8465,-2995,-10193,4334799,142970,48024,4525793,43.54%,45.46%,
104/06/23,-6323,-2646,-3146,-12115,4345786,151435,51019,4548240,43.65%,45.68%,
104/06/22,17545,-21,-991,16533,4360945,154081,54165,4569191,43.81%,45.90%,
104/06/18,-21369,-471,-581,-22421,4345786,154102,55156,4555044,43.65%,45.75%,
104/06/17,4390,85,3739,8214,4372878,154573,55737,4583188,43.93%,46.04%,
104/06/16,-6660,1881,-375,-5154,4349324,154488,51998,4555810,43.69%,45.76%,
104/06/15,2646,-400,-77,2169,4355868,152607,52373,4560848,43.76%,45.82%,
104/06/12,-4326,-148,490,-3984,4360682,153007,52450,4566139,43.80%,45.86%,
104/06/11,-500,-4273,-2756,-7529,4367471,153155,51960,4572586,43.87%,45.93%,
104/06/10,-2191,-2598,5591,802,4367492,157428,54716,4579636,43.87%,46.00%,
104/06/09,10038,-12435,-7694,-10091,4370126,160026,49125,4579277,43.90%,46.00%,
104/06/08,-9884,-1037,1202,-9719,4359870,172461,56820,4589151,43.80%,46.10%,
104/06/05,-5480,-2865,-4470,-12815,4369754,173498,55618,4598870,43.90%,46.20%,
104/06/04,25972,-598,-16272,9102,4374988,176363,60088,4611439,43.95%,46.33%,
104/06/03,10389,2301,8730,21420,4342835,176961,76360,4596156,43.62%,46.16%,
104/06/02,15164,-2291,-8722,4151,4332007,174660,67630,4574297,43.52%,45.95%,
104/06/01,-8452,-1686,-3365,-13503,4316843,176951,76352,4570146,43.36%,45.90%,
104/05/29,20723,586,-3420,17889,4324718,178637,79717,4583072,43.44%,46.04%,
104/05/28,12159,3276,-12970,2465,4303994,178051,83137,4565182,43.23%,45.85%,
104/05/27,56807,6671,13735,77213,4287429,174775,96107,4558311,43.07%,45.79%,
104/05/26,8038,2730,920,11688,4230113,168104,82372,4480589,42.49%,45.01%,
104/05/25,3311,2776,-6345,-258,4222275,165374,81452,4469101,42.41%,44.89%,
104/05/22,16360,5564,12390,34314,4218889,162598,87797,4469284,42.38%,44.90%,
104/05/21,8022,3936,476,12434,4202336,157034,75407,4434777,42.21%,44.55%,
104/05/20,7601,8293,-10046,5848,4194492,153098,74931,4422521,42.13%,44.42%,
104/05/19,11218,8047,14351,33616,4188891,144805,84977,4418673,42.08%,44.39%,
104/05/18,22686,1498,9963,34147,4177563,136758,70626,4384947,41.96%,44.04%,
104/05/15,8044,1430,-462,9012,4155359,135260,60663,4351282,41.74%,43.71%,
104/05/14,11208,242,-4056,7394,4147315,133830,61125,4342270,41.66%,43.62%,
104/05/13,6818,2524,2078,11420,4136107,133588,65181,4334876,41.55%,43.55%,
104/05/12,3372,2146,-2190,3328,4127288,131064,63103,4321455,41.46%,43.41%,
104/05/11,-4795,3088,-4345,-6052,4127082,128918,65293,4321293,41.46%,43.41%,
104/05/08,18768,679,-17893,1554,4131807,125830,69638,4327275,41.50%,43.46%,
104/05/07,17374,2302,18555,38231,4113039,125151,87531,4325721,41.31%,43.45%,
104/05/06,-2449,8340,-13874,-7983,4092350,122849,68976,4284175,41.11%,43.04%,
104/05/05,-3752,5726,-2110,-136,4099699,114509,82850,4297058,41.18%,43.16%,
104/05/04,-888,-663,13431,11880,4103418,108783,84960,4297161,41.22%,43.17%,
104/04/30,-9791,6977,-284,-3098,4104305,109446,71529,4285280,41.23%,43.05%,
104/04/29,-1913,5474,-2519,1042,4112608,102469,71813,4286890,41.31%,43.06%,
104/04/28,5238,-5,3724,8957,4113821,96995,74332,4285148,41.32%,43.04%,
104/04/27,11424,0,-6099,5325,4108583,97000,70608,4276191,41.27%,42.95%,
104/04/24,23610,-5,18602,42207,4098657,97000,76707,4272364,41.17%,42.92%,
104/04/23,14666,-9685,8881,13862,4075048,97005,58105,4230158,40.93%,42.49%,
104/04/22,-8844,-4050,-2500,-15394,4060382,106690,49224,4216296,40.79%,42.36%,
104/04/21,20949,-6657,1516,15808,4063237,110740,51724,4225701,40.81%,42.44%,
104/04/20,4848,13,34,4895,4042827,117397,50208,4210432,40.61%,42.29%,
104/04/17,478,-978,-968,-1468,4037979,117384,50174,4205537,40.56%,42.24%,
104/04/16,4492,-1897,302,2897,4036690,118362,51142,4206194,40.55%,42.25%,
104/04/15,-8555,101,-12194,-20648,4032199,120259,50840,4203298,40.50%,42.22%,
104/04/14,-4539,-7,158,-4388,4040753,120158,63034,4223945,40.59%,42.43%,
104/04/13,10608,0,4595,15203,4045292,120165,62876,4228333,40.63%,42.47%,
104/04/10,9488,-664,-1258,7566,4034684,120165,58281,4213130,40.53%,42.32%,
104/04/09,1920,-2865,-516,-1461,4025196,120829,59539,4205564,40.43%,42.24%,
104/04/08,111,-100,-1632,-1621,4023276,123694,60055,4207025,40.41%,42.26%,
104/04/07,-2316,-1500,-1904,-5720,4022788,123794,61687,4208269,40.41%,42.27%,
104/04/02,7396,28,-493,6931,4023104,125294,63591,4211989,40.41%,42.31%,
104/04/01,1607,0,-29,1578,4015876,125266,64084,4205226,40.34%,42.24%,
104/03/31,6000,-2001,1058,5057,4014532,125266,64113,4203911,40.32%,42.22%,
104/03/30,-9645,-2500,-2978,-15123,4008374,138638,63055,4210067,40.26%,42.29%,
104/03/27,5231,-50,-966,4215,4013109,141138,66033,4220280,40.31%,42.39%,
104/03/26,-8758,-3398,-2233,-14389,4010181,141188,66999,4218368,40.28%,42.37%,
104/03/25,699,-559,-2844,-2704,4018752,144586,69232,4232570,40.37%,42.52%,
104/03/24,6449,-12,-1936,4501,4016568,145145,72076,4233789,40.35%,42.53%,
104/03/23,-6568,-5,12377,5804,4010077,145157,74012,4229246,40.28%,42.48%,
104/03/20,1379,2166,-2787,758,4016577,145162,61635,4223374,40.35%,42.43%,
104/03/19,19738,-203,-854,18681,4015352,142996,64422,4222770,40.33%,42.41%,
104/03/18,11447,226,-4848,6825,3995609,143199,65276,4204084,40.13%,42.22%,
104/03/17,4073,0,-3561,512,3983082,142973,70124,4196179,40.01%,42.15%,
104/03/16,7908,891,2926,11725,3978700,142973,73685,4195358,39.96%,42.14%,
104/03/13,-8932,150,-11098,-19880,3970793,142082,70759,4183634,39.88%,42.02%,
104/03/12,7240,6369,13602,27211,3979300,141932,81857,4203089,39.97%,42.22%,
104/03/11,800,1595,5192,7587,3972060,135564,68255,4175879,39.90%,41.95%,
104/03/10,-2058,869,-1173,-2362,3971250,133969,63063,4168282,39.89%,41.87%,
104/03/09,-8653,-2091,-3335,-14079,3992415,133099,64236,4189750,40.10%,42.08%,
104/03/06,11810,-5134,-526,6150,4000986,135190,67571,4203747,40.19%,42.23%,
104/03/05,-6158,-1222,-7282,-14662,3988551,140324,68096,4196971,40.06%,42.15%,
104/03/04,4922,-792,276,4406,3994680,141546,75378,4211604,40.12%,42.30%,
104/03/03,4036,-7375,4422,1083,3989562,142338,75102,4207002,40.07%,42.25%,
104/03/02,2531,-11463,-6288,-15220,3985464,149713,70681,4205858,40.03%,42.24%,
104/02/26,-4937,-2588,3436,-4089,3982520,161176,76969,4220665,40.00%,42.39%,
104/02/25,4350,-1864,-190,2296,3987435,163764,73533,4224732,40.05%,42.43%,
104/02/24,4732,-2100,-1307,1325,3982298,165628,73723,4221649,40.00%,42.40%,
104/02/13,2745,-617,-948,1180,3965432,167728,75030,4208190,39.83%,42.27%,
104/02/12,38894,-1574,-1771,35549,3963414,168345,75978,4207737,39.81%,42.26%,
104/02/11,1903,-7941,-654,-6692,3930342,169919,77749,4178010,39.48%,41.97%,
104/02/10,13843,-1678,-5076,7089,3928429,177860,78403,4184692,39.46%,42.03%,
104/02/09,2090,-2731,1029,388,3914493,179538,83479,4177510,39.32%,41.96%,
104/02/06,5014,0,3031,8045,3912933,182269,82450,4177652,39.30%,41.96%,
104/02/05,-3857,-4379,4543,-3693,3907854,182269,79419,4169542,39.25%,41.88%,
104/02/04,-4795,-33,-3349,-8177,3910684,186648,74876,4172208,39.28%,41.91%,
104/02/03,13153,889,7340,21382,3917044,186681,78225,4181950,39.34%,42.00%,
104/02/02,-6702,-1030,4369,-3363,3913667,185792,70885,4170344,39.31%,41.89%,
104/01/30,-23022,800,-7153,-29375,3914400,186822,66516,4167738,39.32%,41.86%,
104/01/29,-7710,-500,741,-7469,3937133,186022,73669,4196824,39.55%,42.16%,
104/01/28,-1160,-1000,64,-2096,3944819,186522,72928,4204269,39.62%,42.23%,
104/01/27,-1306,-1472,-1217,-3995,3945843,187522,72864,4206229,39.63%,42.25%,
104/01/26,-26817,-3215,9440,-20592,3951192,188994,74081,4214267,39.69%,42.33%,
104/01/23,6724,-543,-4842,1339,3977553,192209,64641,4234403,39.95%,42.53%,
104/01/22,19743,-828,3488,22403,3971072,192752,69483,4233307,39.89%,42.52%,
104/01/21,1413,-16428,-4549,-19564,3951309,193580,65995,4210884,39.69%,42.30%,
104/01/20,-2589,0,-676,-3265,3949942,210008,70544,4230494,39.67%,42.49%,
104/01/19,13748,-1739,1623,13632,3953204,210008,71220,4234432,39.71%,42.54%,
104/01/16,14170,-6592,-8223,-645,3939949,211747,69597,4221293,39.57%,42.40%,
104/01/15,-22833,3177,248,-19408,3934158,218339,77820,4230317,39.52%,42.50%,
104/01/14,16397,214,2403,19014,3956871,215162,77572,4249605,39.74%,42.68%,
104/01/13,9336,1653,-2343,8646,3945379,214948,75169,4235496,39.63%,42.54%,
104/01/12,-3279,706,-129,-2702,3956925,213295,77512,4247732,39.74%,42.66%,
104/01/09,6286,4187,-6611,3862,3959923,212589,77641,4250153,39.78%,42.70%,
104/01/08,36253,3262,304,39819,3961179,208402,84252,4253833,39.79%,42.73%,
104/01/07,1153,3289,9877,14319,3923939,205140,83949,4213028,39.41%,42.31%,
104/01/06,-10116,7925,-16115,-18306,3921282,201851,74072,4197205,39.39%,42.16%,
104/01/05,10605,10588,30944,52137,3927270,193926,90187,4211383,39.45%,42.30%,
