日期,外資買賣超,投信買賣超,自營商買賣超,單日合計買賣超,外資估計持股,投信估計持股,自營商估計持股,單日合計估計持股,外資持股比重,三大法人持股比重,
107/03/31,0,0,0,0,77312,3,113,77428,20.33%,20.36%,
107/03/30,-290,0,2,-288,77312,3,113,77428,20.33%,20.36%,
107/03/29,-196,0,1,-195,77602,3,111,77716,20.41%,20.44%,
107/03/28,-158,0,1,-157,77738,3,110,77851,20.45%,20.48%,
107/03/27,-363,0,15,-348,77846,3,109,77958,20.48%,20.51%,
107/03/26,-477,0,10,-467,78099,3,94,78196,20.54%,20.57%,
107/03/23,-551,0,-27,-578,78466,3,84,78553,20.64%,20.66%,
107/03/22,-587,0,16,-571,79017,3,111,79131,20.78%,20.81%,
107/03/21,214,0,0,214,79604,3,95,79702,20.94%,20.97%,
107/03/20,58,0,-3,55,79390,3,95,79488,20.88%,20.91%,
107/03/19,77,-3,1,75,79332,3,98,79433,20.87%,20.90%,
107/03/16,-100,0,0,-100,79255,6,97,79358,20.85%,20.88%,
107/03/15,12,0,10,22,79355,6,97,79458,20.87%,20.90%,
107/03/14,88,0,-1,87,79343,6,87,79436,20.87%,20.89%,
107/03/13,382,0,0,382,79705,6,88,79799,20.96%,20.98%,
107/03/12,251,0,4,255,79324,6,88,79418,20.86%,20.88%,
107/03/09,266,0,2,268,79073,6,84,79163,20.80%,20.82%,
107/03/08,405,0,0,405,78807,6,82,78895,20.73%,20.75%,
107/03/07,75,0,5,80,78402,6,82,78490,20.62%,20.64%,
107/03/06,106,0,3,109,78327,6,77,78410,20.60%,20.62%,
107/03/05,-52,0,-2,-54,78221,6,74,78301,20.57%,20.59%,
107/03/02,163,0,0,163,78273,6,76,78355,20.59%,20.61%,
107/03/01,26,0,-1,25,78110,6,76,78192,20.54%,20.56%,
107/02/27,-528,0,0,-528,78084,6,77,78167,20.54%,20.56%,
107/02/26,-400,0,0,-400,78333,6,77,78416,20.60%,20.62%,
107/02/23,-133,-316,0,-449,78643,6,77,78726,20.69%,20.71%,
107/02/22,-130,-300,0,-430,78776,322,77,79175,20.72%,20.82%,
107/02/21,-122,-300,0,-422,78906,622,77,79605,20.75%,20.93%,
107/02/12,-149,0,-16,-165,79028,922,77,80027,20.79%,21.05%,
107/02/09,485,-514,-1,-30,79197,922,93,80212,20.83%,21.10%,
107/02/08,-42,-55,0,-97,78702,1436,94,80232,20.70%,21.10%,
107/02/07,-57,-488,-8,-553,78744,1491,94,80329,20.71%,21.13%,
107/02/06,-357,-310,-10,-677,78801,1979,102,80882,20.73%,21.28%,
107/02/05,-293,-441,1,-733,79428,2289,112,81829,20.89%,21.52%,
107/02/02,-353,-450,-1,-804,79721,2730,111,82562,20.97%,21.72%,
107/02/01,-229,-295,0,-524,80293,3180,112,83585,21.12%,21.99%,
107/01/31,-251,-417,0,-668,80522,3475,112,84109,21.18%,22.12%,
107/01/30,-470,-750,0,-1220,80773,3892,112,84777,21.25%,22.30%,
107/01/29,-27,0,0,-27,81103,4642,112,85857,21.33%,22.58%,
107/01/26,-137,0,8,-129,81130,4642,112,85884,21.34%,22.59%,
107/01/25,87,0,0,87,81267,4642,104,86013,21.38%,22.63%,
107/01/24,233,0,-160,73,81180,4642,104,85926,21.35%,22.60%,
107/01/23,254,0,0,254,80947,4642,264,85853,21.29%,22.58%,
107/01/22,-552,0,0,-552,80633,4642,264,85539,21.21%,22.50%,
107/01/19,252,0,0,252,81045,4642,264,85951,21.32%,22.61%,
107/01/18,132,0,2,134,80625,4642,264,85531,21.21%,22.50%,
107/01/17,30,0,-1,29,80500,4642,262,85404,21.17%,22.46%,
107/01/16,604,0,0,604,80470,4642,263,85375,21.17%,22.46%,
107/01/15,-68,0,-8,-76,79866,4642,263,84771,21.01%,22.30%,
107/01/12,741,0,10,751,79924,4642,271,84837,21.02%,22.31%,
107/01/11,66,0,3,69,79183,4642,261,84086,20.83%,22.12%,
107/01/10,-63,0,0,-63,79117,4642,258,84017,20.81%,22.10%,
107/01/09,112,0,0,112,79180,4642,258,84080,20.83%,22.12%,
107/01/08,-155,0,-91,-246,79118,4642,258,84018,20.81%,22.10%,
107/01/05,537,0,-150,387,79273,4642,349,84264,20.85%,22.16%,
107/01/04,895,0,-750,145,78817,4642,499,83958,20.73%,22.08%,
107/01/03,695,0,62,757,77972,4642,1249,83863,20.51%,22.06%,
107/01/02,495,0,88,583,77277,4642,1187,83106,20.33%,21.86%,
106/12/29,102,0,3,105,76782,4642,1099,82523,20.20%,21.71%,
106/12/28,33,-17,5,21,76680,3568,1096,81344,20.17%,21.40%,
106/12/27,-530,-18,-151,-699,76647,3585,1091,81323,20.16%,21.39%,
106/12/26,-203,-16,30,-189,77114,3603,1242,81959,20.28%,21.55%,
106/12/25,163,0,0,163,77317,3619,1212,82148,20.34%,21.61%,
106/12/22,308,0,120,428,77154,3619,1212,81985,20.29%,21.56%,
106/12/21,358,0,0,358,76846,3619,1092,81557,20.21%,21.45%,
106/12/20,405,0,1,406,76552,3619,1092,81263,20.13%,21.37%,
106/12/19,17,0,0,17,76147,3619,1091,80857,20.03%,21.27%,
106/12/18,53,0,1,54,76130,3619,1091,80840,20.02%,21.26%,
106/12/15,-146,0,0,-146,76077,3619,1090,80786,20.01%,21.25%,
106/12/14,84,0,3,87,76223,3619,1090,80932,20.05%,21.29%,
106/12/13,-164,0,0,-164,76139,3619,1087,80845,20.03%,21.27%,
106/12/12,-79,-200,-4,-283,76303,3619,1087,81009,20.07%,21.31%,
106/12/11,986,-168,0,818,76342,3819,1091,81252,20.08%,21.37%,
106/12/08,-239,-32,0,-271,75356,3987,1091,80434,19.82%,21.16%,
106/12/07,-435,-200,2,-633,75607,4019,1091,80717,19.89%,21.23%,
106/12/06,-281,-231,0,-512,76042,4219,1089,81350,20.00%,21.40%,
106/12/05,-144,-730,5,-869,76285,4450,1089,81824,20.06%,21.52%,
106/12/04,-52,0,0,-52,76401,5180,1084,82665,20.09%,21.74%,
106/12/01,-745,-408,80,-1073,76373,5180,1084,82637,20.09%,21.74%,
106/11/30,-1793,-200,-44,-2037,77118,5588,1004,83710,20.28%,22.01%,
106/11/29,64,-226,-126,-288,78906,5788,1048,85742,20.75%,22.55%,
106/11/28,136,-606,0,-470,78842,6014,1174,86030,20.74%,22.63%,
106/11/27,250,0,-40,210,78706,6620,1174,86500,20.70%,22.75%,
106/11/24,380,0,39,419,78456,6620,1214,86290,20.64%,22.70%,
106/11/23,484,-1297,1,-812,78076,6620,1175,85871,20.54%,22.59%,
106/11/22,-619,-1467,0,-2086,77592,7917,1174,86683,20.41%,22.80%,
106/11/21,1043,0,0,1043,78211,9384,1174,88769,20.57%,23.35%,
106/11/20,-137,-130,-12,-279,77168,9384,1174,87726,20.30%,23.08%,
106/11/17,-373,0,-20,-393,77304,9514,1186,88004,20.33%,23.15%,
106/11/16,-589,0,30,-559,77677,9514,1206,88397,20.43%,23.25%,
106/11/15,557,0,0,557,78216,9514,1176,88906,20.57%,23.38%,
106/11/14,442,0,-244,198,77659,9514,1176,88349,20.43%,23.24%,
106/11/13,-159,-92,5,-246,77217,9514,1420,88151,20.31%,23.19%,
106/11/10,982,-204,7,785,77376,9606,1415,88397,20.35%,23.25%,
106/11/09,102,-211,6,-103,76387,9810,1408,87605,20.09%,23.04%,
106/11/08,-702,512,4,-186,76263,10021,1402,87686,20.06%,23.07%,
106/11/07,118,-150,2,-30,76870,9509,1398,87777,20.22%,23.09%,
106/11/06,-120,-150,-37,-307,76705,9659,1396,87760,20.18%,23.09%,
106/11/03,-474,0,24,-450,76825,9809,1433,88067,20.21%,23.17%,
106/11/02,-1686,505,154,-1027,77299,9809,1409,88517,20.33%,23.28%,
106/11/01,-42,0,550,508,78985,9304,1255,89544,20.77%,23.55%,
106/10/31,114,0,305,419,79027,9304,705,89036,20.79%,23.42%,
106/10/30,-57,0,3,-54,78913,9304,400,88617,20.76%,23.31%,
106/10/27,-708,66,-25,-667,78991,9304,397,88692,20.78%,23.33%,
106/10/26,-423,0,4,-419,79699,9238,422,89359,20.96%,23.50%,
106/10/25,-598,0,6,-592,80122,9238,418,89778,21.07%,23.61%,
106/10/24,-122,0,22,-100,80720,9238,412,90370,21.23%,23.77%,
106/10/23,-373,0,0,-373,80766,9238,390,90394,21.24%,23.77%,
106/10/20,-578,0,6,-572,81139,9238,390,90767,21.34%,23.87%,
106/10/19,477,57,14,548,81717,9238,384,91339,21.49%,24.02%,
106/10/18,-71,0,4,-67,81240,9181,370,90791,21.37%,23.88%,
106/10/17,-470,0,6,-464,81311,9181,366,90858,21.39%,23.90%,
106/10/16,-1161,0,5,-1156,81781,9181,360,91322,21.51%,24.02%,
106/10/13,-468,0,-30,-498,82942,9181,355,92478,21.82%,24.33%,
106/10/12,-1583,0,6,-1577,83465,9181,385,93031,21.95%,24.47%,
106/10/11,605,0,-4,601,85973,9181,379,95533,22.61%,25.13%,
106/10/06,-382,-194,-341,-917,85368,9181,383,94932,22.45%,24.97%,
106/10/05,-3153,0,3,-3150,85821,9375,724,95920,22.57%,25.23%,
106/10/03,809,0,-112,697,88974,9375,721,99070,23.40%,26.06%,
106/10/02,-678,0,86,-592,88165,9375,833,98373,23.19%,25.88%,
106/09/30,1,0,-1,0,88843,9375,747,98965,23.37%,26.03%,
106/09/29,-147,0,19,-128,88842,10406,748,99996,23.37%,26.30%,
106/09/28,-391,0,273,-118,88989,10406,729,100124,23.41%,26.34%,
106/09/27,4389,-536,6,3859,89360,10406,456,100222,23.50%,26.36%,
106/09/26,3379,1318,-72,4625,84971,10942,450,96363,22.35%,25.35%,
106/09/25,1088,474,-523,1039,81623,9624,522,91769,21.47%,24.14%,
106/09/22,1012,1088,37,2137,80562,9150,1045,90757,21.19%,23.87%,
106/09/21,1510,1395,131,3036,79638,8062,1008,88708,20.95%,23.34%,
106/09/20,997,2005,-18,2984,78128,6667,877,85672,20.55%,22.53%,
106/09/19,363,2041,0,2404,77131,4662,895,82688,20.29%,21.75%,
106/09/18,151,1200,-3,1348,76690,2621,895,80206,20.17%,21.10%,
106/09/15,175,0,0,175,76539,1421,898,78858,20.13%,20.74%,
106/09/14,67,0,0,67,76364,1421,898,78683,20.09%,20.70%,
106/09/13,-401,0,-2,-403,76297,1421,898,78616,20.07%,20.68%,
106/09/12,-23,0,0,-23,76398,1421,900,78719,20.09%,20.70%,
106/09/11,551,0,-24,527,76702,1421,900,79023,20.17%,20.78%,
106/09/08,195,-7,-76,112,76151,1421,924,78496,20.03%,20.65%,
106/09/07,549,0,0,549,75956,1428,1000,78384,19.98%,20.62%,
106/09/06,-26,0,-100,-126,75407,1428,1000,77835,19.83%,20.47%,
106/09/05,493,0,0,493,75432,1428,1100,77960,19.84%,20.51%,
106/09/04,-38,0,1,-37,74939,1428,1100,77467,19.71%,20.38%,
106/09/01,-316,0,0,-316,74977,1428,1099,77504,19.72%,20.38%,
106/08/31,-176,0,0,-176,75293,1428,1099,77820,19.80%,20.46%,
106/08/30,-373,0,0,-373,75469,1428,1099,77996,19.85%,20.51%,
106/08/29,-820,0,0,-820,75842,1428,1099,78369,19.95%,20.61%,
106/08/28,-700,0,0,-700,76662,1428,1099,79189,20.16%,20.82%,
106/08/25,-692,0,-12,-704,77362,1428,1099,79889,20.35%,21.01%,
106/08/24,-254,11,0,-243,78054,1428,1111,80593,20.53%,21.20%,
106/08/23,-559,-245,0,-804,78308,1417,1111,80836,20.60%,21.27%,
106/08/22,-719,0,0,-719,78867,1662,1111,81640,20.74%,21.47%,
106/08/21,34,-446,0,-412,79586,1662,1111,82359,20.93%,21.66%,
106/08/18,-359,0,0,-359,79032,2108,1111,82251,20.79%,21.64%,
106/08/17,-244,0,0,-244,79231,2108,1111,82450,20.84%,21.69%,
106/08/16,-193,0,0,-193,79475,2108,1111,82694,20.90%,21.75%,
106/08/15,-169,0,-16,-185,79668,2108,1111,82887,20.95%,21.80%,
106/08/14,-113,0,0,-113,79837,2108,1127,83072,21.00%,21.85%,
106/08/11,-511,0,0,-511,79907,2108,1127,83142,21.02%,21.87%,
106/08/10,-812,0,0,-812,80418,2108,1127,83653,21.15%,22.00%,
106/08/09,-402,0,0,-402,81179,2108,1127,84414,21.35%,22.20%,
106/08/08,-68,-271,1,-338,81561,2108,1127,84796,21.45%,22.30%,
106/08/07,282,0,0,282,81629,2379,1126,85134,21.47%,22.39%,
106/08/04,21,0,1,22,81347,2379,1126,84852,21.40%,22.32%,
106/08/03,73,0,0,73,81326,2379,1125,84830,21.39%,22.31%,
106/08/02,21,0,0,21,81253,2379,1125,84757,21.37%,22.29%,
106/08/01,236,-504,0,-268,81232,2379,1125,84736,21.37%,22.29%,
106/07/31,-102,0,0,-102,81015,2883,1125,85023,21.31%,22.36%,
106/07/28,36,0,0,36,80767,2883,1125,84775,21.24%,22.29%,
106/07/27,495,0,0,495,80731,2883,1125,84739,21.23%,22.28%,
106/07/26,73,0,-3,70,80236,2883,1125,84244,21.10%,22.15%,
106/07/25,-137,0,0,-137,80163,2883,1128,84174,21.08%,22.14%,
106/07/24,-79,0,0,-79,80293,2883,1128,84304,21.12%,22.18%,
106/07/21,869,0,0,869,80372,2883,1128,84383,21.14%,22.20%,
106/07/20,356,0,0,356,79507,2883,1128,83518,20.91%,21.97%,
106/07/19,479,600,1,1080,79159,2883,1128,83170,20.82%,21.88%,
106/07/18,70,-79,-32,-41,78680,2283,1127,82090,20.69%,21.59%,
106/07/17,274,0,-3,271,78610,2362,1159,82131,20.68%,21.61%,
106/07/14,-335,0,-5,-340,78336,2362,1162,81860,20.60%,21.53%,
106/07/13,4,0,-5,-1,78640,2362,1167,82169,20.68%,21.61%,
106/07/12,257,0,-11,246,78636,2362,1172,82170,20.68%,21.61%,
106/07/11,-95,0,5,-90,78379,2362,1183,81924,20.62%,21.55%,
106/07/10,-15,0,-1,-16,78474,2362,1178,82014,20.64%,21.57%,
106/07/07,66,0,-7,59,78489,2362,1179,82030,20.64%,21.57%,
106/07/06,536,0,0,536,78423,2362,1186,81971,20.63%,21.56%,
106/07/05,-73,0,0,-73,77537,2362,1186,81085,20.39%,21.32%,
106/07/04,155,0,-6,149,77610,2362,1186,81158,20.41%,21.34%,
106/07/03,-762,0,-63,-825,77640,2362,1192,81194,20.42%,21.36%,
106/06/30,222,-7,66,281,78402,2362,1255,82019,20.62%,21.57%,
106/06/29,290,0,0,290,78180,1753,1189,81122,20.56%,21.33%,
106/06/28,-32,0,0,-32,77890,1753,1189,80832,20.49%,21.26%,
106/06/27,48,0,2,50,77922,1753,1189,80864,20.50%,21.27%,
106/06/26,213,0,21,234,77874,1753,1187,80814,20.48%,21.25%,
106/06/23,78,0,0,78,77661,1753,1166,80580,20.43%,21.20%,
106/06/22,-19,0,0,-19,77583,1753,1166,80502,20.41%,21.18%,
106/06/21,610,0,19,629,77602,1753,1166,80521,20.41%,21.18%,
106/06/20,-185,0,36,-149,76992,1753,1147,79892,20.25%,21.01%,
106/06/19,107,0,8,115,77177,1753,1111,80041,20.30%,21.05%,
106/06/16,723,0,12,735,77070,1753,1103,79926,20.27%,21.02%,
106/06/15,425,0,0,425,76347,1753,1091,79191,20.08%,20.83%,
106/06/14,-168,0,0,-168,75922,1753,1091,78766,19.97%,20.72%,
106/06/13,160,0,-5,155,76090,1753,1091,78934,20.01%,20.76%,
106/06/12,363,0,3,366,75930,1753,1096,78779,19.97%,20.72%,
106/06/09,-45,0,-7,-52,75667,1753,1093,78513,19.90%,20.65%,
106/06/08,1630,0,-2,1628,75712,1753,1100,78565,19.91%,20.66%,
106/06/07,562,0,-3,559,74082,1753,1102,76937,19.49%,20.24%,
106/06/06,529,-8,-294,227,73520,1753,1105,76378,19.34%,20.09%,
106/06/05,816,-5,-3,808,72991,1761,1399,76151,19.20%,20.03%,
106/06/03,0,0,-1,-1,72175,1766,1402,75343,18.98%,19.81%,
106/06/02,520,0,0,520,72175,1766,1403,75344,18.98%,19.81%,
106/06/01,-92,0,-4,-96,71655,1766,1403,74824,18.85%,19.68%,
106/05/31,1001,0,0,1001,71747,1766,1407,74920,18.87%,19.70%,
106/05/26,268,0,1,269,70777,1766,1407,73950,18.62%,19.45%,
106/05/25,19,0,0,19,70509,1766,1406,73681,18.55%,19.38%,
106/05/24,160,0,-3,157,70490,1766,1406,73662,18.54%,19.37%,
106/05/23,701,0,-1,700,70330,1766,1409,73505,18.50%,19.34%,
106/05/22,518,0,0,518,69653,1766,1410,72829,18.32%,19.16%,
106/05/19,1146,0,0,1146,69233,1766,1410,72409,18.21%,19.05%,
106/05/18,1199,0,8,1207,68112,1766,1410,71288,17.91%,18.75%,
106/05/17,-285,0,-3,-288,66913,1766,1402,70081,17.60%,18.43%,
106/05/16,379,0,5,384,67374,1766,1405,70545,17.72%,18.55%,
106/05/15,-434,0,1,-433,66995,1766,1400,70161,17.62%,18.45%,
106/05/12,-203,0,0,-203,67419,1766,1399,70584,17.73%,18.56%,
106/05/11,-284,0,2,-282,67622,1766,1399,70787,17.79%,18.62%,
106/05/10,-460,0,0,-460,67906,1766,1397,71069,17.86%,18.69%,
106/05/09,-189,-500,0,-689,68366,1766,1397,71529,17.98%,18.81%,
106/05/08,-61,0,-1,-62,68555,2266,1397,72218,18.03%,18.99%,
106/05/05,-201,0,0,-201,68616,2266,1398,72280,18.05%,19.01%,
106/05/04,507,0,0,507,68817,2266,1398,72481,18.10%,19.06%,
106/05/03,138,0,0,138,68310,2266,1398,71974,17.97%,18.93%,
106/05/02,421,0,100,521,68172,2266,1398,71836,17.93%,18.89%,
106/04/28,244,0,0,244,67809,2266,1298,71373,17.83%,18.77%,
106/04/27,380,0,-7,373,67568,2266,1298,71132,17.77%,18.71%,
106/04/26,1022,-200,0,822,67188,2266,1305,70759,17.67%,18.61%,
106/04/25,193,0,0,193,66163,2466,1305,69934,17.40%,18.39%,
106/04/24,-24,0,0,-24,65942,2466,1305,69713,17.34%,18.33%,
106/04/21,47,0,0,47,65919,2466,1305,69690,17.34%,18.33%,
106/04/20,67,0,0,67,65806,2466,1305,69577,17.31%,18.30%,
106/04/19,157,-600,-4,-447,65737,2466,1305,69508,17.29%,18.28%,
106/04/18,-163,-100,0,-263,65580,3066,1309,69955,17.25%,18.40%,
106/04/17,-222,-200,4,-418,65740,3166,1309,70215,17.29%,18.47%,
106/04/14,-69,-4,0,-73,65931,3366,1305,70602,17.34%,18.57%,
106/04/13,98,0,0,98,66322,3370,1305,70997,17.44%,18.67%,
106/04/12,9,0,-1,8,66224,3370,1305,70899,17.42%,18.65%,
106/04/11,-260,-210,0,-470,66215,3370,1306,70891,17.42%,18.65%,
106/04/10,-55,0,0,-55,66475,3580,1306,71361,17.48%,18.77%,
106/04/07,532,0,0,532,66530,3580,1306,71416,17.50%,18.79%,
106/04/06,200,0,-194,6,65998,3580,1306,70884,17.36%,18.65%,
106/04/05,336,0,0,336,65798,3580,1500,70878,17.31%,18.65%,
106/03/31,12,0,0,12,65462,3580,1500,70542,17.22%,18.56%,
106/03/30,-509,0,1,-508,65454,4304,1500,71258,17.22%,18.75%,
106/03/29,184,0,1,185,65963,4304,1499,71766,17.35%,18.88%,
106/03/28,-148,0,8,-140,65779,4304,1498,71581,17.30%,18.83%,
106/03/27,-136,-3,-60,-199,65930,4304,1490,71724,17.34%,18.86%,
106/03/24,-378,0,-87,-465,66079,4307,1550,71936,17.38%,18.92%,
106/03/23,207,0,0,207,66460,4307,1637,72404,17.48%,19.04%,
106/03/22,95,0,2,97,66253,4307,1637,72197,17.43%,18.99%,
106/03/21,-538,-101,396,-243,66115,4307,1635,72057,17.39%,18.95%,
106/03/20,18,-103,18,-67,66421,4408,1239,72068,17.47%,18.96%,
106/03/17,340,0,19,359,66384,4511,1221,72116,17.46%,18.97%,
106/03/16,-5,0,203,198,66044,4511,1202,71757,17.37%,18.87%,
106/03/15,-101,0,15,-86,66049,4511,999,71559,17.37%,18.82%,
106/03/14,72,0,-1,71,66150,4511,984,71645,17.40%,18.85%,
106/03/13,137,0,-4,133,66078,4511,985,71574,17.38%,18.83%,
106/03/10,-37,0,2,-35,65941,4511,989,71441,17.34%,18.79%,
106/03/09,-486,0,-1,-487,65955,4511,987,71453,17.35%,18.80%,
106/03/08,-74,0,0,-74,66425,4511,988,71924,17.47%,18.92%,
106/03/07,124,0,1,125,66499,4511,988,71998,17.49%,18.94%,
106/03/06,29,0,130,159,66375,4511,987,71873,17.46%,18.91%,
106/03/03,-67,0,0,-67,66346,4511,857,71714,17.45%,18.86%,
106/03/02,-486,0,-405,-891,66413,4511,857,71781,17.47%,18.88%,
106/03/01,-104,0,-199,-303,66899,4511,1262,72672,17.60%,19.12%,
106/02/24,-340,0,22,-318,67003,4511,1461,72975,17.62%,19.19%,
106/02/23,-167,0,758,591,67343,4511,1439,73293,17.71%,19.28%,
106/02/22,323,1060,589,1972,67510,4511,681,72702,17.76%,19.13%,
106/02/21,563,0,5,568,67187,3451,92,70730,17.67%,18.60%,
106/02/20,353,0,11,364,66624,3451,87,70162,17.52%,18.45%,
106/02/18,0,0,0,0,66271,3451,76,69798,17.43%,18.36%,
106/02/17,618,0,-449,169,66271,3451,76,69798,17.43%,18.36%,
106/02/16,131,0,6,137,65653,3451,525,69629,17.27%,18.32%,
106/02/15,619,0,-1,618,65522,3451,519,69492,17.23%,18.27%,
106/02/14,-101,400,300,599,64903,3451,520,68874,17.07%,18.11%,
106/02/13,303,0,144,447,64994,3051,220,68265,17.09%,17.95%,
106/02/10,-523,1700,-7,1170,64691,3051,76,67818,17.01%,17.83%,
106/02/09,85,0,-6,79,65214,1351,83,66648,17.15%,17.53%,
106/02/08,-15,0,-9,-24,65129,1351,89,66569,17.13%,17.51%,
106/02/07,11,0,2,13,65144,1351,98,66593,17.13%,17.51%,
106/02/06,32,0,-5,27,65133,1351,96,66580,17.13%,17.51%,
106/02/03,-108,28,-3,-83,65101,1351,101,66553,17.12%,17.50%,
106/02/02,156,0,-1,155,65209,1323,104,66636,17.15%,17.53%,
106/01/24,226,0,0,226,65053,1323,105,66481,17.11%,17.49%,
106/01/23,20,0,6,26,64827,1323,105,66255,17.05%,17.43%,
106/01/20,94,0,0,94,64807,1323,99,66229,17.04%,17.41%,
106/01/19,43,0,-10,33,64713,1323,99,66135,17.02%,17.39%,
106/01/18,227,-200,-11,16,64670,1323,109,66102,17.01%,17.39%,
106/01/17,-37,0,0,-37,64443,1523,120,66086,16.95%,17.38%,
106/01/16,-232,0,0,-232,64480,1523,120,66123,16.96%,17.39%,
106/01/13,-47,0,0,-47,64712,1523,120,66355,17.02%,17.45%,
106/01/12,-57,0,0,-57,64759,1523,120,66402,17.03%,17.46%,
106/01/11,-41,0,0,-41,64816,1523,120,66459,17.05%,17.48%,
106/01/10,-71,0,0,-71,64857,1523,120,66500,17.06%,17.49%,
106/01/09,203,0,-1,202,64928,1523,120,66571,17.08%,17.51%,
106/01/06,53,131,0,184,64725,1523,121,66369,17.02%,17.45%,
106/01/05,34,107,8,149,64672,1392,121,66185,17.01%,17.41%,
106/01/04,4,0,0,4,64638,1285,113,66036,17.00%,17.37%,
106/01/03,173,0,0,173,64634,1285,113,66032,17.00%,17.37%,
105/12/30,-69,0,-1,-70,64461,1285,113,65859,16.95%,17.32%,
105/12/29,-69,0,-7,-76,64530,1285,114,65929,16.97%,17.34%,
105/12/28,165,0,-1,164,64599,1285,121,66005,16.99%,17.36%,
105/12/27,-140,0,0,-140,64434,1285,122,65841,16.95%,17.32%,
105/12/26,-39,0,0,-39,64574,1285,122,65981,16.98%,17.35%,
105/12/23,19,0,0,19,64613,1285,122,66020,16.99%,17.36%,
105/12/22,178,0,-4,174,64594,1285,122,66001,16.99%,17.36%,
105/12/21,461,0,25,486,64416,1285,126,65827,16.94%,17.31%,
105/12/20,115,0,17,132,64115,1285,101,65501,16.86%,17.22%,
105/12/19,216,0,9,225,64000,1285,84,65369,16.83%,17.19%,
105/12/16,129,0,10,139,63784,1285,75,65144,16.78%,17.14%,
105/12/15,183,0,2,185,63655,1285,65,65005,16.74%,17.10%,
105/12/14,3,0,0,3,63472,1285,63,64820,16.69%,17.04%,
105/12/13,304,0,3,307,63469,1285,63,64817,16.69%,17.04%,
105/12/12,116,0,16,132,63165,1285,60,64510,16.61%,16.96%,
105/12/09,502,0,2,504,63049,1285,44,64378,16.58%,16.93%,
105/12/08,-112,0,3,-109,62547,1285,42,63874,16.45%,16.80%,
105/12/07,267,0,-6,261,62659,1285,39,63983,16.48%,16.83%,
105/12/06,175,0,13,188,62392,1285,45,63722,16.41%,16.76%,
105/12/05,55,0,-189,-134,62217,1285,32,63534,16.36%,16.71%,
105/12/02,-70,0,-1,-71,62162,1285,221,63668,16.35%,16.75%,
105/12/01,200,0,198,398,62232,1285,222,63739,16.37%,16.77%,
105/11/30,361,0,0,361,62032,1285,24,63341,16.31%,16.65%,
105/11/29,352,0,1,353,61671,1285,24,62980,16.22%,16.56%,
105/11/28,231,0,4,235,61319,1285,23,62627,16.13%,16.47%,
105/11/25,57,0,2,59,61088,1285,19,62392,16.07%,16.41%,
105/11/24,53,0,1,54,61106,1285,17,62408,16.07%,16.41%,
105/11/23,23,0,2,25,61053,1285,16,62354,16.06%,16.40%,
105/11/22,-9,0,6,-3,61030,1285,14,62329,16.05%,16.39%,
105/11/21,84,0,-8,76,61039,1285,8,62332,16.05%,16.39%,
105/11/18,320,0,2,322,60955,1285,16,62256,16.03%,16.37%,
105/11/17,16,0,8,24,60635,1285,14,61934,15.95%,16.29%,
105/11/16,41,0,4,45,60619,1285,6,61910,15.94%,16.28%,
105/11/15,-31,0,0,-31,60578,1285,2,61865,15.93%,16.27%,
105/11/14,-175,0,1,-174,60609,1285,2,61896,15.94%,16.28%,
105/11/11,51,0,-2,49,60738,1285,1,62024,15.97%,16.31%,
105/11/10,18,0,3,21,60687,1285,3,61975,15.96%,16.30%,
105/11/09,-201,0,-57,-258,60669,1285,0,61954,15.96%,16.30%,
105/11/08,13,0,-3,10,60870,1285,53,62208,16.01%,16.36%,
105/11/07,45,0,6,51,60857,1285,56,62198,16.01%,16.36%,
105/11/04,-13,0,-79,-92,60812,1285,50,62147,15.99%,16.34%,
105/11/03,-30,0,10,-20,60825,1285,129,62239,16.00%,16.37%,
105/11/02,167,0,35,202,60855,1285,119,62259,16.01%,16.38%,
105/11/01,21,0,2,23,60688,1285,84,62057,15.96%,16.32%,
105/10/31,79,0,-42,37,60667,1285,82,62034,15.96%,16.32%,
105/10/28,-103,0,-1,-104,60588,1285,124,61997,15.93%,16.30%,
105/10/27,65,0,0,65,60691,1285,125,62101,15.96%,16.33%,
105/10/26,15,0,0,15,60626,1285,125,62036,15.94%,16.31%,
105/10/25,63,0,0,63,60611,1285,125,62021,15.94%,16.31%,
105/10/24,314,0,0,314,60548,1285,125,61958,15.92%,16.29%,
105/10/21,96,31,-42,85,60224,1285,125,61634,15.84%,16.21%,
105/10/20,-11,32,-5,16,60055,1254,167,61476,15.79%,16.16%,
105/10/19,-107,0,-8,-115,60066,1222,172,61460,15.80%,16.17%,
105/10/18,72,0,-4,68,60173,1222,180,61575,15.83%,16.20%,
105/10/17,367,0,-3,364,60101,1222,184,61507,15.81%,16.18%,
105/10/14,585,0,2,587,59734,1222,187,61143,15.71%,16.08%,
105/10/13,57,0,-1,56,59149,1222,185,60556,15.56%,15.93%,
105/10/12,191,0,2,193,59092,1222,186,60500,15.54%,15.91%,
105/10/11,98,0,12,110,58901,1222,184,60307,15.49%,15.86%,
105/10/07,97,0,0,97,58803,1222,172,60197,15.47%,15.84%,
105/10/06,23,0,40,63,58706,1222,172,60100,15.44%,15.81%,
105/10/05,291,0,-2,289,58683,1222,132,60037,15.43%,15.79%,
105/10/04,190,0,0,190,58392,1222,134,59748,15.36%,15.72%,
105/10/03,58,0,-1,57,58202,1222,134,59558,15.31%,15.67%,
105/09/30,-29,0,41,12,58144,1222,135,59501,15.29%,15.65%,
105/09/29,170,0,-2,168,58173,1220,94,59487,15.30%,15.65%,
105/09/26,24,0,0,24,58003,1220,96,59319,15.25%,15.60%,
105/09/23,111,0,0,111,57979,1220,96,59295,15.25%,15.60%,
105/09/22,-22,0,0,-22,57868,1220,96,59184,15.22%,15.57%,
105/09/21,139,0,-3,136,57890,1220,96,59206,15.23%,15.58%,
105/09/20,39,0,38,77,57751,1220,99,59070,15.19%,15.54%,
105/09/19,290,0,4,294,57712,1220,61,58993,15.18%,15.52%,
105/09/14,244,0,-1,243,57422,1220,57,58699,15.10%,15.44%,
105/09/13,93,0,-15,78,57178,1220,58,58456,15.04%,15.38%,
105/09/12,-160,0,-200,-360,57085,1220,73,58378,15.01%,15.35%,
105/09/10,0,0,-3,-3,57245,1220,273,58738,15.06%,15.45%,
105/09/09,-105,0,-1,-106,57245,1220,276,58741,15.06%,15.45%,
105/09/08,-580,0,-9,-589,57350,1220,277,58847,15.08%,15.47%,
105/09/07,47,0,5,52,57930,1220,286,59436,15.24%,15.64%,
105/09/06,43,0,-24,19,57883,1220,281,59384,15.22%,15.61%,
105/09/05,-86,0,9,-77,57840,1220,305,59365,15.21%,15.61%,
105/09/02,43,0,43,86,57926,1220,296,59442,15.23%,15.63%,
105/09/01,-192,1200,0,1008,57883,1220,253,59356,15.22%,15.61%,
105/08/31,538,0,-7,531,58075,20,253,58348,15.27%,15.34%,
105/08/30,670,0,193,863,57518,20,260,57798,15.13%,15.20%,
105/08/29,167,0,-3,164,56848,20,67,56935,14.95%,14.97%,
105/08/26,193,0,0,193,56681,20,70,56771,14.91%,14.93%,
105/08/25,497,-20,-97,380,56488,20,70,56578,14.86%,14.88%,
105/08/24,88,0,0,88,55991,40,167,56198,14.73%,14.78%,
105/08/23,122,0,-1,121,55908,40,167,56115,14.70%,14.75%,
105/08/22,237,0,-3,234,55786,40,168,55994,14.67%,14.72%,
105/08/19,96,0,-2,94,55549,40,171,55760,14.61%,14.67%,
105/08/18,263,0,-1,262,55453,40,173,55666,14.58%,14.64%,
105/08/17,68,0,-8,60,55190,40,174,55404,14.51%,14.57%,
105/08/16,208,0,-1,207,55122,40,182,55344,14.50%,14.56%,
105/08/15,39,0,-1,38,54914,40,183,55137,14.44%,14.50%,
105/08/12,267,0,0,267,54875,40,184,55099,14.43%,14.49%,
105/08/11,106,0,-4,102,54608,40,184,54832,14.36%,14.42%,
105/08/10,410,0,0,410,54502,40,188,54730,14.33%,14.39%,
105/08/09,485,0,7,492,54092,40,188,54320,14.23%,14.29%,
105/08/08,324,0,-243,81,53607,40,181,53828,14.10%,14.16%,
105/08/05,144,0,-77,67,53283,40,424,53747,14.01%,14.13%,
105/08/04,287,0,-66,221,53139,40,501,53680,13.98%,14.12%,
105/08/03,-136,0,-10,-146,52773,40,567,53380,13.88%,14.04%,
105/08/02,189,0,0,189,52909,40,577,53526,13.91%,14.07%,
105/08/01,-282,0,0,-282,52665,40,577,53282,13.85%,14.01%,
105/07/29,881,0,1,882,52947,40,577,53564,13.92%,14.08%,
105/07/28,-256,0,96,-160,52066,40,576,52682,13.69%,13.85%,
105/07/27,310,0,-1,309,52322,40,480,52842,13.76%,13.90%,
105/07/26,-303,0,0,-303,52012,40,481,52533,13.68%,13.82%,
105/07/25,243,0,-1,242,52315,40,481,52836,13.76%,13.90%,
105/07/22,-36,0,1,-35,52072,40,482,52594,13.69%,13.83%,
105/07/21,-1095,0,52,-1043,52025,40,481,52546,13.68%,13.82%,
105/07/20,-835,0,-3,-838,53120,40,429,53589,13.97%,14.09%,
105/07/19,-441,0,0,-441,53955,40,432,54427,14.19%,14.31%,
105/07/18,-329,0,0,-329,54396,40,432,54868,14.31%,14.43%,
105/07/15,-470,0,0,-470,54725,40,432,55197,14.39%,14.51%,
105/07/14,77,0,5,82,55195,40,432,55667,14.52%,14.64%,
105/07/13,136,0,-11,125,55118,40,427,55585,14.50%,14.62%,
105/07/12,-58,0,0,-58,54982,40,438,55460,14.46%,14.59%,
105/07/11,46,0,1,47,55040,40,438,55518,14.48%,14.61%,
105/07/07,-106,0,0,-106,54994,40,437,55471,14.46%,14.59%,
105/07/06,-27,0,1,-26,55100,40,437,55577,14.49%,14.62%,
105/07/05,-343,0,-1,-344,55127,40,436,55603,14.50%,14.63%,
105/07/04,-312,0,-1,-313,55470,40,437,55947,14.59%,14.72%,
105/07/01,61,0,0,61,55782,40,438,56260,14.67%,14.80%,
105/06/30,-97,0,0,-97,55726,40,438,56204,14.66%,14.79%,
105/06/29,38,0,1,39,55823,52,438,56313,14.68%,14.81%,
105/06/28,51,0,-1,50,55785,52,437,56274,14.67%,14.80%,
105/06/27,29,-1,0,28,55734,52,438,56224,14.66%,14.79%,
105/06/24,-133,0,-52,-185,55705,53,438,56196,14.65%,14.78%,
105/06/23,68,0,0,68,55838,53,490,56381,14.69%,14.83%,
105/06/22,-113,0,0,-113,55770,53,490,56313,14.67%,14.81%,
105/06/21,2,0,2,4,55883,53,490,56426,14.70%,14.84%,
105/06/20,14,0,22,36,55881,53,488,56422,14.70%,14.84%,
105/06/17,-339,0,5,-334,55867,53,466,56386,14.69%,14.83%,
105/06/16,-155,0,0,-155,56206,53,461,56720,14.78%,14.92%,
105/06/15,93,0,2,95,56361,53,461,56875,14.82%,14.96%,
105/06/14,97,0,7,104,56268,53,459,56780,14.80%,14.93%,
105/06/13,-26,0,55,29,56171,53,452,56676,14.77%,14.90%,
105/06/08,53,0,18,71,56197,53,397,56647,14.78%,14.90%,
105/06/07,52,0,46,98,56144,53,379,56576,14.77%,14.88%,
105/06/06,28,0,-6,22,56092,53,333,56478,14.75%,14.85%,
105/06/04,0,0,0,0,56064,53,339,56456,14.74%,14.84%,
105/06/03,120,0,3,123,56064,53,339,56456,14.74%,14.84%,
105/06/02,-264,0,14,-250,55944,53,336,56333,14.71%,14.81%,
105/06/01,74,0,0,74,56208,53,322,56583,14.78%,14.88%,
105/05/31,48,0,95,143,56134,53,322,56509,14.76%,14.86%,
105/05/30,-129,0,-1,-130,56086,53,227,56366,14.75%,14.82%,
105/05/27,306,0,2,308,56215,53,228,56496,14.78%,14.85%,
105/05/26,61,0,2,63,55919,53,226,56198,14.71%,14.78%,
105/05/25,126,0,2,128,55858,53,224,56135,14.69%,14.76%,
105/05/24,74,0,73,147,55732,53,222,56007,14.66%,14.73%,
105/05/23,111,0,0,111,55658,53,149,55860,14.64%,14.69%,
105/05/20,86,0,27,113,55445,53,149,55647,14.58%,14.63%,
105/05/19,28,0,6,34,55359,53,122,55534,14.56%,14.61%,
105/05/18,-3,0,28,25,55331,53,116,55500,14.55%,14.59%,
105/05/17,168,0,48,216,55100,53,88,55241,14.49%,14.53%,
105/05/16,64,0,4,68,54932,53,40,55025,14.45%,14.47%,
105/05/13,-94,0,9,-85,54868,53,36,54957,14.43%,14.45%,
105/05/12,-18,0,0,-18,54962,53,27,55042,14.45%,14.47%,
105/05/11,-81,0,-1,-82,54980,53,27,55060,14.46%,14.48%,
105/05/10,152,0,28,180,55061,53,28,55142,14.48%,14.50%,
105/05/09,13,0,-1,12,54909,53,0,54962,14.44%,14.45%,
105/05/06,16,0,-6,10,54896,53,0,54949,14.44%,14.45%,
105/05/05,-18,0,0,-18,54880,53,0,54933,14.43%,14.44%,
105/05/04,20,0,-6,14,54898,53,0,54951,14.44%,14.45%,
105/05/03,2,0,-2,0,54878,53,0,54931,14.43%,14.44%,
105/04/29,-36,0,-1,-37,54876,53,0,54929,14.43%,14.44%,
105/04/28,-182,0,-12,-194,54912,53,0,54965,14.44%,14.45%,
105/04/27,-17,0,-18,-35,55094,53,0,55147,14.49%,14.50%,
105/04/26,69,0,-17,52,55101,53,0,55154,14.49%,14.50%,
105/04/25,-17,0,-45,-62,55032,53,6,55091,14.47%,14.49%,
105/04/22,-100,0,1,-99,55049,53,51,55153,14.48%,14.51%,
105/04/21,60,0,3,63,55149,53,50,55252,14.50%,14.53%,
105/04/20,74,0,-10,64,55089,53,47,55189,14.49%,14.52%,
105/04/19,84,0,0,84,55015,53,57,55125,14.47%,14.50%,
105/04/18,50,0,-4,46,54931,53,57,55041,14.45%,14.48%,
105/04/15,2,11,0,13,54881,53,61,54995,14.43%,14.46%,
105/04/14,-5,0,0,-5,54879,42,61,54982,14.43%,14.46%,
105/04/13,26,0,0,26,54884,42,61,54987,14.43%,14.46%,
105/04/12,-133,0,0,-133,54858,42,61,54961,14.43%,14.46%,
105/04/11,15,0,-1,14,54991,42,61,55094,14.46%,14.49%,
105/04/08,51,0,-1,50,54976,42,62,55080,14.46%,14.49%,
105/04/07,30,0,-1,29,54925,42,63,55030,14.45%,14.48%,
105/04/06,-33,0,0,-33,54895,42,64,55001,14.44%,14.47%,
105/04/01,2,0,3,5,54928,42,64,55034,14.45%,14.48%,
105/03/31,-52,0,3,-49,54926,42,61,55029,14.45%,14.48%,
105/03/30,84,0,0,84,54978,42,58,55078,14.46%,14.49%,
105/03/29,26,0,2,28,54894,42,58,54994,14.44%,14.47%,
105/03/28,-189,0,1,-188,54868,42,56,54966,14.43%,14.46%,
105/03/25,-68,0,-1,-69,55057,42,55,55154,14.48%,14.51%,
105/03/24,-63,0,4,-59,55125,42,56,55223,14.50%,14.53%,
105/03/23,-60,0,0,-60,55188,42,52,55282,14.51%,14.53%,
105/03/22,-16,0,-3,-19,55248,42,52,55342,14.53%,14.55%,
105/03/21,-33,0,-2,-35,55264,42,55,55361,14.53%,14.56%,
105/03/18,-248,0,11,-237,55297,42,57,55396,14.54%,14.57%,
105/03/17,-68,0,0,-68,55545,42,46,55633,14.61%,14.63%,
105/03/16,82,0,31,113,55623,42,46,55711,14.63%,14.65%,
105/03/15,-180,0,15,-165,55541,42,15,55598,14.61%,14.62%,
105/03/14,410,0,-6,404,55721,42,0,55763,14.65%,14.66%,
105/03/11,68,0,-7,61,55311,42,0,55353,14.55%,14.56%,
105/03/10,189,0,-3,186,55243,42,7,55292,14.53%,14.54%,
105/03/09,32,0,0,32,55053,42,10,55105,14.48%,14.49%,
105/03/08,32,0,0,32,55021,42,10,55073,14.47%,14.48%,
105/03/07,7,0,-5,2,54989,42,10,55041,14.46%,14.47%,
105/03/04,114,0,-17,97,54982,42,15,55039,14.46%,14.47%,
105/03/03,80,0,-3,77,54868,42,32,54942,14.43%,14.45%,
105/03/02,87,0,0,87,54788,42,35,54865,14.41%,14.43%,
105/03/01,82,0,0,82,54701,42,35,54778,14.39%,14.41%,
105/02/26,-19,0,0,-19,54619,42,35,54696,14.36%,14.38%,
105/02/25,94,0,0,94,54638,42,35,54715,14.37%,14.39%,
105/02/24,101,0,-7,94,54544,42,35,54621,14.34%,14.36%,
105/02/23,241,0,-11,230,54443,42,42,54527,14.32%,14.34%,
105/02/22,21,0,-6,15,54602,42,53,54697,14.36%,14.38%,
105/02/19,61,0,-5,56,54581,42,59,54682,14.35%,14.38%,
105/02/18,51,0,23,74,54520,42,64,54626,14.34%,14.37%,
105/02/17,46,0,7,53,54469,42,41,54552,14.33%,14.35%,
105/02/16,126,0,28,154,54423,42,34,54499,14.31%,14.33%,
105/02/15,49,0,1,50,54297,42,6,54345,14.28%,14.29%,
105/02/03,-29,0,-1,-30,54248,42,5,54295,14.27%,14.28%,
105/02/02,37,0,0,37,54267,42,6,54315,14.27%,14.28%,
105/02/01,33,0,-8,25,54230,42,6,54278,14.26%,14.27%,
105/01/30,0,0,5,5,54197,42,14,54253,14.25%,14.26%,
105/01/29,78,0,3,81,54197,42,9,54248,14.25%,14.26%,
105/01/28,73,0,4,77,54119,42,6,54167,14.23%,14.24%,
105/01/27,41,0,0,41,54046,42,2,54090,14.21%,14.22%,
105/01/26,47,0,0,47,54035,42,2,54079,14.21%,14.22%,
105/01/25,77,0,0,77,53988,42,2,54032,14.20%,14.21%,
105/01/22,51,0,0,51,53911,42,2,53955,14.18%,14.19%,
105/01/21,50,0,2,52,53860,42,2,53904,14.16%,14.17%,
105/01/20,23,0,-19,4,53810,42,0,53852,14.15%,14.16%,
105/01/19,-64,-2,-4,-70,53787,42,3,53832,14.15%,14.16%,
105/01/18,140,0,6,146,53851,44,7,53902,14.16%,14.17%,
105/01/15,53,0,-3,50,53711,44,1,53756,14.13%,14.14%,
105/01/14,450,0,-21,429,53658,44,4,53706,14.11%,14.12%,
105/01/13,-7,0,0,-7,53237,44,25,53306,14.00%,14.02%,
105/01/12,-36,0,-4,-40,52844,44,25,52913,13.90%,13.92%,
105/01/11,-135,0,0,-135,52880,44,29,52953,13.91%,13.93%,
105/01/08,23,0,0,23,53015,44,29,53088,13.94%,13.96%,
105/01/07,-80,0,-7,-87,53029,44,29,53102,13.95%,13.97%,
105/01/06,-45,0,36,-9,53182,44,36,53262,13.99%,14.01%,
105/01/05,-61,0,-10,-71,53282,44,0,53326,14.01%,14.02%,
105/01/04,12,0,-38,-26,53204,44,8,53256,13.99%,14.00%,
104/12/31,18,0,0,18,53192,44,46,53282,13.99%,14.01%,
104/12/30,0,0,-1,-1,53174,0,46,53220,13.98%,13.99%,
104/12/29,-24,-31,6,-49,53174,0,47,53221,13.98%,13.99%,
104/12/28,-25,-29,0,-54,53186,26,41,53253,13.99%,14.01%,
104/12/25,5,0,-2,3,53201,55,41,53297,13.99%,14.02%,
104/12/24,24,0,0,24,53196,55,43,53294,13.99%,14.02%,
104/12/23,52,0,0,52,53172,55,43,53270,13.98%,14.01%,
104/12/22,-56,4,0,-52,53123,55,43,53221,13.97%,14.00%,
104/12/21,128,0,8,136,53230,51,43,53324,14.00%,14.02%,
104/12/18,-27,0,35,8,53102,51,35,53188,13.97%,13.99%,
104/12/17,60,0,-1,59,53153,51,0,53204,13.98%,13.99%,
104/12/16,57,0,-5,52,53093,51,0,53144,13.96%,13.97%,
104/12/15,-5,0,-8,-13,53036,51,0,53087,13.95%,13.96%,
104/12/14,8,0,8,16,53041,51,8,53100,13.95%,13.97%,
104/12/11,-27,0,-13,-40,52963,51,0,53014,13.93%,13.94%,
104/12/10,-77,0,0,-77,52990,51,5,53046,13.94%,13.95%,
104/12/09,-64,0,-4,-68,53067,51,5,53123,13.96%,13.97%,
104/12/08,-21,0,-1,-22,53131,51,9,53191,13.97%,13.99%,
104/12/07,73,0,-1,72,53152,51,10,53213,13.98%,14.00%,
104/12/04,191,0,-1,190,53079,51,11,53141,13.96%,13.98%,
104/12/03,66,0,-15,51,52888,51,12,52951,13.91%,13.93%,
104/12/02,63,0,5,68,52822,51,27,52900,13.89%,13.91%,
104/12/01,124,0,4,128,52759,51,22,52832,13.88%,13.90%,
104/11/30,-97,0,-5,-102,52635,51,18,52704,13.84%,13.86%,
104/11/27,-46,0,3,-43,52732,51,23,52806,13.87%,13.89%,
104/11/26,61,0,1,62,52778,51,20,52849,13.88%,13.90%,
104/11/25,-19,0,-1,-20,52717,51,19,52787,13.86%,13.88%,
104/11/24,-11,0,0,-11,52736,51,20,52807,13.87%,13.89%,
104/11/23,79,0,-2,77,52747,51,20,52818,13.87%,13.89%,
104/11/20,44,0,-2,42,52668,51,22,52741,13.85%,13.87%,
104/11/19,231,0,0,231,52624,51,24,52699,13.84%,13.86%,
104/11/18,7,0,0,7,52393,51,24,52468,13.78%,13.80%,
104/11/17,131,0,-6,125,52386,51,24,52461,13.78%,13.80%,
104/11/16,-25,0,-5,-30,52255,51,30,52336,13.74%,13.76%,
104/11/13,-85,0,0,-85,52280,51,35,52366,13.75%,13.77%,
104/11/12,-164,0,1,-163,52365,51,35,52451,13.77%,13.79%,
104/11/11,-229,0,3,-226,52529,51,34,52614,13.81%,13.83%,
104/11/10,34,0,0,34,52758,51,31,52840,13.87%,13.89%,
104/11/09,-155,0,0,-155,52724,51,31,52806,13.87%,13.89%,
104/11/06,-152,0,0,-152,52879,51,31,52961,13.91%,13.93%,
104/11/05,5,0,-2,3,53021,51,31,53103,13.94%,13.96%,
104/11/04,210,6,1,217,53016,51,33,53100,13.94%,13.96%,
104/11/03,228,0,1,229,52806,45,32,52883,13.89%,13.91%,
104/11/02,191,0,-2,189,52578,45,31,52654,13.83%,13.85%,
104/10/30,40,0,2,42,52387,45,33,52465,13.78%,13.80%,
104/10/29,-26,0,0,-26,52347,45,31,52423,13.77%,13.79%,
104/10/28,195,0,0,195,52373,45,31,52449,13.77%,13.79%,
104/10/27,68,0,0,68,52178,45,31,52254,13.72%,13.74%,
104/10/26,207,0,0,207,52110,45,31,52186,13.70%,13.72%,
104/10/23,-19,0,0,-19,51903,45,31,51979,13.65%,13.67%,
104/10/22,236,0,-2,234,51922,45,31,51998,13.66%,13.68%,
104/10/21,264,0,3,267,51686,45,33,51764,13.59%,13.61%,
104/10/20,164,0,1,165,51422,45,30,51497,13.52%,13.54%,
104/10/19,115,0,-1,114,51258,45,29,51332,13.48%,13.50%,
104/10/16,32,0,0,32,51143,45,30,51218,13.45%,13.47%,
104/10/15,68,0,0,68,51111,45,30,51186,13.44%,13.46%,
104/10/14,58,0,-1,57,51043,45,30,51118,13.42%,13.44%,
104/10/13,54,0,0,54,50985,45,31,51061,13.41%,13.43%,
104/10/12,357,0,0,357,50931,45,31,51007,13.39%,13.41%,
104/10/08,4,0,0,4,50574,45,31,50650,13.30%,13.32%,
104/10/07,125,0,0,125,50570,45,31,50646,13.30%,13.32%,
104/10/06,-8,0,1,-7,50445,45,31,50521,13.27%,13.29%,
104/10/05,10,0,11,21,50453,45,30,50528,13.27%,13.29%,
104/10/02,-36,5,0,-31,50443,45,19,50507,13.27%,13.29%,
104/10/01,89,0,-1,88,50479,40,19,50538,13.28%,13.30%,
104/09/30,49,0,0,49,50390,40,20,50450,13.25%,13.27%,
104/09/25,46,0,0,46,50341,90,20,50451,13.24%,13.27%,
104/09/24,-85,0,1,-84,50326,90,20,50436,13.24%,13.27%,
104/09/23,-17,0,-2,-19,50411,90,19,50520,13.26%,13.29%,
104/09/22,426,0,0,426,50428,90,21,50539,13.26%,13.29%,
104/09/21,8,18,-1,25,50002,90,21,50113,13.15%,13.18%,
104/09/18,295,0,1,296,49994,72,22,50088,13.15%,13.17%,
104/09/17,309,0,0,309,49699,72,21,49792,13.07%,13.09%,
104/09/16,222,0,8,230,49390,72,21,49483,12.99%,13.01%,
104/09/15,14,0,-1,13,49168,72,13,49253,12.93%,12.95%,
104/09/14,41,0,-7,34,49154,72,14,49240,12.93%,12.95%,
104/09/11,-20,0,0,-20,49113,72,21,49206,12.92%,12.94%,
104/09/10,346,0,0,346,49133,72,21,49226,12.92%,12.94%,
104/09/09,158,0,0,158,48787,72,21,48880,12.83%,12.85%,
104/09/08,-57,0,-2,-59,48629,72,21,48722,12.79%,12.81%,
104/09/07,6,2,0,8,48686,72,23,48781,12.80%,12.82%,
104/09/04,237,-6,0,231,48680,70,23,48773,12.80%,12.82%,
104/09/03,-2,0,-2,-4,48443,76,23,48542,12.74%,12.77%,
104/09/02,295,0,0,295,48445,76,25,48546,12.74%,12.77%,
104/09/01,205,-4,0,201,48150,76,25,48251,12.66%,12.69%,
104/08/31,319,-3,0,316,47945,80,25,48050,12.61%,12.64%,
104/08/28,273,0,-3,270,47575,83,25,47683,12.51%,12.54%,
104/08/27,29,0,-11,18,47292,83,28,47403,12.44%,12.47%,
104/08/26,168,0,-3,165,47263,83,39,47385,12.43%,12.46%,
104/08/25,23,0,0,23,47095,83,42,47220,12.39%,12.42%,
104/08/24,60,0,-7,53,47072,83,42,47197,12.38%,12.41%,
104/08/21,-12,0,-4,-16,47012,83,49,47144,12.36%,12.39%,
104/08/20,47,0,4,51,47024,83,53,47160,12.37%,12.41%,
104/08/19,-141,0,-6,-147,46977,83,49,47109,12.35%,12.38%,
104/08/18,92,0,0,92,47118,83,55,47256,12.39%,12.43%,
104/08/17,-75,0,0,-75,47026,83,55,47164,12.37%,12.41%,
104/08/14,-32,0,10,-22,47101,83,55,47239,12.39%,12.43%,
104/08/13,5,0,3,8,47123,83,45,47251,12.39%,12.42%,
104/08/12,27,5,17,49,47118,83,42,47243,12.39%,12.42%,
104/08/11,17,0,-20,-3,47091,78,25,47194,12.38%,12.41%,
104/08/10,-20,0,-4,-24,47074,78,45,47197,12.38%,12.41%,
104/08/07,216,0,-1,215,47094,78,49,47221,12.38%,12.41%,
104/08/06,-199,0,5,-194,46878,78,50,47006,12.33%,12.36%,
104/08/05,263,0,0,263,47077,78,45,47200,12.38%,12.41%,
104/08/04,-185,0,15,-170,46814,78,45,46937,12.31%,12.34%,
104/08/03,-136,0,-8,-144,46999,78,30,47107,12.36%,12.39%,
104/07/31,-85,0,-18,-103,47114,78,38,47230,12.39%,12.42%,
104/07/30,-121,0,-2,-123,47199,78,56,47333,12.41%,12.45%,
104/07/29,188,0,-3,185,47320,78,58,47456,12.44%,12.48%,
104/07/28,30,8,10,48,47132,78,61,47271,12.39%,12.43%,
104/07/27,-64,0,33,-31,47102,70,51,47223,12.39%,12.42%,
104/07/24,-97,1,1,-95,47166,70,18,47254,12.40%,12.42%,
104/07/23,-79,0,3,-76,47263,69,17,47349,12.43%,12.45%,
104/07/22,-31,0,5,-26,47342,69,14,47425,12.45%,12.47%,
104/07/21,101,0,0,101,47373,69,9,47451,12.46%,12.48%,
104/07/20,64,0,-1,63,47272,69,9,47350,12.43%,12.45%,
104/07/17,-76,24,-4,-56,47208,69,10,47287,12.41%,12.43%,
104/07/16,470,0,-11,459,47284,45,14,47343,12.43%,12.45%,
104/07/15,108,5,10,123,46814,45,25,46884,12.31%,12.33%,
104/07/14,49,0,-3,46,46706,40,15,46761,12.28%,12.29%,
104/07/13,244,0,-2,242,46657,40,18,46715,12.27%,12.29%,
104/07/09,154,0,-2,152,46413,40,20,46473,12.21%,12.23%,
104/07/08,106,0,9,115,46259,40,22,46321,12.17%,12.19%,
104/07/07,129,0,0,129,46153,40,13,46206,12.14%,12.15%,
104/07/06,134,0,-3,131,46024,40,13,46077,12.10%,12.11%,
104/07/03,24,0,-6,18,45890,40,16,45946,12.07%,12.08%,
104/07/02,148,0,-4,144,45866,40,22,45928,12.06%,12.08%,
104/07/01,180,0,0,180,45718,40,26,45784,12.02%,12.04%,
104/06/30,38,0,0,38,45538,40,26,45604,11.98%,12.00%,
104/06/29,22,0,0,22,45500,34,26,45560,11.97%,11.99%,
104/06/26,125,0,0,125,45478,34,26,45538,11.96%,11.98%,
104/06/25,100,0,0,100,45353,34,26,45413,11.93%,11.95%,
104/06/24,63,0,0,63,45253,34,26,45313,11.90%,11.92%,
104/06/23,64,0,-3,61,45190,34,26,45250,11.88%,11.90%,
104/06/22,-25,-6,-1,-32,45126,34,29,45189,11.87%,11.89%,
104/06/18,438,0,0,438,45270,40,30,45340,11.90%,11.92%,
104/06/17,47,0,-2,45,44832,40,30,44902,11.79%,11.81%,
104/06/16,-23,0,0,-23,44785,40,32,44857,11.78%,11.80%,
104/06/15,205,0,19,224,44769,40,32,44841,11.77%,11.79%,
104/06/12,232,0,-2,230,44564,40,13,44617,11.72%,11.73%,
104/06/11,202,0,-18,184,44332,40,15,44387,11.66%,11.67%,
104/06/10,363,0,1,364,44130,40,33,44203,11.60%,11.62%,
104/06/09,404,0,1,405,43767,40,32,43839,11.51%,11.53%,
104/06/08,125,0,0,125,43353,40,31,43424,11.40%,11.42%,
104/06/05,-69,8,16,-45,43228,40,31,43299,11.37%,11.39%,
104/06/04,-134,0,13,-121,43297,32,15,43344,11.39%,11.40%,
104/06/03,-5,0,0,-5,43431,32,2,43465,11.42%,11.43%,
104/06/02,32,0,0,32,43436,32,2,43470,11.42%,11.43%,
104/06/01,156,0,0,156,43404,32,2,43438,11.41%,11.42%,
104/05/29,181,0,0,181,43248,32,2,43282,11.37%,11.38%,
104/05/28,71,0,0,71,43067,32,2,43101,11.33%,11.34%,
104/05/27,295,0,0,295,43054,32,2,43088,11.32%,11.33%,
104/05/26,35,0,0,35,42759,32,2,42793,11.24%,11.25%,
104/05/25,9,0,-1,8,42724,32,2,42758,11.24%,11.25%,
104/05/22,254,0,-18,236,42702,32,3,42737,11.23%,11.24%,
104/05/21,-4,0,-14,-18,42448,32,21,42501,11.16%,11.17%,
104/05/20,11,0,-2,9,42452,32,35,42519,11.16%,11.18%,
104/05/19,154,0,-4,150,47280,32,37,47349,12.43%,12.45%,
104/05/18,130,0,-3,127,47336,32,41,47409,12.45%,12.47%,
104/05/15,20,0,-5,15,47216,32,44,47292,12.42%,12.44%,
104/05/14,62,0,-6,56,47186,32,49,47267,12.41%,12.43%,
104/05/13,162,0,5,167,47124,32,55,47211,12.39%,12.41%,
104/05/12,-142,0,-11,-153,46962,32,50,47044,12.35%,12.37%,
104/05/11,-75,0,21,-54,47104,32,61,47197,12.39%,12.41%,
104/05/08,-32,0,0,-32,47152,32,40,47224,12.40%,12.42%,
104/05/07,207,0,0,207,47185,32,40,47257,12.41%,12.43%,
104/05/06,124,0,1,125,46978,32,40,47050,12.35%,12.37%,
104/05/05,168,0,1,169,46854,32,39,46925,12.32%,12.34%,
104/05/04,-91,0,0,-91,46686,32,38,46756,12.28%,12.30%,
104/04/30,199,0,0,199,46777,32,38,46847,12.30%,12.32%,
104/04/29,122,0,11,133,46579,32,38,46649,12.25%,12.27%,
104/04/28,218,0,2,220,46387,32,27,46446,12.20%,12.22%,
104/04/27,97,0,1,98,46169,32,25,46226,12.14%,12.15%,
104/04/24,126,0,16,142,46072,32,24,46128,12.12%,12.13%,
104/04/23,-224,0,-2,-226,45946,32,8,45986,12.08%,12.09%,
104/04/22,-287,0,0,-287,46170,32,10,46212,12.14%,12.15%,
104/04/21,-361,0,1,-360,46467,32,10,46509,12.22%,12.23%,
104/04/20,-12,0,3,-9,46828,32,9,46869,12.31%,12.32%,
104/04/17,-255,0,0,-255,46840,32,6,46878,12.32%,12.33%,
104/04/16,-77,0,-24,-101,47095,32,6,47133,12.39%,12.40%,
104/04/15,-364,0,0,-364,47172,32,30,47234,12.41%,12.43%,
104/04/14,-62,0,-20,-82,47545,32,30,47607,12.50%,12.52%,
104/04/13,53,0,0,53,47607,32,50,47689,12.52%,12.54%,
104/04/10,-199,0,0,-199,47588,32,50,47670,12.51%,12.53%,
104/04/09,-107,0,0,-107,47787,32,50,47869,12.57%,12.59%,
104/04/08,-277,0,0,-277,47894,32,50,47976,12.60%,12.62%,
104/04/07,50,0,0,50,47951,32,50,48033,12.61%,12.63%,
104/04/02,-41,0,0,-41,47901,32,50,47983,12.60%,12.62%,
104/04/01,154,0,-3,151,47942,32,50,48024,12.61%,12.63%,
104/03/31,-158,0,0,-158,47888,32,53,47973,12.59%,12.61%,
104/03/30,230,0,4,234,48046,8,53,48107,12.64%,12.66%,
104/03/27,25,0,3,28,47816,8,49,47873,12.57%,12.58%,
104/03/26,369,0,1,370,47791,8,46,47845,12.57%,12.58%,
104/03/25,68,-255,10,-177,47422,8,45,47475,12.47%,12.48%,
104/03/24,254,-320,16,-50,47354,263,35,47652,12.45%,12.53%,
104/03/23,72,0,-2,70,47120,583,19,47722,12.39%,12.55%,
104/03/20,477,0,0,477,47048,583,21,47652,12.37%,12.53%,
104/03/19,-9,-400,1,-408,46571,583,21,47175,12.25%,12.41%,
104/03/18,-421,-350,-1,-772,46580,983,20,47583,12.25%,12.51%,
104/03/17,-52,-350,1,-401,47001,1333,21,48355,12.36%,12.72%,
104/03/16,-24,-320,13,-331,47034,1683,20,48737,12.37%,12.82%,
104/03/13,1,0,0,1,47058,2003,7,49068,12.38%,12.91%,
104/03/12,26,0,0,26,47057,2003,7,49067,12.38%,12.91%,
104/03/11,-465,-300,0,-765,47031,2003,7,49041,12.37%,12.90%,
104/03/10,-6,0,-4,-10,47486,2303,7,49796,12.49%,13.10%,
104/03/09,-26,0,0,-26,47492,2303,11,49806,12.49%,13.10%,
104/03/06,-465,30,-4,-439,47508,2303,11,49822,12.49%,13.10%,
104/03/05,-387,-400,-4,-791,47973,2273,15,50261,12.62%,13.22%,
104/03/04,-571,-400,0,-971,48260,2673,19,50952,12.69%,13.40%,
104/03/03,-656,-350,1,-1005,48831,3073,19,51923,12.84%,13.65%,
104/03/02,-580,-180,-4,-764,49497,3423,18,52938,13.02%,13.93%,
104/02/26,38,0,0,38,50077,3603,22,53702,13.17%,14.12%,
104/02/25,-55,0,-3,-58,50039,3603,22,53664,13.16%,14.11%,
104/02/24,-79,0,0,-79,50094,3603,25,53722,13.17%,14.12%,
104/02/13,-120,0,-11,-131,50173,3603,25,53801,13.19%,14.14%,
104/02/12,-4,0,0,-4,50388,3603,36,54027,13.25%,14.21%,
104/02/11,-25,0,0,-25,50382,3603,36,54021,13.25%,14.21%,
104/02/10,37,0,17,54,50646,3603,36,54285,13.32%,14.28%,
104/02/09,4,0,0,4,50609,3603,19,54231,13.31%,14.26%,
104/02/06,126,0,0,126,50605,3603,19,54227,13.31%,14.26%,
104/02/05,30,0,0,30,50479,3603,19,54101,13.28%,14.23%,
104/02/04,-111,0,0,-111,50449,3603,19,54071,13.27%,14.22%,
104/02/03,166,0,-7,159,51045,3603,19,54667,13.42%,14.37%,
104/02/02,-97,0,0,-97,50879,3603,26,54508,13.38%,14.33%,
104/01/30,-63,0,-7,-70,50956,3603,26,54585,13.40%,14.35%,
104/01/29,-458,0,11,-447,51169,3603,33,54805,13.46%,14.42%,
104/01/28,-344,0,0,-344,51627,3603,22,55252,13.58%,14.53%,
104/01/27,-867,0,0,-867,52008,3603,22,55633,13.68%,14.63%,
104/01/26,-351,0,0,-351,52875,3603,22,56500,13.91%,14.86%,
104/01/23,-511,0,0,-511,53212,3603,22,56837,13.99%,14.94%,
104/01/22,-324,0,0,-324,53723,3603,22,57348,14.13%,15.08%,
104/01/21,-140,0,-9,-149,54047,3603,22,57672,14.21%,15.16%,
104/01/20,85,0,0,85,54187,3603,31,57821,14.25%,15.21%,
104/01/19,-267,0,0,-267,55483,3603,31,59117,14.59%,15.55%,
104/01/16,151,0,-122,29,55750,3603,31,59384,14.66%,15.62%,
104/01/15,-195,0,19,-176,54849,3603,153,58605,14.43%,15.42%,
104/01/14,-74,0,100,26,55440,3603,134,59177,14.58%,15.56%,
104/01/13,-98,0,1,-97,55514,3603,34,59151,14.60%,15.56%,
104/01/12,-591,0,-170,-761,55612,3603,33,59248,14.63%,15.59%,
104/01/09,-960,0,-361,-1321,56170,3603,203,59976,14.77%,15.77%,
104/01/08,-293,0,-151,-444,57048,3603,564,61215,15.00%,16.10%,
104/01/07,-110,0,0,-110,57301,3603,715,61619,15.07%,16.21%,
104/01/06,214,0,35,249,57272,3603,715,61590,15.06%,16.20%,
104/01/05,-879,0,646,-233,57128,3603,680,61411,15.02%,16.15%,
