日期,外資買賣超,投信買賣超,自營商買賣超,單日合計買賣超,外資估計持股,投信估計持股,自營商估計持股,單日合計估計持股,外資持股比重,三大法人持股比重,
107/03/31,0,0,16,16,21222,853,129,22204,17.76%,18.58%,
107/03/30,4,0,32,36,21222,853,113,22188,17.76%,18.57%,
107/03/29,128,227,8,363,21218,853,81,22152,17.75%,18.53%,
107/03/28,118,0,-5,113,21090,626,73,21789,17.65%,18.24%,
107/03/27,35,0,5,40,20972,626,78,21676,17.55%,18.14%,
107/03/26,-25,180,46,201,20937,626,73,21636,17.52%,18.11%,
107/03/23,69,0,0,69,20962,446,27,21435,17.54%,17.94%,
107/03/22,48,0,0,48,20893,446,27,21366,17.48%,17.88%,
107/03/21,114,0,1,115,20845,446,27,21318,17.44%,17.84%,
107/03/20,82,-1,0,81,20731,446,26,21203,17.35%,17.75%,
107/03/19,66,-1,0,65,20659,447,26,21132,17.29%,17.69%,
107/03/16,-75,0,1,-74,20593,448,26,21067,17.23%,17.63%,
107/03/15,5,0,1,6,20668,448,25,21141,17.29%,17.69%,
107/03/14,56,0,0,56,20663,448,24,21135,17.29%,17.69%,
107/03/13,45,-1,1,45,20607,448,24,21079,17.24%,17.64%,
107/03/12,3,0,-6,-3,20562,449,23,21034,17.21%,17.61%,
107/03/09,24,0,0,24,20559,449,29,21037,17.20%,17.60%,
107/03/08,20,0,1,21,20535,449,29,21013,17.18%,17.58%,
107/03/07,71,0,13,84,20515,449,28,20992,17.17%,17.57%,
107/03/06,-13,0,0,-13,20444,449,15,20908,17.11%,17.50%,
107/03/05,-9,22,0,13,20457,449,15,20921,17.12%,17.51%,
107/03/02,-8,0,0,-8,20466,427,15,20908,17.13%,17.50%,
107/03/01,73,0,-11,62,20474,427,15,20916,17.13%,17.50%,
107/02/27,29,0,-4,25,20401,427,26,20854,17.07%,17.45%,
107/02/26,19,0,-1,18,20372,427,30,20829,17.05%,17.43%,
107/02/23,65,0,-28,37,20353,427,31,20811,17.03%,17.41%,
107/02/22,10,0,-2,8,20288,427,59,20774,16.98%,17.39%,
107/02/21,57,0,-6,51,20278,427,61,20766,16.97%,17.38%,
107/02/12,123,0,-1,122,20221,427,67,20715,16.92%,17.33%,
107/02/09,111,0,-1,110,20098,427,68,20593,16.82%,17.23%,
107/02/08,33,0,1,34,19987,427,69,20483,16.72%,17.14%,
107/02/07,38,0,0,38,19954,427,68,20449,16.70%,17.11%,
107/02/06,72,0,-3,69,19916,427,68,20411,16.66%,17.07%,
107/02/05,-22,0,1,-21,19921,427,71,20419,16.67%,17.09%,
107/02/02,36,0,0,36,19943,427,70,20440,16.69%,17.11%,
107/02/01,-28,0,2,-26,19907,427,70,20404,16.66%,17.08%,
107/01/31,26,0,-18,8,19935,427,68,20430,16.68%,17.09%,
107/01/30,34,0,0,34,19909,427,86,20422,16.66%,17.09%,
107/01/29,42,0,-1,41,19865,427,86,20378,16.62%,17.05%,
107/01/26,59,0,-14,45,19823,427,87,20337,16.59%,17.02%,
107/01/25,33,0,0,33,19764,427,101,20292,16.54%,16.98%,
107/01/24,42,0,0,42,19731,427,101,20259,16.51%,16.95%,
107/01/23,51,0,3,54,19689,427,101,20217,16.47%,16.91%,
107/01/22,60,0,9,69,19638,427,98,20163,16.43%,16.87%,
107/01/19,34,0,6,40,19578,427,89,20094,16.38%,16.81%,
107/01/18,95,25,26,146,19544,427,83,20054,16.35%,16.78%,
107/01/17,75,0,-2,73,19449,402,57,19908,16.27%,16.65%,
107/01/16,31,0,0,31,19374,402,59,19835,16.21%,16.60%,
107/01/15,8,0,2,10,19343,402,59,19804,16.19%,16.58%,
107/01/12,17,0,1,18,19335,402,57,19794,16.18%,16.56%,
107/01/11,11,0,5,16,19318,402,56,19776,16.16%,16.54%,
107/01/10,47,0,4,51,19307,402,51,19760,16.16%,16.54%,
107/01/09,15,0,3,18,19260,402,47,19709,16.12%,16.50%,
107/01/08,24,0,1,25,19245,402,44,19691,16.10%,16.47%,
107/01/05,25,0,0,25,19221,402,43,19666,16.08%,16.45%,
107/01/04,13,0,11,24,19196,402,43,19641,16.06%,16.43%,
107/01/03,21,0,21,42,19183,402,32,19617,16.05%,16.41%,
107/01/02,13,0,0,13,19162,402,11,19575,16.03%,16.38%,
106/12/29,10,0,0,10,19149,402,11,19562,16.02%,16.37%,
106/12/28,107,-1,1,107,19139,119,11,19269,16.01%,16.12%,
106/12/27,3,-2,-6,-5,19032,120,10,19162,15.92%,16.03%,
106/12/26,5,-1,6,10,19029,122,16,19167,15.92%,16.04%,
106/12/25,10,0,0,10,19024,123,10,19157,15.92%,16.03%,
106/12/22,92,0,0,92,19014,123,10,19147,15.91%,16.02%,
106/12/21,9,0,0,9,18922,123,10,19055,15.83%,15.94%,
106/12/20,32,0,0,32,18913,123,10,19046,15.83%,15.94%,
106/12/19,6,0,0,6,18881,123,10,19014,15.80%,15.91%,
106/12/18,32,10,0,42,18875,123,10,19008,15.79%,15.90%,
106/12/15,51,0,0,51,18843,113,10,18966,15.77%,15.87%,
106/12/14,20,0,0,20,18792,113,10,18915,15.72%,15.82%,
106/12/13,11,0,0,11,18772,113,10,18895,15.71%,15.81%,
106/12/12,61,0,-1,60,18761,113,10,18884,15.70%,15.80%,
106/12/11,30,0,0,30,18700,113,11,18824,15.65%,15.75%,
106/12/08,16,0,0,16,18651,113,11,18775,15.61%,15.71%,
106/12/07,21,0,-11,10,18638,113,11,18762,15.60%,15.70%,
106/12/06,5,0,-8,-3,18617,113,22,18752,15.58%,15.69%,
106/12/05,4,0,0,4,18612,113,30,18755,15.57%,15.69%,
106/12/04,14,0,0,14,18608,113,30,18751,15.57%,15.69%,
106/12/01,4,0,-4,0,18594,113,30,18737,15.56%,15.68%,
106/11/30,88,0,-2,86,18590,113,34,18737,15.56%,15.68%,
106/11/29,12,0,0,12,18502,113,36,18651,15.48%,15.60%,
106/11/28,1,0,0,1,18490,113,36,18639,15.47%,15.59%,
106/11/27,30,0,0,30,18489,113,36,18638,15.47%,15.59%,
106/11/24,27,0,0,27,18459,113,36,18608,15.45%,15.57%,
106/11/23,10,0,0,10,18432,113,36,18581,15.42%,15.54%,
106/11/22,74,0,0,74,18422,113,36,18571,15.41%,15.53%,
106/11/21,47,0,0,47,18348,113,36,18497,15.35%,15.47%,
106/11/20,6,0,0,6,18301,113,36,18450,15.31%,15.43%,
106/11/17,9,0,2,11,18295,113,36,18444,15.31%,15.43%,
106/11/16,25,0,0,25,18286,113,34,18433,15.30%,15.42%,
106/11/15,41,0,0,41,18261,113,34,18408,15.28%,15.40%,
106/11/14,29,0,0,29,18220,113,34,18367,15.25%,15.37%,
106/11/13,11,0,0,11,18191,113,34,18338,15.22%,15.34%,
106/11/10,75,48,0,123,18180,113,34,18327,15.21%,15.33%,
106/11/09,12,0,0,12,18105,65,34,18204,15.15%,15.23%,
106/11/08,47,0,0,47,18093,65,34,18192,15.14%,15.22%,
106/11/07,20,0,0,20,18046,65,34,18145,15.10%,15.18%,
106/11/06,-12,0,0,-12,18017,65,34,18116,15.08%,15.16%,
106/11/03,21,0,0,21,18029,65,34,18128,15.09%,15.17%,
106/11/02,4,0,0,4,17999,65,34,18098,15.06%,15.14%,
106/11/01,-4,15,0,11,17995,65,34,18094,15.06%,15.14%,
106/10/31,20,50,0,70,17985,50,34,18069,15.05%,15.12%,
106/10/30,-4,-33,-3,-40,17952,0,34,17986,15.02%,15.05%,
106/10/27,-32,0,0,-32,17945,22,37,18004,15.02%,15.07%,
106/10/26,0,0,-2,-2,17969,22,37,18028,15.04%,15.09%,
106/10/25,-16,10,-2,-8,17963,22,39,18024,15.03%,15.08%,
106/10/24,-24,0,0,-24,17975,12,41,18028,15.04%,15.08%,
106/10/23,3,0,0,3,17996,12,41,18049,15.06%,15.10%,
106/10/20,-291,0,4,-287,17993,12,41,18046,15.06%,15.10%,
106/10/19,4,-2,2,4,18284,12,37,18333,15.30%,15.34%,
106/10/18,2,0,0,2,18280,14,35,18329,15.30%,15.34%,
106/10/17,-2,0,0,-2,18278,14,35,18327,15.29%,15.33%,
106/10/16,8,0,0,8,18280,14,35,18329,15.30%,15.34%,
106/10/13,-3,0,0,-3,18262,14,35,18311,15.28%,15.32%,
106/10/12,13,0,0,13,18260,14,35,18309,15.28%,15.32%,
106/10/11,-5,0,0,-5,18247,14,35,18296,15.27%,15.31%,
106/10/06,-3,0,0,-3,18251,14,35,18300,15.27%,15.31%,
106/10/05,-4,0,0,-4,18254,14,35,18303,15.27%,15.31%,
106/10/03,-2,0,0,-2,18258,14,35,18307,15.28%,15.32%,
106/10/02,-8,10,0,2,18260,14,35,18309,15.28%,15.32%,
106/09/30,0,0,0,0,18268,4,35,18307,15.29%,15.32%,
106/09/29,51,0,0,51,18268,68,35,18371,15.29%,15.38%,
106/09/28,1,0,0,1,18217,68,35,18320,15.24%,15.33%,
106/09/27,-13,8,2,-3,18216,68,35,18319,15.24%,15.33%,
106/09/26,-2,0,0,-2,18229,60,33,18322,15.25%,15.33%,
106/09/25,-5,4,0,-1,18231,60,33,18324,15.25%,15.33%,
106/09/22,5,0,0,5,18236,56,33,18325,15.26%,15.33%,
106/09/21,1,12,0,13,18231,56,33,18320,15.25%,15.32%,
106/09/20,9,12,5,26,18230,44,33,18307,15.25%,15.31%,
106/09/19,1,12,0,13,18221,32,28,18281,15.25%,15.30%,
106/09/18,-7,20,6,19,18220,20,28,18268,15.25%,15.29%,
106/09/15,46,0,9,55,18227,0,22,18249,15.25%,15.27%,
106/09/14,2,0,3,5,18181,0,13,18194,15.21%,15.22%,
106/09/13,6,0,0,6,18179,0,10,18189,15.21%,15.22%,
106/09/12,22,0,0,22,18173,0,10,18183,15.21%,15.22%,
106/09/11,-10,0,-20,-30,18151,0,10,18161,15.19%,15.20%,
106/09/08,-13,-2,0,-15,18161,0,30,18191,15.20%,15.23%,
106/09/07,-8,0,20,12,18174,0,30,18204,15.21%,15.24%,
106/09/06,-9,0,0,-9,18182,0,10,18192,15.21%,15.22%,
106/09/05,5,0,0,5,18191,0,10,18201,15.22%,15.23%,
106/09/04,5,0,0,5,18186,0,10,18196,15.22%,15.23%,
106/09/01,14,0,0,14,18181,0,10,18191,15.21%,15.22%,
106/08/31,16,0,0,16,18167,0,10,18177,15.20%,15.21%,
106/08/30,8,-29,0,-21,18151,0,10,18161,15.19%,15.20%,
106/08/29,-7,0,0,-7,18143,0,10,18153,15.18%,15.19%,
106/08/28,-4,-27,0,-31,18150,0,10,18160,15.19%,15.20%,
106/08/25,-9,-39,0,-48,18154,0,10,18164,15.19%,15.20%,
106/08/24,-3,-82,0,-85,18163,0,10,18173,15.20%,15.21%,
106/08/23,-9,-49,0,-58,18166,0,10,18176,15.20%,15.21%,
106/08/22,-20,0,0,-20,18175,0,10,18185,15.21%,15.22%,
106/08/21,0,0,0,0,18195,0,10,18205,15.22%,15.23%,
106/08/18,-13,-20,0,-33,18195,0,10,18205,15.22%,15.23%,
106/08/17,11,-20,0,-9,18208,0,10,18218,15.24%,15.25%,
106/08/16,-22,0,-3,-25,18197,0,10,18207,15.23%,15.24%,
106/08/15,10,0,-1,9,18219,0,13,18232,15.24%,15.25%,
106/08/14,-7,-49,0,-56,18209,0,14,18223,15.24%,15.25%,
106/08/11,13,0,0,13,18216,0,14,18230,15.24%,15.25%,
106/08/10,24,0,1,25,18203,0,14,18217,15.23%,15.24%,
106/08/09,28,0,0,28,18179,0,13,18192,15.21%,15.22%,
106/08/08,-13,0,0,-13,18151,0,13,18164,15.19%,15.20%,
106/08/07,11,-54,0,-43,18164,0,13,18177,15.20%,15.21%,
106/08/04,-51,-25,0,-76,18153,0,13,18166,15.19%,15.20%,
106/08/03,-11,-25,0,-36,18204,0,13,18217,15.23%,15.24%,
106/08/02,2,0,0,2,18215,0,13,18228,15.24%,15.25%,
106/08/01,-7,-3,0,-10,18213,0,13,18226,15.24%,15.25%,
106/07/31,-3,0,0,-3,18220,0,13,18233,15.25%,15.26%,
106/07/28,-13,-26,0,-39,18223,0,13,18236,15.25%,15.26%,
106/07/27,-5,-25,0,-30,18236,0,13,18249,15.26%,15.27%,
106/07/26,-11,-25,0,-36,18241,0,13,18254,15.26%,15.27%,
106/07/25,-15,-25,0,-40,18252,0,13,18265,15.27%,15.28%,
106/07/24,-41,-25,0,-66,18267,0,13,18280,15.28%,15.29%,
106/07/21,73,-25,0,48,18312,0,13,18325,15.32%,15.33%,
106/07/20,-9,-25,0,-34,18239,0,13,18252,15.26%,15.27%,
106/07/19,-232,-54,0,-286,18248,0,13,18261,15.27%,15.28%,
106/07/18,27,-25,0,2,18480,33,13,18526,15.46%,15.50%,
106/07/17,5,-25,-1,-21,18453,58,13,18524,15.44%,15.50%,
106/07/14,12,-25,-3,-16,18448,83,14,18545,15.44%,15.52%,
106/07/13,-9,0,-4,-13,18436,108,17,18561,15.43%,15.53%,
106/07/12,-9,0,-4,-13,18445,108,21,18574,15.43%,15.54%,
106/07/11,-3,-25,2,-26,18454,108,25,18587,15.44%,15.55%,
106/07/10,-18,-25,-2,-45,18457,133,23,18613,15.44%,15.57%,
106/07/07,-34,-46,0,-80,18474,158,25,18657,15.46%,15.61%,
106/07/06,-19,-45,0,-64,18509,204,25,18738,15.49%,15.68%,
106/07/05,-8,-25,0,-33,18528,249,25,18802,15.50%,15.73%,
106/07/04,14,-25,-1,-12,18536,274,25,18835,15.51%,15.76%,
106/07/03,21,-45,0,-24,18522,299,26,18847,15.50%,15.77%,
106/06/30,28,-25,0,3,18501,344,26,18871,15.48%,15.79%,
106/06/29,9,-43,0,-34,18473,950,26,19449,15.46%,16.28%,
106/06/28,9,-38,0,-29,18464,993,26,19483,15.45%,16.30%,
106/06/27,1,-44,2,-41,18455,1031,26,19512,15.44%,16.32%,
106/06/26,17,-25,8,0,18454,1075,24,19553,15.44%,16.36%,
106/06/23,-10,-33,0,-43,18437,1100,16,19553,15.43%,16.36%,
106/06/22,8,-25,2,-15,18447,1133,16,19596,15.44%,16.40%,
106/06/21,30,0,1,31,18439,1158,14,19611,15.43%,16.41%,
106/06/20,1,-21,1,-19,18409,1158,13,19580,15.40%,16.38%,
106/06/19,0,-24,0,-24,18408,1179,12,19599,15.40%,16.40%,
106/06/16,-14,-15,2,-27,18408,1203,12,19623,15.40%,16.42%,
106/06/15,7,-15,0,-8,18422,1218,10,19650,15.41%,16.44%,
106/06/14,-6,0,0,-6,18415,1233,10,19658,15.41%,16.45%,
106/06/13,1,0,0,1,18421,1233,10,19664,15.41%,16.45%,
106/06/12,-2,0,0,-2,18420,1233,10,19663,15.41%,16.45%,
106/06/09,-6,0,-1,-7,18422,1233,10,19665,15.41%,16.45%,
106/06/08,-1,0,-1,-2,18428,1233,11,19672,15.42%,16.46%,
106/06/07,-13,0,1,-12,18429,1233,12,19674,15.42%,16.46%,
106/06/06,-21,16,0,-5,18442,1233,11,19686,15.43%,16.47%,
106/06/05,-1,11,0,10,18463,1217,11,19691,15.45%,16.48%,
106/06/03,0,0,-7,-7,18464,1206,11,19681,15.45%,16.47%,
106/06/02,7,0,-18,-11,18464,1206,18,19688,15.45%,16.47%,
106/06/01,-4,0,-6,-10,18457,1206,36,19699,15.44%,16.48%,
106/05/31,-33,0,0,-33,18461,1206,42,19709,15.45%,16.49%,
106/05/26,-27,0,0,-27,18494,1206,42,19742,15.47%,16.51%,
106/05/25,-40,0,0,-40,18521,1206,42,19769,15.50%,16.54%,
106/05/24,9,0,-1,8,18561,1206,42,19809,15.53%,16.57%,
106/05/23,-7,0,0,-7,18552,1206,43,19801,15.52%,16.57%,
106/05/22,-5,0,0,-5,18559,1206,43,19808,15.53%,16.58%,
106/05/19,-32,0,0,-32,18564,1206,43,19813,15.53%,16.58%,
106/05/18,-2,0,0,-2,18596,1206,43,19845,15.56%,16.61%,
106/05/17,13,0,0,13,18598,1206,43,19847,15.56%,16.61%,
106/05/16,-2,0,0,-2,18585,1206,43,19834,15.55%,16.60%,
106/05/15,-4,0,0,-4,18587,1206,43,19836,15.55%,16.60%,
106/05/12,4,0,0,4,18589,1206,43,19838,15.55%,16.60%,
106/05/11,26,0,0,26,18585,1206,43,19834,15.55%,16.60%,
106/05/10,13,0,0,13,18558,1206,43,19807,15.53%,16.58%,
106/05/09,11,0,0,11,18545,1206,43,19794,15.52%,16.57%,
106/05/08,0,0,0,0,18534,1206,43,19783,15.51%,16.56%,
106/05/05,-12,0,0,-12,18534,1206,43,19783,15.51%,16.56%,
106/05/04,-22,-10,0,-32,18546,1206,43,19795,15.52%,16.57%,
106/05/03,-5,0,0,-5,18568,1216,43,19827,15.54%,16.59%,
106/05/02,-15,0,0,-15,18573,1216,43,19832,15.54%,16.59%,
106/04/28,-7,0,0,-7,18588,1216,43,19847,15.55%,16.60%,
106/04/27,-11,0,0,-11,18595,1216,43,19854,15.56%,16.61%,
106/04/26,-28,0,0,-28,18606,1216,43,19865,15.57%,16.62%,
106/04/25,-48,0,0,-48,18634,1216,43,19893,15.59%,16.64%,
106/04/24,-26,0,3,-23,18682,1216,43,19941,15.63%,16.68%,
106/04/21,-43,0,0,-43,18708,1216,40,19964,15.65%,16.70%,
106/04/20,-6,0,0,-6,18751,1216,40,20007,15.69%,16.74%,
106/04/19,-5,0,-3,-8,18757,1216,40,20013,15.70%,16.75%,
106/04/18,-7,0,0,-7,18762,1216,43,20021,15.70%,16.75%,
106/04/17,-19,0,2,-17,18769,1216,43,20028,15.71%,16.76%,
106/04/14,-47,-2,0,-49,18788,1216,41,20045,15.72%,16.77%,
106/04/13,-6,0,1,-5,18835,1218,41,20094,15.76%,16.81%,
106/04/12,-25,0,0,-25,18841,1218,40,20099,15.77%,16.82%,
106/04/11,-14,0,0,-14,18866,1218,40,20124,15.79%,16.84%,
106/04/10,-2,0,0,-2,18880,1218,40,20138,15.80%,16.85%,
106/04/07,-5,0,0,-5,18882,1218,40,20140,15.80%,16.85%,
106/04/06,16,0,-6,10,18887,1218,40,20145,15.80%,16.85%,
106/04/05,3,0,0,3,18870,1218,46,20134,15.79%,16.85%,
106/03/31,21,20,0,41,18864,1218,46,20128,15.78%,16.84%,
106/03/30,6,0,4,10,18843,106,46,18995,15.77%,15.90%,
106/03/29,6,0,0,6,18837,106,42,18985,15.76%,15.88%,
106/03/28,12,0,-9,3,18831,106,42,18979,15.76%,15.88%,
106/03/27,9,0,0,9,18819,106,51,18976,15.75%,15.88%,
106/03/24,9,0,5,14,18810,106,51,18967,15.74%,15.87%,
106/03/23,-2,0,0,-2,18801,106,46,18953,15.73%,15.86%,
106/03/22,31,0,0,31,18803,106,46,18955,15.73%,15.86%,
106/03/21,33,24,5,62,18772,106,46,18924,15.71%,15.84%,
106/03/20,35,24,0,59,18739,82,41,18862,15.68%,15.78%,
106/03/17,34,0,0,34,18704,58,41,18803,15.65%,15.73%,
106/03/16,11,0,0,11,18670,58,41,18769,15.62%,15.70%,
106/03/15,13,0,1,14,18659,58,41,18758,15.61%,15.69%,
106/03/14,-3,0,-1,-4,18646,58,40,18744,15.60%,15.68%,
106/03/13,-4,0,0,-4,18649,58,41,18748,15.60%,15.68%,
106/03/10,-8,0,0,-8,18653,58,41,18752,15.61%,15.69%,
106/03/09,-5,0,0,-5,18661,58,41,18760,15.61%,15.69%,
106/03/08,-3,0,0,-3,18666,58,41,18765,15.62%,15.70%,
106/03/07,2,0,0,2,18669,58,41,18768,15.62%,15.70%,
106/03/06,6,0,0,6,18667,58,41,18766,15.62%,15.70%,
106/03/03,2,0,0,2,18661,58,41,18760,15.61%,15.69%,
106/03/02,-11,-31,0,-42,18659,58,41,18758,15.61%,15.69%,
106/03/01,-22,-14,0,-36,18670,89,41,18800,15.62%,15.73%,
106/02/24,-36,-27,0,-63,18692,103,41,18836,15.64%,15.76%,
106/02/23,-41,-21,20,-42,18728,130,41,18899,15.67%,15.81%,
106/02/22,-2,-15,0,-17,18769,151,21,18941,15.71%,15.85%,
106/02/21,-12,0,0,-12,18771,166,21,18958,15.71%,15.87%,
106/02/20,-2,0,0,-2,18783,166,21,18970,15.72%,15.88%,
106/02/18,0,0,0,0,18782,166,21,18969,15.72%,15.88%,
106/02/17,2,-20,0,-18,18782,166,21,18969,15.72%,15.88%,
106/02/16,-3,-10,0,-13,18780,186,21,18987,15.71%,15.88%,
106/02/15,39,-20,0,19,18783,196,21,19000,15.72%,15.90%,
106/02/14,11,-20,0,-9,18744,216,21,18981,15.68%,15.88%,
106/02/13,-3,0,0,-3,18733,236,21,18990,15.68%,15.90%,
106/02/10,1,0,0,1,18736,236,21,18993,15.68%,15.90%,
106/02/09,-3,0,0,-3,18735,236,21,18992,15.68%,15.90%,
106/02/08,-6,0,-1,-7,18738,236,21,18995,15.68%,15.90%,
106/02/07,-8,0,10,2,18744,236,22,19002,15.68%,15.90%,
106/02/06,-3,0,0,-3,18752,236,12,19000,15.69%,15.90%,
106/02/03,4,1,0,5,18755,236,12,19003,15.69%,15.90%,
106/02/02,85,0,0,85,18751,235,12,18998,15.69%,15.90%,
106/01/24,-9,0,0,-9,18666,235,12,18913,15.62%,15.83%,
106/01/23,-1,0,0,-1,18676,235,12,18923,15.63%,15.84%,
106/01/20,-3,0,0,-3,18677,235,12,18924,15.63%,15.84%,
106/01/19,-2,0,-1,-3,18679,235,12,18926,15.63%,15.84%,
106/01/18,9,0,0,9,18680,235,13,18928,15.63%,15.84%,
106/01/17,23,0,0,23,18671,235,13,18919,15.62%,15.83%,
106/01/16,0,0,0,0,18648,235,13,18896,15.60%,15.81%,
106/01/13,-4,0,0,-4,18648,235,13,18896,15.60%,15.81%,
106/01/12,-1,0,0,-1,18652,235,13,18900,15.61%,15.82%,
106/01/11,0,0,0,0,18653,235,13,18901,15.61%,15.82%,
106/01/10,-6,0,0,-6,18653,235,13,18901,15.61%,15.82%,
106/01/09,0,0,0,0,18659,235,13,18907,15.61%,15.82%,
106/01/06,-45,3,0,-42,18659,235,13,18907,15.61%,15.82%,
106/01/05,-3,4,0,1,18704,232,13,18949,15.65%,15.86%,
106/01/04,1,0,0,1,18707,228,13,18948,15.65%,15.85%,
106/01/03,-4,0,0,-4,18706,228,13,18947,15.65%,15.85%,
105/12/30,12,0,0,12,18710,228,13,18951,15.66%,15.86%,
105/12/29,4,0,-2,2,18698,228,13,18939,15.65%,15.85%,
105/12/28,-9,0,0,-9,18694,228,15,18937,15.64%,15.84%,
105/12/27,-6,0,0,-6,18703,228,15,18946,15.65%,15.85%,
105/12/26,-1,0,0,-1,18709,228,15,18952,15.65%,15.85%,
105/12/23,-8,0,0,-8,18710,228,15,18953,15.66%,15.86%,
105/12/22,-5,0,0,-5,18718,228,15,18961,15.66%,15.86%,
105/12/21,-9,0,3,-6,18723,228,15,18966,15.67%,15.87%,
105/12/20,23,0,2,25,18733,228,12,18973,15.68%,15.88%,
105/12/19,24,-6,1,19,18710,228,10,18948,15.66%,15.86%,
105/12/16,13,0,3,16,18687,234,9,18930,15.64%,15.84%,
105/12/15,12,0,0,12,18674,234,6,18914,15.63%,15.83%,
105/12/14,-13,0,0,-13,18662,234,6,18902,15.62%,15.82%,
105/12/13,11,0,0,11,18675,234,6,18915,15.63%,15.83%,
105/12/12,11,0,1,12,18664,234,6,18904,15.62%,15.82%,
105/12/09,13,0,0,13,18653,234,5,18892,15.61%,15.81%,
105/12/08,-5,0,0,-5,18640,234,5,18879,15.60%,15.80%,
105/12/07,19,0,0,19,18645,234,5,18884,15.60%,15.80%,
105/12/06,-33,0,0,-33,18626,234,5,18865,15.59%,15.79%,
105/12/05,-8,0,0,-8,18659,234,5,18898,15.61%,15.81%,
105/12/02,-10,0,0,-10,18667,234,5,18906,15.62%,15.82%,
105/12/01,-10,0,0,-10,18677,234,5,18916,15.63%,15.83%,
105/11/30,-8,0,0,-8,18687,234,5,18926,15.64%,15.84%,
105/11/29,-5,0,0,-5,18695,234,5,18934,15.64%,15.84%,
105/11/28,27,0,0,27,18700,234,5,18939,15.65%,15.85%,
105/11/25,-1,0,0,-1,18673,234,5,18912,15.62%,15.82%,
105/11/24,-13,0,0,-13,18674,234,5,18913,15.63%,15.83%,
105/11/23,-4,0,0,-4,18687,234,5,18926,15.64%,15.84%,
105/11/22,-2,0,0,-2,18691,234,5,18930,15.64%,15.84%,
105/11/21,13,0,0,13,18693,234,5,18932,15.64%,15.84%,
105/11/18,8,-10,0,-2,18680,234,5,18919,15.63%,15.83%,
105/11/17,-3,-25,0,-28,18672,244,5,18921,15.62%,15.83%,
105/11/16,-16,-30,0,-46,18675,269,5,18949,15.63%,15.86%,
105/11/15,-5,-25,1,-29,18691,299,5,18995,15.64%,15.89%,
105/11/14,-13,0,1,-12,18696,324,4,19024,15.64%,15.91%,
105/11/11,-21,0,0,-21,18709,324,3,19036,15.65%,15.92%,
105/11/10,-20,0,-1,-21,18730,324,3,19057,15.67%,15.94%,
105/11/09,-75,0,-1,-76,18750,324,4,19078,15.69%,15.96%,
105/11/08,-9,0,0,-9,18825,324,5,19154,15.75%,16.03%,
105/11/07,-1,0,1,0,18834,324,5,19163,15.76%,16.04%,
105/11/04,-44,0,0,-44,18835,324,4,19163,15.76%,16.03%,
105/11/03,-36,0,1,-35,18879,324,4,19207,15.80%,16.07%,
105/11/02,-45,0,0,-45,18915,324,3,19242,15.83%,16.10%,
105/11/01,30,0,0,30,18960,324,3,19287,15.86%,16.13%,
105/10/31,1,0,0,1,18930,324,3,19257,15.84%,16.11%,
105/10/28,-23,0,0,-23,18929,324,3,19256,15.84%,16.11%,
105/10/27,-22,0,0,-22,18952,324,3,19279,15.86%,16.13%,
105/10/26,-21,-35,0,-56,18974,324,3,19301,15.88%,16.15%,
105/10/25,-18,-37,0,-55,18995,359,3,19357,15.89%,16.19%,
105/10/24,-68,-70,0,-138,19013,396,3,19412,15.91%,16.24%,
105/10/21,251,-22,-1,228,19081,466,3,19550,15.97%,16.36%,
105/10/20,-15,-33,-2,-50,18829,488,4,19321,15.75%,16.16%,
105/10/19,-14,0,-2,-16,18844,521,6,19371,15.77%,16.21%,
105/10/18,-43,-17,0,-60,18858,521,8,19387,15.78%,16.22%,
105/10/17,-14,0,0,-14,18901,538,8,19447,15.82%,16.28%,
105/10/14,-16,0,0,-16,18915,538,8,19461,15.83%,16.29%,
105/10/13,11,-3,0,8,18931,538,8,19477,15.84%,16.30%,
105/10/12,-2,0,0,-2,18920,541,8,19469,15.83%,16.29%,
105/10/11,-54,-20,-7,-81,18922,541,8,19471,15.83%,16.29%,
105/10/07,-21,0,0,-21,18976,561,15,19552,15.88%,16.36%,
105/10/06,-17,0,0,-17,18997,561,15,19573,15.90%,16.38%,
105/10/05,9,-23,0,-14,19014,561,15,19590,15.91%,16.39%,
105/10/04,-26,0,0,-26,19005,584,15,19604,15.90%,16.40%,
105/10/03,-13,-35,0,-48,19031,584,15,19630,15.92%,16.42%,
105/09/30,-67,-15,0,-82,19044,619,15,19678,15.94%,16.47%,
105/09/29,-18,-9,0,-27,19133,109,15,19257,16.01%,16.11%,
105/09/26,-19,-10,0,-29,19151,118,15,19284,16.02%,16.13%,
105/09/23,13,-32,0,-19,19170,128,15,19313,16.04%,16.16%,
105/09/22,2,-1,0,1,19157,160,15,19332,16.03%,16.18%,
105/09/21,-81,-12,0,-93,19155,161,15,19331,16.03%,16.18%,
105/09/20,-19,-30,0,-49,19236,173,15,19424,16.10%,16.26%,
105/09/19,-88,-29,0,-117,19255,203,15,19473,16.11%,16.29%,
105/09/14,35,-9,0,26,19343,232,15,19590,16.19%,16.40%,
105/09/13,-30,0,0,-30,19308,241,15,19564,16.16%,16.37%,
105/09/12,-18,0,0,-18,19338,241,15,19594,16.18%,16.39%,
105/09/10,-1,-10,0,-11,19356,241,15,19612,16.20%,16.41%,
105/09/09,-14,-35,0,-49,19357,251,15,19623,16.20%,16.42%,
105/09/08,14,-15,0,-1,19371,286,15,19672,16.21%,16.46%,
105/09/07,-22,-12,0,-34,19357,301,15,19673,16.20%,16.46%,
105/09/06,-11,-35,0,-46,19379,313,15,19707,16.22%,16.49%,
105/09/05,-34,-29,0,-63,19390,348,15,19753,16.22%,16.52%,
105/09/02,0,-6,0,-6,19424,377,15,19816,16.25%,16.58%,
105/09/01,43,26,0,69,19424,383,15,19822,16.25%,16.58%,
105/08/31,-9,0,0,-9,19381,357,15,19753,16.22%,16.53%,
105/08/30,-21,-16,0,-37,19390,357,15,19762,16.22%,16.53%,
105/08/29,26,0,0,26,19411,373,15,19799,16.24%,16.56%,
105/08/26,-17,-2,0,-19,19385,373,15,19773,16.22%,16.54%,
105/08/25,2,-2,-1,-1,19402,375,15,19792,16.23%,16.56%,
105/08/24,-10,-1,0,-11,19400,377,16,19793,16.23%,16.56%,
105/08/23,5,-73,0,-68,19410,378,16,19804,16.24%,16.57%,
105/08/22,7,-48,0,-41,19405,451,16,19872,16.24%,16.63%,
105/08/19,-43,-44,-1,-88,19398,499,16,19913,16.23%,16.66%,
105/08/18,66,-56,0,10,19441,543,17,20001,16.27%,16.74%,
105/08/17,68,-84,-94,-110,19375,599,17,19991,16.21%,16.73%,
105/08/16,-3,-32,1,-34,19307,683,111,20101,16.16%,16.82%,
105/08/15,9,-60,0,-51,19310,715,110,20135,16.16%,16.85%,
105/08/12,23,-55,-1,-33,19301,775,110,20186,16.15%,16.89%,
105/08/11,29,-10,1,20,19278,830,111,20219,16.13%,16.92%,
105/08/10,-46,19,0,-27,19249,840,110,20199,16.11%,16.91%,
105/08/09,7,0,0,7,19295,821,110,20226,16.15%,16.93%,
105/08/08,-43,-1,0,-44,19288,821,110,20219,16.14%,16.92%,
105/08/05,12,-11,0,1,19331,822,110,20263,16.18%,16.96%,
105/08/04,-9,-10,0,-19,19319,833,110,20262,16.17%,16.96%,
105/08/03,5,-1,0,4,19328,843,110,20281,16.17%,16.97%,
105/08/02,39,-20,0,19,19323,844,110,20277,16.17%,16.97%,
105/08/01,7,-22,0,-15,19284,864,110,20258,16.14%,16.96%,
105/07/29,11,-2,0,9,19277,886,110,20273,16.13%,16.96%,
105/07/28,-12,0,0,-12,19267,888,110,20265,16.12%,16.96%,
105/07/27,-6,-1,1,-6,19279,888,110,20277,16.13%,16.97%,
105/07/26,1,0,0,1,19285,889,109,20283,16.14%,16.98%,
105/07/25,-15,7,3,-5,19284,889,109,20282,16.14%,16.98%,
105/07/22,126,0,-1,125,19299,882,106,20287,16.15%,16.98%,
105/07/21,75,7,-24,58,19173,882,107,20162,16.04%,16.87%,
105/07/20,59,-128,0,-69,19098,875,131,20104,15.98%,16.82%,
105/07/19,63,-143,0,-80,19039,1003,131,20173,15.93%,16.88%,
105/07/18,-13,-145,-85,-243,18976,1146,131,20253,15.88%,16.95%,
105/07/15,-68,-140,0,-208,18989,1291,216,20496,15.89%,17.15%,
105/07/14,-31,-80,0,-111,19057,1431,216,20704,15.95%,17.33%,
105/07/13,166,-50,80,196,19088,1511,216,20815,15.97%,17.42%,
105/07/12,6,0,12,18,18922,1561,136,20619,15.83%,17.25%,
105/07/11,-62,90,-61,-33,18916,1561,124,20601,15.83%,17.24%,
105/07/07,159,0,0,159,18978,1471,185,20634,15.88%,17.27%,
105/07/06,-22,0,5,-17,18819,1471,185,20475,15.75%,17.14%,
105/07/05,42,0,0,42,18841,1471,180,20492,15.77%,17.15%,
105/07/04,37,0,10,47,18799,1471,180,20450,15.73%,17.11%,
105/07/01,146,-24,14,136,18762,1471,170,20403,15.70%,17.07%,
105/06/30,128,-80,2,50,18616,1495,156,20267,15.58%,16.96%,
105/06/29,-18,-37,2,-53,18488,2564,154,21206,15.47%,17.75%,
105/06/28,24,-17,0,7,18506,2601,152,21259,15.48%,17.78%,
105/06/27,31,13,0,44,18482,2618,152,21252,15.46%,17.78%,
105/06/24,276,13,-2,287,18451,2605,152,21208,15.44%,17.75%,
105/06/23,37,-10,-1,26,18175,2592,154,20921,15.21%,17.51%,
105/06/22,142,0,0,142,18138,2602,155,20895,15.18%,17.49%,
105/06/21,34,0,1,35,17996,2602,155,20753,15.06%,17.37%,
105/06/20,19,0,2,21,17962,2602,154,20718,15.03%,17.34%,
105/06/17,-26,0,1,-25,17943,2602,152,20697,15.01%,17.32%,
105/06/16,144,-85,0,59,17969,2602,151,20722,15.04%,17.34%,
105/06/15,-16,-10,0,-26,17825,2687,151,20663,14.91%,17.29%,
105/06/14,88,0,0,88,17841,2697,151,20689,14.93%,17.31%,
105/06/13,37,-7,0,30,17753,2697,151,20601,14.85%,17.23%,
105/06/08,80,-3,-209,-132,17716,2704,151,20571,14.82%,17.21%,
105/06/07,118,-12,1,107,17636,2707,360,20703,14.76%,17.33%,
105/06/06,36,0,1,37,17518,2719,359,20596,14.66%,17.24%,
105/06/04,0,0,0,0,17482,2719,358,20559,14.63%,17.21%,
105/06/03,34,-10,0,24,17482,2719,358,20559,14.63%,17.21%,
105/06/02,11,-13,-35,-37,17448,2729,358,20535,14.60%,17.18%,
105/06/01,40,-10,0,30,17437,2742,393,20572,14.59%,17.21%,
105/05/31,-51,100,-46,3,17397,2752,393,20542,14.56%,17.19%,
105/05/30,-15,110,-8,87,17448,2652,439,20539,14.60%,17.19%,
105/05/27,262,8,-118,152,17463,2542,447,20452,14.61%,17.11%,
105/05/26,83,-5,-4,74,17201,2534,565,20300,14.39%,16.98%,
105/05/25,214,0,-25,189,17118,2539,569,20226,14.32%,16.92%,
105/05/24,28,1,0,29,16904,2539,594,20037,14.14%,16.76%,
105/05/23,53,0,29,82,16876,2538,594,20008,14.12%,16.74%,
105/05/20,83,0,0,83,16823,2538,565,19926,14.08%,16.68%,
105/05/19,40,0,30,70,16740,2538,565,19843,14.01%,16.61%,
105/05/18,9,0,0,9,16700,2538,535,19773,13.97%,16.54%,
105/05/17,-51,-1,-58,-110,16691,2538,535,19764,13.97%,16.54%,
105/05/16,-134,112,24,2,16742,2539,593,19874,14.01%,16.63%,
105/05/13,288,169,0,457,17382,2427,569,20378,14.54%,17.05%,
105/05/12,55,-32,-11,12,17094,2258,569,19921,14.30%,16.67%,
105/05/11,69,-18,0,51,17039,2290,580,19909,14.26%,16.66%,
105/05/10,38,95,5,138,16970,2308,580,19858,14.20%,16.62%,
105/05/09,-11,130,0,119,16932,2213,575,19720,14.17%,16.50%,
105/05/06,14,34,3,51,16943,2083,575,19601,14.18%,16.40%,
105/05/05,-4,21,0,17,16929,2049,572,19550,14.16%,16.35%,
105/05/04,-28,20,40,32,16933,2028,572,19533,14.17%,16.35%,
105/05/03,25,145,-9,161,16961,2008,532,19501,14.19%,16.32%,
105/04/29,154,0,42,196,16936,1863,541,19340,14.17%,16.18%,
105/04/28,87,30,-27,90,16782,1863,499,19144,14.04%,16.02%,
105/04/27,16,0,55,71,16695,1833,526,19054,13.97%,15.94%,
105/04/26,1,25,27,53,16679,1833,471,18983,13.96%,15.89%,
105/04/25,-14,149,0,135,16678,1808,444,18930,13.95%,15.83%,
105/04/22,-41,193,6,158,16692,1659,444,18795,13.97%,15.73%,
105/04/21,12,263,5,280,16733,1466,438,18637,14.00%,15.59%,
105/04/20,-27,207,-20,160,16721,1203,433,18357,13.99%,15.36%,
105/04/19,-44,241,34,231,16748,996,453,18197,14.01%,15.22%,
105/04/18,-1,95,0,94,16792,755,419,17966,14.05%,15.03%,
105/04/15,-15,39,-1,23,16793,660,419,17872,14.05%,14.95%,
105/04/14,1,0,0,1,16808,621,420,17849,14.06%,14.93%,
105/04/13,17,0,0,17,16807,621,420,17848,14.06%,14.93%,
105/04/12,-121,-1,0,-122,16790,621,420,17831,14.05%,14.92%,
105/04/11,88,0,0,88,16911,622,420,17953,14.15%,15.02%,
105/04/08,37,-20,0,17,16823,622,420,17865,14.08%,14.95%,
105/04/07,0,0,0,0,16786,642,420,17848,14.04%,14.93%,
105/04/06,37,0,-1,36,16786,642,420,17848,14.04%,14.93%,
105/04/01,4,0,1,5,16749,642,421,17812,14.01%,14.90%,
105/03/31,6,0,2,8,16745,642,420,17807,14.01%,14.90%,
105/03/30,64,-23,0,41,16739,521,418,17678,14.01%,14.80%,
105/03/29,161,-52,0,109,16675,544,418,17637,13.95%,14.76%,
105/03/28,9,-15,-10,-16,16514,596,418,17528,13.82%,14.67%,
105/03/25,-1,0,0,-1,16505,611,428,17544,13.81%,14.68%,
105/03/24,17,0,0,17,16506,611,428,17545,13.81%,14.68%,
105/03/23,15,0,-28,-13,16489,611,428,17528,13.80%,14.67%,
105/03/22,8,0,-4,4,16474,611,456,17541,13.78%,14.67%,
105/03/21,29,0,1,30,16466,611,460,17537,13.78%,14.68%,
105/03/18,62,0,-9,53,16437,611,459,17507,13.75%,14.65%,
105/03/17,11,0,24,35,16375,611,468,17454,13.70%,14.60%,
105/03/16,193,-140,3,56,16364,611,444,17419,13.69%,14.57%,
105/03/15,203,-95,-5,103,16171,751,441,17363,13.53%,14.53%,
105/03/14,55,-50,0,5,15968,846,446,17260,13.36%,14.44%,
105/03/11,34,-23,0,11,15913,896,446,17255,13.31%,14.43%,
105/03/10,31,0,0,31,15879,919,446,17244,13.29%,14.43%,
105/03/09,52,-57,0,-5,15848,919,446,17213,13.26%,14.40%,
105/03/08,6,29,0,35,15796,976,446,17218,13.22%,14.41%,
105/03/07,63,68,2,133,15790,947,446,17183,13.21%,14.38%,
105/03/04,83,60,-1,142,15727,879,444,17050,13.16%,14.27%,
105/03/03,15,0,0,15,15644,819,445,16908,13.09%,14.15%,
105/03/02,8,0,0,8,15629,819,445,16893,13.08%,14.14%,
105/03/01,57,0,0,57,15621,819,445,16885,13.07%,14.13%,
105/02/26,46,0,-1,45,15564,819,445,16828,13.02%,14.08%,
105/02/25,-18,0,0,-18,15518,819,446,16783,12.98%,14.04%,
105/02/24,-18,-37,-1,-56,15536,819,446,16801,13.00%,14.06%,
105/02/23,-22,0,-1,-23,15554,856,447,16857,13.01%,14.10%,
105/02/22,5,0,13,18,15576,856,448,16880,13.03%,14.12%,
105/02/19,-15,0,0,-15,15571,856,435,16862,13.03%,14.11%,
105/02/18,14,0,-2,12,15600,856,435,16891,13.05%,14.13%,
105/02/17,33,0,3,36,15586,856,437,16879,13.04%,14.12%,
105/02/16,20,-50,1,-29,15554,856,434,16844,13.01%,14.09%,
105/02/15,26,0,0,26,15534,906,433,16873,13.00%,14.12%,
105/02/03,2,-50,0,-48,15493,906,433,16832,12.96%,14.08%,
105/02/02,16,-50,15,-19,15491,956,433,16880,12.96%,14.12%,
105/02/01,3,-50,0,-47,15475,1006,418,16899,12.95%,14.14%,
105/01/30,0,-48,0,-48,15472,1056,418,16946,12.95%,14.18%,
105/01/29,50,-50,0,0,15472,1104,418,16994,12.95%,14.22%,
105/01/28,18,0,0,18,15422,1154,418,16994,12.90%,14.22%,
105/01/27,4,0,0,4,15404,1154,418,16976,12.89%,14.21%,
105/01/26,-9,0,0,-9,15400,1154,418,16972,12.88%,14.20%,
105/01/25,4,0,0,4,15409,1154,418,16981,12.89%,14.21%,
105/01/22,11,0,0,11,15405,1154,418,16977,12.89%,14.21%,
105/01/21,20,0,0,20,15394,1154,418,16966,12.88%,14.20%,
105/01/20,15,-2,0,13,15374,1154,418,16946,12.86%,14.18%,
105/01/19,5,0,0,5,15359,1156,418,16933,12.85%,14.17%,
105/01/18,47,0,0,47,15354,1156,418,16928,12.85%,14.17%,
105/01/15,12,-2,-1,9,15307,1156,418,16881,12.81%,14.13%,
105/01/14,-6,0,0,-6,15295,1158,419,16872,12.80%,14.12%,
105/01/13,-5,0,0,-5,15301,1158,419,16878,12.80%,14.12%,
105/01/12,-8,0,0,-8,15306,1158,419,16883,12.81%,14.13%,
105/01/11,-3,-20,-1,-24,15314,1158,419,16891,12.81%,14.13%,
105/01/08,10,0,0,10,15317,1178,420,16915,12.82%,14.16%,
105/01/07,-13,0,0,-13,15307,1178,420,16905,12.81%,14.15%,
105/01/06,19,0,0,19,15319,1178,420,16917,12.82%,14.16%,
105/01/05,-27,0,1,-26,15300,1178,420,16898,12.80%,14.14%,
105/01/04,-6,-32,0,-38,15327,1178,419,16924,12.82%,14.16%,
104/12/31,-5,-7,0,-12,15333,1210,419,16962,12.83%,14.19%,
104/12/30,0,0,0,0,15338,727,419,16484,12.83%,13.79%,
104/12/29,-4,8,2,6,15366,727,419,16512,12.86%,13.82%,
104/12/28,-7,8,0,1,15370,719,417,16506,12.86%,13.81%,
104/12/25,-2,0,0,-2,15377,711,417,16505,12.87%,13.81%,
104/12/24,5,0,0,5,15379,711,417,16507,12.87%,13.81%,
104/12/23,13,0,0,13,15374,711,417,16502,12.86%,13.80%,
104/12/22,-13,0,0,-13,15361,711,417,16489,12.85%,13.79%,
104/12/21,31,0,0,31,15374,711,417,16502,12.86%,13.80%,
104/12/18,-39,0,1,-38,15343,711,417,16471,12.84%,13.78%,
104/12/17,-2,0,1,-1,15383,711,416,16510,12.87%,13.81%,
104/12/16,10,0,0,10,15385,711,415,16511,12.87%,13.81%,
104/12/15,-15,0,0,-15,15375,711,415,16501,12.86%,13.80%,
104/12/14,20,0,1,21,15390,711,415,16516,12.88%,13.82%,
104/12/11,3,0,-1,2,15370,711,414,16495,12.86%,13.80%,
104/12/10,44,0,-1,43,15367,711,415,16493,12.86%,13.80%,
104/12/09,27,0,-2,25,15323,711,416,16450,12.82%,13.76%,
104/12/08,4,38,0,42,15288,711,418,16417,12.79%,13.73%,
104/12/07,20,0,0,20,15284,673,418,16375,12.79%,13.70%,
104/12/04,19,0,0,19,15264,673,418,16355,12.77%,13.68%,
104/12/03,-3,0,0,-3,15245,673,418,16336,12.76%,13.67%,
104/12/02,9,0,-1,8,15248,673,418,16339,12.76%,13.67%,
104/12/01,-17,0,0,-17,15239,673,419,16331,12.75%,13.66%,
104/11/30,-8,0,-1,-9,15256,673,419,16348,12.77%,13.68%,
104/11/27,-18,0,1,-17,15264,673,420,16357,12.77%,13.68%,
104/11/26,-31,0,0,-31,15282,673,419,16374,12.79%,13.70%,
104/11/25,-5,0,0,-5,15313,673,419,16405,12.81%,13.72%,
104/11/24,-7,0,1,-6,15318,673,419,16410,12.82%,13.73%,
104/11/23,-5,0,0,-5,15325,673,418,16416,12.82%,13.73%,
104/11/20,1,0,0,1,15326,673,418,16417,12.82%,13.73%,
104/11/19,-3,0,0,-3,15325,673,418,16416,12.82%,13.73%,
104/11/18,-16,0,0,-16,15328,673,418,16419,12.83%,13.74%,
104/11/17,12,0,0,12,15344,673,418,16435,12.84%,13.75%,
104/11/16,-112,0,0,-112,15332,673,418,16423,12.83%,13.74%,
104/11/13,-28,0,0,-28,15444,673,418,16535,12.92%,13.83%,
104/11/12,-54,0,0,-54,15472,673,418,16563,12.95%,13.86%,
104/11/11,-67,0,0,-67,15526,673,418,16617,12.99%,13.90%,
104/11/10,-12,-47,0,-59,15593,673,418,16684,13.05%,13.96%,
104/11/09,-7,-103,0,-110,15605,720,418,16743,13.06%,14.01%,
104/11/06,-9,-104,0,-113,15612,823,418,16853,13.06%,14.10%,
104/11/05,23,-71,0,-48,15621,927,418,16966,13.07%,14.20%,
104/11/04,-7,1,59,53,15598,998,418,17014,13.05%,14.24%,
104/11/03,-11,0,0,-11,15605,997,359,16961,13.06%,14.20%,
104/11/02,-17,-100,24,-93,15616,997,359,16972,13.07%,14.21%,
104/10/30,-38,0,52,14,15633,1097,335,17065,13.08%,14.28%,
104/10/29,-22,-100,60,-62,15671,1097,283,17051,13.11%,14.27%,
104/10/28,-24,-100,31,-93,15693,1197,223,17113,13.13%,14.32%,
104/10/27,8,-3,0,5,15717,1297,192,17206,13.15%,14.40%,
104/10/26,-16,0,6,-10,15709,1300,192,17201,13.14%,14.39%,
104/10/23,-19,0,-3,-22,15725,1300,186,17211,13.16%,14.40%,
104/10/22,33,0,176,209,15744,1300,189,17233,13.17%,14.42%,
104/10/21,113,0,1,114,15711,1300,13,17024,13.15%,14.25%,
104/10/20,122,0,0,122,15594,1300,12,16906,13.05%,14.15%,
104/10/19,24,0,0,24,15470,1300,12,16782,12.94%,14.04%,
104/10/16,-8,0,0,-8,15446,1300,12,16758,12.92%,14.02%,
104/10/15,37,10,0,47,15454,1300,12,16766,12.93%,14.03%,
104/10/14,0,10,0,10,15417,1290,12,16719,12.90%,13.99%,
104/10/13,53,-30,0,23,15417,1280,12,16709,12.90%,13.98%,
104/10/12,52,-44,0,8,15364,1310,12,16686,12.85%,13.96%,
104/10/08,19,-20,0,-1,15312,1354,12,16678,12.81%,13.95%,
104/10/07,-75,25,0,-50,15293,1374,12,16679,12.80%,13.96%,
104/10/06,9,0,0,9,15346,1349,12,16707,12.84%,13.98%,
104/10/05,20,0,0,20,15337,1349,12,16698,12.83%,13.97%,
104/10/02,-32,-9,0,-41,15317,1349,12,16678,12.82%,13.96%,
104/10/01,7,-20,0,-13,15349,1358,12,16719,12.84%,13.99%,
104/09/30,-5,-20,0,-25,15342,1378,12,16732,12.84%,14.00%,
104/09/25,-35,0,0,-35,15343,2745,12,18100,12.84%,15.15%,
104/09/24,8,-21,0,-13,15378,2745,12,18135,12.87%,15.18%,
104/09/23,-21,-9,0,-30,15370,2766,12,18148,12.86%,15.19%,
104/09/22,39,-143,0,-104,15390,2775,12,18177,12.88%,15.21%,
104/09/21,-8,-16,-1,-25,15351,2918,12,18281,12.84%,15.29%,
104/09/18,-45,-132,0,-177,15359,2934,13,18306,12.85%,15.32%,
104/09/17,-101,0,0,-101,15404,3066,13,18483,12.89%,15.47%,
104/09/16,33,-75,3,-39,15505,3066,13,18584,12.97%,15.55%,
104/09/15,-47,0,0,-47,15472,3141,10,18623,12.95%,15.59%,
104/09/14,-50,0,-3,-53,15519,3141,10,18670,12.98%,15.62%,
104/09/11,10,0,0,10,15569,3141,13,18723,13.03%,15.67%,
104/09/10,-4,0,0,-4,15559,3141,13,18713,13.02%,15.66%,
104/09/09,58,0,-2,56,15563,3141,13,18717,13.02%,15.66%,
104/09/08,33,0,0,33,15505,3141,15,18661,12.97%,15.61%,
104/09/07,21,-100,0,-79,15472,3141,15,18628,12.95%,15.59%,
104/09/04,48,-83,0,-35,15451,3241,15,18707,12.93%,15.66%,
104/09/03,52,-110,0,-58,15403,3324,15,18742,12.89%,15.68%,
104/09/02,130,-169,-1,-40,15351,3434,15,18800,12.84%,15.73%,
104/09/01,100,-197,0,-97,15221,3603,16,18840,12.74%,15.77%,
104/08/31,-23,-290,0,-313,15121,3800,16,18937,12.65%,15.84%,
104/08/28,2,-147,-2,-147,15144,4090,16,19250,12.67%,16.11%,
104/08/27,90,-97,-3,-10,15142,4237,18,19397,12.67%,16.23%,
104/08/26,64,-5,-1,58,15052,4334,21,19407,12.59%,16.24%,
104/08/25,24,-58,0,-34,14988,4339,22,19349,12.54%,16.19%,
104/08/24,0,-22,-3,-25,14964,4397,22,19383,12.52%,16.22%,
104/08/21,16,-117,0,-101,14964,4419,25,19408,12.52%,16.24%,
104/08/20,97,-149,2,-50,14948,4536,25,19509,12.51%,16.33%,
104/08/19,-68,-40,-3,-111,14851,4685,23,19559,12.43%,16.37%,
104/08/18,-12,0,0,-12,14919,4725,26,19670,12.48%,16.46%,
104/08/17,14,0,0,14,14931,4725,26,19682,12.49%,16.47%,
104/08/14,-58,-43,-1,-102,14917,4725,26,19668,12.48%,16.46%,
104/08/13,131,-336,-2,-207,14974,4768,27,19769,12.53%,16.54%,
104/08/12,102,-220,4,-114,14843,5104,29,19976,12.42%,16.72%,
104/08/11,-33,-74,-5,-112,14741,5324,25,20090,12.33%,16.81%,
104/08/10,25,-108,-2,-85,14775,5398,30,20203,12.36%,16.90%,
104/08/07,54,-114,0,-60,14750,5506,32,20288,12.34%,16.98%,
104/08/06,15,-114,1,-98,14696,5620,32,20348,12.30%,17.03%,
104/08/05,71,-297,1,-225,14681,5734,31,20446,12.28%,17.11%,
104/08/04,128,-202,2,-72,14608,6031,30,20669,12.22%,17.29%,
104/08/03,37,-40,-5,-8,14480,6233,28,20741,12.11%,17.35%,
104/07/31,-128,-80,4,-204,14440,6273,33,20746,12.08%,17.36%,
104/07/30,12,33,1,46,14568,6353,29,20950,12.19%,17.53%,
104/07/29,80,0,0,80,14557,6320,28,20905,12.18%,17.49%,
104/07/28,58,1,-14,45,14477,6320,28,20825,12.11%,17.42%,
104/07/27,11,35,6,52,14419,6319,42,20780,12.06%,17.38%,
104/07/24,29,0,1,30,14408,6284,36,20728,12.05%,17.34%,
104/07/23,-8,0,0,-8,14379,6284,35,20698,12.03%,17.32%,
104/07/22,90,0,3,93,14387,6284,35,20706,12.04%,17.33%,
104/07/21,23,2,0,25,14297,6284,32,20613,11.96%,17.25%,
104/07/20,37,10,0,47,14274,6282,32,20588,11.94%,17.22%,
104/07/17,18,-22,0,-4,14238,6272,32,20542,11.91%,17.19%,
104/07/16,96,30,0,126,14220,6294,32,20546,11.90%,17.20%,
104/07/15,-2,1,-1,-2,14124,6264,32,20420,11.82%,17.09%,
104/07/14,71,20,-1,90,14126,6263,33,20422,11.82%,17.09%,
104/07/13,-23,0,-2,-25,14055,6243,34,20332,11.76%,17.01%,
104/07/09,101,50,-1,150,14078,6243,36,20357,11.78%,17.04%,
104/07/08,119,50,-18,151,13987,6193,37,20217,11.70%,16.91%,
104/07/07,121,-15,0,106,13868,6143,55,20066,11.60%,16.79%,
104/07/06,-4,15,0,11,13747,6158,55,19960,11.50%,16.70%,
104/07/03,41,-10,1,32,13751,6143,55,19949,11.50%,16.69%,
104/07/02,0,-22,0,-22,13710,6153,54,19917,11.47%,16.67%,
104/07/01,-1,-70,4,-67,13710,6175,54,19939,11.47%,16.68%,
104/06/30,41,0,15,56,13711,6245,50,20006,11.47%,16.74%,
104/06/29,31,0,0,31,13670,5072,35,18777,11.44%,15.71%,
104/06/26,-15,-25,0,-40,13639,5072,35,18746,11.41%,15.68%,
104/06/25,-5,-30,0,-35,13651,5097,35,18783,11.42%,15.72%,
104/06/24,-16,-20,0,-36,13656,5127,35,18818,11.43%,15.75%,
104/06/23,-12,0,0,-12,13675,5147,35,18857,11.44%,15.78%,
104/06/22,-57,-1,0,-58,13687,5147,35,18869,11.45%,15.79%,
104/06/18,-15,0,0,-15,13744,5148,35,18927,11.50%,15.84%,
104/06/17,-29,0,0,-29,13759,5148,35,18942,11.51%,15.85%,
104/06/16,-39,0,0,-39,13788,5148,35,18971,11.54%,15.88%,
104/06/15,-5,0,0,-5,13824,5148,35,19007,11.57%,15.91%,
104/06/12,-16,0,0,-16,13829,5148,35,19012,11.57%,15.91%,
104/06/11,-46,0,0,-46,13845,5148,35,19028,11.58%,15.92%,
104/06/10,-14,0,-20,-34,13891,5148,35,19074,11.62%,15.96%,
104/06/09,-10,0,0,-10,13905,5148,55,19108,11.63%,15.99%,
104/06/08,-47,0,0,-47,13915,5148,55,19118,11.64%,16.00%,
104/06/05,-32,0,0,-32,13962,5148,55,19165,11.68%,16.04%,
104/06/04,-44,1,1,-42,13994,5148,55,19197,11.71%,16.07%,
104/06/03,-21,-90,0,-111,14038,5147,54,19239,11.74%,16.09%,
104/06/02,-93,-44,0,-137,14059,5237,54,19350,11.76%,16.19%,
104/06/01,-4,-40,-5,-49,14142,5281,54,19477,11.83%,16.30%,
104/05/29,-21,0,2,-19,14146,5321,59,19526,11.84%,16.34%,
104/05/28,13,0,0,13,14167,5321,57,19545,11.85%,16.35%,
104/05/27,-7,-30,0,-37,14154,5321,57,19532,11.84%,16.34%,
104/05/26,-11,0,0,-11,14161,5351,57,19569,11.85%,16.38%,
104/05/25,-40,-20,0,-60,14172,5351,57,19580,11.86%,16.39%,
104/05/22,1,0,-11,-10,14212,5371,57,19640,11.89%,16.43%,
104/05/21,-56,-30,-4,-90,14211,5371,68,19650,11.89%,16.44%,
104/05/20,-8,0,5,-3,14267,5401,72,19740,11.94%,16.52%,
104/05/19,-41,-50,-1,-92,14275,5401,67,19743,11.94%,16.52%,
104/05/18,-23,0,-1,-24,13809,5451,68,19328,11.55%,16.17%,
104/05/15,-46,0,-1,-47,13832,5451,69,19352,11.57%,16.19%,
104/05/14,-119,-30,8,-141,13878,5451,70,19399,11.61%,16.23%,
104/05/13,12,-55,0,-43,13998,5481,62,19541,11.71%,16.35%,
104/05/12,67,-105,1,-37,13986,5536,62,19584,11.70%,16.39%,
104/05/11,71,-153,-50,-132,13919,5641,61,19621,11.65%,16.42%,
104/05/08,-10,0,0,-10,13848,5794,111,19753,11.59%,16.53%,
104/05/07,0,0,5,5,13858,5794,111,19763,11.59%,16.53%,
104/05/06,30,0,1,31,13858,5794,106,19758,11.59%,16.53%,
104/05/05,64,0,0,64,13828,5794,105,19727,11.57%,16.51%,
104/05/04,4,0,1,5,13764,5794,105,19663,11.52%,16.46%,
104/04/30,20,0,0,20,13760,5794,104,19658,11.51%,16.45%,
104/04/29,35,-27,3,11,13740,5794,104,19638,11.50%,16.44%,
104/04/28,-23,-1,1,-23,13705,5821,101,19627,11.47%,16.43%,
104/04/27,48,0,5,53,13727,5822,100,19649,11.48%,16.44%,
104/04/24,0,-42,5,-37,13679,5822,95,19596,11.44%,16.39%,
104/04/23,-2,0,5,3,13679,5864,90,19633,11.44%,16.42%,
104/04/22,2,0,0,2,13681,5864,85,19630,11.45%,16.43%,
104/04/21,112,-100,1,13,13679,5864,85,19628,11.44%,16.42%,
104/04/20,212,-79,6,139,13567,5964,84,19615,11.35%,16.41%,
104/04/17,18,0,13,31,13355,6043,78,19476,11.17%,16.29%,
104/04/16,7,0,-8,-1,13337,6043,65,19445,11.16%,16.27%,
104/04/15,-37,-22,5,-54,13330,6043,73,19446,11.15%,16.27%,
104/04/14,16,27,0,43,13367,6065,68,19500,11.18%,16.31%,
104/04/13,-27,60,5,38,13351,6038,68,19457,11.17%,16.28%,
104/04/10,6,0,0,6,13378,5978,63,19419,11.19%,16.25%,
104/04/09,-38,0,15,-23,13372,5978,63,19413,11.19%,16.25%,
104/04/08,-3,0,0,-3,13410,5978,48,19436,11.22%,16.26%,
104/04/07,-135,-58,0,-193,13413,5978,48,19439,11.22%,16.26%,
104/04/02,7,0,0,7,13548,6036,48,19632,11.34%,16.43%,
104/04/01,-43,0,-14,-57,13541,6036,48,19625,11.33%,16.42%,
104/03/31,-2,-50,0,-52,13597,6036,62,19695,11.38%,16.48%,
104/03/30,56,-20,-9,27,13599,7475,62,21136,11.38%,17.69%,
104/03/27,48,50,1,99,13543,7495,71,21109,11.33%,17.66%,
104/03/26,111,0,1,112,13495,7445,70,21010,11.29%,17.58%,
104/03/25,-16,0,-46,-62,13384,7445,69,20898,11.20%,17.49%,
104/03/24,72,0,-19,53,13400,7445,115,20960,11.21%,17.54%,
104/03/23,75,0,-4,71,13328,7445,134,20907,11.15%,17.49%,
104/03/20,38,30,-2,66,13253,7445,138,20836,11.09%,17.44%,
104/03/19,33,150,5,188,13215,7415,140,20770,11.06%,17.38%,
104/03/18,168,50,53,271,13182,7265,135,20582,11.03%,17.22%,
104/03/17,61,0,0,61,13015,7215,82,20312,10.89%,17.00%,
104/03/16,44,3,3,50,12954,7215,82,20251,10.84%,16.95%,
104/03/13,32,0,0,32,12910,7212,79,20201,10.80%,16.90%,
104/03/12,17,0,-1,16,12878,7212,79,20169,10.77%,16.87%,
104/03/11,14,0,0,14,12861,7212,80,20153,10.76%,16.86%,
104/03/10,19,0,-9,10,12847,7212,80,20139,10.75%,16.85%,
104/03/09,-5,-1,-3,-9,12828,7212,89,20129,10.73%,16.84%,
104/03/06,27,0,-4,23,12833,7213,92,20138,10.74%,16.85%,
104/03/05,195,-31,10,174,12806,7213,96,20115,10.71%,16.83%,
104/03/04,71,-80,0,-9,12598,7244,86,19928,10.54%,16.68%,
104/03/03,49,-45,0,4,12527,7324,86,19937,10.48%,16.68%,
104/03/02,51,-112,0,-61,12478,7369,86,19933,10.44%,16.68%,
104/02/26,-13,-55,-3,-71,12427,7481,86,19994,10.40%,16.73%,
104/02/25,51,-105,-1,-55,12440,7536,89,20065,10.41%,16.79%,
104/02/24,-1,-54,1,-54,12389,7641,90,20120,10.36%,16.83%,
104/02/13,27,-2,-1,24,12390,7695,89,20174,10.37%,16.89%,
104/02/12,43,-7,-9,27,12363,7697,90,20150,10.34%,16.86%,
104/02/11,74,41,-5,110,12320,7704,99,20123,10.31%,16.84%,
104/02/10,133,-82,5,56,12246,7663,104,20013,10.24%,16.74%,
104/02/09,0,-22,-9,-31,12114,7745,99,19958,10.13%,16.70%,
104/02/06,77,-63,-7,7,12114,7767,108,19989,10.13%,16.72%,
104/02/05,33,-55,0,-22,12037,7830,115,19982,10.07%,16.72%,
104/02/04,-5,-67,0,-72,12004,7885,115,20004,10.04%,16.74%,
104/02/03,22,-17,-10,-5,12009,7952,115,20076,10.05%,16.80%,
104/02/02,8,-18,-4,-14,11987,7969,125,20081,10.03%,16.80%,
104/01/30,-2,-28,0,-30,11979,7987,129,20095,10.02%,16.81%,
104/01/29,-9,-1,0,-10,11981,8015,129,20125,10.02%,16.84%,
104/01/28,39,-119,11,-69,11990,8016,129,20135,10.03%,16.85%,
104/01/27,2,-23,0,-21,11951,8135,118,20204,10.00%,16.91%,
104/01/26,1,-24,0,-23,11949,8158,118,20225,10.00%,16.93%,
104/01/23,27,-9,-50,-32,11948,8182,118,20248,10.00%,16.95%,
104/01/22,5,-48,0,-43,11921,8191,168,20280,9.97%,16.97%,
104/01/21,-21,0,0,-21,11915,8239,168,20322,9.97%,17.01%,
104/01/20,18,0,1,19,11936,8239,168,20343,9.99%,17.03%,
104/01/19,-11,0,-20,-31,11919,8239,167,20325,9.97%,17.01%,
104/01/16,-33,0,-12,-45,11930,8239,187,20356,9.98%,17.03%,
104/01/15,-52,-22,0,-74,11963,8239,199,20401,10.01%,17.07%,
104/01/14,-38,-50,0,-88,12015,8261,199,20475,10.05%,17.13%,
104/01/13,5,15,1,21,12053,8311,199,20563,10.08%,17.20%,
104/01/12,-3,-34,0,-37,12048,8296,198,20542,10.08%,17.19%,
104/01/09,-14,-15,4,-25,12051,8330,198,20579,10.08%,17.22%,
104/01/08,-22,-27,0,-49,12065,8345,194,20604,10.09%,17.24%,
104/01/07,4,-24,-1,-21,12087,8372,194,20653,10.11%,17.28%,
104/01/06,-3,0,-7,-10,12083,8396,195,20674,10.11%,17.30%,
104/01/05,-77,0,-28,-105,12086,8396,202,20684,10.11%,17.31%,
