日期,外資買賣超,投信買賣超,自營商買賣超,單日合計買賣超,外資估計持股,投信估計持股,自營商估計持股,單日合計估計持股,外資持股比重,三大法人持股比重,
107/03/31,0,0,81,81,2750,1078,146,3974,2.29%,3.31%,
107/03/30,26,0,59,85,2750,1078,65,3893,2.29%,3.24%,
107/03/29,38,0,1,39,2724,1078,6,3808,2.27%,3.18%,
107/03/28,17,-45,3,-25,2686,1078,5,3769,2.24%,3.14%,
107/03/27,-10,0,0,-10,2669,1123,2,3794,2.22%,3.16%,
107/03/26,10,0,0,10,2669,1123,2,3794,2.22%,3.16%,
107/03/23,46,0,-1,45,2659,1123,2,3784,2.22%,3.16%,
107/03/22,-12,0,0,-12,2621,1123,3,3747,2.18%,3.12%,
107/03/21,-9,-143,-1,-153,2633,1123,3,3759,2.19%,3.13%,
107/03/20,-3,-134,0,-137,2642,1266,4,3912,2.20%,3.26%,
107/03/19,-12,-100,0,-112,2645,1400,4,4049,2.20%,3.37%,
107/03/16,-22,-35,1,-56,2657,1500,4,4161,2.21%,3.47%,
107/03/15,-86,-50,0,-136,2679,1535,3,4217,2.23%,3.51%,
107/03/14,17,0,0,17,2765,1585,3,4353,2.30%,3.63%,
107/03/13,27,0,0,27,2748,1585,3,4336,2.29%,3.62%,
107/03/12,7,0,2,9,2721,1585,3,4309,2.27%,3.60%,
107/03/09,21,0,1,22,2714,1585,1,4300,2.26%,3.58%,
107/03/08,25,0,-3,22,2693,1585,0,4278,2.24%,3.56%,
107/03/07,12,0,1,13,2668,1585,3,4256,2.22%,3.55%,
107/03/06,8,0,-1,7,2656,1585,2,4243,2.21%,3.54%,
107/03/05,-1,-33,0,-34,2648,1585,3,4236,2.21%,3.54%,
107/03/02,22,-7,-1,14,2649,1618,3,4270,2.21%,3.56%,
107/03/01,11,0,0,11,2627,1625,4,4256,2.19%,3.55%,
107/02/27,12,-22,0,-10,2616,1625,4,4245,2.18%,3.54%,
107/02/26,9,-28,0,-19,2604,1647,4,4255,2.17%,3.55%,
107/02/23,8,-28,0,-20,2595,1675,4,4274,2.16%,3.56%,
107/02/22,2,-11,0,-9,2587,1703,4,4294,2.16%,3.59%,
107/02/21,-1,0,0,-1,2585,1714,4,4303,2.15%,3.58%,
107/02/12,-5,0,-1,-6,2586,1714,4,4304,2.15%,3.58%,
107/02/09,9,-17,0,-8,2631,1714,5,4350,2.19%,3.63%,
107/02/08,5,-60,0,-55,2622,1731,5,4358,2.18%,3.63%,
107/02/07,-9,-46,-1,-56,2617,1791,5,4413,2.18%,3.68%,
107/02/06,-25,0,-1,-26,2585,1837,6,4428,2.15%,3.69%,
107/02/05,11,0,1,12,2610,1837,7,4454,2.17%,3.71%,
107/02/02,22,-34,-1,-13,2599,1837,6,4442,2.17%,3.71%,
107/02/01,12,-30,0,-18,2577,1871,7,4455,2.15%,3.72%,
107/01/31,-2,0,1,-1,2565,1901,7,4473,2.14%,3.73%,
107/01/30,1,-8,0,-7,2567,1901,6,4474,2.14%,3.73%,
107/01/29,12,-25,0,-13,2566,1909,6,4481,2.14%,3.74%,
107/01/26,3,0,0,3,2554,1934,6,4494,2.13%,3.75%,
107/01/25,13,-43,0,-30,2551,1934,6,4491,2.13%,3.75%,
107/01/24,14,0,-1,13,2538,1977,6,4521,2.11%,3.77%,
107/01/23,3,0,0,3,2524,1977,7,4508,2.10%,3.76%,
107/01/22,3,0,0,3,2521,1977,7,4505,2.10%,3.76%,
107/01/19,-1,-50,0,-51,2518,1977,7,4502,2.10%,3.76%,
107/01/18,12,-50,-1,-39,2519,2027,7,4553,2.10%,3.80%,
107/01/17,16,-50,0,-34,2507,2077,8,4592,2.09%,3.83%,
107/01/16,0,0,0,0,2491,2127,8,4626,2.08%,3.86%,
107/01/15,-15,-24,0,-39,2491,2127,8,4626,2.08%,3.86%,
107/01/12,-3,-100,0,-103,2506,2151,8,4665,2.09%,3.89%,
107/01/11,-28,-13,1,-40,2509,2251,8,4768,2.09%,3.98%,
107/01/10,-17,-87,0,-104,2537,2264,7,4808,2.11%,4.01%,
107/01/09,-59,0,3,-56,2554,2351,7,4912,2.13%,4.10%,
107/01/08,-11,0,0,-11,2613,2351,4,4968,2.18%,4.15%,
107/01/05,13,-38,0,-25,2659,2351,4,5014,2.22%,4.19%,
107/01/04,-1,-38,0,-39,2658,2389,4,5051,2.21%,4.21%,
107/01/03,7,-38,0,-31,2659,2427,4,5090,2.22%,4.25%,
107/01/02,7,-38,0,-31,2652,2465,4,5121,2.21%,4.27%,
106/12/29,4,0,0,4,2645,2503,4,5152,2.20%,4.29%,
106/12/28,-3,-14,1,-16,2641,2458,4,5103,2.20%,4.26%,
106/12/27,-3,-14,0,-17,2644,2472,3,5119,2.20%,4.27%,
106/12/26,-8,-13,0,-21,2647,2486,3,5136,2.21%,4.29%,
106/12/25,6,0,-1,5,2655,2499,3,5157,2.21%,4.30%,
106/12/22,16,0,0,16,2649,2499,4,5152,2.21%,4.30%,
106/12/21,-179,0,0,-179,2633,2499,4,5136,2.19%,4.28%,
106/12/20,-77,0,2,-75,2812,2499,4,5315,2.34%,4.43%,
106/12/19,-95,0,0,-95,2889,2499,2,5390,2.41%,4.50%,
106/12/18,-85,0,0,-85,2984,2499,2,5485,2.49%,4.58%,
106/12/15,-12,-1,0,-13,3069,2499,2,5570,2.56%,4.65%,
106/12/14,1,-17,0,-16,3081,2500,2,5583,2.57%,4.66%,
106/12/13,-3,0,1,-2,3080,2517,2,5599,2.57%,4.67%,
106/12/12,2,-33,0,-31,3083,2517,1,5601,2.57%,4.67%,
106/12/11,-9,-25,0,-34,3081,2550,1,5632,2.57%,4.70%,
106/12/08,-10,0,0,-10,3090,2575,1,5666,2.58%,4.73%,
106/12/07,-27,0,0,-27,3115,2575,1,5691,2.60%,4.75%,
106/12/06,-23,0,0,-23,3142,2575,1,5718,2.62%,4.77%,
106/12/05,-11,0,0,-11,3165,2575,1,5741,2.64%,4.79%,
106/12/04,-5,0,1,-4,3176,2575,1,5752,2.65%,4.80%,
106/12/01,-26,0,-5,-31,3181,2575,0,5756,2.65%,4.80%,
106/11/30,-15,0,0,-15,3165,2575,5,5745,2.64%,4.79%,
106/11/29,-18,0,0,-18,3145,2575,5,5725,2.62%,4.77%,
106/11/28,-20,-50,0,-70,3163,2575,5,5743,2.64%,4.79%,
106/11/27,-7,-3,0,-10,3183,2625,5,5813,2.65%,4.85%,
106/11/24,1,0,0,1,3190,2628,5,5823,2.66%,4.86%,
106/11/23,-7,0,0,-7,3189,2628,5,5822,2.66%,4.86%,
106/11/22,-7,0,0,-7,3196,2628,5,5829,2.66%,4.86%,
106/11/21,-22,0,0,-22,3203,2628,5,5836,2.67%,4.87%,
106/11/20,-22,-7,-1,-30,3185,2628,5,5818,2.66%,4.86%,
106/11/17,-16,0,0,-16,3207,2635,6,5848,2.67%,4.88%,
106/11/16,-46,-31,-1,-78,3213,2635,6,5854,2.68%,4.89%,
106/11/15,-11,0,-5,-16,3259,2666,7,5932,2.72%,4.95%,
106/11/14,-22,0,0,-22,3270,2666,12,5948,2.73%,4.97%,
106/11/13,-28,0,0,-28,3292,2666,12,5970,2.74%,4.98%,
106/11/10,-7,0,-2,-9,3328,2666,12,6006,2.77%,5.01%,
106/11/09,-8,0,0,-8,3335,2666,14,6015,2.78%,5.02%,
106/11/08,-38,0,0,-38,3343,2666,14,6023,2.79%,5.03%,
106/11/07,-8,0,-1,-9,3344,2666,14,6024,2.79%,5.03%,
106/11/06,-12,0,0,-12,3352,2666,15,6033,2.79%,5.03%,
106/11/03,-6,0,0,-6,3364,2666,15,6045,2.80%,5.04%,
106/11/02,-9,0,0,-9,3370,2666,15,6051,2.81%,5.05%,
106/11/01,-10,0,0,-10,3379,2666,15,6060,2.82%,5.06%,
106/10/31,-2,0,0,-2,3389,2666,15,6070,2.83%,5.07%,
106/10/30,-7,0,0,-7,3391,2666,15,6072,2.83%,5.07%,
106/10/27,-9,0,0,-9,3398,2666,15,6079,2.83%,5.07%,
106/10/26,8,0,0,8,3407,2666,15,6088,2.84%,5.08%,
106/10/25,-28,0,0,-28,3399,2666,15,6080,2.83%,5.07%,
106/10/24,3,0,0,3,3427,2666,15,6108,2.86%,5.10%,
106/10/23,-8,0,0,-8,3424,2666,15,6105,2.85%,5.09%,
106/10/20,-10,0,0,-10,3432,2666,15,6113,2.86%,5.10%,
106/10/19,-7,-3,4,-6,3442,2666,15,6123,2.87%,5.11%,
106/10/18,5,0,0,5,3449,2669,11,6129,2.88%,5.12%,
106/10/17,1,0,0,1,3444,2669,11,6124,2.87%,5.11%,
106/10/16,0,0,0,0,3443,2669,11,6123,2.87%,5.11%,
106/10/13,-4,0,0,-4,3443,2669,11,6123,2.87%,5.11%,
106/10/12,0,0,-5,-5,3447,2669,11,6127,2.87%,5.11%,
106/10/11,-4,0,0,-4,3447,2669,16,6132,2.87%,5.11%,
106/10/06,2,0,0,2,3451,2669,16,6136,2.88%,5.12%,
106/10/05,-38,0,0,-38,3449,2669,16,6134,2.88%,5.12%,
106/10/03,-56,0,0,-56,3487,2669,16,6172,2.91%,5.15%,
106/10/02,-18,0,-1,-19,3543,2669,16,6228,2.95%,5.19%,
106/09/30,0,0,5,5,3561,2669,17,6247,2.97%,5.21%,
106/09/29,9,0,1,10,3561,2563,12,6136,2.97%,5.12%,
106/09/28,-21,0,-3,-24,3552,2563,11,6126,2.96%,5.11%,
106/09/27,-9,0,0,-9,3573,2563,14,6150,2.98%,5.13%,
106/09/26,-11,0,4,-7,3582,2563,14,6159,2.99%,5.14%,
106/09/25,-53,0,5,-48,3593,2563,10,6166,3.00%,5.15%,
106/09/22,-4,0,2,-2,3646,2563,5,6214,3.04%,5.18%,
106/09/21,-31,0,-2,-33,3650,2563,3,6216,3.04%,5.18%,
106/09/20,0,0,0,0,3681,2563,5,6249,3.07%,5.21%,
106/09/19,-6,0,0,-6,3680,2563,5,6248,3.07%,5.21%,
106/09/18,-54,0,0,-54,3686,2563,5,6254,3.07%,5.21%,
106/09/15,5,0,0,5,3740,2563,5,6308,3.12%,5.26%,
106/09/14,2,0,-1,1,3735,2563,5,6303,3.11%,5.25%,
106/09/13,12,0,-3,9,3732,2563,6,6301,3.11%,5.26%,
106/09/12,2,0,-1,1,3720,2563,9,6292,3.10%,5.25%,
106/09/11,7,0,0,7,3718,2563,10,6291,3.10%,5.25%,
106/09/08,23,-3,0,20,3711,2563,10,6284,3.09%,5.24%,
106/09/07,8,0,0,8,3688,2566,10,6264,3.08%,5.23%,
106/09/06,17,0,0,17,3680,2566,10,6256,3.07%,5.22%,
106/09/05,-2,0,0,-2,3663,2566,10,6239,3.05%,5.20%,
106/09/04,-13,0,0,-13,3662,2566,10,6238,3.05%,5.20%,
106/09/01,14,0,0,14,3666,2566,10,6242,3.06%,5.21%,
106/08/31,-7,0,0,-7,3652,2566,10,6228,3.05%,5.20%,
106/08/30,4,0,0,4,3629,2566,10,6205,3.03%,5.18%,
106/08/29,-11,0,0,-11,3613,2566,10,6189,3.01%,5.16%,
106/08/28,-138,0,0,-138,3618,2566,10,6194,3.02%,5.17%,
106/08/25,-21,0,1,-20,3742,2566,10,6318,3.12%,5.27%,
106/08/24,-89,-47,0,-136,3761,2566,9,6336,3.14%,5.29%,
106/08/23,-22,-9,0,-31,3843,2613,9,6465,3.20%,5.39%,
106/08/22,-53,0,0,-53,3865,2622,9,6496,3.22%,5.42%,
106/08/21,-122,0,0,-122,3910,2622,9,6541,3.26%,5.46%,
106/08/18,-97,0,-1,-98,4032,2622,9,6663,3.36%,5.56%,
106/08/17,-41,0,0,-41,4122,2622,10,6754,3.44%,5.64%,
106/08/16,-63,0,0,-63,4163,2622,10,6795,3.47%,5.67%,
106/08/15,8,0,-60,-52,4226,2622,10,6858,3.52%,5.72%,
106/08/14,-40,0,-40,-80,4218,2622,70,6910,3.52%,5.77%,
106/08/11,-189,0,-1,-190,4258,2622,110,6990,3.55%,5.83%,
106/08/10,-211,0,-2,-213,4447,2622,111,7180,3.71%,5.99%,
106/08/09,-6,0,0,-6,4658,2622,113,7393,3.89%,6.17%,
106/08/08,-82,0,0,-82,4664,2622,113,7399,3.89%,6.17%,
106/08/07,-94,0,0,-94,4746,2622,113,7481,3.96%,6.24%,
106/08/04,-34,0,0,-34,4840,2622,113,7575,4.04%,6.32%,
106/08/03,-23,0,0,-23,4874,2622,113,7609,4.07%,6.35%,
106/08/02,-4,0,0,-4,4897,2622,113,7632,4.09%,6.37%,
106/08/01,-4,-3,0,-7,4901,2622,113,7636,4.09%,6.37%,
106/07/31,2,0,0,2,4905,2625,113,7643,4.09%,6.38%,
106/07/28,4,0,0,4,4903,2625,113,7641,4.09%,6.38%,
106/07/27,0,0,0,0,4899,2625,113,7637,4.09%,6.38%,
106/07/26,-2,0,0,-2,4899,2625,113,7637,4.09%,6.38%,
106/07/25,23,0,0,23,4901,2625,113,7639,4.09%,6.38%,
106/07/24,-2,0,0,-2,4878,2625,113,7616,4.07%,6.36%,
106/07/21,-72,0,0,-72,4880,2625,113,7618,4.07%,6.36%,
106/07/20,-77,0,-1,-78,4952,2625,113,7690,4.13%,6.42%,
106/07/19,-115,0,0,-115,5029,2625,114,7768,4.20%,6.49%,
106/07/18,-10,0,0,-10,5144,2625,114,7883,4.29%,6.58%,
106/07/17,-42,0,-1,-43,5154,2625,114,7893,4.30%,6.59%,
106/07/14,-70,0,-2,-72,5196,2625,115,7936,4.33%,6.62%,
106/07/13,-15,0,-2,-17,5266,2625,117,8008,4.39%,6.68%,
106/07/12,-31,0,-4,-35,5281,2625,119,8025,4.41%,6.70%,
106/07/11,-25,0,2,-23,5312,2625,123,8060,4.43%,6.73%,
106/07/10,-104,0,-23,-127,5384,2625,121,8130,4.49%,6.78%,
106/07/07,-60,-30,18,-72,5488,2625,144,8257,4.58%,6.89%,
106/07/06,-33,0,0,-33,5548,2655,126,8329,4.63%,6.95%,
106/07/05,-60,0,0,-60,5588,2655,126,8369,4.66%,6.98%,
106/07/04,-49,0,-15,-64,5648,2655,126,8429,4.71%,7.03%,
106/07/03,-148,-10,16,-142,5697,2655,141,8493,4.75%,7.09%,
106/06/30,-45,-2,25,-22,5845,2665,125,8635,4.88%,7.21%,
106/06/29,-30,0,0,-30,5890,2756,100,8746,4.91%,7.30%,
106/06/28,2,0,0,2,5920,2756,100,8776,4.94%,7.33%,
106/06/27,-4,0,0,-4,5904,2756,100,8760,4.93%,7.32%,
106/06/26,-67,0,6,-61,5908,2756,100,8764,4.93%,7.32%,
106/06/23,-151,0,0,-151,5975,2756,94,8825,4.99%,7.37%,
106/06/22,-94,0,0,-94,6126,2756,94,8976,5.11%,7.49%,
106/06/21,-139,0,2,-137,6220,2756,94,9070,5.19%,7.57%,
106/06/20,-155,0,1,-154,6359,2756,92,9207,5.31%,7.69%,
106/06/19,-58,0,-5,-63,6514,2756,91,9361,5.44%,7.82%,
106/06/16,0,0,0,0,6572,2756,96,9424,5.48%,7.86%,
106/06/15,19,0,0,19,6572,2756,96,9424,5.48%,7.86%,
106/06/14,-3,0,0,-3,6553,2756,96,9405,5.47%,7.85%,
106/06/13,11,0,0,11,6556,2756,96,9408,5.47%,7.85%,
106/06/12,8,0,0,8,6545,2756,96,9397,5.46%,7.84%,
106/06/09,-3,0,0,-3,6537,2756,96,9389,5.45%,7.83%,
106/06/08,-7,0,0,-7,6540,2756,96,9392,5.46%,7.84%,
106/06/07,38,0,0,38,6547,2756,96,9399,5.46%,7.84%,
106/06/06,48,29,8,85,6509,2756,96,9361,5.43%,7.81%,
106/06/05,32,18,0,50,6461,2727,88,9276,5.39%,7.74%,
106/06/03,0,0,0,0,6429,2709,88,9226,5.36%,7.70%,
106/06/02,250,0,0,250,6431,2709,88,9228,5.37%,7.71%,
106/06/01,115,0,-1,114,6181,2709,88,8978,5.16%,7.50%,
106/05/31,153,0,0,153,6066,2709,89,8864,5.06%,7.40%,
106/05/26,9,0,0,9,5913,2709,89,8711,4.93%,7.27%,
106/05/25,17,-22,0,-5,5904,2709,89,8702,4.93%,7.27%,
106/05/24,12,0,-1,11,5887,2731,89,8707,4.91%,7.27%,
106/05/23,1,0,0,1,5875,2731,90,8696,4.90%,7.26%,
106/05/22,-3,0,0,-3,5874,2731,90,8695,4.90%,7.26%,
106/05/19,9,0,57,66,5877,2731,90,8698,4.90%,7.26%,
106/05/18,-7,0,20,13,5868,2731,33,8632,4.90%,7.21%,
106/05/17,-16,0,1,-15,5875,2731,13,8619,4.90%,7.19%,
106/05/16,-11,0,0,-11,5901,2731,12,8644,4.92%,7.21%,
106/05/15,-24,0,0,-24,5912,2731,12,8655,4.93%,7.22%,
106/05/12,-9,0,-4,-13,5936,2731,12,8679,4.95%,7.24%,
106/05/11,104,0,-28,76,5945,2731,16,8692,4.96%,7.25%,
106/05/10,-67,0,0,-67,5841,2731,44,8616,4.87%,7.19%,
106/05/09,-19,0,-2,-21,5908,2731,44,8683,4.93%,7.25%,
106/05/08,-9,0,0,-9,5927,2731,46,8704,4.95%,7.27%,
106/05/05,-13,0,0,-13,5926,2731,46,8703,4.94%,7.26%,
106/05/04,-33,0,0,-33,5939,2731,46,8716,4.96%,7.28%,
106/05/03,-4,-28,2,-30,5972,2731,46,8749,4.98%,7.30%,
106/05/02,-2,0,0,-2,5976,2759,44,8779,4.99%,7.33%,
106/04/28,-14,0,0,-14,5978,2759,44,8781,4.99%,7.33%,
106/04/27,-9,0,0,-9,5992,2759,44,8795,5.00%,7.34%,
106/04/26,-16,0,0,-16,6001,2759,44,8804,5.01%,7.35%,
106/04/25,-12,0,0,-12,6017,2759,44,8820,5.02%,7.36%,
106/04/24,-54,0,0,-54,6029,2759,44,8832,5.03%,7.37%,
106/04/21,-9,0,0,-9,6083,2759,44,8886,5.08%,7.42%,
106/04/20,-10,0,0,-10,6092,2759,44,8895,5.08%,7.42%,
106/04/19,-11,0,-1,-12,6102,2759,44,8905,5.09%,7.43%,
106/04/18,-25,0,31,6,6113,2759,45,8917,5.10%,7.44%,
106/04/17,-3,0,1,-2,6138,2759,14,8911,5.12%,7.44%,
106/04/14,-11,-1,0,-12,6141,2759,13,8913,5.12%,7.44%,
106/04/13,0,0,0,0,6152,2760,13,8925,5.13%,7.45%,
106/04/12,-16,0,0,-16,6152,2760,13,8925,5.13%,7.45%,
106/04/11,-20,0,0,-20,6168,2760,13,8941,5.15%,7.47%,
106/04/10,-25,0,0,-25,6188,2760,13,8961,5.16%,7.48%,
106/04/07,-8,0,0,-8,6213,2760,13,8986,5.18%,7.50%,
106/04/06,6,0,0,6,6221,2760,13,8994,5.19%,7.51%,
106/04/05,22,0,0,22,6215,2760,13,8988,5.19%,7.51%,
106/03/31,-16,0,0,-16,6193,2760,13,8966,5.17%,7.49%,
106/03/30,-5,0,0,-5,6209,2728,13,8950,5.18%,7.47%,
106/03/29,-5,0,-1,-6,6214,2728,13,8955,5.19%,7.48%,
106/03/28,-13,0,1,-12,6219,2728,14,8961,5.19%,7.48%,
106/03/27,6,2,0,8,6162,2728,13,8903,5.14%,7.43%,
106/03/24,29,0,0,29,6156,2726,13,8895,5.14%,7.43%,
106/03/23,21,0,0,21,6127,2726,13,8866,5.11%,7.40%,
106/03/22,23,0,0,23,6106,2726,13,8845,5.09%,7.38%,
106/03/21,40,2,0,42,6083,2726,13,8822,5.08%,7.37%,
106/03/20,-8,1,0,-7,6043,2724,13,8780,5.04%,7.33%,
106/03/17,6,0,0,6,6051,2723,13,8787,5.05%,7.34%,
106/03/16,1,0,0,1,6045,2723,13,8781,5.04%,7.33%,
106/03/15,4,0,0,4,6044,2723,13,8780,5.04%,7.33%,
106/03/14,-2,0,0,-2,6040,2723,13,8776,5.04%,7.33%,
106/03/13,4,0,0,4,6042,2723,13,8778,5.04%,7.33%,
106/03/10,8,0,0,8,6038,2723,13,8774,5.04%,7.33%,
106/03/09,25,0,0,25,6030,2723,13,8766,5.03%,7.32%,
106/03/08,-4,0,0,-4,6005,2723,13,8741,5.01%,7.30%,
106/03/07,39,0,0,39,6009,2723,13,8745,5.01%,7.30%,
106/03/06,22,0,0,22,5970,2723,13,8706,4.98%,7.27%,
106/03/03,17,0,0,17,5948,2723,13,8684,4.96%,7.25%,
106/03/02,-5,0,0,-5,5931,2723,13,8667,4.95%,7.24%,
106/03/01,15,0,1,16,5936,2723,13,8672,4.95%,7.24%,
106/02/24,-13,0,0,-13,5921,2723,12,8656,4.94%,7.22%,
106/02/23,53,0,0,53,5934,2723,12,8669,4.95%,7.23%,
106/02/22,-7,0,0,-7,5881,2723,12,8616,4.91%,7.19%,
106/02/21,0,0,0,0,5888,2723,12,8623,4.91%,7.19%,
106/02/20,9,0,0,9,5888,2723,12,8623,4.91%,7.19%,
106/02/18,0,0,0,0,5879,2723,12,8614,4.91%,7.19%,
106/02/17,11,0,0,11,5879,2723,12,8614,4.91%,7.19%,
106/02/16,0,0,0,0,5868,2723,12,8603,4.90%,7.18%,
106/02/15,24,0,0,24,5868,2723,12,8603,4.90%,7.18%,
106/02/14,14,0,0,14,5844,2723,12,8579,4.88%,7.16%,
106/02/13,3,0,0,3,5830,2723,12,8565,4.86%,7.14%,
106/02/10,0,0,-3,-3,5827,2723,12,8562,4.86%,7.14%,
106/02/09,-2,0,0,-2,5827,2723,15,8565,4.86%,7.15%,
106/02/08,-20,0,-1,-21,5829,2723,15,8567,4.86%,7.15%,
106/02/07,-2,0,0,-2,5849,2723,16,8588,4.88%,7.17%,
106/02/06,-16,0,3,-13,5851,2723,16,8590,4.88%,7.17%,
106/02/03,-7,2,0,-5,5867,2723,13,8603,4.90%,7.19%,
106/02/02,7,0,0,7,5874,2721,13,8608,4.90%,7.18%,
106/01/24,-1,0,0,-1,5867,2721,13,8601,4.90%,7.18%,
106/01/23,-7,0,0,-7,5868,2721,13,8602,4.90%,7.18%,
106/01/20,-2,0,-18,-20,5875,2721,13,8609,4.90%,7.18%,
106/01/19,-11,0,0,-11,5877,2721,31,8629,4.90%,7.20%,
106/01/18,2,0,1,3,5888,2721,31,8640,4.91%,7.21%,
106/01/17,-4,0,0,-4,5886,2721,30,8637,4.91%,7.21%,
106/01/16,-8,0,-2,-10,5890,2721,30,8641,4.91%,7.21%,
106/01/13,105,-33,0,72,5898,2721,32,8651,4.92%,7.22%,
106/01/12,-13,-65,0,-78,5793,2754,32,8579,4.83%,7.16%,
106/01/11,-11,-60,0,-71,5806,2819,32,8657,4.84%,7.22%,
106/01/10,176,-30,0,146,5817,2879,32,8728,4.85%,7.28%,
106/01/09,101,-30,0,71,5641,2909,32,8582,4.71%,7.17%,
106/01/06,78,1,-22,57,5540,2939,32,8511,4.62%,7.10%,
106/01/05,-10,1,-6,-15,5462,2938,54,8454,4.56%,7.06%,
106/01/04,-6,0,0,-6,5472,2937,60,8469,4.57%,7.07%,
106/01/03,-13,0,0,-13,5478,2937,60,8475,4.57%,7.07%,
105/12/30,11,0,0,11,5491,2937,60,8488,4.58%,7.08%,
105/12/29,41,0,0,41,5480,2937,60,8477,4.57%,7.07%,
105/12/28,37,0,-4,33,5449,2937,60,8446,4.55%,7.05%,
105/12/27,-17,0,0,-17,5412,2937,64,8413,4.52%,7.03%,
105/12/26,-40,0,0,-40,5429,2937,64,8430,4.53%,7.04%,
105/12/23,-20,0,0,-20,5469,2937,64,8470,4.56%,7.07%,
105/12/22,-31,0,0,-31,5479,2937,64,8480,4.57%,7.08%,
105/12/21,-10,0,1,-9,5510,2937,64,8511,4.60%,7.11%,
105/12/20,26,0,1,27,5520,2937,63,8520,4.61%,7.12%,
105/12/19,19,0,-1,18,5494,2937,62,8493,4.58%,7.08%,
105/12/16,-8,0,0,-8,5475,2937,63,8475,4.57%,7.08%,
105/12/15,-8,0,0,-8,5483,2937,63,8483,4.57%,7.08%,
105/12/14,-4,0,0,-4,5491,2937,63,8491,4.58%,7.09%,
105/12/13,4,0,0,4,5495,2937,63,8495,4.58%,7.09%,
105/12/12,-12,0,0,-12,5491,2937,63,8491,4.58%,7.09%,
105/12/09,-33,0,1,-32,5503,2937,63,8503,4.59%,7.10%,
105/12/08,-9,0,4,-5,5536,2937,62,8535,4.62%,7.12%,
105/12/07,1,0,26,27,5545,2937,58,8540,4.63%,7.13%,
105/12/06,-4,0,0,-4,5544,2937,32,8513,4.63%,7.11%,
105/12/05,-10,0,0,-10,5548,2937,32,8517,4.63%,7.11%,
105/12/02,-15,0,-1,-16,5558,2937,32,8527,4.64%,7.12%,
105/12/01,-9,0,0,-9,5573,2937,33,8543,4.65%,7.13%,
105/11/30,-13,0,0,-13,5582,2937,33,8552,4.66%,7.14%,
105/11/29,-8,0,0,-8,5595,2937,33,8565,4.67%,7.15%,
105/11/28,-7,0,0,-7,5603,2937,33,8573,4.67%,7.15%,
105/11/25,-13,0,0,-13,5610,2937,33,8580,4.68%,7.16%,
105/11/24,-10,0,0,-10,5623,2937,33,8593,4.69%,7.17%,
105/11/23,-10,0,0,-10,5633,2937,33,8603,4.70%,7.18%,
105/11/22,-51,0,1,-50,5643,2937,33,8613,4.71%,7.19%,
105/11/21,-31,0,0,-31,5694,2937,32,8663,4.75%,7.23%,
105/11/18,-27,0,0,-27,5725,2937,32,8694,4.78%,7.26%,
105/11/17,-11,0,0,-11,5752,2937,32,8721,4.80%,7.28%,
105/11/16,-11,0,1,-10,5763,2937,32,8732,4.81%,7.29%,
105/11/15,-33,0,1,-32,5774,2937,31,8742,4.82%,7.30%,
105/11/14,-56,0,0,-56,5807,2937,30,8774,4.84%,7.32%,
105/11/11,58,0,0,58,5862,2937,30,8829,4.89%,7.37%,
105/11/10,-34,0,-16,-50,5805,2937,30,8772,4.84%,7.32%,
105/11/09,-27,0,-2,-29,5839,2937,46,8822,4.87%,7.36%,
105/11/08,-12,0,-61,-73,5866,2937,48,8851,4.89%,7.38%,
105/11/07,-30,0,-1,-31,5878,2937,109,8924,4.90%,7.44%,
105/11/04,-7,0,-61,-68,5908,2937,110,8955,4.93%,7.47%,
105/11/03,-14,0,-103,-117,5915,2937,171,9023,4.94%,7.54%,
105/11/02,-24,0,-124,-148,5929,2937,274,9140,4.95%,7.62%,
105/11/01,-11,0,-25,-36,5953,2937,398,9288,4.97%,7.75%,
105/10/31,-11,0,0,-11,5964,2937,423,9324,4.98%,7.78%,
105/10/28,-28,0,0,-28,5975,2937,423,9335,4.99%,7.79%,
105/10/27,-60,0,0,-60,6003,2937,423,9363,5.01%,7.81%,
105/10/26,-24,-20,0,-44,6063,2937,423,9423,5.04%,7.84%,
105/10/25,-58,0,0,-58,6087,2957,423,9467,5.06%,7.87%,
105/10/24,-101,0,0,-101,6145,2957,423,9525,5.11%,7.92%,
105/10/21,-18,-17,-3,-38,6246,2957,423,9626,5.19%,8.00%,
105/10/20,-16,-17,0,-33,6264,2974,426,9664,5.21%,8.04%,
105/10/19,11,0,0,11,6280,2991,426,9697,5.22%,8.06%,
105/10/18,-3,0,0,-3,6269,2991,426,9686,5.21%,8.05%,
105/10/17,-18,0,0,-18,6272,2991,426,9689,5.22%,8.06%,
105/10/14,-27,0,1,-26,6290,2991,426,9707,5.23%,8.07%,
105/10/13,-59,0,32,-27,6317,2991,425,9733,5.25%,8.09%,
105/10/12,-31,0,49,18,6376,2991,393,9760,5.30%,8.12%,
105/10/11,-47,0,5,-42,6407,2991,344,9742,5.33%,8.11%,
105/10/07,-8,0,0,-8,6454,2991,339,9784,5.37%,8.14%,
105/10/06,-40,0,171,131,6462,2991,339,9792,5.37%,8.14%,
105/10/05,78,0,130,208,6502,2991,168,9661,5.41%,8.04%,
105/10/04,4,0,5,9,6424,2991,38,9453,5.34%,7.86%,
105/10/03,-84,0,1,-83,6420,2991,33,9444,5.34%,7.86%,
105/09/30,-53,0,0,-53,6504,2991,32,9527,5.41%,7.93%,
105/09/29,-74,0,0,-74,6557,2807,32,9396,5.45%,7.81%,
105/09/26,-46,0,-2,-48,6631,2807,32,9470,5.51%,7.87%,
105/09/23,-3,0,2,-1,6677,2807,34,9518,5.55%,7.92%,
105/09/22,-80,0,0,-80,6680,2807,32,9519,5.56%,7.92%,
105/09/21,-47,0,-1,-48,6760,2807,32,9599,5.62%,7.98%,
105/09/20,-43,0,0,-43,6807,2807,33,9647,5.66%,8.02%,
105/09/19,-151,0,0,-151,6850,2807,33,9690,5.70%,8.06%,
105/09/14,10,-100,0,-90,7001,2807,33,9841,5.82%,8.18%,
105/09/13,29,0,-1,28,6991,2907,33,9931,5.81%,8.26%,
105/09/12,-72,0,0,-72,7016,2907,34,9957,5.84%,8.29%,
105/09/10,0,0,2,2,7088,2907,34,10029,5.90%,8.35%,
105/09/09,9,0,-45,-36,7088,2907,32,10027,5.90%,8.35%,
105/09/08,18,0,0,18,7079,2907,77,10063,5.89%,8.37%,
105/09/07,-36,0,-2,-38,7060,2907,77,10044,5.87%,8.35%,
105/09/06,14,0,1,15,7096,2907,79,10082,5.90%,8.39%,
105/09/05,68,0,0,68,7082,2907,78,10067,5.89%,8.37%,
105/09/02,58,0,-1,57,7014,2907,78,9999,5.83%,8.31%,
105/09/01,32,0,2,34,6956,2907,79,9942,5.79%,8.28%,
105/08/31,76,0,0,76,6924,2907,77,9908,5.76%,8.24%,
105/08/30,63,0,0,63,6848,2907,77,9832,5.70%,8.18%,
105/08/29,-42,0,0,-42,6785,2907,77,9769,5.64%,8.12%,
105/08/26,30,0,-1,29,6827,2907,77,9811,5.68%,8.16%,
105/08/25,-30,0,1,-29,6797,2907,78,9782,5.65%,8.13%,
105/08/24,-58,-1,0,-59,6827,2907,77,9811,5.68%,8.16%,
105/08/23,16,-11,-1,4,6885,2908,77,9870,5.73%,8.21%,
105/08/22,-175,-53,0,-228,6869,2919,78,9866,5.71%,8.20%,
105/08/19,-132,0,1,-131,7035,2972,78,10085,5.85%,8.39%,
105/08/18,-0,0,0,0,7167,2972,77,10216,5.96%,8.50%,
105/08/17,-17,0,-68,-85,7167,2972,77,10216,5.96%,8.50%,
105/08/16,55,-1,-11,43,7211,2972,145,10328,6.00%,8.59%,
105/08/15,97,0,-18,79,7156,2973,156,10285,5.95%,8.55%,
105/08/12,-2,-201,-43,-246,7059,2973,174,10206,5.87%,8.49%,
105/08/11,17,-70,7,-46,7061,3174,217,10452,5.87%,8.69%,
105/08/10,-9,-29,0,-38,7044,3244,210,10498,5.86%,8.74%,
105/08/09,-17,0,-19,-36,7052,3273,210,10535,5.87%,8.77%,
105/08/08,203,-81,-91,31,7067,3273,229,10569,5.88%,8.80%,
105/08/05,-21,0,-39,-60,6864,3354,320,10538,5.71%,8.77%,
105/08/04,19,0,0,19,6858,3354,359,10571,5.70%,8.79%,
105/08/03,32,-1,0,31,6839,3354,359,10552,5.69%,8.78%,
105/08/02,123,0,-6,117,6807,3355,359,10521,5.66%,8.75%,
105/08/01,66,0,0,66,6684,3355,365,10404,5.56%,8.66%,
105/07/29,90,-2,0,88,6615,3355,365,10335,5.50%,8.60%,
105/07/28,-104,0,-77,-181,6517,3357,365,10239,5.42%,8.52%,
105/07/27,-81,-1,-11,-93,6631,3357,442,10430,5.52%,8.68%,
105/07/26,-148,70,67,-11,6712,3358,453,10523,5.58%,8.75%,
105/07/25,149,0,24,173,6850,3288,386,10524,5.70%,8.76%,
105/07/22,21,-2,0,19,6701,3288,362,10351,5.57%,8.61%,
105/07/21,102,-2,-18,82,6680,3290,362,10332,5.56%,8.60%,
105/07/20,84,-2,-6,76,6578,3292,380,10250,5.47%,8.53%,
105/07/19,93,0,-36,57,6494,3294,386,10174,5.40%,8.46%,
105/07/18,71,-11,-86,-26,6401,3294,422,10117,5.32%,8.41%,
105/07/15,24,0,-69,-45,6330,3305,508,10143,5.26%,8.43%,
105/07/14,-22,8,-17,-31,6306,3305,577,10188,5.24%,8.47%,
105/07/13,35,0,-17,18,6328,3297,594,10219,5.26%,8.50%,
105/07/12,162,0,-8,154,6264,3297,611,10172,5.21%,8.46%,
105/07/11,282,0,47,329,6102,3297,619,10018,5.07%,8.33%,
105/07/07,46,135,111,292,5854,3297,572,9723,4.87%,8.09%,
105/07/06,-168,120,0,-48,5808,3162,461,9431,4.83%,7.85%,
105/07/05,-51,111,0,60,5976,3042,461,9479,4.97%,7.89%,
105/07/04,-138,0,8,-130,6027,2931,461,9419,5.01%,7.83%,
105/07/01,9,0,0,9,6168,2931,453,9552,5.13%,7.95%,
105/06/30,49,0,0,49,6260,2931,453,9644,5.21%,8.03%,
105/06/29,-104,-47,-18,-169,6211,3217,453,9881,5.17%,8.23%,
105/06/28,-26,0,2,-24,6369,3264,471,10104,5.30%,8.41%,
105/06/27,201,-107,0,94,6395,3264,469,10128,5.32%,8.43%,
105/06/24,194,-5,-19,170,6190,3371,469,10030,5.15%,8.35%,
105/06/23,-160,0,-1,-161,5988,3376,488,9852,4.98%,8.20%,
105/06/22,64,38,0,102,6148,3376,489,10013,5.11%,8.33%,
105/06/21,15,0,22,37,6084,3338,489,9911,5.06%,8.25%,
105/06/20,135,0,21,156,6069,3338,467,9874,5.05%,8.22%,
105/06/17,13,100,35,148,5930,3338,446,9714,4.93%,8.08%,
105/06/16,-349,-2,17,-334,5907,3238,411,9556,4.91%,7.95%,
105/06/15,85,0,34,119,6246,3240,394,9880,5.19%,8.22%,
105/06/14,-205,0,27,-178,6161,3240,360,9761,5.12%,8.12%,
105/06/13,9,-14,-16,-21,6366,3240,333,9939,5.29%,8.26%,
105/06/08,-135,0,28,-107,6357,3254,349,9960,5.29%,8.29%,
105/06/07,-66,0,33,-33,6485,3254,321,10060,5.39%,8.37%,
105/06/06,61,0,0,61,6538,3254,288,10080,5.44%,8.39%,
105/06/04,15,0,6,21,6477,3254,288,10019,5.39%,8.34%,
105/06/03,58,0,0,58,6462,3254,282,9998,5.37%,8.31%,
105/06/02,93,0,-29,64,6397,3254,282,9933,5.32%,8.26%,
105/06/01,-28,0,47,19,6304,3254,311,9869,5.24%,8.21%,
105/05/31,-6,0,-5,-11,6332,3254,264,9850,5.27%,8.20%,
105/05/30,67,0,2,69,6338,3254,269,9861,5.27%,8.20%,
105/05/27,111,0,-7,104,6271,3254,267,9792,5.22%,8.15%,
105/05/26,26,0,2,28,6160,3254,274,9688,5.12%,8.06%,
105/05/25,-141,0,54,-87,6134,3254,272,9660,5.10%,8.04%,
105/05/24,239,100,55,394,6275,3254,218,9747,5.22%,8.11%,
105/05/23,-104,0,71,-33,6036,3154,163,9353,5.02%,7.78%,
105/05/20,205,0,1,206,6140,3154,92,9386,5.11%,7.81%,
105/05/19,-307,0,-3,-310,5935,3154,91,9180,4.94%,7.64%,
105/05/18,283,0,-1,282,6306,3154,94,9554,5.24%,7.94%,
105/05/17,224,17,4,245,6023,3154,95,9272,5.01%,7.71%,
105/05/16,22,150,0,172,5789,3137,91,9017,4.81%,7.50%,
105/05/13,200,103,-1,302,5767,2987,91,8845,4.80%,7.36%,
105/05/12,318,53,4,375,5568,2884,92,8544,4.63%,7.11%,
105/05/11,44,300,5,349,5250,2831,88,8169,4.37%,6.80%,
105/05/10,140,0,3,143,5206,2531,83,7820,4.33%,6.51%,
105/05/09,95,30,18,143,5066,2531,80,7677,4.21%,6.38%,
105/05/06,-85,0,1,-84,4971,2501,62,7534,4.13%,6.26%,
105/05/05,216,34,-19,231,5056,2501,61,7618,4.20%,6.33%,
105/05/04,67,14,-11,70,4840,2467,80,7387,4.02%,6.14%,
105/05/03,187,270,15,472,4773,2453,91,7317,3.97%,6.09%,
105/04/29,283,80,-3,360,4586,2183,76,6845,3.81%,5.69%,
105/04/28,226,177,-5,398,4303,2103,79,6485,3.58%,5.40%,
105/04/27,74,70,0,144,4077,1926,84,6087,3.39%,5.06%,
105/04/26,252,100,1,353,4003,1856,84,5943,3.33%,4.94%,
105/04/25,56,10,1,67,3752,1756,83,5591,3.12%,4.65%,
105/04/22,18,131,-3,146,3696,1746,82,5524,3.07%,4.59%,
105/04/21,375,189,-1,563,3678,1615,85,5378,3.06%,4.48%,
105/04/20,152,449,7,608,3303,1426,86,4815,2.74%,4.00%,
105/04/19,207,129,2,338,3151,977,79,4207,2.62%,3.50%,
105/04/18,90,10,0,100,2944,848,77,3869,2.45%,3.22%,
105/04/15,72,158,0,230,2802,838,77,3717,2.33%,3.09%,
105/04/14,95,25,8,128,2730,680,77,3487,2.27%,2.90%,
105/04/13,49,304,23,376,2635,655,69,3359,2.19%,2.79%,
105/04/12,61,250,41,352,2586,351,46,2983,2.15%,2.48%,
105/04/11,61,0,0,61,2513,101,5,2619,2.09%,2.18%,
105/04/08,2,0,-1,1,2452,101,5,2558,2.04%,2.13%,
105/04/07,11,0,-1,10,2450,101,6,2557,2.03%,2.12%,
105/04/06,20,0,-5,15,2439,101,7,2547,2.03%,2.12%,
105/04/01,-4,0,-65,-69,2419,101,12,2532,2.01%,2.10%,
105/03/31,-1,0,2,1,2423,101,77,2601,2.01%,2.16%,
105/03/30,196,0,-10,186,2424,101,75,2600,2.01%,2.16%,
105/03/29,70,0,0,70,2228,101,85,2414,1.85%,2.00%,
105/03/28,-4,0,0,-4,2158,101,85,2344,1.79%,1.94%,
105/03/25,-99,0,0,-99,2162,101,85,2348,1.79%,1.94%,
105/03/24,-25,0,-4,-29,2261,101,85,2447,1.88%,2.03%,
105/03/23,-178,0,-15,-193,2286,101,89,2476,1.90%,2.06%,
105/03/22,-53,0,0,-53,2464,101,104,2669,2.05%,2.22%,
105/03/21,-13,0,0,-13,2517,101,104,2722,2.09%,2.26%,
105/03/18,-234,0,1,-233,2530,101,104,2735,2.10%,2.27%,
105/03/17,109,0,12,121,2764,101,103,2968,2.30%,2.47%,
105/03/16,6,0,9,15,2655,101,91,2847,2.21%,2.37%,
105/03/15,30,0,0,30,2699,101,82,2882,2.24%,2.39%,
105/03/14,8,0,0,8,2669,101,82,2852,2.22%,2.37%,
105/03/11,73,0,0,73,2662,101,82,2845,2.21%,2.36%,
105/03/10,88,0,0,88,2579,101,82,2762,2.14%,2.29%,
105/03/09,47,0,8,55,2491,101,82,2674,2.07%,2.22%,
105/03/08,-11,0,-3,-14,2444,101,74,2619,2.03%,2.18%,
105/03/07,-1,0,-10,-11,2455,101,77,2633,2.04%,2.19%,
105/03/04,86,0,0,86,2456,101,87,2644,2.04%,2.20%,
105/03/03,36,0,0,36,2380,101,87,2568,1.98%,2.14%,
105/03/02,-225,0,0,-225,2344,101,87,2532,1.95%,2.11%,
105/03/01,-79,-17,-5,-101,2569,101,87,2757,2.13%,2.29%,
105/02/26,-66,0,0,-66,2648,118,92,2858,2.20%,2.37%,
105/02/25,-36,0,0,-36,2714,118,92,2924,2.25%,2.42%,
105/02/24,-44,0,0,-44,2750,118,92,2960,2.28%,2.45%,
105/02/23,-159,0,0,-159,2794,118,92,3004,2.32%,2.49%,
105/02/22,-71,0,0,-71,2953,118,92,3163,2.45%,2.62%,
105/02/19,-88,0,0,-88,3024,118,92,3234,2.51%,2.68%,
105/02/18,-78,0,1,-77,3112,118,92,3322,2.59%,2.76%,
105/02/17,-44,0,10,-34,3219,118,91,3428,2.68%,2.85%,
105/02/16,-230,0,2,-228,3263,118,81,3462,2.71%,2.88%,
105/02/15,-44,0,3,-41,3493,118,79,3690,2.90%,3.06%,
105/02/03,-35,0,0,-35,3537,118,76,3731,2.94%,3.10%,
105/02/02,-103,0,-3,-106,3627,118,76,3821,3.01%,3.17%,
105/02/01,-55,17,15,-23,3730,118,79,3927,3.10%,3.26%,
105/01/30,0,8,-1,7,3685,101,64,3850,3.06%,3.20%,
105/01/29,-43,0,10,-33,3685,93,65,3843,3.06%,3.19%,
105/01/28,-120,0,1,-119,3728,93,55,3876,3.10%,3.22%,
105/01/27,-35,0,0,-35,3848,93,54,3995,3.20%,3.32%,
105/01/26,-21,0,-1,-22,3903,93,54,4050,3.24%,3.36%,
105/01/25,-1,0,9,8,3924,93,55,4072,3.26%,3.38%,
105/01/22,-66,0,-10,-76,3925,93,46,4064,3.26%,3.38%,
105/01/21,-41,-66,1,-106,4011,93,56,4160,3.33%,3.45%,
105/01/20,-70,-6,-10,-86,4052,159,55,4266,3.37%,3.55%,
105/01/19,-34,0,-11,-45,4122,165,65,4352,3.43%,3.62%,
105/01/18,11,0,-38,-27,4156,165,76,4397,3.46%,3.66%,
105/01/15,-32,-6,-11,-49,4145,165,114,4424,3.45%,3.68%,
105/01/14,-63,0,-8,-71,4217,171,125,4513,3.51%,3.76%,
105/01/13,-17,0,-58,-75,4280,171,133,4584,3.56%,3.81%,
105/01/12,-86,0,-9,-95,4297,171,191,4659,3.57%,3.87%,
105/01/11,-70,0,-1,-71,4383,171,200,4754,3.64%,3.95%,
105/01/08,81,0,6,87,4453,171,201,4825,3.70%,4.01%,
105/01/07,-10,0,0,-10,4372,171,195,4738,3.63%,3.93%,
105/01/06,-20,0,0,-20,4337,171,195,4703,3.61%,3.91%,
105/01/05,1,0,38,39,4357,171,195,4723,3.62%,3.92%,
105/01/04,-35,-60,43,-52,4356,171,157,4684,3.62%,3.89%,
104/12/31,-4,0,-163,-167,4316,231,114,4661,3.59%,3.88%,
104/12/30,-29,-60,-1,-90,4320,231,277,4828,3.59%,4.01%,
104/12/29,-3,16,-49,-36,4349,291,278,4918,3.62%,4.09%,
104/12/28,-26,-21,3,-44,4352,275,327,4954,3.62%,4.12%,
104/12/25,-38,-10,-87,-135,4378,296,324,4998,3.64%,4.16%,
104/12/24,340,0,-200,140,4406,306,411,5123,3.66%,4.26%,
104/12/23,520,0,-420,100,4056,306,611,4973,3.37%,4.13%,
104/12/22,82,0,-31,51,3526,306,1031,4863,2.93%,4.04%,
104/12/21,40,0,-30,10,3444,306,1062,4812,2.86%,4.00%,
104/12/18,98,0,-18,80,3404,306,1092,4802,2.83%,3.99%,
104/12/17,364,0,-146,218,3306,306,1110,4722,2.75%,3.93%,
104/12/16,17,0,0,17,2942,306,1256,4504,2.44%,3.74%,
104/12/15,-21,0,0,-21,2925,306,1256,4487,2.43%,3.73%,
104/12/14,40,0,0,40,2946,306,1256,4508,2.45%,3.75%,
104/12/11,178,0,-5,173,2906,306,1256,4468,2.41%,3.71%,
104/12/10,269,-106,-88,75,2718,306,1261,4285,2.26%,3.56%,
104/12/09,167,0,3,170,2449,412,1349,4210,2.03%,3.50%,
104/12/08,21,-50,0,-29,2282,412,1346,4040,1.90%,3.36%,
104/12/07,-3,-50,-1,-54,2261,462,1346,4069,1.88%,3.39%,
104/12/04,44,-50,-22,-28,2264,512,1347,4123,1.88%,3.43%,
104/12/03,-10,0,-1,-11,2220,562,1369,4151,1.84%,3.45%,
104/12/02,50,0,-1,49,2230,562,1370,4162,1.85%,3.46%,
104/12/01,28,0,0,28,2180,562,1371,4113,1.81%,3.42%,
104/11/30,-17,0,1,-16,2152,562,1371,4085,1.79%,3.40%,
104/11/27,-11,-124,0,-135,2169,562,1370,4101,1.80%,3.41%,
104/11/26,-69,0,49,-20,2180,686,1370,4236,1.81%,3.52%,
104/11/25,-40,0,15,-25,2249,686,1321,4256,1.87%,3.54%,
104/11/24,56,0,-9,47,2289,686,1306,4281,1.90%,3.56%,
104/11/23,7,0,3,10,2233,686,1315,4234,1.85%,3.52%,
104/11/20,-3,0,0,-3,2226,686,1312,4224,1.85%,3.51%,
104/11/19,-53,0,0,-53,2229,686,1312,4227,1.85%,3.51%,
104/11/18,-18,0,-6,-24,2282,686,1312,4280,1.90%,3.56%,
104/11/17,20,0,-7,13,2300,686,1318,4304,1.91%,3.58%,
104/11/16,-10,0,-1,-11,2280,686,1325,4291,1.89%,3.56%,
104/11/13,-19,0,0,-19,2290,686,1326,4302,1.90%,3.57%,
104/11/12,7,0,0,7,2309,686,1326,4321,1.92%,3.59%,
104/11/11,-16,0,7,-9,2302,686,1326,4314,1.91%,3.58%,
104/11/10,2,0,0,2,2318,686,1319,4323,1.93%,3.60%,
104/11/09,-50,0,0,-50,2316,686,1319,4321,1.92%,3.59%,
104/11/06,-10,0,0,-10,2366,686,1319,4371,1.97%,3.64%,
104/11/05,18,0,0,18,2376,686,1319,4381,1.97%,3.64%,
104/11/04,24,7,0,31,2358,686,1319,4363,1.96%,3.63%,
104/11/03,8,0,0,8,2334,679,1319,4332,1.94%,3.60%,
104/11/02,-18,0,0,-18,2326,679,1319,4324,1.93%,3.59%,
104/10/30,-21,0,0,-21,2344,679,1319,4342,1.95%,3.61%,
104/10/29,-51,0,0,-51,2365,679,1319,4363,1.96%,3.62%,
104/10/28,3,0,0,3,2416,679,1319,4414,2.01%,3.67%,
104/10/27,-6,0,0,-6,2413,679,1319,4411,2.00%,3.66%,
104/10/26,1,0,0,1,2419,679,1319,4417,2.01%,3.67%,
104/10/23,-13,0,10,-3,2418,679,1319,4416,2.01%,3.67%,
104/10/22,3,0,3,6,2431,679,1309,4419,2.02%,3.67%,
104/10/21,5,0,0,5,2428,679,1306,4413,2.02%,3.67%,
104/10/20,-5,0,0,-5,2423,679,1306,4408,2.01%,3.66%,
104/10/19,-5,0,0,-5,2428,679,1306,4413,2.02%,3.67%,
104/10/16,1,0,0,1,2433,679,1306,4418,2.02%,3.67%,
104/10/15,21,0,0,21,2432,679,1306,4417,2.02%,3.67%,
104/10/14,9,0,0,9,2411,679,1306,4396,2.00%,3.65%,
104/10/13,13,0,0,13,2402,679,1306,4387,1.99%,3.64%,
104/10/12,-7,0,20,13,2389,679,1306,4374,1.98%,3.63%,
104/10/08,-9,0,0,-9,2396,679,1286,4361,1.99%,3.63%,
104/10/07,38,0,0,38,2405,679,1286,4370,2.00%,3.64%,
104/10/06,-2,0,0,-2,2367,679,1286,4332,1.97%,3.61%,
104/10/05,3,0,5,8,2369,679,1286,4334,1.97%,3.61%,
104/10/02,9,6,0,15,2366,679,1281,4326,1.97%,3.60%,
104/10/01,12,0,0,12,2357,673,1281,4311,1.96%,3.59%,
104/09/30,-43,0,0,-43,2345,673,1281,4299,1.95%,3.58%,
104/09/25,15,120,-22,113,2389,673,1281,4343,1.98%,3.61%,
104/09/24,7,0,0,7,2391,553,1303,4247,1.99%,3.54%,
104/09/23,12,0,0,12,2384,553,1303,4240,1.98%,3.53%,
104/09/22,70,0,0,70,2372,553,1303,4228,1.97%,3.52%,
104/09/21,-43,47,20,24,2302,553,1303,4158,1.91%,3.46%,
104/09/18,31,0,0,31,2345,506,1283,4134,1.95%,3.44%,
104/09/17,21,60,0,81,2314,506,1283,4103,1.92%,3.41%,
104/09/16,24,50,5,79,2293,446,1283,4022,1.90%,3.34%,
104/09/15,14,0,17,31,2269,396,1278,3943,1.88%,3.27%,
104/09/14,-11,120,0,109,2255,396,1261,3912,1.87%,3.25%,
104/09/11,15,240,0,255,2266,276,1261,3803,1.88%,3.16%,
104/09/10,23,0,0,23,2241,36,1261,3538,1.86%,2.94%,
104/09/09,12,0,0,12,2218,36,1261,3515,1.84%,2.92%,
104/09/08,-32,0,0,-32,2206,36,1261,3503,1.83%,2.91%,
104/09/07,6,0,0,6,2238,36,1261,3535,1.86%,2.94%,
104/09/04,0,0,0,0,2232,36,1261,3529,1.85%,2.93%,
104/09/03,0,0,0,0,2232,36,1261,3529,1.85%,2.93%,
104/09/02,9,0,0,9,2222,36,1261,3519,1.84%,2.92%,
104/09/01,-4,-2,0,-6,2213,36,1261,3510,1.84%,2.92%,
104/08/31,-11,-1,-1,-13,2217,38,1261,3516,1.84%,2.92%,
104/08/28,2,0,0,2,2188,39,1262,3489,1.82%,2.90%,
104/08/27,-14,0,-4,-18,2186,39,1262,3487,1.81%,2.89%,
104/08/26,25,0,-1,24,2200,39,1266,3505,1.83%,2.92%,
104/08/25,13,10,-2,21,2175,39,1267,3481,1.81%,2.90%,
104/08/24,-132,0,1,-131,2162,29,1269,3460,1.79%,2.87%,
104/08/21,-63,0,0,-63,2294,29,1268,3591,1.90%,2.98%,
104/08/20,-23,0,-1,-24,2357,29,1268,3654,1.96%,3.04%,
104/08/19,-101,0,-2,-103,2380,29,1269,3678,1.98%,3.06%,
104/08/18,-7,0,0,-7,2483,29,1271,3783,2.06%,3.14%,
104/08/17,-19,0,0,-19,2470,29,1271,3770,2.05%,3.13%,
104/08/14,48,0,-2,46,2489,29,1271,3789,2.07%,3.15%,
104/08/13,-67,0,1,-66,2431,29,1273,3733,2.02%,3.10%,
104/08/12,-10,0,3,-7,2498,29,1272,3799,2.07%,3.15%,
104/08/11,-43,0,-6,-49,2508,29,1269,3806,2.08%,3.16%,
104/08/10,1,0,-2,-1,2551,29,1275,3855,2.12%,3.21%,
104/08/07,20,0,0,20,2550,29,1277,3856,2.12%,3.21%,
104/08/06,-39,0,0,-39,2527,29,1277,3833,2.10%,3.19%,
104/08/05,14,0,1,15,2566,29,1277,3872,2.13%,3.22%,
104/08/04,-91,0,4,-87,2546,29,1276,3851,2.11%,3.20%,
104/08/03,-29,0,-1,-30,2637,29,1272,3938,2.19%,3.27%,
104/07/31,-20,0,-5,-25,2666,29,1273,3968,2.21%,3.29%,
104/07/30,13,0,-1,12,2686,29,1278,3993,2.23%,3.32%,
104/07/29,-7,0,0,-7,2673,29,1279,3981,2.22%,3.31%,
104/07/28,63,2,3,68,2680,29,1279,3988,2.23%,3.32%,
104/07/27,-53,0,5,-48,2617,27,1276,3920,2.17%,3.25%,
104/07/24,-32,0,1,-31,2670,27,1271,3968,2.22%,3.30%,
104/07/23,-16,0,0,-16,2702,27,1270,3999,2.24%,3.32%,
104/07/22,-103,0,3,-100,2718,27,1270,4015,2.26%,3.34%,
104/07/21,-1,0,0,-1,2821,27,1267,4115,2.34%,3.42%,
104/07/20,-6,0,0,-6,2822,27,1267,4116,2.34%,3.42%,
104/07/17,-9,11,0,2,2828,27,1267,4122,2.35%,3.43%,
104/07/16,8,0,0,8,2837,16,1267,4120,2.36%,3.43%,
104/07/15,9,1,0,10,2829,16,1267,4112,2.35%,3.42%,
104/07/14,14,0,-1,13,2820,15,1267,4102,2.34%,3.41%,
104/07/13,-118,0,-2,-120,2806,15,1268,4089,2.33%,3.40%,
104/07/09,4,0,2,6,2923,15,1270,4208,2.43%,3.50%,
104/07/08,-79,0,1,-78,2919,15,1268,4202,2.43%,3.50%,
104/07/07,-23,0,0,-23,2998,15,1267,4280,2.49%,3.56%,
104/07/06,-61,0,0,-61,3021,15,1267,4303,2.51%,3.58%,
104/07/03,-28,0,0,-28,3082,15,1267,4364,2.56%,3.63%,
104/07/02,-18,0,0,-18,3110,15,1267,4392,2.58%,3.65%,
104/07/01,-13,0,0,-13,3128,15,1267,4410,2.60%,3.67%,
104/06/30,29,0,0,29,3141,15,1267,4423,2.61%,3.68%,
104/06/29,-19,0,118,99,3112,15,1267,4394,2.59%,3.66%,
104/06/26,-13,0,152,139,3131,15,1149,4295,2.60%,3.57%,
104/06/25,36,0,300,336,3155,15,997,4167,2.62%,3.46%,
104/06/24,-3,0,100,97,3119,15,697,3831,2.59%,3.18%,
104/06/23,-7,0,106,99,3122,15,597,3734,2.59%,3.10%,
104/06/22,-37,-1,50,12,3129,15,491,3635,2.60%,3.02%,
104/06/18,-13,0,89,76,3166,16,441,3623,2.63%,3.01%,
104/06/17,-98,0,150,52,3179,16,352,3547,2.64%,2.95%,
104/06/16,-73,0,194,121,3277,16,202,3495,2.72%,2.90%,
104/06/15,-64,0,0,-64,3367,16,8,3391,2.80%,2.82%,
104/06/12,11,0,-2,9,3431,16,8,3455,2.85%,2.87%,
104/06/11,-39,10,-2,-31,3420,16,10,3446,2.84%,2.86%,
104/06/10,90,0,0,90,3459,6,12,3477,2.87%,2.88%,
104/06/09,-17,0,-1,-18,3369,6,12,3387,2.80%,2.81%,
104/06/08,47,0,0,47,3386,6,13,3405,2.81%,2.83%,
104/06/05,40,0,0,40,3339,6,13,3358,2.77%,2.79%,
104/06/04,-65,0,0,-65,3300,6,13,3319,2.74%,2.76%,
104/06/03,8,0,6,14,3365,6,13,3384,2.80%,2.82%,
104/06/02,-43,0,0,-43,3349,6,7,3362,2.78%,2.79%,
104/06/01,16,0,0,16,3392,6,7,3405,2.82%,2.83%,
104/05/29,77,0,0,77,3376,6,7,3389,2.81%,2.82%,
104/05/28,45,-9,0,36,3299,6,7,3312,2.74%,2.75%,
104/05/27,30,0,0,30,3254,15,7,3276,2.70%,2.72%,
104/05/26,-23,0,0,-23,3224,15,7,3246,2.68%,2.70%,
104/05/25,5,0,-1,4,3247,15,7,3269,2.70%,2.72%,
104/05/22,11,0,-2,9,3242,15,8,3265,2.69%,2.71%,
104/05/21,-42,0,-5,-47,3231,15,10,3256,2.68%,2.70%,
104/05/20,-13,0,-1,-14,3273,15,15,3303,2.72%,2.74%,
104/05/19,-66,0,-1,-67,3286,15,16,3317,2.73%,2.76%,
104/05/18,-11,0,0,-11,3352,15,17,3384,2.79%,2.82%,
104/05/15,9,0,-2,7,3366,15,17,3398,2.80%,2.83%,
104/05/14,-42,0,-2,-44,3357,15,19,3391,2.79%,2.82%,
104/05/13,16,0,0,16,3397,15,21,3433,2.82%,2.85%,
104/05/12,-36,0,1,-35,3381,15,21,3417,2.81%,2.84%,
104/05/11,-7,0,-56,-63,3417,15,20,3452,2.84%,2.87%,
104/05/08,-57,0,0,-57,3425,15,76,3516,2.85%,2.93%,
104/05/07,-9,0,0,-9,3482,15,76,3573,2.89%,2.97%,
104/05/06,144,0,-2,142,3491,15,76,3582,2.90%,2.98%,
104/05/05,57,0,0,57,3341,15,78,3434,2.78%,2.86%,
104/05/04,73,0,0,73,3284,15,78,3377,2.73%,2.81%,
104/04/30,81,0,33,114,3211,15,78,3304,2.67%,2.75%,
104/04/29,51,0,2,53,3130,15,45,3190,2.60%,2.65%,
104/04/28,109,0,2,111,3079,15,43,3137,2.56%,2.61%,
104/04/27,53,-50,0,3,2970,15,41,3026,2.47%,2.52%,
104/04/24,150,0,0,150,2914,65,41,3020,2.42%,2.51%,
104/04/23,29,0,-1,28,2759,65,41,2865,2.29%,2.38%,
104/04/22,173,-210,-63,-100,2749,65,42,2856,2.28%,2.37%,
104/04/21,-11,-100,-9,-120,2571,275,105,2951,2.13%,2.45%,
104/04/20,40,0,-377,-337,2583,375,114,3072,2.14%,2.55%,
104/04/17,54,0,0,54,2533,375,491,3399,2.10%,2.82%,
104/04/16,208,0,22,230,2479,375,491,3345,2.06%,2.78%,
104/04/15,-23,9,25,11,2271,375,469,3115,1.89%,2.59%,
104/04/14,38,0,50,88,2294,366,444,3104,1.90%,2.57%,
104/04/13,26,0,0,26,2256,366,394,3016,1.87%,2.50%,
104/04/10,77,0,25,102,2216,366,394,2976,1.84%,2.47%,
104/04/09,-110,0,5,-105,2139,366,369,2874,1.78%,2.39%,
104/04/08,258,0,30,288,2249,366,364,2979,1.87%,2.48%,
104/04/07,67,0,0,67,1991,366,334,2691,1.65%,2.23%,
104/04/02,-112,0,165,53,2042,366,334,2742,1.69%,2.27%,
104/04/01,59,0,0,59,2427,366,169,2962,2.02%,2.47%,
104/03/31,174,0,80,254,2840,366,169,3375,2.36%,2.81%,
104/03/30,616,0,1,617,3058,305,89,3452,2.54%,2.87%,
104/03/27,132,0,1,133,2560,305,88,2953,2.13%,2.46%,
104/03/26,328,0,1,329,2543,305,87,2935,2.11%,2.44%,
104/03/25,30,0,2,32,2231,305,86,2622,1.85%,2.18%,
104/03/24,95,0,5,100,2213,305,84,2602,1.84%,2.16%,
104/03/23,109,0,0,109,2118,305,79,2502,1.76%,2.08%,
104/03/20,81,0,-40,41,2016,305,79,2400,1.67%,1.99%,
104/03/19,220,-12,0,208,1950,305,119,2374,1.62%,1.97%,
104/03/18,1,-147,-121,-267,1749,317,119,2185,1.45%,1.81%,
104/03/17,37,-100,1,-62,1738,464,240,2442,1.44%,2.03%,
104/03/16,84,-27,1,58,1701,564,239,2504,1.41%,2.08%,
104/03/13,23,-364,26,-315,1617,591,238,2446,1.34%,2.03%,
104/03/12,6,-451,0,-445,1606,955,212,2773,1.33%,2.30%,
104/03/11,-2,0,17,15,1599,1406,212,3217,1.33%,2.68%,
104/03/10,-6,-107,15,-98,1600,1406,195,3201,1.33%,2.66%,
104/03/09,-36,0,0,-36,1599,1513,180,3292,1.33%,2.74%,
104/03/06,-13,-100,-2,-115,1724,1513,180,3417,1.43%,2.84%,
104/03/05,-126,0,-2,-128,1804,1613,182,3599,1.50%,2.99%,
104/03/04,39,-3,0,36,1930,1613,184,3727,1.60%,3.10%,
104/03/03,24,-50,0,-26,1891,1616,184,3691,1.57%,3.07%,
104/03/02,12,-50,0,-38,1867,1666,184,3717,1.55%,3.09%,
104/02/26,36,0,0,36,1955,1716,184,3855,1.62%,3.20%,
104/02/25,-117,0,1,-116,1919,1716,184,3819,1.59%,3.17%,
104/02/24,-170,0,-5,-175,2036,1716,183,3935,1.69%,3.27%,
104/02/13,-36,-1,-1,-38,2206,1716,188,4110,1.83%,3.42%,
104/02/12,-42,0,0,-42,2232,1717,189,4138,1.85%,3.44%,
104/02/11,-1,0,148,147,2158,1717,189,4064,1.79%,3.38%,
104/02/10,46,0,5,51,2146,1717,41,3904,1.78%,3.24%,
104/02/09,8,-90,0,-82,2305,1717,36,4058,1.91%,3.37%,
104/02/06,-184,-50,0,-234,2301,1807,36,4144,1.91%,3.44%,
104/02/05,-56,0,0,-56,2467,1857,36,4360,2.05%,3.63%,
104/02/04,-136,0,0,-136,2523,1857,36,4416,2.10%,3.68%,
104/02/03,21,0,0,21,2426,1857,36,4319,2.01%,3.59%,
104/02/02,-51,0,-73,-124,2405,1857,36,4298,2.00%,3.58%,
104/01/30,26,0,-75,-49,2403,1857,109,4369,2.00%,3.64%,
104/01/29,-23,0,1,-22,2375,1857,184,4416,1.97%,3.67%,
104/01/28,-81,0,0,-81,2503,1857,183,4543,2.08%,3.78%,
104/01/27,-119,0,22,-97,2572,1857,183,4612,2.14%,3.84%,
104/01/26,-64,-88,0,-152,2498,1857,161,4516,2.07%,3.75%,
104/01/23,-60,-100,60,-100,2561,1945,161,4667,2.13%,3.88%,
104/01/22,-30,12,0,-18,2610,2045,101,4756,2.17%,3.96%,
104/01/21,-23,0,0,-23,2630,2033,101,4764,2.18%,3.96%,
104/01/20,-41,0,0,-41,2648,2033,101,4782,2.20%,3.98%,
104/01/19,-298,0,0,-298,2686,2033,101,4820,2.23%,4.01%,
104/01/16,-567,0,-47,-614,2984,2033,101,5118,2.48%,4.26%,
104/01/15,-32,0,-18,-50,3551,2033,148,5732,2.95%,4.77%,
104/01/14,-146,0,-43,-189,3608,2033,166,5807,3.00%,4.83%,
104/01/13,-261,0,-7,-268,3694,2033,209,5936,3.07%,4.94%,
104/01/12,-144,0,-53,-197,3660,2033,216,5909,3.04%,4.91%,
104/01/09,-289,0,-153,-442,3733,2033,269,6035,3.10%,5.02%,
104/01/08,-179,0,-85,-264,3904,2033,422,6359,3.24%,5.28%,
104/01/07,-95,0,20,-75,4058,2033,507,6598,3.37%,5.48%,
104/01/06,-177,0,20,-157,3991,2033,487,6511,3.32%,5.42%,
104/01/05,-188,0,20,-168,4147,2033,467,6647,3.45%,5.53%,
