日期,外資買賣超,投信買賣超,自營商買賣超,單日合計買賣超,外資估計持股,投信估計持股,自營商估計持股,單日合計估計持股,外資持股比重,三大法人持股比重,
107/03/31,0,0,0,0,30769,0,13,30782,21.33%,21.34%,
107/03/30,-5,0,0,-5,30769,0,13,30782,21.33%,21.34%,
107/03/29,5,0,0,5,30774,0,13,30787,21.33%,21.34%,
107/03/28,0,0,0,0,30769,0,13,30782,21.33%,21.34%,
107/03/27,-4,0,0,-4,30769,0,13,30782,21.33%,21.34%,
107/03/26,5,0,0,5,30773,0,13,30786,21.33%,21.34%,
107/03/23,-4,0,0,-4,30768,0,13,30781,21.33%,21.34%,
107/03/22,-7,0,0,-7,30772,0,13,30785,21.33%,21.34%,
107/03/21,0,0,0,0,30779,0,13,30792,21.33%,21.34%,
107/03/20,0,0,0,0,30779,0,13,30792,21.33%,21.34%,
107/03/19,1,0,0,1,30779,0,13,30792,21.33%,21.34%,
107/03/16,2,0,0,2,30778,0,13,30791,21.33%,21.34%,
107/03/15,3,0,-1,2,30776,0,13,30789,21.33%,21.34%,
107/03/14,10,0,0,10,30773,0,14,30787,21.33%,21.34%,
107/03/13,14,0,0,14,30763,0,14,30777,21.32%,21.33%,
107/03/12,7,0,1,8,30749,0,14,30763,21.31%,21.32%,
107/03/09,6,0,7,13,30742,0,13,30755,21.31%,21.32%,
107/03/08,11,0,0,11,30736,0,6,30742,21.30%,21.30%,
107/03/07,0,0,0,0,30725,0,6,30731,21.30%,21.30%,
107/03/06,4,0,6,10,30725,0,6,30731,21.30%,21.30%,
107/03/05,-1,0,0,-1,30721,0,0,30721,21.29%,21.29%,
107/03/02,13,0,0,13,30722,0,0,30722,21.30%,21.30%,
107/03/01,21,0,-3,18,30709,0,0,30709,21.29%,21.29%,
107/02/27,1,0,0,1,30688,0,0,30688,21.27%,21.27%,
107/02/26,-4,0,0,-4,30687,0,0,30687,21.27%,21.27%,
107/02/23,5,0,0,5,30691,0,0,30691,21.27%,21.27%,
107/02/22,0,0,0,0,30686,0,0,30686,21.27%,21.27%,
107/02/21,-1,0,0,-1,30686,0,0,30686,21.27%,21.27%,
107/02/12,-21,0,-1,-22,30687,0,0,30687,21.27%,21.27%,
107/02/09,-7,0,-1,-8,30708,0,1,30709,21.29%,21.29%,
107/02/08,3,0,0,3,30715,0,2,30717,21.29%,21.29%,
107/02/07,-7,0,-3,-10,30712,0,2,30714,21.29%,21.29%,
107/02/06,-5,0,-2,-7,30719,0,5,30724,21.29%,21.29%,
107/02/05,0,0,0,0,30724,0,7,30731,21.30%,21.30%,
107/02/02,0,0,0,0,30724,0,7,30731,21.30%,21.30%,
107/02/01,0,0,1,1,30724,0,7,30731,21.30%,21.30%,
107/01/31,1,0,1,2,30724,0,6,30730,21.30%,21.30%,
107/01/30,0,0,0,0,30723,0,5,30728,21.30%,21.30%,
107/01/29,2,0,0,2,30723,0,5,30728,21.30%,21.30%,
107/01/26,1,0,-1,0,30721,0,5,30726,21.29%,21.29%,
107/01/25,4,0,0,4,30720,0,6,30726,21.29%,21.29%,
107/01/24,3,0,0,3,30716,0,6,30722,21.29%,21.29%,
107/01/23,3,0,1,4,30713,0,6,30719,21.29%,21.29%,
107/01/22,3,0,1,4,30710,0,5,30715,21.29%,21.29%,
107/01/19,0,0,0,0,30707,0,4,30711,21.28%,21.28%,
107/01/18,-16,0,0,-16,30707,0,4,30711,21.28%,21.28%,
107/01/17,14,0,3,17,30723,0,4,30727,21.30%,21.30%,
107/01/16,-11,0,0,-11,30709,0,1,30710,21.29%,21.29%,
107/01/15,-13,0,1,-12,30720,0,1,30721,21.29%,21.29%,
107/01/12,-32,0,0,-32,30733,0,0,30733,21.30%,21.30%,
107/01/11,21,0,0,21,30765,0,0,30765,21.32%,21.32%,
107/01/10,4,0,0,4,30744,0,0,30744,21.31%,21.31%,
107/01/09,-15,0,-7,-22,30740,0,0,30740,21.31%,21.31%,
107/01/08,-46,0,7,-39,30755,0,7,30762,21.32%,21.32%,
107/01/05,-22,0,0,-22,30801,0,0,30801,21.35%,21.35%,
107/01/04,-1,0,-2,-3,30823,0,0,30823,21.37%,21.37%,
107/01/03,-3,0,0,-3,30824,0,1,30825,21.37%,21.37%,
107/01/02,-68,0,-5,-73,30827,0,1,30828,21.37%,21.37%,
106/12/29,63,0,0,63,30895,0,6,30901,21.42%,21.42%,
106/12/28,5,0,0,5,30832,0,6,30838,21.37%,21.37%,
106/12/27,15,0,0,15,30827,0,6,30833,21.37%,21.37%,
106/12/26,50,0,-1,49,30812,0,6,30818,21.36%,21.36%,
106/12/25,2,0,0,2,30762,0,7,30769,21.32%,21.32%,
106/12/22,-3,0,0,-3,30760,0,7,30767,21.32%,21.32%,
106/12/21,24,0,0,24,30763,0,7,30770,21.32%,21.32%,
106/12/20,17,0,7,24,30739,0,7,30746,21.31%,21.31%,
106/12/19,-5,0,0,-5,30722,0,0,30722,21.30%,21.30%,
106/12/18,4,0,-1,3,30727,0,0,30727,21.30%,21.30%,
106/12/15,-2,0,1,-1,30723,0,1,30724,21.30%,21.30%,
106/12/14,2,0,0,2,30725,0,0,30725,21.30%,21.30%,
106/12/13,11,0,0,11,30723,0,0,30723,21.30%,21.30%,
106/12/12,24,0,-2,22,30712,0,0,30712,21.29%,21.29%,
106/12/11,22,0,0,22,30688,0,0,30688,21.27%,21.27%,
106/12/08,6,0,0,6,30666,0,0,30666,21.26%,21.26%,
106/12/07,2,0,0,2,30660,0,0,30660,21.25%,21.25%,
106/12/06,-5,0,0,-5,30658,0,0,30658,21.25%,21.25%,
106/12/05,1,0,0,1,30663,0,0,30663,21.25%,21.25%,
106/12/04,2,0,0,2,30662,0,0,30662,21.25%,21.25%,
106/12/01,-11,0,0,-11,30660,0,0,30660,21.25%,21.25%,
106/11/30,-2,0,0,-2,30671,0,0,30671,21.26%,21.26%,
106/11/29,10,0,0,10,30673,0,0,30673,21.26%,21.26%,
106/11/28,2,0,0,2,30663,0,0,30663,21.25%,21.25%,
106/11/27,-7,0,0,-7,30661,0,0,30661,21.25%,21.25%,
106/11/24,-9,0,0,-9,30668,0,0,30668,21.26%,21.26%,
106/11/23,3,0,-11,-8,30677,0,0,30677,21.26%,21.26%,
106/11/22,-26,0,4,-22,30674,0,11,30685,21.26%,21.27%,
106/11/21,54,0,0,54,30700,0,7,30707,21.28%,21.28%,
106/11/20,11,0,0,11,30646,0,7,30653,21.24%,21.24%,
106/11/17,6,0,-2,4,30635,0,7,30642,21.23%,21.23%,
106/11/16,6,0,3,9,30629,0,9,30638,21.23%,21.24%,
106/11/15,4,0,-1,3,30623,0,6,30629,21.23%,21.23%,
106/11/14,13,0,7,20,30619,0,7,30626,21.22%,21.22%,
106/11/13,-17,0,0,-17,30606,0,0,30606,21.21%,21.21%,
106/11/10,17,0,0,17,30623,0,0,30623,21.23%,21.23%,
106/11/09,-1,0,-2,-3,30606,0,0,30606,21.21%,21.21%,
106/11/08,-8,0,0,-8,30607,0,2,30609,21.22%,21.22%,
106/11/07,-15,0,0,-15,30615,0,2,30617,21.22%,21.22%,
106/11/06,-13,0,0,-13,30630,0,2,30632,21.23%,21.23%,
106/11/03,14,0,0,14,30643,0,2,30645,21.24%,21.24%,
106/11/02,5,0,0,5,30629,0,2,30631,21.23%,21.23%,
106/11/01,0,0,2,2,30624,0,2,30626,21.23%,21.23%,
106/10/31,2,0,0,2,30624,0,0,30624,21.23%,21.23%,
106/10/30,-14,0,0,-14,30622,0,0,30622,21.23%,21.23%,
106/10/27,-3,0,0,-3,30636,0,0,30636,21.24%,21.24%,
106/10/26,4,0,0,4,30639,0,0,30639,21.24%,21.24%,
106/10/25,-9,0,0,-9,30635,0,0,30635,21.23%,21.23%,
106/10/24,-17,0,0,-17,30644,0,0,30644,21.24%,21.24%,
106/10/23,-2,0,0,-2,30661,0,0,30661,21.25%,21.25%,
106/10/20,-2,0,0,-2,30663,0,0,30663,21.25%,21.25%,
106/10/19,0,0,0,0,30665,0,0,30665,21.26%,21.26%,
106/10/18,11,0,0,11,30665,0,0,30665,21.26%,21.26%,
106/10/17,-4,0,0,-4,30654,0,0,30654,21.25%,21.25%,
106/10/16,6,0,0,6,30658,0,0,30658,21.25%,21.25%,
106/10/13,-1,0,-2,-3,30652,0,0,30652,21.25%,21.25%,
106/10/12,0,0,0,0,30653,0,2,30655,21.25%,21.25%,
106/10/11,-1,0,0,-1,30653,0,2,30655,21.25%,21.25%,
106/10/06,-14,0,2,-12,30654,0,2,30656,21.25%,21.25%,
106/10/05,-72,0,-17,-89,30668,0,0,30668,21.26%,21.26%,
106/10/03,-23,0,4,-19,30740,0,17,30757,21.31%,21.32%,
106/10/02,-25,0,0,-25,30763,0,13,30776,21.32%,21.33%,
106/09/30,0,0,1,1,30788,0,13,30801,21.34%,21.35%,
106/09/29,-23,0,12,-11,30788,0,12,30800,21.34%,21.35%,
106/09/28,14,0,-1,13,30811,0,0,30811,21.36%,21.36%,
106/09/27,52,0,-1,51,30797,0,1,30798,21.35%,21.35%,
106/09/26,65,0,1,66,30745,0,2,30747,21.31%,21.31%,
106/09/25,30,0,0,30,30680,0,1,30681,21.27%,21.27%,
106/09/22,2,0,0,2,30650,0,1,30651,21.25%,21.25%,
106/09/21,10,0,1,11,30648,0,1,30649,21.24%,21.24%,
106/09/20,-23,0,0,-23,30638,0,0,30638,21.24%,21.24%,
106/09/19,-14,0,0,-14,30661,0,0,30661,21.25%,21.25%,
106/09/18,-25,0,0,-25,30675,0,0,30675,21.26%,21.26%,
106/09/15,-87,0,0,-87,30700,0,0,30700,21.28%,21.28%,
106/09/14,91,0,-10,81,30787,0,0,30787,21.34%,21.34%,
106/09/13,-9,0,-5,-14,30696,0,10,30706,21.28%,21.29%,
106/09/12,-37,0,15,-22,30705,0,15,30720,21.28%,21.29%,
106/09/11,99,0,0,99,30742,0,0,30742,21.31%,21.31%,
106/09/08,-1,0,0,-1,30643,0,0,30643,21.24%,21.24%,
106/09/07,-7,0,0,-7,30644,0,0,30644,21.24%,21.24%,
106/09/06,-2,0,0,-2,30651,0,0,30651,21.25%,21.25%,
106/09/05,-4,0,0,-4,30653,0,0,30653,21.25%,21.25%,
106/09/04,0,0,0,0,30657,0,0,30657,21.25%,21.25%,
106/09/01,-20,0,0,-20,30657,0,0,30657,21.25%,21.25%,
106/08/31,-17,0,0,-17,30677,0,0,30677,21.26%,21.26%,
106/08/30,-1,0,0,-1,30694,0,0,30694,21.28%,21.28%,
106/08/29,0,0,0,0,30695,0,0,30695,21.28%,21.28%,
106/08/28,-3,0,0,-3,30695,0,0,30695,21.28%,21.28%,
106/08/25,-17,0,0,-17,30698,0,0,30698,21.28%,21.28%,
106/08/24,-2,0,0,-2,30715,0,0,30715,21.29%,21.29%,
106/08/23,-64,0,0,-64,30717,0,0,30717,21.29%,21.29%,
106/08/22,97,0,0,97,30781,0,0,30781,21.34%,21.34%,
106/08/21,0,0,0,0,30684,0,0,30684,21.27%,21.27%,
106/08/18,-1,0,-1,-2,30684,0,0,30684,21.27%,21.27%,
106/08/17,1,0,0,1,30685,0,1,30686,21.27%,21.27%,
106/08/16,15,0,1,16,30684,0,1,30685,21.27%,21.27%,
106/08/15,15,0,0,15,30669,0,0,30669,21.26%,21.26%,
106/08/14,110,0,0,110,30654,0,0,30654,21.25%,21.25%,
106/08/11,0,0,0,0,30544,0,0,30544,21.17%,21.17%,
106/08/10,-1,0,0,-1,30544,0,0,30544,21.17%,21.17%,
106/08/09,2,0,0,2,30545,0,0,30545,21.17%,21.17%,
106/08/08,0,0,-1,-1,30543,0,0,30543,21.17%,21.17%,
106/08/07,1,0,0,1,30543,0,1,30544,21.17%,21.17%,
106/08/04,0,0,-1,-1,30542,0,1,30543,21.17%,21.17%,
106/08/03,0,0,0,0,30542,0,2,30544,21.17%,21.17%,
106/08/02,0,0,2,2,30542,0,2,30544,21.17%,21.17%,
106/08/01,0,0,0,0,30542,0,0,30542,21.17%,21.17%,
106/07/31,0,0,-3,-3,30542,0,0,30542,21.17%,21.17%,
106/07/28,0,0,-1,-1,30542,0,3,30545,21.17%,21.17%,
106/07/27,0,0,-4,-4,30542,0,4,30546,21.17%,21.17%,
106/07/26,-8,0,-5,-13,30542,0,8,30550,21.17%,21.18%,
106/07/25,-9,0,-1,-10,30550,0,13,30563,21.18%,21.19%,
106/07/24,0,0,1,1,30559,0,14,30573,21.18%,21.19%,
106/07/21,-131,0,0,-131,30559,0,13,30572,21.18%,21.19%,
106/07/20,-29,0,0,-29,30690,0,13,30703,21.27%,21.28%,
106/07/19,73,0,0,73,30719,0,13,30732,21.29%,21.30%,
106/07/18,-4,0,0,-4,30646,0,13,30659,21.24%,21.25%,
106/07/17,0,0,0,0,30650,0,13,30663,21.25%,21.26%,
106/07/14,0,0,-2,-2,30650,0,13,30663,21.25%,21.26%,
106/07/13,-2,0,-3,-5,30650,0,15,30665,21.25%,21.26%,
106/07/12,29,0,-4,25,30652,0,18,30670,21.25%,21.26%,
106/07/11,0,0,3,3,30623,0,22,30645,21.23%,21.25%,
106/07/10,0,0,0,0,30623,0,19,30642,21.23%,21.24%,
106/07/07,0,0,0,0,30623,0,19,30642,21.23%,21.24%,
106/07/06,0,0,0,0,30623,0,19,30642,21.23%,21.24%,
106/07/05,0,0,0,0,30623,0,19,30642,21.23%,21.24%,
106/07/04,0,0,0,0,30623,0,19,30642,21.23%,21.24%,
106/07/03,0,0,0,0,30623,0,19,30642,21.23%,21.24%,
106/06/30,0,0,0,0,30623,0,19,30642,21.23%,21.24%,
106/06/29,2,0,0,2,30623,0,19,30642,21.23%,21.24%,
106/06/28,-5,0,0,-5,30621,0,19,30640,21.23%,21.24%,
106/06/27,2,0,0,2,30626,0,19,30645,21.23%,21.24%,
106/06/26,17,0,10,27,30624,0,19,30643,21.23%,21.24%,
106/06/23,0,0,0,0,30607,0,9,30616,21.22%,21.23%,
106/06/22,0,0,0,0,30607,0,9,30616,21.22%,21.23%,
106/06/21,3,0,2,5,30607,0,9,30616,21.22%,21.23%,
106/06/20,0,0,0,0,30604,0,7,30611,21.21%,21.21%,
106/06/19,0,0,0,0,30604,0,7,30611,21.21%,21.21%,
106/06/16,0,0,0,0,30604,0,7,30611,21.21%,21.21%,
106/06/15,1,0,0,1,30604,0,7,30611,21.21%,21.21%,
106/06/14,0,0,0,0,30603,0,7,30610,21.21%,21.21%,
106/06/13,0,0,-2,-2,30603,0,7,30610,21.21%,21.21%,
106/06/12,0,0,1,1,30603,0,9,30612,21.21%,21.22%,
106/06/09,0,0,0,0,30603,0,8,30611,21.21%,21.22%,
106/06/08,12,0,0,12,30603,0,8,30611,21.21%,21.22%,
106/06/07,0,0,0,0,30591,0,8,30599,21.20%,21.21%,
106/06/06,3,0,0,3,30591,0,8,30599,21.20%,21.21%,
106/06/05,-9,0,0,-9,30588,0,8,30596,21.20%,21.21%,
106/06/03,0,0,0,0,30597,0,8,30605,21.21%,21.22%,
106/06/02,0,0,3,3,30597,0,8,30605,21.21%,21.22%,
106/06/01,0,0,0,0,30597,0,5,30602,21.21%,21.21%,
106/05/31,-7,0,0,-7,30597,0,5,30602,21.21%,21.21%,
106/05/26,0,0,4,4,30604,0,5,30609,21.21%,21.21%,
106/05/25,0,0,0,0,30604,0,1,30605,21.21%,21.21%,
106/05/24,3,0,0,3,30604,0,1,30605,21.21%,21.21%,
106/05/23,1,0,0,1,30601,0,1,30602,21.21%,21.21%,
106/05/22,-4,0,0,-4,30600,0,1,30601,21.21%,21.21%,
106/05/19,-1,0,0,-1,30604,0,1,30605,21.21%,21.21%,
106/05/18,0,0,0,0,30605,0,1,30606,21.21%,21.21%,
106/05/17,0,0,0,0,30605,0,1,30606,21.21%,21.21%,
106/05/16,-2,0,0,-2,30605,0,1,30606,21.21%,21.21%,
106/05/15,0,0,0,0,30607,0,1,30608,21.22%,21.22%,
106/05/12,-5,0,0,-5,30607,0,1,30608,21.22%,21.22%,
106/05/11,-9,0,-9,-18,30612,0,1,30613,21.22%,21.22%,
106/05/10,-1,0,5,4,30621,0,10,30631,21.23%,21.24%,
106/05/09,-1,0,2,1,30622,0,5,30627,21.23%,21.23%,
106/05/08,0,0,0,0,30623,0,3,30626,21.23%,21.23%,
106/05/05,-1,0,1,0,30623,0,3,30626,21.23%,21.23%,
106/05/04,5,0,0,5,30624,0,2,30626,21.23%,21.23%,
106/05/03,2,0,0,2,30619,0,2,30621,21.22%,21.22%,
106/05/02,0,0,1,1,30617,0,2,30619,21.22%,21.22%,
106/04/28,-1,0,0,-1,30617,0,1,30618,21.22%,21.22%,
106/04/27,0,0,0,0,30618,0,1,30619,21.22%,21.22%,
106/04/26,0,0,0,0,30618,0,1,30619,21.22%,21.22%,
106/04/25,16,0,0,16,30618,0,1,30619,21.22%,21.22%,
106/04/24,1,0,0,1,30602,0,1,30603,21.21%,21.21%,
106/04/21,3,0,0,3,30601,0,1,30602,21.21%,21.21%,
106/04/20,-1,0,0,-1,30598,0,1,30599,21.21%,21.21%,
106/04/19,1,0,0,1,30599,0,1,30600,21.21%,21.21%,
106/04/18,-3,0,-1,-4,30598,0,1,30599,21.21%,21.21%,
106/04/17,6,0,2,8,30601,0,2,30603,21.21%,21.21%,
106/04/14,-11,0,0,-11,30595,0,0,30595,21.21%,21.21%,
106/04/13,5,0,0,5,30606,0,0,30606,21.21%,21.21%,
106/04/12,-3,0,-1,-4,30601,0,0,30601,21.21%,21.21%,
106/04/11,42,0,0,42,30604,0,1,30605,21.21%,21.21%,
106/04/10,-54,0,0,-54,30562,0,1,30563,21.18%,21.18%,
106/04/07,-13,0,0,-13,30616,0,1,30617,21.22%,21.22%,
106/04/06,-13,0,0,-13,30629,0,1,30630,21.23%,21.23%,
106/04/05,-1,0,0,-1,30642,0,1,30643,21.24%,21.24%,
106/03/31,0,0,0,0,30643,0,1,30644,21.24%,21.24%,
106/03/30,-9,0,0,-9,30643,0,1,30644,21.24%,21.24%,
106/03/29,37,0,0,37,30652,0,1,30653,21.25%,21.25%,
106/03/28,9,0,0,9,30615,0,1,30616,21.22%,21.22%,
106/03/27,8,0,0,8,30606,0,1,30607,21.21%,21.21%,
106/03/24,5,0,0,5,30598,0,1,30599,21.21%,21.21%,
106/03/23,-1,0,0,-1,30593,0,1,30594,21.21%,21.21%,
106/03/22,-7,0,1,-6,30594,0,1,30595,21.21%,21.21%,
106/03/21,0,0,0,0,30601,0,0,30601,21.21%,21.21%,
106/03/20,0,0,0,0,30601,0,0,30601,21.21%,21.21%,
106/03/17,0,0,0,0,30601,0,0,30601,21.21%,21.21%,
106/03/16,12,0,0,12,30601,0,0,30601,21.21%,21.21%,
106/03/15,0,0,-1,-1,30589,0,0,30589,21.20%,21.20%,
106/03/14,1,0,0,1,30589,0,1,30590,21.20%,21.20%,
106/03/13,2,0,0,2,30588,0,1,30589,21.20%,21.20%,
106/03/10,0,0,0,0,30586,0,1,30587,21.20%,21.20%,
106/03/09,0,0,0,0,30586,0,1,30587,21.20%,21.20%,
106/03/08,-4,0,0,-4,30586,0,1,30587,21.20%,21.20%,
106/03/07,-1,0,0,-1,30590,0,1,30591,21.20%,21.20%,
106/03/06,2,0,0,2,30591,0,1,30592,21.20%,21.20%,
106/03/03,0,0,0,0,30589,0,1,30590,21.20%,21.20%,
106/03/02,0,0,-2,-2,30589,0,1,30590,21.20%,21.20%,
106/03/01,0,0,-2,-2,30589,0,3,30592,21.20%,21.20%,
106/02/24,-7,0,2,-5,30589,0,5,30594,21.20%,21.20%,
106/02/23,0,0,0,0,30596,0,3,30599,21.21%,21.21%,
106/02/22,-4,0,3,-1,30596,0,3,30599,21.21%,21.21%,
106/02/21,1,0,0,1,30600,0,0,30600,21.21%,21.21%,
106/02/20,1,0,0,1,30599,0,0,30599,21.21%,21.21%,
106/02/18,0,0,0,0,30598,0,0,30598,21.21%,21.21%,
106/02/17,-5,0,-3,-8,30598,0,0,30598,21.21%,21.21%,
106/02/16,-5,0,3,-2,30603,0,3,30606,21.21%,21.21%,
106/02/15,4,0,0,4,30608,0,0,30608,21.22%,21.22%,
106/02/14,22,0,-1,21,30604,0,0,30604,21.21%,21.21%,
106/02/13,-1,0,1,0,30582,0,1,30583,21.20%,21.20%,
106/02/10,0,0,0,0,30583,0,0,30583,21.20%,21.20%,
106/02/09,0,0,0,0,30583,0,0,30583,21.20%,21.20%,
106/02/08,-10,0,0,-10,30583,0,0,30583,21.20%,21.20%,
106/02/07,7,0,-2,5,30593,0,0,30593,21.21%,21.21%,
106/02/06,2,0,0,2,30586,0,2,30588,21.20%,21.20%,
106/02/03,-11,0,2,-9,30584,0,2,30586,21.20%,21.20%,
106/02/02,0,0,0,0,30595,0,0,30595,21.21%,21.21%,
106/01/24,3,0,0,3,30595,0,0,30595,21.21%,21.21%,
106/01/23,0,0,0,0,30592,0,0,30592,21.20%,21.20%,
106/01/20,4,0,-1,3,30592,0,0,30592,21.20%,21.20%,
106/01/19,5,0,1,6,30588,0,1,30589,21.20%,21.20%,
106/01/18,9,0,-6,3,30583,0,0,30583,21.20%,21.20%,
106/01/17,0,0,0,0,30574,0,6,30580,21.19%,21.19%,
106/01/16,0,0,-2,-2,30574,0,6,30580,21.19%,21.19%,
106/01/13,-11,0,0,-11,30574,0,8,30582,21.19%,21.20%,
106/01/12,4,0,-1,3,30585,0,8,30593,21.20%,21.21%,
106/01/11,1,0,0,1,30581,0,9,30590,21.20%,21.21%,
106/01/10,2,0,0,2,30580,0,9,30589,21.20%,21.21%,
106/01/09,3,0,0,3,30578,0,9,30587,21.20%,21.21%,
106/01/06,0,0,0,0,30575,0,9,30584,21.19%,21.20%,
106/01/05,8,0,0,8,30575,0,9,30584,21.19%,21.20%,
106/01/04,0,0,0,0,30567,0,9,30576,21.19%,21.20%,
106/01/03,0,0,0,0,30567,0,9,30576,21.19%,21.20%,
105/12/30,-1,0,0,-1,30567,0,9,30576,21.19%,21.20%,
105/12/29,0,0,0,0,30568,0,9,30577,21.19%,21.20%,
105/12/28,1,0,0,1,30568,0,9,30577,21.19%,21.20%,
105/12/27,0,0,0,0,30567,0,9,30576,21.19%,21.20%,
105/12/26,0,0,0,0,30567,0,9,30576,21.19%,21.20%,
105/12/23,0,0,0,0,30567,0,9,30576,21.19%,21.20%,
105/12/22,1,0,-3,-2,30567,0,9,30576,21.19%,21.20%,
105/12/21,-2,0,8,6,30566,0,12,30578,21.19%,21.20%,
105/12/20,-6,0,4,-2,30568,0,4,30572,21.19%,21.19%,
105/12/19,4,0,0,4,30574,0,0,30574,21.19%,21.19%,
105/12/16,0,0,0,0,30570,0,0,30570,21.19%,21.19%,
105/12/15,-3,0,0,-3,30570,0,0,30570,21.19%,21.19%,
105/12/14,4,0,0,4,30573,0,0,30573,21.19%,21.19%,
105/12/13,0,0,0,0,30569,0,0,30569,21.19%,21.19%,
105/12/12,3,0,0,3,30569,0,0,30569,21.19%,21.19%,
105/12/09,0,0,0,0,30566,0,0,30566,21.19%,21.19%,
105/12/08,0,0,0,0,30566,0,0,30566,21.19%,21.19%,
105/12/07,0,0,0,0,30566,0,0,30566,21.19%,21.19%,
105/12/06,0,0,0,0,30566,0,0,30566,21.19%,21.19%,
105/12/05,0,0,0,0,30566,0,0,30566,21.19%,21.19%,
105/12/02,0,0,0,0,30566,0,0,30566,21.19%,21.19%,
105/12/01,0,0,0,0,30566,0,0,30566,21.19%,21.19%,
105/11/30,0,0,0,0,30566,0,0,30566,21.19%,21.19%,
105/11/29,0,0,0,0,30566,0,0,30566,21.19%,21.19%,
105/11/28,0,0,0,0,30566,0,0,30566,21.19%,21.19%,
105/11/25,0,0,0,0,30566,0,0,30566,21.19%,21.19%,
105/11/24,0,0,-2,-2,30566,0,0,30566,21.19%,21.19%,
105/11/23,0,0,0,0,30566,0,2,30568,21.19%,21.19%,
105/11/22,-1,0,0,-1,30566,0,2,30568,21.19%,21.19%,
105/11/21,1,0,-1,0,30567,0,2,30569,21.19%,21.19%,
105/11/18,-1,0,-5,-6,30566,0,3,30569,21.19%,21.19%,
105/11/17,-1,0,0,-1,30567,0,8,30575,21.19%,21.20%,
105/11/16,0,0,8,8,30568,0,8,30576,21.19%,21.20%,
105/11/15,-7,0,0,-7,30568,0,0,30568,21.19%,21.19%,
105/11/14,1,0,0,1,30575,0,0,30575,21.19%,21.19%,
105/11/11,0,0,0,0,30574,0,0,30574,21.19%,21.19%,
105/11/10,0,0,0,0,30574,0,0,30574,21.19%,21.19%,
105/11/09,0,0,0,0,30574,0,0,30574,21.19%,21.19%,
105/11/08,0,0,0,0,30574,0,0,30574,21.19%,21.19%,
105/11/07,0,0,0,0,30574,0,0,30574,21.19%,21.19%,
105/11/04,-1,0,0,-1,30574,0,0,30574,21.19%,21.19%,
105/11/03,0,0,0,0,30575,0,0,30575,21.19%,21.19%,
105/11/02,0,0,0,0,30575,0,0,30575,21.19%,21.19%,
105/11/01,1,0,0,1,30575,0,0,30575,21.19%,21.19%,
105/10/31,0,0,0,0,30574,0,0,30574,21.19%,21.19%,
105/10/28,0,0,0,0,30574,0,0,30574,21.19%,21.19%,
105/10/27,-5,0,0,-5,30574,0,0,30574,21.19%,21.19%,
105/10/26,11,0,0,11,30579,0,0,30579,21.20%,21.20%,
105/10/25,0,0,0,0,30568,0,0,30568,21.19%,21.19%,
105/10/24,0,0,0,0,30568,0,0,30568,21.19%,21.19%,
105/10/21,-1,0,0,-1,30568,0,0,30568,21.19%,21.19%,
105/10/20,-3,0,0,-3,30569,0,0,30569,21.19%,21.19%,
105/10/19,0,0,0,0,30572,0,0,30572,21.19%,21.19%,
105/10/18,0,0,0,0,30572,0,0,30572,21.19%,21.19%,
105/10/17,0,0,0,0,30572,0,0,30572,21.19%,21.19%,
105/10/14,0,0,0,0,30572,0,0,30572,21.19%,21.19%,
105/10/13,0,0,0,0,30572,0,0,30572,21.19%,21.19%,
105/10/12,0,0,0,0,30572,0,0,30572,21.19%,21.19%,
105/10/11,-2,0,0,-2,30572,0,0,30572,21.19%,21.19%,
105/10/07,0,0,0,0,30574,0,0,30574,21.19%,21.19%,
105/10/06,0,0,0,0,30574,0,0,30574,21.19%,21.19%,
105/10/05,0,0,0,0,30574,0,0,30574,21.19%,21.19%,
105/10/04,0,0,0,0,30574,0,0,30574,21.19%,21.19%,
105/10/03,2,0,0,2,30574,0,0,30574,21.19%,21.19%,
105/09/30,0,0,0,0,30572,0,0,30572,21.19%,21.19%,
105/09/29,0,0,0,0,30572,0,0,30572,21.19%,21.19%,
105/09/26,-7,0,0,-7,30572,0,0,30572,21.19%,21.19%,
105/09/23,-8,0,0,-8,30579,0,0,30579,21.20%,21.20%,
105/09/22,-6,0,0,-6,30587,0,0,30587,21.20%,21.20%,
105/09/21,20,0,0,20,30593,0,0,30593,21.21%,21.21%,
105/09/20,15,0,0,15,30573,0,0,30573,21.19%,21.19%,
105/09/19,0,0,0,0,30558,0,0,30558,21.18%,21.18%,
105/09/14,0,0,0,0,30558,0,0,30558,21.18%,21.18%,
105/09/13,0,0,0,0,30558,0,0,30558,21.18%,21.18%,
105/09/12,0,0,0,0,30558,0,0,30558,21.18%,21.18%,
105/09/10,0,0,0,0,30558,0,0,30558,21.18%,21.18%,
105/09/09,0,0,0,0,30558,0,0,30558,21.18%,21.18%,
105/09/08,0,0,0,0,30558,0,0,30558,21.18%,21.18%,
105/09/07,0,0,0,0,30558,0,0,30558,21.18%,21.18%,
105/09/06,-6,0,0,-6,30558,0,0,30558,21.18%,21.18%,
105/09/05,0,0,0,0,30564,0,0,30564,21.19%,21.19%,
105/09/02,-1,0,0,-1,30564,0,0,30564,21.19%,21.19%,
105/09/01,-11,0,0,-11,30565,0,0,30565,21.19%,21.19%,
105/08/31,0,0,0,0,30576,0,0,30576,21.19%,21.19%,
105/08/30,0,0,0,0,30576,0,0,30576,21.19%,21.19%,
105/08/29,0,0,0,0,30576,0,0,30576,21.19%,21.19%,
105/08/26,0,0,0,0,30576,0,0,30576,21.19%,21.19%,
105/08/25,-15,0,0,-15,30576,0,0,30576,21.19%,21.19%,
105/08/24,0,0,0,0,30591,0,0,30591,21.20%,21.20%,
105/08/23,3,0,0,3,30591,0,0,30591,21.20%,21.20%,
105/08/22,-7,0,0,-7,30588,0,0,30588,21.20%,21.20%,
105/08/19,-7,0,0,-7,30595,0,0,30595,21.21%,21.21%,
105/08/18,0,0,0,0,30602,0,0,30602,21.21%,21.21%,
105/08/17,17,0,0,17,30602,0,0,30602,21.21%,21.21%,
105/08/16,-1,0,0,-1,30585,0,0,30585,21.20%,21.20%,
105/08/15,0,0,0,0,30586,0,0,30586,21.20%,21.20%,
105/08/12,5,0,0,5,30586,0,0,30586,21.20%,21.20%,
105/08/11,2,0,0,2,30581,0,0,30581,21.20%,21.20%,
105/08/10,6,0,0,6,30579,0,0,30579,21.20%,21.20%,
105/08/09,-8,0,0,-8,30573,0,0,30573,21.19%,21.19%,
105/08/08,0,0,0,0,30581,0,0,30581,21.20%,21.20%,
105/08/05,-3,0,0,-3,30581,0,0,30581,21.20%,21.20%,
105/08/04,0,0,0,0,30584,0,0,30584,21.20%,21.20%,
105/08/03,0,0,0,0,30584,0,0,30584,21.20%,21.20%,
105/08/02,-14,0,0,-14,30584,0,0,30584,21.20%,21.20%,
105/08/01,0,0,0,0,30598,0,0,30598,21.21%,21.21%,
105/07/29,2,0,0,2,30598,0,0,30598,21.21%,21.21%,
105/07/28,0,0,0,0,30596,0,0,30596,21.21%,21.21%,
105/07/27,10,0,0,10,30596,0,0,30596,21.21%,21.21%,
105/07/26,7,0,0,7,30586,0,0,30586,21.20%,21.20%,
105/07/25,0,0,0,0,30579,0,0,30579,21.20%,21.20%,
105/07/22,0,0,0,0,30579,0,0,30579,21.20%,21.20%,
105/07/21,3,0,0,3,30579,0,0,30579,21.20%,21.20%,
105/07/20,1,0,0,1,30576,0,0,30576,21.19%,21.19%,
105/07/19,0,0,0,0,30575,0,0,30575,21.19%,21.19%,
105/07/18,0,0,0,0,30575,0,0,30575,21.19%,21.19%,
105/07/15,-3,0,0,-3,30575,0,0,30575,21.19%,21.19%,
105/07/14,2,0,0,2,30578,0,0,30578,21.20%,21.20%,
105/07/13,13,0,0,13,30576,0,0,30576,21.19%,21.19%,
105/07/12,0,0,0,0,30563,0,0,30563,21.18%,21.18%,
105/07/11,0,0,0,0,30563,0,0,30563,21.18%,21.18%,
105/07/07,0,0,0,0,30563,0,0,30563,21.18%,21.18%,
105/07/06,0,0,0,0,30563,0,0,30563,21.18%,21.18%,
105/07/05,0,0,0,0,30563,0,0,30563,21.18%,21.18%,
105/07/04,0,0,0,0,30563,0,0,30563,21.18%,21.18%,
105/07/01,0,0,0,0,30563,0,0,30563,21.18%,21.18%,
105/06/30,0,0,0,0,30563,0,0,30563,21.18%,21.18%,
105/06/29,0,0,0,0,30563,0,0,30563,21.18%,21.18%,
105/06/28,0,0,0,0,30563,0,0,30563,21.18%,21.18%,
105/06/27,0,0,0,0,30563,0,0,30563,21.18%,21.18%,
105/06/24,0,0,0,0,30563,0,0,30563,21.18%,21.18%,
105/06/23,0,0,0,0,30563,0,0,30563,21.18%,21.18%,
105/06/22,0,0,0,0,30563,0,0,30563,21.18%,21.18%,
105/06/21,0,0,0,0,30563,0,0,30563,21.18%,21.18%,
105/06/20,0,0,0,0,30563,0,0,30563,21.18%,21.18%,
105/06/17,0,0,0,0,30563,0,0,30563,21.18%,21.18%,
105/06/16,0,0,0,0,30563,0,0,30563,21.18%,21.18%,
105/06/15,1,0,0,1,30563,0,0,30563,21.18%,21.18%,
105/06/14,0,0,0,0,30562,0,0,30562,21.18%,21.18%,
105/06/13,0,0,0,0,30562,0,0,30562,21.18%,21.18%,
105/06/08,0,0,0,0,30562,0,0,30562,21.18%,21.18%,
105/06/07,0,0,0,0,30562,0,0,30562,21.18%,21.18%,
105/06/06,0,0,0,0,30562,0,0,30562,21.18%,21.18%,
105/06/04,0,0,0,0,30562,0,0,30562,21.18%,21.18%,
105/06/03,0,0,0,0,30562,0,0,30562,21.18%,21.18%,
105/06/02,0,0,0,0,30562,0,0,30562,21.18%,21.18%,
105/06/01,0,0,0,0,30562,0,0,30562,21.18%,21.18%,
105/05/31,0,0,0,0,30562,0,0,30562,21.18%,21.18%,
105/05/30,0,0,0,0,30562,0,0,30562,21.18%,21.18%,
105/05/27,-4,0,0,-4,30562,0,0,30562,21.18%,21.18%,
105/05/26,0,0,0,0,30566,0,0,30566,21.19%,21.19%,
105/05/25,0,0,0,0,30566,0,0,30566,21.19%,21.19%,
105/05/24,0,0,0,0,30566,0,0,30566,21.19%,21.19%,
105/05/23,0,0,0,0,30566,0,0,30566,21.19%,21.19%,
105/05/20,0,0,0,0,30566,0,0,30566,21.19%,21.19%,
105/05/19,0,0,0,0,30566,0,0,30566,21.19%,21.19%,
105/05/18,0,0,0,0,30566,0,0,30566,21.19%,21.19%,
105/05/17,-7,0,0,-7,30566,0,0,30566,21.19%,21.19%,
105/05/16,8,0,0,8,30573,0,0,30573,21.19%,21.19%,
105/05/13,0,0,0,0,30565,0,0,30565,21.19%,21.19%,
105/05/12,0,0,0,0,30565,0,0,30565,21.19%,21.19%,
105/05/11,-10,0,0,-10,30565,0,0,30565,21.19%,21.19%,
105/05/10,0,0,0,0,30575,0,0,30575,21.19%,21.19%,
105/05/09,0,0,0,0,30575,0,0,30575,21.19%,21.19%,
105/05/06,0,0,0,0,30575,0,0,30575,21.19%,21.19%,
105/05/05,0,0,0,0,30575,0,0,30575,21.19%,21.19%,
105/05/04,0,0,0,0,30575,0,0,30575,21.19%,21.19%,
105/05/03,0,0,0,0,30575,0,0,30575,21.19%,21.19%,
105/04/29,-2,0,0,-2,30575,0,0,30575,21.19%,21.19%,
105/04/28,0,0,0,0,30577,0,0,30577,21.19%,21.19%,
105/04/27,0,0,0,0,30577,0,0,30577,21.19%,21.19%,
105/04/26,0,0,0,0,30577,0,0,30577,21.19%,21.19%,
105/04/25,-4,0,0,-4,30577,0,0,30577,21.19%,21.19%,
105/04/22,0,0,0,0,30581,0,0,30581,21.20%,21.20%,
105/04/21,0,0,0,0,30581,0,0,30581,21.20%,21.20%,
105/04/20,-9,0,0,-9,30581,0,0,30581,21.20%,21.20%,
105/04/19,0,0,0,0,30590,0,0,30590,21.20%,21.20%,
105/04/18,0,0,0,0,30590,0,0,30590,21.20%,21.20%,
105/04/15,0,0,0,0,30590,0,0,30590,21.20%,21.20%,
105/04/14,0,0,0,0,30590,0,0,30590,21.20%,21.20%,
105/04/13,0,0,0,0,30590,0,0,30590,21.20%,21.20%,
105/04/12,5,0,0,5,30590,0,0,30590,21.20%,21.20%,
105/04/11,6,0,0,6,30585,0,0,30585,21.20%,21.20%,
105/04/08,14,0,0,14,30579,0,0,30579,21.20%,21.20%,
105/04/07,-3,0,0,-3,30565,0,0,30565,21.19%,21.19%,
105/04/06,-3,0,0,-3,30568,0,0,30568,21.19%,21.19%,
105/04/01,-1,0,0,-1,30571,0,0,30571,21.19%,21.19%,
105/03/31,0,0,0,0,30572,0,0,30572,21.19%,21.19%,
105/03/30,4,0,0,4,30572,0,0,30572,21.19%,21.19%,
105/03/29,-1,0,0,-1,30568,0,0,30568,21.19%,21.19%,
105/03/28,5,0,0,5,30569,0,0,30569,21.19%,21.19%,
105/03/25,1,0,0,1,30564,0,0,30564,21.19%,21.19%,
105/03/24,0,0,0,0,30563,0,0,30563,21.18%,21.18%,
105/03/23,7,0,0,7,30563,0,0,30563,21.18%,21.18%,
105/03/22,0,0,0,0,30556,0,0,30556,21.18%,21.18%,
105/03/21,0,0,0,0,30556,0,0,30556,21.18%,21.18%,
105/03/18,0,0,0,0,30556,0,0,30556,21.18%,21.18%,
105/03/17,0,0,0,0,30556,0,0,30556,21.18%,21.18%,
105/03/16,0,0,0,0,30556,0,0,30556,21.18%,21.18%,
105/03/15,0,0,0,0,30556,0,0,30556,21.18%,21.18%,
105/03/14,0,0,0,0,30556,0,0,30556,21.18%,21.18%,
105/03/11,-1,0,0,-1,30556,0,0,30556,21.18%,21.18%,
105/03/10,-4,0,0,-4,30557,0,0,30557,21.18%,21.18%,
105/03/09,-1,0,0,-1,30561,0,0,30561,21.18%,21.18%,
105/03/08,-2,0,0,-2,30562,0,0,30562,21.18%,21.18%,
105/03/07,-1,0,0,-1,30564,0,0,30564,21.19%,21.19%,
105/03/04,0,0,0,0,30565,0,0,30565,21.19%,21.19%,
105/03/03,-2,0,0,-2,30565,0,0,30565,21.19%,21.19%,
105/03/02,4,0,0,4,30567,0,0,30567,21.19%,21.19%,
105/03/01,0,0,0,0,30563,0,0,30563,21.18%,21.18%,
105/02/26,0,0,0,0,30563,0,0,30563,21.18%,21.18%,
105/02/25,0,0,0,0,30563,0,0,30563,21.18%,21.18%,
105/02/24,-2,0,0,-2,30563,0,0,30563,21.18%,21.18%,
105/02/23,0,0,0,0,30565,0,0,30565,21.19%,21.19%,
105/02/22,8,0,0,8,30565,0,0,30565,21.19%,21.19%,
105/02/19,-2,0,0,-2,30557,0,0,30557,21.18%,21.18%,
105/02/18,0,0,0,0,30559,0,0,30559,21.18%,21.18%,
105/02/17,3,0,0,3,30559,0,0,30559,21.18%,21.18%,
105/02/16,0,0,0,0,30556,0,0,30556,21.18%,21.18%,
105/02/15,-1,0,0,-1,30556,0,0,30556,21.18%,21.18%,
105/02/03,0,0,0,0,30557,0,0,30557,21.18%,21.18%,
105/02/02,0,0,0,0,30557,0,0,30557,21.18%,21.18%,
105/02/01,0,0,0,0,30557,0,0,30557,21.18%,21.18%,
105/01/30,0,0,0,0,30557,0,0,30557,21.18%,21.18%,
105/01/29,0,0,0,0,30557,0,0,30557,21.18%,21.18%,
105/01/28,1,0,0,1,30557,0,0,30557,21.18%,21.18%,
105/01/27,0,0,0,0,30556,0,0,30556,21.18%,21.18%,
105/01/26,0,0,0,0,30556,0,0,30556,21.18%,21.18%,
105/01/25,0,0,0,0,30556,0,0,30556,21.18%,21.18%,
105/01/22,0,0,0,0,30556,0,0,30556,21.18%,21.18%,
105/01/21,0,0,0,0,30556,0,0,30556,21.18%,21.18%,
105/01/20,0,0,0,0,30556,0,0,30556,21.18%,21.18%,
105/01/19,0,0,0,0,30556,0,0,30556,21.18%,21.18%,
105/01/18,0,0,0,0,30556,0,0,30556,21.18%,21.18%,
105/01/15,0,0,-1,-1,30556,0,0,30556,21.18%,21.18%,
105/01/14,0,0,0,0,30556,0,1,30557,21.18%,21.18%,
105/01/13,0,0,0,0,30556,0,1,30557,21.18%,21.18%,
105/01/12,0,0,0,0,30556,0,1,30557,21.18%,21.18%,
105/01/11,0,0,0,0,30556,0,1,30557,21.18%,21.18%,
105/01/08,0,0,0,0,30556,0,1,30557,21.18%,21.18%,
105/01/07,0,0,0,0,30556,0,1,30557,21.18%,21.18%,
105/01/06,0,0,0,0,30556,0,1,30557,21.18%,21.18%,
105/01/05,0,0,0,0,30556,0,1,30557,21.18%,21.18%,
105/01/04,-1,0,0,-1,30556,0,1,30557,21.18%,21.18%,
104/12/31,1,0,0,1,30557,0,1,30558,21.18%,21.18%,
104/12/30,0,0,0,0,30556,0,1,30557,21.18%,21.18%,
104/12/29,-1,0,0,-1,30556,0,1,30557,21.18%,21.18%,
104/12/28,1,0,0,1,30557,0,1,30558,21.18%,21.18%,
104/12/25,0,0,0,0,30556,0,1,30557,21.18%,21.18%,
104/12/24,0,0,0,0,30556,0,1,30557,21.18%,21.18%,
104/12/23,0,0,0,0,30556,0,1,30557,21.18%,21.18%,
104/12/22,0,0,0,0,30556,0,1,30557,21.18%,21.18%,
104/12/21,-3,0,0,-3,30556,0,1,30557,21.18%,21.18%,
104/12/18,0,0,0,0,30559,0,1,30560,21.18%,21.18%,
104/12/17,0,0,0,0,30559,0,1,30560,21.18%,21.18%,
104/12/16,-1,0,0,-1,30559,0,1,30560,21.18%,21.18%,
104/12/15,1,0,0,1,30560,0,1,30561,21.18%,21.18%,
104/12/14,0,0,0,0,30559,0,1,30560,21.18%,21.18%,
104/12/11,0,0,0,0,30559,0,1,30560,21.18%,21.18%,
104/12/10,3,0,0,3,30559,0,1,30560,21.18%,21.18%,
104/12/09,-2,0,0,-2,30556,0,1,30557,21.18%,21.18%,
104/12/08,0,0,0,0,30558,0,1,30559,21.18%,21.18%,
104/12/07,0,0,0,0,30558,0,1,30559,21.18%,21.18%,
104/12/04,0,0,0,0,30558,0,1,30559,21.18%,21.18%,
104/12/03,-1,0,0,-1,30558,0,1,30559,21.18%,21.18%,
104/12/02,0,0,0,0,30559,0,1,30560,21.18%,21.18%,
104/12/01,0,0,0,0,30559,0,1,30560,21.18%,21.18%,
104/11/30,0,0,0,0,30559,0,1,30560,21.18%,21.18%,
104/11/27,0,0,0,0,30559,0,1,30560,21.18%,21.18%,
104/11/26,2,0,0,2,30559,0,1,30560,21.18%,21.18%,
104/11/25,0,0,0,0,30557,0,1,30558,21.18%,21.18%,
104/11/24,0,0,0,0,30557,0,1,30558,21.18%,21.18%,
104/11/23,0,0,0,0,30557,0,1,30558,21.18%,21.18%,
104/11/20,0,0,0,0,30557,0,1,30558,21.18%,21.18%,
104/11/19,-6,0,0,-6,30557,0,1,30558,21.18%,21.18%,
104/11/18,0,0,0,0,30563,0,1,30564,21.18%,21.18%,
104/11/17,-1,0,0,-1,30563,0,1,30564,21.18%,21.18%,
104/11/16,0,0,0,0,30564,0,1,30565,21.19%,21.19%,
104/11/13,0,0,0,0,30564,0,1,30565,21.19%,21.19%,
104/11/12,2,0,0,2,30564,0,1,30565,21.19%,21.19%,
104/11/11,0,0,0,0,30562,0,1,30563,21.18%,21.18%,
104/11/10,0,0,0,0,30562,0,1,30563,21.18%,21.18%,
104/11/09,0,0,0,0,30562,0,1,30563,21.18%,21.18%,
104/11/06,0,0,0,0,30562,0,1,30563,21.18%,21.18%,
104/11/05,0,0,0,0,30562,0,1,30563,21.18%,21.18%,
104/11/04,4,0,0,4,30562,0,1,30563,21.18%,21.18%,
104/11/03,1,0,0,1,30558,0,1,30559,21.18%,21.18%,
104/11/02,8,0,0,8,30557,0,1,30558,21.18%,21.18%,
104/10/30,-1,0,0,-1,30549,0,1,30550,21.18%,21.18%,
104/10/29,3,0,0,3,30550,0,1,30551,21.18%,21.18%,
104/10/28,0,0,0,0,30547,0,1,30548,21.17%,21.17%,
104/10/27,0,0,0,0,30547,0,1,30548,21.17%,21.17%,
104/10/26,0,0,0,0,30547,0,1,30548,21.17%,21.17%,
104/10/23,-1,0,0,-1,30547,0,1,30548,21.17%,21.17%,
104/10/22,0,0,0,0,30548,0,1,30549,21.17%,21.17%,
104/10/21,0,0,0,0,30548,0,1,30549,21.17%,21.17%,
104/10/20,0,0,0,0,30548,0,1,30549,21.17%,21.17%,
104/10/19,0,0,0,0,30548,0,1,30549,21.17%,21.17%,
104/10/16,-1,0,0,-1,30548,0,1,30549,21.17%,21.17%,
104/10/15,0,0,0,0,30549,0,1,30550,21.18%,21.18%,
104/10/14,-1,0,0,-1,30549,0,1,30550,21.18%,21.18%,
104/10/13,0,0,0,0,30550,0,1,30551,21.18%,21.18%,
104/10/12,0,0,0,0,30550,0,1,30551,21.18%,21.18%,
104/10/08,-8,0,0,-8,30550,0,1,30551,21.18%,21.18%,
104/10/07,2,0,0,2,30558,0,1,30559,21.18%,21.18%,
104/10/06,0,0,0,0,30556,0,1,30557,21.18%,21.18%,
104/10/05,0,0,0,0,30556,0,1,30557,21.18%,21.18%,
104/10/02,6,0,0,6,30556,0,1,30557,21.18%,21.18%,
104/10/01,0,0,0,0,30550,0,1,30551,21.18%,21.18%,
104/09/30,0,0,0,0,30550,0,1,30551,21.18%,21.18%,
104/09/25,0,0,0,0,30550,0,1,30551,21.18%,21.18%,
104/09/24,0,0,0,0,30550,0,1,30551,21.18%,21.18%,
104/09/23,-2,0,0,-2,30550,0,1,30551,21.18%,21.18%,
104/09/22,3,0,0,3,30552,0,1,30553,21.18%,21.18%,
104/09/21,-9,0,0,-9,30549,0,1,30550,21.18%,21.18%,
104/09/18,0,0,0,0,30558,0,1,30559,21.18%,21.18%,
104/09/17,1,0,0,1,30558,0,1,30559,21.18%,21.18%,
104/09/16,0,0,0,0,30557,0,1,30558,21.18%,21.18%,
104/09/15,-1,0,0,-1,30557,0,1,30558,21.18%,21.18%,
104/09/14,-4,0,0,-4,30558,0,1,30559,21.18%,21.18%,
104/09/11,-10,0,0,-10,30562,0,1,30563,21.18%,21.18%,
104/09/10,-2,0,0,-2,30572,0,1,30573,21.19%,21.19%,
104/09/09,-4,0,0,-4,30574,0,1,30575,21.19%,21.19%,
104/09/08,0,0,0,0,30578,0,1,30579,21.20%,21.20%,
104/09/07,0,0,0,0,30578,0,1,30579,21.20%,21.20%,
104/09/04,-2,0,0,-2,30578,0,1,30579,21.20%,21.20%,
104/09/03,-4,0,0,-4,30580,0,1,30581,21.20%,21.20%,
104/09/02,-4,0,0,-4,30584,0,1,30585,21.20%,21.20%,
104/09/01,-1,0,0,-1,30588,0,1,30589,21.20%,21.20%,
104/08/31,-8,0,0,-8,30589,0,1,30590,21.20%,21.20%,
104/08/28,-4,0,0,-4,30597,0,1,30598,21.21%,21.21%,
104/08/27,-25,0,0,-25,30601,0,1,30602,21.21%,21.21%,
104/08/26,0,0,0,0,30626,0,1,30627,21.23%,21.23%,
104/08/25,-12,0,0,-12,30626,0,1,30627,21.23%,21.23%,
104/08/24,-25,0,0,-25,30638,0,1,30639,21.24%,21.24%,
104/08/21,-2,0,0,-2,30663,0,1,30664,21.25%,21.25%,
104/08/20,0,0,0,0,30665,0,1,30666,21.26%,21.26%,
104/08/19,-31,0,0,-31,30665,0,1,30666,21.26%,21.26%,
104/08/18,-3,0,0,-3,30696,0,1,30697,21.28%,21.28%,
104/08/17,-3,0,0,-3,30699,0,1,30700,21.28%,21.28%,
104/08/14,0,0,0,0,30702,0,1,30703,21.28%,21.28%,
104/08/13,14,0,0,14,30702,0,1,30703,21.28%,21.28%,
104/08/12,0,0,0,0,30688,0,1,30689,21.27%,21.27%,
104/08/11,-14,0,0,-14,30688,0,1,30689,21.27%,21.27%,
104/08/10,0,0,0,0,30702,0,1,30703,21.28%,21.28%,
104/08/07,0,0,0,0,30702,0,1,30703,21.28%,21.28%,
104/08/06,0,0,0,0,30702,0,1,30703,21.28%,21.28%,
104/08/05,2,0,0,2,30702,0,1,30703,21.28%,21.28%,
104/08/04,0,0,0,0,30700,0,1,30701,21.28%,21.28%,
104/08/03,0,0,0,0,30700,0,1,30701,21.28%,21.28%,
104/07/31,-2,0,0,-2,30700,0,1,30701,21.28%,21.28%,
104/07/30,0,0,0,0,30702,0,1,30703,21.28%,21.28%,
104/07/29,0,0,0,0,30702,0,1,30703,21.28%,21.28%,
104/07/28,8,0,0,8,30702,0,1,30703,21.28%,21.28%,
104/07/27,2,0,0,2,30694,0,1,30695,21.28%,21.28%,
104/07/24,1,0,0,1,30692,0,1,30693,21.27%,21.27%,
104/07/23,6,0,0,6,30691,0,1,30692,21.27%,21.27%,
104/07/22,0,0,0,0,30685,0,1,30686,21.27%,21.27%,
104/07/21,0,0,0,0,30685,0,1,30686,21.27%,21.27%,
104/07/20,0,0,0,0,30685,0,1,30686,21.27%,21.27%,
104/07/17,-4,0,0,-4,30685,0,1,30686,21.27%,21.27%,
104/07/16,-2,0,0,-2,30689,0,1,30690,21.27%,21.27%,
104/07/15,-14,0,0,-14,30691,0,1,30692,21.27%,21.27%,
104/07/14,0,0,0,0,30705,0,1,30706,21.28%,21.28%,
104/07/13,6,0,0,6,30705,0,1,30706,21.28%,21.28%,
104/07/09,6,0,0,6,30699,0,1,30700,21.28%,21.28%,
104/07/08,5,0,0,5,30693,0,1,30694,21.27%,21.27%,
104/07/07,-3,0,0,-3,30688,0,1,30689,21.27%,21.27%,
104/07/06,-2,0,0,-2,30691,0,1,30692,21.27%,21.27%,
104/07/03,-13,0,0,-13,30693,0,1,30694,21.27%,21.27%,
104/07/02,-8,0,0,-8,30706,0,1,30707,21.28%,21.28%,
104/07/01,0,0,0,0,30714,0,1,30715,21.29%,21.29%,
104/06/30,0,0,0,0,30714,0,1,30715,21.29%,21.29%,
104/06/29,-13,0,0,-13,30714,0,1,30715,21.29%,21.29%,
104/06/26,-1,0,0,-1,30727,0,1,30728,21.30%,21.30%,
104/06/25,0,0,0,0,30728,0,1,30729,21.30%,21.30%,
104/06/24,-28,0,0,-28,30728,0,1,30729,21.30%,21.30%,
104/06/23,-4,0,0,-4,30756,0,1,30757,21.32%,21.32%,
104/06/22,-49,0,0,-49,30760,0,1,30761,21.32%,21.32%,
104/06/18,-38,0,0,-38,30809,0,1,30810,21.36%,21.36%,
104/06/17,-51,0,0,-51,30847,0,1,30848,21.38%,21.38%,
104/06/16,-4,0,0,-4,30898,0,1,30899,21.42%,21.42%,
104/06/15,-7,0,0,-7,30902,0,1,30903,21.42%,21.42%,
104/06/12,0,0,0,0,30909,0,1,30910,21.42%,21.42%,
104/06/11,-38,0,0,-38,30909,0,1,30910,21.42%,21.42%,
104/06/10,-3,0,0,-3,30947,0,1,30948,21.45%,21.45%,
104/06/09,-8,0,0,-8,30950,0,1,30951,21.45%,21.45%,
104/06/08,-19,0,0,-19,30958,0,1,30959,21.46%,21.46%,
104/06/05,-44,0,0,-44,30977,0,1,30978,21.47%,21.47%,
104/06/04,-27,0,0,-27,31021,0,1,31022,21.50%,21.50%,
104/06/03,-11,0,0,-11,31048,0,1,31049,21.52%,21.52%,
104/06/02,0,0,0,0,31059,0,1,31060,21.53%,21.53%,
104/06/01,-9,0,0,-9,31059,0,1,31060,21.53%,21.53%,
104/05/29,-6,0,0,-6,31068,0,1,31069,21.53%,21.53%,
104/05/28,-3,0,0,-3,31074,0,1,31075,21.54%,21.54%,
104/05/27,0,0,0,0,31077,0,1,31078,21.54%,21.54%,
104/05/26,-2,0,0,-2,31077,0,1,31078,21.54%,21.54%,
104/05/25,-19,0,-13,-32,31079,0,1,31080,21.54%,21.54%,
104/05/22,-13,0,0,-13,31098,0,14,31112,21.56%,21.57%,
104/05/21,-23,0,0,-23,31111,0,14,31125,21.56%,21.57%,
104/05/20,-9,0,0,-9,31134,0,14,31148,21.58%,21.59%,
104/05/19,-7,0,0,-7,31143,0,14,31157,21.59%,21.60%,
104/05/18,-1,0,0,-1,31150,0,14,31164,21.59%,21.60%,
104/05/15,-2,0,0,-2,31151,0,14,31165,21.59%,21.60%,
104/05/14,-2,0,0,-2,31153,0,14,31167,21.59%,21.60%,
104/05/13,0,0,0,0,31155,0,14,31169,21.60%,21.61%,
104/05/12,20,0,13,33,31155,0,14,31169,21.60%,21.61%,
104/05/11,44,0,0,44,31135,0,1,31136,21.58%,21.58%,
104/05/08,19,0,0,19,31091,0,1,31092,21.55%,21.55%,
104/05/07,20,0,0,20,31072,0,1,31073,21.54%,21.54%,
104/05/06,14,0,0,14,31052,0,1,31053,21.52%,21.52%,
104/05/05,7,0,0,7,31038,0,1,31039,21.51%,21.51%,
104/05/04,0,0,0,0,31031,0,1,31032,21.51%,21.51%,
104/04/30,30,0,0,30,31031,0,1,31032,21.51%,21.51%,
104/04/29,41,0,0,41,31001,0,1,31002,21.49%,21.49%,
104/04/28,13,0,0,13,30960,0,1,30961,21.46%,21.46%,
104/04/27,10,0,0,10,30947,0,1,30948,21.45%,21.45%,
104/04/24,22,0,0,22,30937,0,1,30938,21.44%,21.44%,
104/04/23,5,0,0,5,30915,0,1,30916,21.43%,21.43%,
104/04/22,0,0,0,0,30910,0,1,30911,21.43%,21.43%,
104/04/21,-3,0,0,-3,30910,0,1,30911,21.43%,21.43%,
104/04/20,0,0,0,0,30913,0,1,30914,21.43%,21.43%,
104/04/17,-3,0,0,-3,30913,0,1,30914,21.43%,21.43%,
104/04/16,-3,0,0,-3,30916,0,1,30917,21.43%,21.43%,
104/04/15,-7,0,0,-7,30919,0,1,30920,21.43%,21.43%,
104/04/14,0,0,0,0,30926,0,1,30927,21.44%,21.44%,
104/04/13,-2,0,0,-2,30926,0,1,30927,21.44%,21.44%,
104/04/10,0,0,0,0,30928,0,1,30929,21.44%,21.44%,
104/04/09,0,0,0,0,30928,0,1,30929,21.44%,21.44%,
104/04/08,0,0,0,0,30928,0,1,30929,21.44%,21.44%,
104/04/07,0,0,0,0,30928,0,1,30929,21.44%,21.44%,
104/04/02,0,0,0,0,30928,0,1,30929,21.44%,21.44%,
104/04/01,0,0,0,0,30928,0,1,30929,21.44%,21.44%,
104/03/31,22,0,0,22,30928,0,1,30929,21.44%,21.44%,
104/03/30,1,0,0,1,30906,0,1,30907,21.42%,21.42%,
104/03/27,20,0,0,20,30905,0,1,30906,21.42%,21.42%,
104/03/26,9,0,0,9,30885,0,1,30886,21.41%,21.41%,
104/03/25,0,0,0,0,30876,0,1,30877,21.40%,21.40%,
104/03/24,-2,0,-1,-3,30876,0,1,30877,21.40%,21.40%,
104/03/23,0,0,0,0,30878,0,2,30880,21.40%,21.40%,
104/03/20,0,0,0,0,30878,0,2,30880,21.40%,21.40%,
104/03/19,8,0,1,9,30878,0,2,30880,21.40%,21.40%,
104/03/18,-6,0,0,-6,30870,0,1,30871,21.40%,21.40%,
104/03/17,0,0,0,0,30876,0,1,30877,21.40%,21.40%,
104/03/16,0,0,0,0,30876,0,1,30877,21.40%,21.40%,
104/03/13,0,0,0,0,30876,0,1,30877,21.40%,21.40%,
104/03/12,-1,0,0,-1,30876,0,1,30877,21.40%,21.40%,
104/03/11,-23,0,0,-23,30877,0,1,30878,21.40%,21.40%,
104/03/10,2,0,0,2,30900,0,1,30901,21.42%,21.42%,
104/03/09,0,0,0,0,30898,0,1,30899,21.42%,21.42%,
104/03/06,0,0,0,0,30898,0,1,30899,21.42%,21.42%,
104/03/05,73,0,0,73,30898,0,1,30899,21.42%,21.42%,
104/03/04,-3,0,0,-3,30825,0,1,30826,21.37%,21.37%,
104/03/03,7,0,0,7,30828,0,1,30829,21.37%,21.37%,
104/03/02,-3,0,0,-3,30821,0,1,30822,21.36%,21.36%,
104/02/26,0,0,0,0,30824,0,1,30825,21.37%,21.37%,
104/02/25,0,0,0,0,30824,0,1,30825,21.37%,21.37%,
104/02/24,0,0,0,0,30824,0,1,30825,21.37%,21.37%,
104/02/13,0,0,0,0,30824,0,1,30825,21.37%,21.37%,
104/02/12,-1,0,0,-1,30824,0,1,30825,21.37%,21.37%,
104/02/11,-2,0,0,-2,30825,0,1,30826,21.37%,21.37%,
104/02/10,11,0,0,11,30827,0,1,30828,21.37%,21.37%,
104/02/09,0,0,0,0,30816,0,1,30817,21.36%,21.36%,
104/02/06,0,0,0,0,30816,0,1,30817,21.36%,21.36%,
104/02/05,-1,0,0,-1,30816,0,1,30817,21.36%,21.36%,
104/02/04,0,0,0,0,30817,0,1,30818,21.36%,21.36%,
104/02/03,2,0,0,2,30817,0,1,30818,21.36%,21.36%,
104/02/02,0,0,0,0,30815,0,1,30816,21.36%,21.36%,
104/01/30,0,0,0,0,30815,0,1,30816,21.36%,21.36%,
104/01/29,1,0,0,1,30815,0,1,30816,21.36%,21.36%,
104/01/28,0,0,0,0,30814,0,1,30815,21.36%,21.36%,
104/01/27,0,0,0,0,30814,0,1,30815,21.36%,21.36%,
104/01/26,-6,0,0,-6,30814,0,1,30815,21.36%,21.36%,
104/01/23,11,0,0,11,30820,0,1,30821,21.36%,21.36%,
104/01/22,4,0,0,4,30809,0,1,30810,21.36%,