日期,外資買賣超,投信買賣超,自營商買賣超,單日合計買賣超,外資估計持股,投信估計持股,自營商估計持股,單日合計估計持股,外資持股比重,三大法人持股比重,
107/03/31,0,0,-4,-4,25565,5,37,25607,16.03%,16.06%,
107/03/30,-36,0,4,-32,25565,5,41,25611,16.03%,16.06%,
107/03/29,-15,0,-3,-18,25601,5,37,25643,16.05%,16.08%,
107/03/28,14,0,-1,13,25616,5,40,25661,16.06%,16.09%,
107/03/27,-17,0,0,-17,25602,5,41,25648,16.05%,16.08%,
107/03/26,-21,0,-1,-22,25619,5,41,25665,16.06%,16.09%,
107/03/23,57,0,-4,53,25640,5,42,25687,16.07%,16.10%,
107/03/22,14,0,7,21,25583,5,46,25634,16.04%,16.07%,
107/03/21,-5,0,0,-5,25569,5,39,25613,16.03%,16.06%,
107/03/20,11,0,0,11,25574,5,39,25618,16.03%,16.06%,
107/03/19,-69,-3,2,-70,25593,5,39,25637,16.04%,16.07%,
107/03/16,33,0,-1,32,25662,8,37,25707,16.09%,16.12%,
107/03/15,104,0,2,106,25629,8,38,25675,16.07%,16.10%,
107/03/14,244,0,0,244,25525,8,36,25569,16.00%,16.03%,
107/03/13,55,0,0,55,25281,8,36,25325,15.85%,15.88%,
107/03/12,-47,0,3,-44,25226,8,36,25270,15.81%,15.84%,
107/03/09,11,0,-1,10,25253,8,33,25294,15.83%,15.86%,
107/03/08,77,0,0,77,25252,8,34,25294,15.83%,15.86%,
107/03/07,215,0,1,216,25175,8,34,25217,15.78%,15.81%,
107/03/06,82,0,0,82,24960,8,33,25001,15.65%,15.68%,
107/03/05,98,0,0,98,24878,8,33,24919,15.59%,15.62%,
107/03/02,73,0,0,73,24780,8,33,24821,15.53%,15.56%,
107/03/01,260,0,-1,259,24704,8,33,24745,15.49%,15.52%,
107/02/27,271,0,0,271,24444,8,34,24486,15.32%,15.35%,
107/02/26,-4,0,11,7,24173,8,34,24215,15.15%,15.18%,
107/02/23,14,0,0,14,24167,8,23,24198,15.15%,15.17%,
107/02/22,-35,0,0,-35,24153,8,23,24184,15.14%,15.16%,
107/02/21,-411,0,0,-411,24187,8,23,24218,15.16%,15.18%,
107/02/12,-282,0,-3,-285,24599,8,23,24630,15.42%,15.44%,
107/02/09,0,0,2,2,24878,8,26,24912,15.59%,15.61%,
107/02/08,-170,0,0,-170,24878,8,24,24910,15.59%,15.61%,
107/02/07,-1189,0,-5,-1194,25048,8,24,25080,15.70%,15.72%,
107/02/06,-295,0,-1,-296,26234,8,29,26271,16.44%,16.46%,
107/02/05,-150,0,1,-149,26529,8,30,26567,16.63%,16.65%,
107/02/02,-95,0,-1,-96,26679,8,29,26716,16.72%,16.74%,
107/02/01,-124,0,0,-124,26774,8,30,26812,16.78%,16.80%,
107/01/31,-97,0,1,-96,26898,8,30,26936,16.86%,16.88%,
107/01/30,-91,0,0,-91,27103,8,29,27140,16.99%,17.01%,
107/01/29,-62,0,0,-62,27194,8,29,27231,17.05%,17.07%,
107/01/26,-44,0,1,-43,27256,8,29,27293,17.09%,17.11%,
107/01/25,-77,0,1,-76,27300,8,28,27336,17.11%,17.13%,
107/01/24,23,0,0,23,27377,8,27,27412,17.16%,17.18%,
107/01/23,-1,0,0,-1,27354,8,27,27389,17.15%,17.17%,
107/01/22,-32,0,0,-32,27355,8,27,27390,17.15%,17.17%,
107/01/19,-33,0,0,-33,27387,8,27,27422,17.17%,17.19%,
107/01/18,-29,0,0,-29,27420,8,27,27455,17.19%,17.21%,
107/01/17,3,0,-1,2,27449,8,27,27484,17.21%,17.23%,
107/01/16,-7,0,-7,-14,27446,8,28,27482,17.20%,17.22%,
107/01/15,-150,0,0,-150,27453,8,35,27496,17.21%,17.24%,
107/01/12,217,0,0,217,27603,8,35,27646,17.30%,17.33%,
107/01/11,-38,0,0,-38,27386,8,35,27429,17.17%,17.20%,
107/01/10,-126,0,0,-126,27424,8,35,27467,17.19%,17.22%,
107/01/09,-81,0,0,-81,27550,8,35,27593,17.27%,17.30%,
107/01/08,-57,0,7,-50,27631,8,35,27674,17.32%,17.35%,
107/01/05,120,0,0,120,27688,8,28,27724,17.36%,17.38%,
107/01/04,-76,0,0,-76,27568,8,28,27604,17.28%,17.30%,
107/01/03,5,0,7,12,27644,8,28,27680,17.33%,17.35%,
107/01/02,177,0,0,177,27639,8,21,27668,17.33%,17.35%,
106/12/29,67,0,0,67,27462,8,21,27491,17.21%,17.23%,
106/12/28,16,10,-2,24,27395,85,21,27501,17.17%,17.24%,
106/12/27,-8,1,1,-6,27379,75,23,27477,17.16%,17.22%,
106/12/26,-312,0,0,-312,27382,74,22,27478,17.16%,17.22%,
106/12/25,-38,0,-1,-39,27649,74,22,27745,17.33%,17.39%,
106/12/22,37,0,1,38,27687,74,23,27784,17.36%,17.42%,
106/12/21,-10,0,0,-10,27650,74,22,27746,17.33%,17.39%,
106/12/20,101,0,0,101,27660,74,22,27756,17.34%,17.40%,
106/12/19,2,0,0,2,27559,74,22,27655,17.28%,17.34%,
106/12/18,30,0,-1,29,27557,74,22,27653,17.27%,17.33%,
106/12/15,-133,0,0,-133,27527,74,23,27624,17.26%,17.32%,
106/12/14,113,0,-1,112,27660,74,23,27757,17.34%,17.40%,
106/12/13,-36,0,0,-36,27547,74,24,27645,17.27%,17.33%,
106/12/12,-13,0,0,-13,27583,74,24,27681,17.29%,17.35%,
106/12/11,45,0,0,45,27596,74,24,27694,17.30%,17.36%,
106/12/08,-87,0,0,-87,27551,74,24,27649,17.27%,17.33%,
106/12/07,-17,0,0,-17,27628,74,24,27726,17.32%,17.38%,
106/12/06,-31,0,2,-29,27645,74,24,27743,17.33%,17.39%,
106/12/05,7,0,0,7,27676,74,22,27772,17.35%,17.41%,
106/12/04,-129,0,0,-129,27669,74,22,27765,17.34%,17.40%,
106/12/01,-183,0,0,-183,27788,74,22,27884,17.42%,17.48%,
106/11/30,-102,0,1,-101,27971,74,22,28067,17.53%,17.59%,
106/11/29,-188,-51,0,-239,28073,74,21,28168,17.60%,17.66%,
106/11/28,-205,-113,0,-318,28261,125,21,28407,17.72%,17.81%,
106/11/27,-82,0,0,-82,28466,238,21,28725,17.84%,18.00%,
106/11/24,-156,0,2,-154,28548,238,21,28807,17.90%,18.06%,
106/11/23,-204,0,0,-204,28704,238,19,28961,17.99%,18.15%,
106/11/22,13,0,0,13,28908,238,19,29165,18.12%,18.28%,
106/11/21,-252,0,-10,-262,28895,238,19,29152,18.11%,18.27%,
106/11/20,-82,-6,0,-88,29147,238,29,29414,18.27%,18.44%,
106/11/17,-202,-30,0,-232,29229,244,29,29502,18.32%,18.49%,
106/11/16,-9,0,0,-9,29431,274,29,29734,18.45%,18.64%,
106/11/15,-191,-200,0,-391,29440,274,29,29743,18.46%,18.65%,
106/11/14,-268,0,0,-268,29631,474,29,30134,18.57%,18.89%,
106/11/13,-269,0,1,-268,29899,474,29,30402,18.74%,19.06%,
106/11/10,-26,0,1,-25,30168,474,28,30670,18.91%,19.22%,
106/11/09,-621,0,0,-621,30214,474,27,30715,18.94%,19.25%,
106/11/08,-204,-161,0,-365,30835,474,27,31336,19.33%,19.64%,
106/11/07,-689,0,0,-689,31029,635,27,31691,19.45%,19.87%,
106/11/06,240,0,-7,233,31718,635,27,32380,19.88%,20.30%,
106/11/03,-82,0,0,-82,31458,635,34,32127,19.72%,20.14%,
106/11/02,111,0,0,111,31559,635,34,32228,19.78%,20.20%,
106/11/01,-120,0,0,-120,31448,635,34,32117,19.71%,20.13%,
106/10/31,-304,0,-2,-306,31568,635,34,32237,19.79%,20.21%,
106/10/30,-510,0,6,-504,31945,635,36,32616,20.03%,20.45%,
106/10/27,-566,0,0,-566,32455,635,30,33120,20.35%,20.77%,
106/10/26,-1348,0,-2,-1350,32801,635,30,33466,20.56%,20.98%,
106/10/25,-49,0,0,-49,34149,635,32,34816,21.41%,21.83%,
106/10/24,133,0,0,133,34198,635,32,34865,21.44%,21.86%,
106/10/23,31,0,0,31,34065,635,32,34732,21.36%,21.78%,
106/10/20,-27,0,1,-26,34034,635,32,34701,21.34%,21.76%,
106/10/19,23,-5,-3,15,34061,635,31,34727,21.35%,21.77%,
106/10/18,-54,0,0,-54,34038,640,34,34712,21.34%,21.76%,
106/10/17,-153,0,0,-153,34092,640,34,34766,21.37%,21.79%,
106/10/16,-98,0,0,-98,34245,640,34,34919,21.47%,21.89%,
106/10/13,3,0,0,3,34343,640,34,35017,21.53%,21.95%,
106/10/12,-55,0,0,-55,34350,640,34,35024,21.53%,21.95%,
106/10/11,-141,0,0,-141,34405,640,34,35079,21.57%,21.99%,
106/10/06,-183,0,0,-183,34546,640,34,35220,21.66%,22.08%,
106/10/05,-135,61,0,-74,34729,640,34,35403,21.77%,22.19%,
106/10/03,-233,100,0,-133,34864,579,34,35477,21.86%,22.24%,
106/10/02,-185,0,-4,-189,35097,479,34,35610,22.00%,22.32%,
106/09/30,0,0,0,0,35282,479,38,35799,22.12%,22.44%,
106/09/29,-340,0,0,-340,35282,479,38,35799,22.12%,22.44%,
106/09/28,-171,0,-1,-172,35622,479,38,36139,22.33%,22.65%,
106/09/27,-77,0,-2,-79,35794,479,39,36312,22.44%,22.76%,
106/09/26,-336,0,0,-336,35871,479,41,36391,22.49%,22.82%,
106/09/25,-132,0,1,-131,36207,479,41,36727,22.70%,23.03%,
106/09/22,-530,0,6,-524,36339,479,40,36858,22.78%,23.11%,
106/09/21,-116,0,0,-116,36869,479,34,37382,23.11%,23.43%,
106/09/20,-707,0,1,-706,36985,479,34,37498,23.19%,23.51%,
106/09/19,-476,0,2,-474,37691,479,33,38203,23.63%,23.95%,
106/09/18,-602,0,0,-602,38167,479,31,38677,23.93%,24.25%,
106/09/15,-149,0,0,-149,38769,479,31,39279,24.30%,24.62%,
106/09/14,-157,0,0,-157,38918,479,31,39428,24.40%,24.72%,
106/09/13,-306,0,0,-306,39075,479,31,39585,24.50%,24.82%,
106/09/12,-209,0,0,-209,39381,479,31,39891,24.69%,25.01%,
106/09/11,-464,0,0,-464,39590,479,31,40100,24.82%,25.14%,
106/09/08,-394,-5,0,-399,40044,479,31,40554,25.10%,25.42%,
106/09/07,-157,0,0,-157,40438,484,31,40953,25.35%,25.67%,
106/09/06,-303,0,0,-303,40595,484,31,41110,25.45%,25.77%,
106/09/05,130,0,-1,129,40898,484,31,41413,25.64%,25.96%,
106/09/04,-19,0,0,-19,40768,484,32,41284,25.56%,25.88%,
106/09/01,69,0,0,69,40787,484,32,41303,25.57%,25.89%,
106/08/31,-611,0,-3,-614,40718,484,32,41234,25.53%,25.85%,
106/08/30,-278,0,3,-275,41329,484,35,41848,25.91%,26.24%,
106/08/29,-171,0,0,-171,41607,484,32,42123,26.08%,26.40%,
106/08/28,-193,0,-1,-194,41778,484,32,42294,26.19%,26.51%,
106/08/25,-726,0,-3,-729,41971,484,33,42488,26.31%,26.63%,
106/08/24,-47,6,0,-41,42697,484,36,43217,26.77%,27.10%,
106/08/23,-890,7,1,-882,42744,478,36,43258,26.80%,27.12%,
106/08/22,-370,0,0,-370,43634,471,35,44140,27.36%,27.68%,
106/08/21,-216,0,0,-216,44004,471,35,44510,27.59%,27.91%,
106/08/18,-313,0,0,-313,44220,471,35,44726,27.72%,28.04%,
106/08/17,-569,0,-2,-571,44533,471,35,45039,27.92%,28.24%,
106/08/16,-806,0,-1,-807,45103,471,37,45611,28.28%,28.60%,
106/08/15,-466,0,0,-466,45909,471,38,46418,28.78%,29.10%,
106/08/14,-521,0,-19,-540,46375,471,38,46884,29.07%,29.39%,
106/08/11,-87,0,0,-87,46896,471,57,47424,29.40%,29.73%,
106/08/10,-77,0,-21,-98,46983,471,57,47511,29.46%,29.79%,
106/08/09,-55,0,0,-55,47060,471,78,47609,29.50%,29.84%,
106/08/08,-151,0,-45,-196,47115,471,78,47664,29.54%,29.88%,
106/08/07,-16,0,0,-16,47266,471,123,47860,29.63%,30.00%,
106/08/04,-70,0,1,-69,47282,471,123,47876,29.64%,30.01%,
106/08/03,87,0,-50,37,47372,471,122,47965,29.70%,30.07%,
106/08/02,-36,0,50,14,47285,471,172,47928,29.64%,30.04%,
106/08/01,-76,-3,0,-79,47321,471,122,47914,29.67%,30.04%,
106/07/31,-45,0,0,-45,47397,474,122,47993,29.71%,30.08%,
106/07/28,-89,0,0,-89,47442,474,122,48038,29.74%,30.11%,
106/07/27,-63,0,0,-63,47531,474,122,48127,29.80%,30.17%,
106/07/26,-110,0,-1,-111,47594,474,122,48190,29.84%,30.21%,
106/07/25,-99,0,0,-99,47704,474,123,48301,29.91%,30.28%,
106/07/24,-232,0,0,-232,47803,474,123,48400,29.97%,30.34%,
106/07/21,-305,0,0,-305,48035,474,123,48632,30.11%,30.48%,
106/07/20,-19,0,0,-19,48340,474,123,48937,30.31%,30.68%,
106/07/19,-247,0,0,-247,48359,474,123,48956,30.32%,30.69%,
106/07/18,147,0,0,147,48606,474,123,49203,30.47%,30.84%,
106/07/17,-19,0,-1,-20,48459,474,123,49056,30.38%,30.75%,
106/07/14,-99,0,40,-59,48478,474,124,49076,30.39%,30.76%,
106/07/13,110,0,-3,107,48577,474,84,49135,30.45%,30.80%,
106/07/12,-181,0,-6,-187,48467,474,87,49028,30.39%,30.74%,
106/07/11,58,200,2,260,48648,474,93,49215,30.50%,30.86%,
106/07/10,42,0,0,42,48590,274,91,48955,30.46%,30.69%,
106/07/07,23,0,0,23,48548,274,91,48913,30.44%,30.67%,
106/07/06,45,0,0,45,48525,274,91,48890,30.42%,30.65%,
106/07/05,-98,0,0,-98,48480,274,91,48845,30.39%,30.62%,
106/07/04,-60,200,-5,135,48578,274,91,48943,30.46%,30.69%,
106/07/03,6,0,0,6,48638,74,96,48808,30.49%,30.60%,
106/06/30,-94,0,0,-94,48632,74,96,48802,30.49%,30.60%,
106/06/29,243,0,1,244,48726,74,96,48896,30.55%,30.66%,
106/06/28,-92,0,0,-92,48483,74,95,48652,30.40%,30.51%,
106/06/27,47,0,1,48,48575,74,95,48744,30.45%,30.56%,
106/06/26,-158,0,8,-150,48528,74,94,48696,30.42%,30.53%,
106/06/23,-75,0,0,-75,48686,74,86,48846,30.52%,30.62%,
106/06/22,-119,0,44,-75,48761,74,86,48921,30.57%,30.67%,
106/06/21,-28,0,3,-25,48880,74,42,48996,30.64%,30.71%,
106/06/20,-171,0,6,-165,48908,74,39,49021,30.66%,30.73%,
106/06/19,-65,0,0,-65,49279,74,33,49386,30.89%,30.96%,
106/06/16,-4,0,0,-4,49344,74,33,49451,30.94%,31.01%,
106/06/15,75,0,0,75,49348,74,33,49455,30.94%,31.01%,
106/06/14,-74,0,0,-74,49273,74,33,49380,30.89%,30.96%,
106/06/13,46,0,-8,38,49347,74,33,49454,30.94%,31.01%,
106/06/12,-464,0,0,-464,49301,74,41,49416,30.91%,30.98%,
106/06/09,-104,0,2,-102,49765,74,41,49880,31.20%,31.27%,
106/06/08,-91,0,1,-90,49869,74,39,49982,31.26%,31.33%,
106/06/07,-9,0,0,-9,49960,74,38,50072,31.32%,31.39%,
106/06/06,-17,4,0,-13,49969,74,38,50081,31.33%,31.40%,
106/06/05,-96,3,0,-93,49986,70,38,50094,31.34%,31.41%,
106/06/03,0,0,0,0,50082,67,38,50187,31.40%,31.47%,
106/06/02,-130,0,0,-130,50082,67,38,50187,31.40%,31.47%,
106/06/01,-164,0,-1,-165,50212,67,38,50317,31.48%,31.55%,
106/05/31,4,0,0,4,50376,67,39,50482,31.58%,31.65%,
106/05/26,-155,0,0,-155,50372,67,39,50478,31.58%,31.65%,
106/05/25,-362,0,1,-361,50527,67,39,50633,31.68%,31.75%,
106/05/24,-47,0,0,-47,50889,67,38,50994,31.90%,31.97%,
106/05/23,34,0,0,34,50936,67,38,51041,31.93%,32.00%,
106/05/22,104,0,0,104,50902,67,38,51007,31.91%,31.98%,
106/05/19,6,0,0,6,50798,67,38,50903,31.85%,31.92%,
106/05/18,-55,0,0,-55,50792,67,38,50897,31.84%,31.91%,
106/05/17,-449,0,0,-449,50747,67,38,50852,31.82%,31.89%,
106/05/16,476,0,0,476,51096,67,38,51201,32.03%,32.10%,
106/05/15,-411,0,2,-409,50620,67,38,50725,31.74%,31.81%,
106/05/12,580,0,-2,578,51031,67,36,51134,31.99%,32.05%,
106/05/11,365,0,1,366,50451,67,38,50556,31.63%,31.70%,
106/05/10,769,0,0,769,50086,67,37,50190,31.40%,31.47%,
106/05/09,-189,0,2,-187,49317,67,37,49421,30.92%,30.99%,
106/05/08,-410,0,1,-409,49486,67,35,49588,31.02%,31.08%,
106/05/05,-1358,0,0,-1358,49896,67,34,49997,31.28%,31.34%,
106/05/04,1188,0,0,1188,51254,67,34,51355,32.13%,32.19%,
106/05/03,323,0,2,325,50066,67,34,50167,31.39%,31.45%,
106/05/02,566,0,0,566,49743,67,32,49842,31.19%,31.25%,
106/04/28,-503,0,-1,-504,49165,67,32,49264,30.82%,30.88%,
106/04/27,318,0,-2,316,49668,67,33,49768,31.14%,31.20%,
106/04/26,-81,0,5,-76,49350,67,35,49452,30.94%,31.00%,
106/04/25,181,0,-71,110,49431,67,30,49528,30.99%,31.05%,
106/04/24,-755,0,21,-734,49250,67,101,49418,30.88%,30.99%,
106/04/21,966,0,51,1017,50002,67,80,50149,31.35%,31.44%,
106/04/20,238,0,0,238,49036,67,29,49132,30.74%,30.80%,
106/04/19,233,0,-1,232,48798,67,29,48894,30.59%,30.65%,
106/04/18,2699,0,0,2699,48565,67,30,48662,30.45%,30.51%,
106/04/17,41,0,2,43,45866,67,30,45963,28.75%,28.81%,
106/04/14,1726,-2,-89,1635,45825,67,28,45920,28.73%,28.79%,
106/04/13,1685,0,17,1702,44099,69,117,44285,27.65%,27.77%,
106/04/12,650,0,0,650,42414,69,100,42583,26.59%,26.70%,
106/04/11,770,0,0,770,41774,69,100,41943,26.19%,26.30%,
106/04/10,542,0,0,542,41004,69,100,41173,25.71%,25.82%,
106/04/07,580,0,18,598,40462,69,100,40631,25.37%,25.48%,
106/04/06,1426,0,1,1427,39882,69,82,40033,25.00%,25.09%,
106/04/05,732,0,0,732,38456,69,81,38606,24.11%,24.20%,
106/03/31,812,0,0,812,37724,69,81,37874,23.65%,23.74%,
106/03/30,420,0,-74,346,36912,69,81,37062,23.14%,23.23%,
106/03/29,591,0,0,591,36492,69,155,36716,22.88%,23.02%,
106/03/28,1448,0,3,1451,35901,69,155,36125,22.51%,22.65%,
106/03/27,767,0,-128,639,34453,69,152,34674,21.60%,21.74%,
106/03/24,837,0,58,895,33686,69,280,34035,21.12%,21.34%,
106/03/23,1479,0,49,1528,32849,69,222,33140,20.59%,20.77%,
106/03/22,2297,0,50,2347,31370,69,173,31612,19.67%,19.82%,
106/03/21,1767,-3,-48,1716,29073,69,123,29265,18.22%,18.34%,
106/03/20,1779,-2,-6,1771,27306,72,171,27549,17.12%,17.27%,
106/03/17,1771,0,-72,1699,25527,74,177,25778,16.00%,16.16%,
106/03/16,579,0,-140,439,23756,74,249,24079,14.89%,15.09%,
106/03/15,1559,0,2,1561,23177,74,389,23640,14.53%,14.82%,
106/03/14,690,0,22,712,21608,74,387,22069,13.54%,13.83%,
106/03/13,401,0,1,402,20918,74,365,21357,13.11%,13.39%,
106/03/10,619,0,52,671,20517,74,364,20955,12.86%,13.13%,
106/03/09,136,0,11,147,19898,74,312,20284,12.47%,12.71%,
106/03/08,536,0,40,576,19762,74,301,20137,12.39%,12.63%,
106/03/07,488,0,30,518,19426,74,261,19761,12.18%,12.39%,
106/03/06,416,0,100,516,18938,74,231,19243,11.87%,12.06%,
106/03/03,368,0,0,368,18522,74,131,18727,11.61%,11.74%,
106/03/02,564,0,0,564,18154,74,131,18359,11.38%,11.51%,
106/03/01,1227,0,0,1227,17590,74,131,17795,11.02%,11.15%,
106/02/24,209,0,-60,149,16363,74,131,16568,10.26%,10.39%,
106/02/23,57,0,2,59,16154,74,191,16419,10.12%,10.29%,
106/02/22,111,0,26,137,16097,74,189,16360,10.09%,10.25%,
106/02/21,-16,0,49,33,15986,74,163,16223,10.02%,10.17%,
106/02/20,52,0,-12,40,16002,74,114,16190,10.03%,10.15%,
106/02/18,2,0,-1,1,15950,74,126,16150,10.00%,10.13%,
106/02/17,23,0,0,23,15948,74,127,16149,10.00%,10.13%,
106/02/16,137,0,100,237,15925,74,127,16126,9.98%,10.11%,
106/02/15,177,0,0,177,15788,74,27,15889,9.89%,9.95%,
106/02/14,45,0,0,45,15611,74,27,15712,9.78%,9.84%,
106/02/13,36,0,0,36,15566,74,27,15667,9.76%,9.82%,
106/02/10,37,0,-1,36,15530,74,27,15631,9.73%,9.79%,
106/02/09,-81,0,-2,-83,15493,74,28,15595,9.71%,9.77%,
106/02/08,83,0,-1,82,15574,74,30,15678,9.76%,9.83%,
106/02/07,6,0,0,6,15491,74,31,15596,9.71%,9.78%,
106/02/06,-45,0,-1,-46,15485,74,31,15590,9.70%,9.77%,
106/02/03,31,6,0,37,15530,74,32,15636,9.73%,9.80%,
106/02/02,-29,0,0,-29,15499,68,32,15599,9.71%,9.77%,
106/01/24,32,0,0,32,15528,68,32,15628,9.73%,9.79%,
106/01/23,-25,0,0,-25,15496,68,32,15596,9.71%,9.77%,
106/01/20,16,0,0,16,15321,68,32,15421,9.60%,9.66%,
106/01/19,8,0,1,9,15305,68,32,15405,9.59%,9.65%,
106/01/18,50,0,-2,48,15297,68,31,15396,9.59%,9.65%,
106/01/17,33,0,0,33,15247,68,33,15348,9.56%,9.62%,
106/01/16,-17,0,0,-17,15214,68,33,15315,9.54%,9.60%,
106/01/13,58,0,0,58,15231,68,33,15332,9.55%,9.61%,
106/01/12,85,0,0,85,15173,68,33,15274,9.51%,9.57%,
106/01/11,58,0,0,58,15088,68,33,15189,9.46%,9.52%,
106/01/10,34,0,0,34,15030,68,33,15131,9.42%,9.48%,
106/01/09,64,0,1,65,14996,68,33,15097,9.40%,9.46%,
106/01/06,61,34,0,95,14932,68,32,15032,9.36%,9.42%,
106/01/05,118,32,0,150,14871,34,32,14937,9.32%,9.36%,
106/01/04,97,0,0,97,14753,2,32,14787,9.25%,9.27%,
106/01/03,102,0,0,102,14656,2,32,14690,9.19%,9.21%,
105/12/30,55,0,0,55,14554,2,32,14588,9.12%,9.14%,
105/12/29,30,0,0,30,14499,2,32,14533,9.09%,9.11%,
105/12/28,108,0,0,108,14469,2,32,14503,9.07%,9.09%,
105/12/27,-9,0,0,-9,14361,2,32,14395,9.00%,9.02%,
105/12/26,-4,0,0,-4,14370,2,32,14404,9.01%,9.03%,
105/12/23,8,0,-1,7,14374,2,32,14408,9.01%,9.03%,
105/12/22,28,0,0,28,14366,2,33,14401,9.00%,9.02%,
105/12/21,35,0,10,45,14338,2,33,14373,8.99%,9.01%,
105/12/20,-2,0,4,2,14303,2,23,14328,8.96%,8.98%,
105/12/19,-36,0,3,-33,14306,2,19,14327,8.97%,8.98%,
105/12/16,-5,0,3,-2,14342,2,16,14360,8.99%,9.00%,
105/12/15,-26,0,1,-25,14735,2,13,14750,9.23%,9.24%,
105/12/14,-7,0,0,-7,14761,2,12,14775,9.25%,9.26%,
105/12/13,19,0,0,19,14768,2,12,14782,9.25%,9.26%,
105/12/12,128,0,0,128,14749,2,12,14763,9.24%,9.25%,
105/12/09,180,0,0,180,14621,2,12,14635,9.16%,9.17%,
105/12/08,78,0,-9,69,14441,2,12,14455,9.05%,9.06%,
105/12/07,49,0,0,49,14363,2,21,14386,9.00%,9.01%,
105/12/06,66,0,0,66,14314,2,21,14337,8.97%,8.98%,
105/12/05,11,0,0,11,14248,2,21,14271,8.93%,8.94%,
105/12/02,46,0,-1,45,14237,2,21,14260,8.92%,8.93%,
105/12/01,55,0,10,65,14191,2,22,14215,8.89%,8.91%,
105/11/30,68,0,-5,63,14136,2,12,14150,8.86%,8.87%,
105/11/29,81,0,0,81,14068,2,17,14087,8.82%,8.83%,
105/11/28,51,0,0,51,13987,2,17,14006,8.77%,8.78%,
105/11/25,29,0,0,29,13936,2,17,13955,8.73%,8.74%,
105/11/24,34,0,0,34,13907,2,17,13926,8.72%,8.73%,
105/11/23,53,0,0,53,13873,2,17,13892,8.69%,8.70%,
105/11/22,45,0,0,45,13820,2,17,13839,8.66%,8.67%,
105/11/21,68,0,0,68,13775,2,17,13794,8.63%,8.64%,
105/11/18,-47,0,0,-47,13707,2,17,13726,8.59%,8.60%,
105/11/17,22,0,0,22,13754,2,17,13773,8.62%,8.63%,
105/11/16,25,0,0,25,13732,2,17,13751,8.61%,8.62%,
105/11/15,-40,0,0,-40,13694,2,17,13713,8.58%,8.59%,
105/11/14,-63,0,1,-62,13734,2,17,13753,8.61%,8.62%,
105/11/11,-42,0,2,-40,13797,2,16,13815,8.65%,8.66%,
105/11/10,135,0,-2,133,13839,2,14,13855,8.67%,8.68%,
105/11/09,325,0,-102,223,13704,2,16,13722,8.59%,8.60%,
105/11/08,-47,0,0,-47,13379,2,118,13499,8.38%,8.46%,
105/11/07,-46,0,-6,-52,13426,2,118,13546,8.41%,8.49%,
105/11/04,-35,0,0,-35,13472,2,124,13598,8.44%,8.52%,
105/11/03,-11,0,2,-9,13507,2,124,13633,8.46%,8.54%,
105/11/02,-43,0,6,-37,13518,2,122,13642,8.47%,8.55%,
105/11/01,-7,0,0,-7,13561,2,116,13679,8.50%,8.57%,
105/10/31,-3,0,2,-1,13568,2,116,13686,8.50%,8.57%,
105/10/28,19,0,0,19,13571,2,114,13687,8.50%,8.57%,
105/10/27,-4,0,36,32,13552,2,114,13668,8.49%,8.56%,
105/10/26,-22,0,0,-22,13556,2,78,13636,8.50%,8.55%,
105/10/25,-5,0,0,-5,13578,2,78,13658,8.51%,8.56%,
105/10/24,6,0,0,6,13583,2,78,13663,8.51%,8.56%,
105/10/21,-37,2,0,-35,13551,2,78,13631,8.49%,8.54%,
105/10/20,-18,-2,0,-20,13588,0,78,13666,8.52%,8.57%,
105/10/19,-21,0,0,-21,13596,0,78,13674,8.52%,8.57%,
105/10/18,-17,0,0,-17,13617,0,78,13695,8.53%,8.58%,
105/10/17,17,0,0,17,13624,0,78,13702,8.54%,8.59%,
105/10/14,-26,0,0,-26,13588,0,78,13666,8.52%,8.57%,
105/10/13,17,0,0,17,13614,0,78,13692,8.53%,8.58%,
105/10/12,11,0,0,11,13597,0,78,13675,8.52%,8.57%,
105/10/11,44,0,0,44,13586,0,78,13664,8.51%,8.56%,
105/10/07,-10,0,0,-10,13542,0,78,13620,8.49%,8.54%,
105/10/06,16,0,0,16,13553,0,78,13631,8.49%,8.54%,
105/10/05,20,0,0,20,13535,0,78,13613,8.48%,8.53%,
105/10/04,-15,0,-2,-17,13512,0,78,13590,8.47%,8.52%,
105/10/03,38,0,2,40,13527,0,80,13607,8.48%,8.53%,
105/09/30,-3,0,0,-3,13489,0,78,13567,8.45%,8.50%,
105/09/29,-8,0,0,-8,13492,0,78,13570,8.45%,8.50%,
105/09/26,0,0,0,0,13500,0,78,13578,8.46%,8.51%,
105/09/23,30,0,0,30,13500,0,78,13578,8.46%,8.51%,
105/09/22,18,0,0,18,13470,0,78,13548,8.44%,8.49%,
105/09/21,62,0,0,62,13452,0,78,13530,8.43%,8.48%,
105/09/20,-10,-145,0,-155,13390,0,78,13468,8.39%,8.44%,
105/09/19,5,-127,2,-120,13400,0,78,13478,8.40%,8.45%,
105/09/14,-33,0,0,-33,13395,0,76,13471,8.39%,8.44%,
105/09/13,-115,0,0,-115,13428,0,76,13504,8.41%,8.46%,
105/09/12,-49,0,0,-49,13543,0,76,13619,8.49%,8.54%,
105/09/10,0,0,0,0,13592,0,76,13668,8.52%,8.57%,
105/09/09,-143,-139,0,-282,13592,0,76,13668,8.52%,8.57%,
105/09/08,-22,0,-1,-23,13735,0,76,13811,8.61%,8.66%,
105/09/07,-134,-153,0,-287,13757,0,77,13834,8.62%,8.67%,
105/09/06,47,0,0,47,13591,0,77,13668,8.52%,8.57%,
105/09/05,-18,-69,0,-87,13544,0,77,13621,8.49%,8.54%,
105/09/02,-21,-70,0,-91,13562,0,77,13639,8.50%,8.55%,
105/09/01,-218,-158,0,-376,13583,0,77,13660,8.51%,8.56%,
105/08/31,-18,0,-1,-19,13801,0,77,13878,8.65%,8.70%,
105/08/30,-62,-139,0,-201,13819,0,78,13897,8.66%,8.71%,
105/08/29,-170,0,-6,-176,13881,0,78,13959,8.70%,8.75%,
105/08/26,-27,0,0,-27,14051,0,84,14135,8.81%,8.86%,
105/08/25,-72,0,-6,-78,14078,0,84,14162,8.82%,8.87%,
105/08/24,-9,0,0,-9,14150,0,90,14240,8.87%,8.93%,
105/08/23,-110,0,0,-110,14161,0,90,14251,8.87%,8.93%,
105/08/22,-32,0,0,-32,14271,0,90,14361,8.94%,9.00%,
105/08/19,-86,0,0,-86,14303,0,90,14393,8.96%,9.02%,
105/08/18,-33,0,0,-33,14400,0,90,14490,9.02%,9.08%,
105/08/17,-6,0,0,-6,14433,0,90,14523,9.04%,9.10%,
105/08/16,-1,0,0,-1,14439,0,90,14529,9.05%,9.11%,
105/08/15,-125,0,0,-125,14440,0,90,14530,9.05%,9.11%,
105/08/12,18,0,-1,17,14565,0,90,14655,9.13%,9.19%,
105/08/11,54,0,-4,50,14547,0,91,14638,9.12%,9.18%,
105/08/10,-12,0,0,-12,14493,0,95,14588,9.08%,9.14%,
105/08/09,159,0,0,159,14505,0,95,14600,9.09%,9.15%,
105/08/08,-39,0,1,-38,14346,0,95,14441,8.99%,9.05%,
105/08/05,-73,0,0,-73,14385,0,94,14479,9.02%,9.08%,
105/08/04,-64,0,-72,-136,14458,0,94,14552,9.06%,9.12%,
105/08/03,-32,0,54,22,14522,0,166,14688,9.10%,9.20%,
105/08/02,46,0,0,46,14554,0,112,14666,9.12%,9.19%,
105/08/01,10,0,0,10,14508,0,112,14620,9.09%,9.16%,
105/07/29,-14,0,0,-14,14498,0,112,14610,9.09%,9.16%,
105/07/28,-10,0,0,-10,14512,0,112,14624,9.09%,9.16%,
105/07/27,49,0,0,49,14522,0,112,14634,9.10%,9.17%,
105/07/26,-10,0,0,-10,14473,0,112,14585,9.07%,9.14%,
105/07/25,-1,0,1,0,14491,0,112,14603,9.08%,9.15%,
105/07/22,-30,0,-3,-33,14492,0,111,14603,9.08%,9.15%,
105/07/21,-11,0,11,0,14522,0,114,14636,9.10%,9.17%,
105/07/20,-27,0,1,-26,14533,0,103,14636,9.11%,9.17%,
105/07/19,97,0,-6,91,14560,0,102,14662,9.12%,9.18%,
105/07/18,29,0,0,29,14463,0,108,14571,9.06%,9.13%,
105/07/15,31,0,0,31,14434,0,108,14542,9.05%,9.12%,
105/07/14,-58,0,0,-58,14403,0,108,14511,9.03%,9.10%,
105/07/13,-152,0,0,-152,14461,0,108,14569,9.06%,9.13%,
105/07/12,-61,0,0,-61,14613,0,108,14721,9.16%,9.23%,
105/07/11,49,0,0,49,14674,0,108,14782,9.20%,9.27%,
105/07/07,11,0,0,11,14625,0,108,14733,9.17%,9.24%,
105/07/06,18,0,0,18,14614,0,108,14722,9.16%,9.23%,
105/07/05,1,0,0,1,14596,0,108,14704,9.15%,9.22%,
105/07/04,22,0,-1,21,14595,0,108,14703,9.15%,9.22%,
105/07/01,2,0,0,2,14573,0,109,14682,9.13%,9.20%,
105/06/30,-44,0,0,-44,14571,0,109,14680,9.13%,9.20%,
105/06/29,77,0,0,77,14615,0,109,14724,9.16%,9.23%,
105/06/28,19,0,0,19,14538,0,109,14647,9.11%,9.18%,
105/06/27,10,-15,0,-5,14519,0,109,14628,9.10%,9.17%,
105/06/24,-60,-15,-7,-82,14509,0,109,14618,9.09%,9.16%,
105/06/23,4,0,0,4,14569,0,116,14685,9.13%,9.20%,
105/06/22,-5,0,0,-5,14565,0,116,14681,9.13%,9.20%,
105/06/21,38,0,0,38,14570,0,116,14686,9.13%,9.20%,
105/06/20,38,0,5,43,14532,0,116,14648,9.11%,9.18%,
105/06/17,1,0,2,3,14494,0,111,14605,9.08%,9.15%,
105/06/16,-22,0,-1,-23,14493,0,109,14602,9.08%,9.15%,
105/06/15,2,0,0,2,14515,0,110,14625,9.10%,9.17%,
105/06/14,-12,0,0,-12,14513,0,110,14623,9.10%,9.17%,
105/06/13,-81,0,31,-50,14525,0,110,14635,9.10%,9.17%,
105/06/08,-30,0,0,-30,14606,0,79,14685,9.15%,9.20%,
105/06/07,16,0,49,65,14656,0,79,14735,9.18%,9.23%,
105/06/06,9,0,0,9,14640,0,30,14670,9.17%,9.19%,
105/06/04,0,0,0,0,14631,0,30,14661,9.17%,9.19%,
105/06/03,-24,0,-2,-26,14631,0,30,14661,9.17%,9.19%,
105/06/02,-64,0,0,-64,14655,0,32,14687,9.18%,9.20%,
105/06/01,-24,0,0,-24,14719,0,32,14751,9.22%,9.24%,
105/05/31,16,0,4,20,14743,0,32,14775,9.24%,9.26%,
105/05/30,25,0,1,26,14717,0,28,14745,9.22%,9.24%,
105/05/27,34,0,0,34,14692,0,27,14719,9.21%,9.23%,
105/05/26,-76,0,0,-76,14658,0,27,14685,9.19%,9.21%,
105/05/25,44,0,0,44,14734,0,27,14761,9.23%,9.25%,
105/05/24,-15,0,0,-15,14690,0,27,14717,9.21%,9.23%,
105/05/23,116,0,0,116,14705,0,27,14732,9.22%,9.24%,
105/05/20,-25,0,0,-25,14589,0,27,14616,9.14%,9.16%,
105/05/19,-105,0,0,-105,14614,0,27,14641,9.16%,9.18%,
105/05/18,-32,0,-1,-33,14719,0,27,14746,9.22%,9.24%,
105/05/17,-31,0,0,-31,14751,0,28,14779,9.24%,9.26%,
105/05/16,-162,0,0,-162,14782,0,28,14810,9.26%,9.28%,
105/05/13,-247,0,0,-247,14899,0,28,14927,9.35%,9.37%,
105/05/12,-128,-100,0,-228,15146,0,28,15174,9.51%,9.53%,
105/05/11,-161,0,0,-161,15274,0,28,15302,9.59%,9.61%,
105/05/10,-152,0,-59,-211,15435,0,28,15463,9.69%,9.71%,
105/05/09,-158,0,-7,-165,15587,0,87,15674,9.79%,9.84%,
105/05/06,-86,-130,-24,-240,15745,0,94,15839,9.88%,9.94%,
105/05/05,-211,-200,0,-411,15831,0,118,15949,9.94%,10.01%,
105/05/04,-168,-240,0,-408,16042,0,118,16160,10.07%,10.14%,
105/05/03,-198,-320,0,-518,16210,0,118,16328,10.18%,10.25%,
105/04/29,-334,-150,-1,-485,16398,66,118,16582,10.29%,10.41%,
105/04/28,-596,-150,0,-746,16721,216,119,17056,10.50%,10.71%,
105/04/27,-78,0,-5,-83,17317,366,119,17802,10.87%,11.17%,
105/04/26,-6,0,-1,-7,17385,366,124,17875,10.91%,11.22%,
105/04/25,-115,0,1,-114,17391,366,125,17882,10.92%,11.23%,
105/04/22,-121,0,0,-121,17506,366,124,17996,10.99%,11.30%,
105/04/21,-34,0,0,-34,17627,366,124,18117,11.07%,11.38%,
105/04/20,-59,-65,0,-124,17661,366,124,18151,11.09%,11.40%,
105/04/19,-12,-145,0,-157,17720,431,124,18275,11.13%,11.48%,
105/04/18,-134,-150,0,-284,17732,576,124,18432,11.13%,11.57%,
105/04/15,-138,-392,0,-530,17866,726,124,18716,11.22%,11.75%,
105/04/14,-15,-397,0,-412,18004,1118,124,19246,11.30%,12.08%,
105/04/13,1,-200,0,-199,18019,1515,124,19658,11.31%,12.34%,
105/04/12,-202,-330,2,-530,18018,1715,124,19857,11.31%,12.46%,
105/04/11,-102,-497,1,-598,18220,2045,122,20387,11.44%,12.80%,
105/04/08,-4,-200,-2,-206,18322,2542,121,20985,11.50%,13.17%,
105/04/07,-125,-200,0,-325,18326,2742,123,21191,11.51%,13.31%,
105/04/06,-202,-200,-9,-411,18451,2942,123,21516,11.58%,13.50%,
105/04/01,-50,-200,-1,-251,18653,3142,132,21927,11.71%,13.76%,
105/03/31,-141,-200,6,-335,18703,3342,133,22178,11.74%,13.92%,
105/03/30,48,-200,8,-144,18844,3304,127,22275,11.83%,13.98%,
105/03/29,-74,-340,0,-414,18796,3504,119,22419,11.80%,14.07%,
105/03/28,-67,-150,2,-215,18870,3844,119,22833,11.85%,14.33%,
105/03/25,-280,0,0,-280,18937,3994,117,23048,11.89%,14.47%,
105/03/24,-155,0,-2,-157,19217,3994,117,23328,12.07%,14.65%,
105/03/23,-279,-200,-5,-484,19372,3994,119,23485,12.16%,14.74%,
105/03/22,-236,-230,-1,-467,19651,4194,124,23969,12.34%,15.05%,
105/03/21,-151,0,5,-146,19887,4424,125,24436,12.49%,15.34%,
105/03/18,1,0,0,1,20038,4424,120,24582,12.58%,15.43%,
105/03/17,-422,-150,0,-572,20037,4424,120,24581,12.58%,15.43%,
105/03/16,-269,-150,41,-378,20459,4574,120,25153,12.85%,15.79%,
105/03/15,-249,-92,46,-295,20728,4724,79,25531,13.01%,16.02%,
105/03/14,0,0,3,3,20977,4816,33,25826,13.17%,16.21%,
105/03/11,71,0,0,71,20977,4816,30,25823,13.17%,16.21%,
105/03/10,123,0,0,123,20906,4816,30,25752,13.13%,16.17%,
105/03/09,94,0,0,94,20783,4816,30,25629,13.05%,16.09%,
105/03/08,132,0,-43,89,20689,4816,30,25535,12.99%,16.03%,
105/03/07,-3,0,0,-3,20557,4816,73,25446,12.91%,15.98%,
105/03/04,136,0,-4,132,20560,4816,73,25449,12.91%,15.98%,
105/03/03,30,0,8,38,20447,4816,77,25340,12.84%,15.91%,
105/03/02,-7,0,0,-7,20417,4816,69,25302,12.82%,15.88%,
105/03/01,-12,0,0,-12,20424,4816,69,25309,12.82%,15.88%,
105/02/26,60,-250,2,-188,20436,4816,69,25321,12.83%,15.89%,
105/02/25,87,0,0,87,20376,5066,67,25509,12.79%,16.01%,
105/02/24,24,-250,-4,-230,20289,5066,67,25422,12.74%,15.96%,
105/02/23,90,-201,-3,-114,20265,5316,71,25652,12.72%,16.10%,
105/02/22,-71,0,0,-71,20175,5517,74,25766,12.67%,16.18%,
105/02/19,-268,-100,0,-368,20246,5517,74,25837,12.71%,16.22%,
105/02/18,-78,-100,-1,-179,20513,5617,74,26204,12.88%,16.45%,
105/02/17,-22,-100,2,-120,20591,5717,75,26383,12.93%,16.56%,
105/02/16,114,-100,13,27,20613,5817,73,26503,12.94%,16.63%,
105/02/15,-110,-381,0,-491,20499,5917,60,26476,12.87%,16.62%,
105/02/03,-51,-135,0,-186,20609,6298,60,26967,12.94%,16.93%,
105/02/02,-11,-200,0,-211,20650,6433,60,27143,12.97%,17.05%,
105/02/01,-39,-200,-2,-241,20661,6633,60,27354,12.97%,17.17%,
105/01/30,-5,14,2,11,20700,6833,62,27595,13.00%,17.33%,
105/01/29,-27,-88,5,-110,20705,6819,60,27584,13.00%,17.32%,
105/01/28,-192,-200,26,-366,20732,6907,55,27694,13.02%,17.39%,
105/01/27,-281,0,4,-277,20924,7107,29,28060,13.14%,17.62%,
105/01/26,-79,0,-2,-81,21205,7107,25,28337,13.31%,17.79%,
105/01/25,-151,0,0,-151,21284,7107,27,28418,13.36%,17.84%,
105/01/22,-263,0,1,-262,21435,7107,27,28569,13.46%,17.94%,
105/01/21,-8,-90,0,-98,21698,7107,26,28831,13.62%,18.10%,
105/01/20,-9,-101,-11,-121,21706,7197,26,28929,13.63%,18.17%,
105/01/19,-51,-93,15,-129,21715,7298,37,29050,13.63%,18.24%,
105/01/18,24,-93,-3,-72,21766,7391,22,29179,13.67%,18.33%,
105/01/15,-149,-104,-2,-255,21742,7484,25,29251,13.65%,18.37%,
105/01/14,-85,-93,0,-178,21891,7588,27,29506,13.75%,18.53%,
105/01/13,-88,-93,-1,-182,21976,7681,27,29684,13.80%,18.64%,
105/01/12,-173,0,-4,-177,22064,7774,28,29866,13.85%,18.75%,
105/01/11,-275,46,10,-219,22237,7774,32,30043,13.96%,18.86%,
105/01/08,51,0,-14,37,22512,7728,22,30262,14.14%,19.01%,
105/01/07,-159,0,7,-152,22461,7728,36,30225,14.10%,18.98%,
105/01/06,-37,0,0,-37,22620,7728,29,30377,14.20%,19.07%,
105/01/05,56,0,0,56,22657,7728,29,30414,14.23%,19.10%,
105/01/04,79,46,-2,123,22601,7728,29,30358,14.19%,19.06%,
104/12/31,15,0,-19,-4,22522,7682,31,30235,14.14%,18.98%,
104/12/30,-25,0,0,-25,22507,6563,50,29120,14.13%,18.28%,
104/12/29,16,41,-7,50,22532,6563,50,29145,14.15%,18.30%,
104/12/28,-134,44,-8,-98,22516,6522,57,29095,14.14%,18.27%,
104/12/25,-20,0,-8,-28,22650,6478,65,29193,14.22%,18.33%,
104/12/24,-5,0,-2,-7,22670,6478,73,29221,14.23%,18.34%,
104/12/23,-125,0,-5,-130,22675,6478,75,29228,14.24%,18.36%,
104/12/22,-180,-10,-8,-198,22800,6478,80,29358,14.32%,18.44%,
104/12/21,143,0,-8,135,22980,6488,88,29556,14.43%,18.56%,
104/12/18,104,0,0,104,22837,6488,96,29421,14.34%,18.48%,
104/12/17,154,-24,2,132,22733,6488,96,29317,14.27%,18.41%,
104/12/16,-16,-159,6,-169,22579,6512,94,29185,14.18%,18.33%,
104/12/15,-39,-138,0,-177,22595,6671,88,29354,14.19%,18.44%,
104/12/14,-39,-173,0,-212,22634,6809,88,29531,14.21%,18.54%,
104/12/11,-98,-198,-6,-302,22673,6982,88,29743,14.24%,18.68%,
104/12/10,14,107,-1,120,22771,7180,94,30045,14.30%,18.87%,
104/12/09,-69,0,-5,-74,22783,7073,95,29951,14.31%,18.81%,
104/12/08,-84,0,0,-84,22853,7073,100,30026,14.35%,18.86%,
104/12/07,78,0,-316,-238,22937,7073,100,30110,14.40%,18.91%,
104/12/04,-59,0,-1,-60,22849,7073,416,30338,14.35%,19.05%,
104/12/03,-2,0,-1,-3,22908,7073,417,30398,14.38%,19.08%,
104/12/02,75,0,-1,74,22910,7073,418,30401,14.39%,19.10%,
104/12/01,122,0,0,122,22835,7073,419,30327,14.34%,19.05%,
104/11/30,-6,3,-1,-4,22713,7073,419,30205,14.26%,18.97%,
104/11/27,121,-483,0,-362,22719,7070,420,30209,14.27%,18.97%,
104/11/26,250,0,0,250,22598,7553,420,30571,14.19%,19.20%,
104/11/25,7,-451,-99,-543,22348,7553,420,30321,14.03%,19.04%,
104/11/24,-111,0,0,-111,22341,8004,519,30864,14.03%,19.38%,
104/11/23,232,0,-12,220,22452,8004,519,30975,14.10%,19.45%,
104/11/20,-18,-340,20,-338,22220,8004,531,30755,13.95%,19.31%,
104/11/19,4,0,80,84,22238,8344,511,31093,13.96%,19.52%,
104/11/18,-162,-477,0,-639,22234,8344,431,31009,13.96%,19.47%,
104/11/17,2,-716,297,-417,22396,8821,431,31648,14.06%,19.87%,
104/11/16,-38,0,-10,-48,22394,9537,134,32065,14.06%,20.13%,
104/11/13,-98,0,-36,-134,22468,9537,144,32149,14.11%,20.19%,
104/11/12,-558,0,-50,-608,22566,9537,180,32283,14.17%,20.27%,
104/11/11,-6,0,-48,-54,23114,9537,230,32881,14.51%,20.64%,
104/11/10,540,-115,-50,375,23120,9537,278,32935,14.52%,20.69%,
104/11/09,97,0,-89,8,22580,9652,328,32560,14.18%,20.45%,
104/11/06,97,-115,0,-18,22483,9652,417,32552,14.12%,20.44%,
104/11/05,194,0,0,194,22386,9767,417,32570,14.06%,20.46%,
104/11/04,232,11,-63,180,22192,9767,417,32376,13.93%,20.33%,
104/11/03,-265,0,-83,-348,21960,9756,480,32196,13.79%,20.22%,
104/11/02,259,800,-7,1052,22225,9756,563,32544,13.95%,20.43%,
104/10/30,59,0,-51,8,21966,8956,570,31492,13.79%,19.77%,
104/10/29,422,0,123,545,21907,8956,621,31484,13.76%,19.78%,
104/10/28,511,0,-24,487,21485,8956,498,30939,13.49%,19.43%,
104/10/27,354,-100,-55,199,20974,8956,522,30452,13.17%,19.12%,
104/10/26,131,0,89,220,20620,9056,577,30253,12.95%,19.00%,
104/10/23,130,350,-1,479,20489,9056,488,30033,12.86%,18.85%,
104/10/22,167,0,-2,165,20359,8706,489,29554,12.78%,18.56%,
104/10/21,54,0,-9,45,20192,8706,491,29389,12.68%,18.46%,
104/10/20,712,-100,-11,601,20118,8706,500,29324,12.63%,18.41%,
104/10/19,560,0,0,560,19406,8806,511,28723,12.18%,18.03%,
104/10/16,171,0,-892,-721,18846,8806,511,28163,11.83%,17.68%,
104/10/15,98,0,-35,63,18675,8806,1403,28884,11.72%,18.13%,
104/10/14,101,0,0,101,18577,8806,1438,28821,11.66%,18.09%,
104/10/13,273,0,-24,249,18476,8806,1438,28720,11.60%,18.03%,
104/10/12,805,-165,-13,627,18203,8806,1462,28471,11.43%,17.88%,
104/10/08,132,-165,-211,-244,17398,8971,1475,27844,10.92%,17.48%,
104/10/07,-72,-159,17,-214,17266,9136,1686,28088,10.84%,17.64%,
104/10/06,6,610,278,894,17338,9295,1669,28302,10.89%,17.78%,
104/10/05,461,158,23,642,17332,8685,1391,27408,10.88%,17.21%,
104/10/02,393,9,-210,192,16871,8527,1368,26766,10.59%,16.81%,
104/10/01,523,0,-17,506,16478,8518,1578,26574,10.34%,16.68%,
104/09/30,351,74,-12,413,15955,8518,1595,26068,10.02%,16.37%,
104/09/25,-186,-216,9,-393,15638,9277,1607,26522,9.82%,16.66%,
104/09/24,188,343,-9,522,15824,9493,1598,26915,9.93%,16.90%,
104/09/23,35,399,34,468,15636,9150,1607,26393,9.82%,16.58%,
104/09/22,293,437,54,784,15591,8751,1573,25915,9.79%,16.27%,
104/09/21,190,-14,191,367,15298,8314,1519,25131,9.60%,15.78%,
104/09/18,59,349,305,713,15108,8328,1328,24764,9.48%,15.55%,
104/09/17,123,0,95,218,15049,7979,1023,24051,9.45%,15.10%,
104/09/16,200,0,212,412,14926,7979,928,23833,9.37%,14.96%,
104/09/15,24,232,-259,-3,14726,7979,716,23421,9.24%,14.70%,
104/09/14,25,0,34,59,14702,7747,975,23424,9.23%,14.71%,
104/09/11,32,250,253,535,14663,7747,941,23351,9.20%,14.66%,
104/09/10,-13,0,215,202,14631,7497,688,22816,9.18%,14.32%,
104/09/09,-173,391,398,616,14644,7497,473,22614,9.19%,14.20%,
104/09/08,-70,0,-1,-71,14805,7106,75,21986,9.29%,13.80%,
104/09/07,84,0,0,84,14875,7106,76,22057,9.34%,13.85%,
104/09/04,-64,170,-1,105,14791,7106,76,21973,9.29%,13.80%,
104/09/03,12,170,0,182,14855,6936,77,21868,9.33%,13.74%,
104/09/02,52,0,0,52,14843,6766,77,21686,9.32%,13.62%,
104/09/01,3,-14,0,-11,14791,6766,77,21634,9.29%,13.59%,
104/08/31,378,53,0,431,14788,6780,77,21645,9.28%,13.59%,
104/08/28,139,0,0,139,14410,6727,77,21214,9.05%,13.32%,
104/08/27,26,0,-6,20,14271,6727,77,21075,8.96%,13.23%,
104/08/26,-52,0,-1,-53,14245,6727,83,21055,8.94%,13.22%,
104/08/25,181,0,0,181,14297,6727,84,21108,8.98%,13.26%,
104/08/24,-81,0,-88,-169,14116,6727,84,20927,8.86%,13.14%,
104/08/21,70,0,-50,20,14197,6727,172,21096,8.91%,13.24%,
104/08/20,36,0,-33,3,14127,6727,222,21076,8.87%,13.23%,
104/08/19,84,0,9,93,14091,6727,255,21073,8.85%,13.24%,
104/08/18,-62,142,7,87,14007,6727,246,20980,8.79%,13.17%,
104/08/17,106,0,66,172,14069,6585,239,20893,8.83%,13.12%,
104/08/14,-62,161,-12,87,13963,6585,173,20721,8.77%,13.01%,
104/08/13,228,158,-13,373,14020,6424,185,20629,8.80%,12.95%,
104/08/12,-168,76,8,-84,13792,6266,198,20256,8.66%,12.72%,
104/08/11,-118,300,75,257,13950,6190,190,20330,8.76%,12.77%,
104/08/10,1,0,-2,-1,14055,5890,115,20060,8.82%,12.59%,
104/08/07,-49,0,0,-49,14054,5890,117,20061,8.82%,12.59%,
104/08/06,-143,0,1,-142,14103,5890,117,20110,8.85%,12.62%,
104/08/05,123,0,1,124,14246,5890,116,20252,8.94%,12.71%,
104/08/04,-128,0,6,-122,14113,5890,115,20118,8.86%,12.63%,
104/08/03,16,0,-3,13,14241,5890,109,20240,8.94%,12.71%,
104/07/31,-160,-100,-2,-262,14225,5890,112,20227,8.93%,12.70%,
104/07/30,-165,280,0,115,14385,5990,114,20489,9.03%,12.87%,
104/07/29,-38,26,0,-12,14550,5710,114,20374,9.13%,12.79%,
104/07/28,461,-21,2,442,14588,5684,114,20386,9.16%,12.80%,
104/07/27,-180,0,10,-170,14127,5705,112,19944,8.87%,12.52%,
104/07/24,-55,4,0,-51,14307,5705,102,20114,8.98%,12.63%,
104/07/23,-262,0,0,-262,14362,5701,102,20165,9.02%,12.67%,
104/07/22,43,0,3,46,14624,5701,102,20427,9.18%,12.83%,
104/07/21,48,0,0,48,14581,5701,99,20381,9.15%,12.79%,
104/07/20,13,0,0,13,14533,5701,99,20333,9.12%,12.76%,
104/07/17,-31,56,-5,20,14520,5701,99,20320,9.12%,12.76%,
104/07/16,-231,260,0,29,14551,5645,104,20300,9.13%,12.74%,
104/07/15,2,268,41,311,14782,5385,104,20271,9.28%,12.73%,
104/07/14,120,0,0,120,14780,5117,63,19960,9.28%,12.53%,
104/07/13,-253,0,-5,-258,14660,5117,63,19840,9.20%,12.45%,
104/07/09,136,0,3,139,14913,5117,68,20098,9.36%,12.62%,
104/07/08,-26,0,2,-24,14777,5117,65,19959,9.28%,12.54%,
104/07/07,-58,0,0,-58,14803,5117,63,19983,9.29%,12.54%,
104/07/06,-97,0,3,-94,14861,5117,63,20041,9.33%,12.58%,
104/07/03,-224,0,0,-224,14958,5117,60,20135,9.39%,12.64%,
104/07/02,-173,0,0,-173,15182,5117,60,20359,9.53%,12.78%,
104/07/01,100,0,0,100,15355,5117,60,20532,9.64%,12.89%,
104/06/30,177,0,0,177,15255,5117,60,20432,9.58%,12.83%,
104/06/29,-20,0,-1,-21,15078,7237,60,22375,9.47%,14.05%,
104/06/26,30,0,0,30,15098,7237,61,22396,9.48%,14.07%,
104/06/25,-231,107,0,-124,15068,7237,61,22366,9.46%,14.05%,
104/06/24,-512,150,0,-362,15299,7130,61,22490,9.60%,14.12%,
104/06/23,-491,571,22,102,15841,6980,61,22882,9.94%,14.36%,
104/06/22,-203,152,5,-46,16332,6409,39,22780,10.25%,14.30%,
104/06/18,-78,0,0,-78,16535,6257,34,22826,10.38%,14.33%,
104/06/17,-305,0,0,-305,16613,6257,34,22904,10.43%,14.38%,
104/06/16,-293,0,0,-293,16918,6257,34,23209,10.62%,14.57%,
104/06/15,-470,0,0,-470,17211,6257,34,23502,10.81%,14.76%,
104/06/12,-498,458,1,-39,17681,6257,34,23972,11.10%,15.05%,
104/06/11,-184,0,-1,-185,18179,5799,33,24011,11.41%,15.07%,
104/06/10,-282,0,1,-281,18363,5799,34,24196,11.53%,15.19%,
104/06/09,-556,0,-4,-560,18645,5799,33,24477,11.71%,15.37%,
104/06/08,-627,49,0,-578,19201,5799,37,25037,12.06%,15.73%,
104/06/05,-629,156,-91,-564,19828,5750,37,25615,12.45%,16.09%,
104/06/04,-288,0,0,-288,20457,5594,128,26179,12.84%,16.44%,
104/06/03,92,0,-3,89,20745,5594,128,26467,13.03%,16.63%,
104/06/02,-536,0,-1,-537,20643,5594,131,26368,12.96%,16.56%,
104/06/01,-721,0,0,-721,21179,5594,132,26905,13.30%,16.90%,
104/05/29,-322,0,0,-322,21900,5594,132,27626,13.75%,17.35%,
104/05/28,-122,1,0,-121,22222,5594,132,27948,13.95%,17.55%,
104/05/27,-391,0,0,-391,22343,5593,132,28068,14.03%,17.63%,
104/05/26,-298,0,0,-298,22734,5593,132,28459,14.27%,17.87%,
104/05/25,-87,0,0,-87,23032,5593,132,28757,14.46%,18.06%,
104/05/22,-347,0,1,-346,23119,5593,132,28844,14.52%,18.12%,
104/05/21,-741,-220,-7,-968,23466,5593,131,29190,14.73%,18.33%,
104/05/20,-589,0,-1,-590,24207,5813,138,30158,15.20%,18.94%,
104/05/19,-17,26,-2,7,24786,5813,139,30738,15.56%,19.30%,
104/05/18,-503,0,0,-503,24803,5787,141,30731,15.57%,19.29%,
104/05/15,-10,333,-2,321,25306,5787,141,31234,15.89%,19.61%,
104/05/14,-594,0,-1,-595,25316,5454,143,30913,15.90%,19.42%,
104/05/13,-230,0,0,-230,25910,5454,144,31508,16.27%,19.79%,
104/05/12,-216,0,1,-215,26140,5454,144,31738,16.41%,19.93%,
104/05/11,109,492,0,601,26346,5454,143,31943,16.54%,20.06%,
104/05/08,173,0,0,173,26237,4962,143,31342,16.48%,19.69%,
104/05/07,-243,-51,0,-294,26064,4962,143,31169,16.37%,19.58%,
104/05/06,389,0,1,390,26307,5013,143,31463,16.52%,19.76%,
104/05/05,264,-309,-25,-70,25918,5013,142,31073,16.27%,19.51%,
104/05/04,484,-1033,1,-548,25654,5322,167,31143,16.11%,19.56%,
104/04/30,304,-1127,0,-823,25170,6355,166,31691,15.81%,19.91%,
104/04/29,73,-1133,4,-1056,24867,7482,166,32515,15.61%,20.42%,
104/04/28,156,-1,0,155,24794,8615,162,33571,15.57%,21.09%,
104/04/27,224,0,91,315,24638,8616,162,33416,15.47%,20.99%,
104/04/24,441,0,11,452,24414,8616,71,33101,15.33%,20.79%,
104/04/23,-205,305,0,100,23973,8616,60,32649,15.05%,20.51%,
104/04/22,513,0,-2,511,24178,8311,60,32549,15.18%,20.44%,
104/04/21,-87,0,0,-87,23665,8311,62,32038,14.86%,20.12%,
104/04/20,-351,90,2,-259,23772,8311,62,32145,14.93%,20.19%,
104/04/17,50,0,25,75,24123,8221,60,32404,15.15%,20.36%,
104/04/16,92,-421,-11,-340,24035,8221,35,32291,15.21%,20.40%,
104/04/15,362,-766,0,-404,23943,8642,46,32631,15.15%,20.61%,
104/04/14,118,464,0,582,23581,9408,46,33035,14.92%,20.86%,
104/04/13,-94,0,0,-94,23463,8944,46,32453,14.85%,20.50%,
104/04/10,1083,0,-10,1073,23557,8944,46,32547,14.91%,20.56%,
104/04/09,748,537,-19,1266,22474,8944,56,31474,14.22%,19.88%,
104/04/08,4,549,0,553,21726,8407,75,30208,13.75%,19.08%,
104/04/07,-251,-179,0,-430,21722,7858,75,29655,13.74%,18.73%,
104/04/02,-122,-276,30,-368,21973,8037,75,30085,13.90%,19.00%,
104/04/01,80,0,-2,78,22095,8313,45,30453,13.98%,19.24%,
104/03/31,-416,0,0,-416,22021,8313,47,30381,13.93%,19.19%,
104/03/30,62,0,2,64,22437,8615,47,31099,14.20%,19.65%,
104/03/27,184,1409,1,1594,22375,8615,45,31035,14.16%,19.60%,
104/03/26,-419,1629,1,1211,22191,7206,44,29441,14.04%,18.60%,
104/03/25,311,0,2,313,22610,5577,43,28230,14.31%,17.84%,
104/03/24,589,-1,-1,587,22299,5577,41,27917,14.11%,17.64%,
104/03/23,-273,-1,-56,-330,21710,5578,42,27330,13.74%,17.27%,
104/03/20,-26,313,5,292,21983,5579,98,27660,13.91%,17.48%,
104/03/19,-222,277,2,57,22009,5266,93,27368,13.93%,17.30%,
104/03/18,-171,1133,-66,896,22297,4989,91,27377,14.11%,17.30%,
104/03/17,83,390,15,488,22471,3856,157,26484,14.22%,16.74%,
104/03/16,-2,598,6,602,22591,3466,142,26199,14.29%,16.56%,
104/03/13,65,0,0,65,22593,2868,136,25597,14.29%,16.18%,
104/03/12,-251,0,0,-251,22528,2868,136,25532,14.25%,16.14%,
104/03/11,-984,0,1,-983,22785,2868,136,25789,14.42%,16.31%,
104/03/10,31,-111,99,19,23769,2868,135,26772,15.04%,16.93%,
104/03/09,-176,-1,-1,-178,23738,2979,36,26753,15.02%,16.92%,
104/03/06,-321,-227,-2,-550,23914,2980,37,26931,15.13%,17.03%,
104/03/05,-340,309,0,-31,24248,3207,39,27494,15.34%,17.38%,
104/03/04,-545,-34,0,-579,24585,2898,39,27522,15.56%,17.41%,
104/03/03,-80,-48,0,-128,25130,2932,39,28101,15.90%,17.77%,
104/03/02,-362,-345,1,-706,25204,2980,39,28223,15.95%,17.85%,
104/02/26,-871,-786,-7,-1664,25540,3325,38,28903,16.16%,18.27%,
104/02/25,-127,0,-1,-128,26217,4111,45,30373,16.59%,19.20%,
104/02/24,-200,0,0,-200,26933,4111,46,31090,17.04%,19.65%,
104/02/13,-50,-2,-1,-53,27133,4111,46,31290,17.17%,19.78%,
104/02/12,-167,0,0,-167,27184,4113,47,31344,17.20%,19.82%,
104/02/11,-108,0,0,-108,27351,4113,47,31511,17.31%,19.93%,
104/02/10,-330,0,6,-324,27459,4113,47,31619,17.37%,19.99%,
104/02/09,-311,0,0,-311,27585,4113,41,31739,17.45%,20.06%,
104/02/06,-104,0,0,-104,27896,4113,41,32050,17.65%,20.26%,
104/02/05,-391,0,0,-391,28000,4113,41,32154,17.72%,20.33%,
104/02/04,-203,0,0,-203,28391,4113,41,32545,17.96%,20.57%,
104/02/03,-197,0,0,-197,28439,4113,41,32593,17.99%,20.61%,
104/02/02,-104,-9,0,-113,28636,4113,41,32790,18.12%,20.74%,
104/01/30,-112,-4,0,-116,28740,4122,41,32903,18.19%,20.81%,
104/01/29,-210,-184,-23,-417,28852,4126,41,33019,18.26%,20.88%,
104/01/28,-83,-98,-45,-226,29062,4310,64,33436,18.39%,21.14%,
104/01/27,-42,0,10,-32,29145,4408,109,33662,18.44%,21.28%,
104/01/26,-142,0,-20,-162,29187,4408,99,33694,18.47%,21.31%,
104/01/23,-553,-422,25,-950,29329,4408,119,33856,18.56%,21.41%,
104/01/22,-131,-2,10,-123,29951,4830,94,34875,18.95%,22.05%,
104/01/21,-166,0,0,-166,30082,4832,84,34998,19.03%,22.13%,
104/01/20,-171,0,50,-121,30248,4832,84,35164,19.14%,22.24%,
104/01/19,-165,0,0,-165,30420,4832,34,35286,19.25%,22.31%,
104/01/16,-176,0,-1,-177,30548,4832,34,35414,19.33%,22.39%,
104/01/15,-29,0,0,-29,30723,4832,35,35590,19.44%,22.50%,
104/01/14,-287,0,0,-287,30752,4832,35,35619,19.46%,22.52%,
104/01/13,-597,0,0,-597,31039,4832,35,35906,19.64%,22.70%,
104/01/12,-319,0,0,-319,31453,4832,35,36320,19.90%,22.96%,
104/01/09,-803,0,2,-801,31772,4832,35,36639,20.10%,23.16%,
104/01/08,-526,0,0,-526,32575,4832,33,37440,20.61%,23.67%,
104/01/07,-265,0,0,-265,33091,4832,33,37956,20.94%,24.00%,
104/01/06,-251,0,0,-251,33356,4832,33,38221,21.11%,24.17%,
104/01/05,-513,0,0,-513,33607,4832,33,38472,21.27%,24.33%,
