日期,外資買賣超,投信買賣超,自營商買賣超,單日合計買賣超,外資估計持股,投信估計持股,自營商估計持股,單日合計估計持股,外資持股比重,三大法人持股比重,
107/03/31,-294,-22,-24,-340,1275326,13805,32752,1321883,33.01%,34.22%,
107/03/30,-1888,0,59,-1829,1275620,13827,32776,1322223,33.02%,34.23%,
107/03/29,-5473,0,15,-5458,1277158,13827,32717,1323702,33.06%,34.26%,
107/03/28,-3649,-220,-9,-3878,1282319,13827,32702,1328848,33.19%,34.39%,
107/03/27,-5001,1,-25,-5025,1284779,14047,32711,1331537,33.26%,34.47%,
107/03/26,-579,0,-17,-596,1288944,14046,32736,1335726,33.36%,34.57%,
107/03/23,-2094,0,105,-1989,1289319,14046,32753,1336118,33.37%,34.58%,
107/03/22,443,0,6,449,1291343,14046,32648,1338037,33.43%,34.64%,
107/03/21,-96,-388,-35,-519,1290744,14046,32642,1337432,33.41%,34.62%,
107/03/20,-648,-4,-15,-667,1290805,14434,32677,1337916,33.41%,34.63%,
107/03/19,498,-7,-88,403,1291610,14438,32692,1338740,33.43%,34.65%,
107/03/16,-377,-10,7,-380,1290994,14445,32780,1338219,33.42%,34.64%,
107/03/15,16,0,-25,-9,1291045,14455,32773,1338273,33.42%,34.64%,
107/03/14,472,0,182,654,1290947,14455,32798,1338200,33.42%,34.64%,
107/03/13,91,0,-39,52,1290463,14455,32616,1337534,33.40%,34.62%,
107/03/12,-692,1,64,-627,1290243,14455,32655,1337353,33.40%,34.62%,
107/03/09,-1127,-12,-16,-1155,1290918,14454,32591,1337963,33.42%,34.64%,
107/03/08,-1206,76,25,-1105,1292036,14466,32607,1339109,33.44%,34.66%,
107/03/07,-2522,14,-14,-2522,1293006,14390,32582,1339978,33.47%,34.69%,
107/03/06,-809,0,29,-780,1295196,14376,32596,1342168,33.53%,34.75%,
107/03/05,-1979,0,-21,-2000,1296127,14376,32567,1343070,33.55%,34.77%,
107/03/02,-816,2,88,-726,1298819,14376,32588,1345783,33.62%,34.84%,
107/03/01,-5475,0,-8,-5483,1299659,14374,32500,1346533,33.64%,34.85%,
107/02/27,-4699,0,-5,-4704,1305326,14374,32508,1352208,33.79%,35.00%,
107/02/26,-1250,2,-34,-1282,1310118,14374,32513,1357005,33.91%,35.12%,
107/02/23,-1284,6,-4,-1282,1311360,14372,32547,1358279,33.94%,35.15%,
107/02/22,-1238,0,17,-1221,1312644,14366,32551,1359561,33.98%,35.19%,
107/02/21,959,0,107,1066,1313920,14366,32534,1360820,34.01%,35.22%,
107/02/12,-5781,0,6,-5775,1312778,14366,32427,1359571,33.98%,35.19%,
107/02/09,-1727,-473,195,-2005,1319140,14366,32421,1365927,34.15%,35.36%,
107/02/08,-2085,-469,-45,-2599,1320521,14839,32226,1367586,34.18%,35.40%,
107/02/07,-5316,-16,-44,-5376,1322614,15308,32271,1370193,34.24%,35.47%,
107/02/06,-5422,0,519,-4903,1327936,15324,32315,1375575,34.37%,35.60%,
107/02/05,-562,0,-30,-592,1333290,15324,31796,1380410,34.51%,35.73%,
107/02/02,-455,50,-30,-435,1333810,15324,31826,1380960,34.53%,35.75%,
107/02/01,779,0,28,807,1334243,15274,31856,1381373,34.54%,35.76%,
107/01/31,-435,-9,130,-314,1333469,15274,31828,1380571,34.52%,35.74%,
107/01/30,-1746,0,261,-1485,1333904,15283,31698,1380885,34.53%,35.75%,
107/01/29,1020,0,-108,912,1335847,15283,31437,1382567,34.58%,35.79%,
107/01/26,-76,-160,-80,-316,1334977,15283,31545,1381805,34.56%,35.77%,
107/01/25,903,0,-39,864,1335052,15443,31625,1382120,34.56%,35.78%,
107/01/24,-2030,-14,-95,-2139,1334083,15443,31664,1381190,34.53%,35.75%,
107/01/23,-2485,0,-57,-2542,1336100,15457,31759,1383316,34.59%,35.81%,
107/01/22,-1794,-465,-176,-2435,1338506,15457,31816,1385779,34.65%,35.87%,
107/01/19,-1451,0,-238,-1689,1340290,15922,31992,1388204,34.69%,35.93%,
107/01/18,1236,0,-755,481,1341490,15922,32230,1389642,34.72%,35.97%,
107/01/17,-19,13,-698,-704,1340231,15922,32985,1389138,34.69%,35.96%,
107/01/16,1498,-1,-530,967,1340280,15909,33683,1389872,34.69%,35.97%,
107/01/15,602,-2,-210,390,1338782,15910,34213,1388905,34.65%,35.95%,
107/01/12,-199,0,-435,-634,1338180,15912,34423,1388515,34.64%,35.94%,
107/01/11,-1990,0,82,-1908,1338356,15912,34858,1389126,34.64%,35.95%,
107/01/10,-593,27,146,-420,1340513,15912,34776,1391201,34.70%,36.01%,
107/01/09,-2901,-326,108,-3119,1341106,15885,34630,1391621,34.72%,36.03%,
107/01/08,-40,9,196,165,1343950,16211,34522,1394683,34.79%,36.10%,
107/01/05,-2798,0,-56,-2854,1343797,16202,34326,1394325,34.78%,36.09%,
107/01/04,-294,-590,-119,-1003,1346480,16202,34382,1397064,34.85%,36.16%,
107/01/03,-5440,0,280,-5160,1346640,16792,34501,1397933,34.86%,36.19%,
107/01/02,-616,0,-55,-671,1352065,16792,34221,1403078,35.00%,36.32%,
106/12/29,-593,-20,257,-356,1352680,16792,34276,1403748,35.01%,36.33%,
106/12/28,175,-10,159,324,1353273,16205,34019,1403497,35.03%,36.33%,
106/12/27,-17,-14,160,129,1353111,16215,33860,1403186,35.03%,36.33%,
106/12/26,325,-11,27,341,1353065,16229,33700,1402994,35.02%,36.31%,
106/12/25,15,35,10,60,1352738,16240,33673,1402651,35.02%,36.31%,
106/12/22,312,9,15,336,1352682,16205,33663,1402550,35.01%,36.30%,
106/12/21,-2004,28,47,-1929,1352469,16196,33648,1402313,35.01%,36.30%,
106/12/20,1154,13,-8,1159,1354347,16168,33601,1404116,35.06%,36.35%,
106/12/19,-1737,0,9,-1728,1356446,16155,33609,1406210,35.11%,36.40%,
106/12/18,-566,75,-5,-496,1357869,16155,33600,1407624,35.15%,36.44%,
106/12/15,-1556,-169,-154,-1879,1358546,16080,33605,1408231,35.17%,36.46%,
106/12/14,126,15,115,256,1359784,16249,33759,1409792,35.20%,36.49%,
106/12/13,-60,-116,-18,-194,1359375,16234,33644,1409253,35.19%,36.48%,
106/12/12,1045,2,39,1086,1359362,16350,33662,1409374,35.19%,36.48%,
106/12/11,-2214,-12,118,-2108,1358418,16348,33623,1408389,35.16%,36.45%,
106/12/08,-2786,-24,157,-2653,1360665,16360,33505,1410530,35.22%,36.51%,
106/12/07,-773,-77,200,-650,1362732,16384,33348,1412464,35.27%,36.56%,
106/12/06,-5222,9,532,-4681,1363256,16461,33148,1412865,35.29%,36.57%,
106/12/05,-4372,244,91,-4037,1368542,16452,32616,1417610,35.43%,36.70%,
106/12/04,-4225,-230,-1,-4456,1372818,16208,32525,1421551,35.54%,36.80%,
106/12/01,-6820,-17,515,-6322,1376936,16438,32526,1425900,35.64%,36.91%,
106/11/30,-9277,-342,612,-9007,1383756,16455,32011,1432222,35.82%,37.07%,
106/11/29,-4528,-381,-126,-5035,1392995,16797,31399,1441191,36.06%,37.31%,
106/11/28,-1268,-5,-31,-1304,1397379,17178,31525,1446082,36.17%,37.43%,
106/11/27,-3232,-467,-36,-3735,1398523,17183,31556,1447262,36.20%,37.46%,
106/11/24,-2199,0,-25,-2224,1402847,17650,31592,1452089,36.31%,37.58%,
106/11/23,-5740,-4,-17,-5761,1405246,17650,31617,1454513,36.38%,37.66%,
106/11/22,154,0,55,209,1410498,17654,31634,1459786,36.51%,37.79%,
106/11/21,-1745,0,42,-1703,1410157,17654,31579,1459390,36.50%,37.77%,
106/11/20,-2488,0,14,-2474,1411413,17654,31537,1460604,36.54%,37.81%,
106/11/17,-2883,-14,-134,-3031,1413346,17654,31523,1462523,36.59%,37.86%,
106/11/16,-1667,28,-11,-1650,1415378,17668,31657,1464703,36.64%,37.92%,
106/11/15,-21837,-300,-257,-22394,1416643,17640,31668,1465951,36.67%,37.95%,
106/11/14,-384,-5,742,353,1438469,17940,31925,1488334,37.24%,38.53%,
106/11/13,-179,-3,233,51,1438823,17945,31183,1487951,37.24%,38.51%,
106/11/10,-600,197,93,-310,1438987,17948,30950,1487885,37.25%,38.52%,
106/11/09,963,-7,-156,800,1439654,17751,30857,1488262,37.27%,38.53%,
106/11/08,-907,-94,18,-983,1438741,17758,31013,1487512,37.24%,38.50%,
106/11/07,-699,0,208,-491,1439551,17852,30995,1488398,37.26%,38.52%,
106/11/06,-499,63,117,-319,1440038,17852,30787,1488677,37.28%,38.54%,
106/11/03,1855,-251,343,1947,1440526,17789,30670,1488985,37.29%,38.54%,
106/11/02,867,0,306,1173,1438631,18040,30327,1486998,37.24%,38.49%,
106/11/01,-2566,197,123,-2246,1437764,18040,30021,1485825,37.22%,38.46%,
106/10/31,-566,0,265,-301,1440330,17843,29898,1488071,37.28%,38.52%,
106/10/30,-1257,0,396,-861,1440661,17843,29633,1488137,37.29%,38.52%,
106/10/27,-692,-85,128,-649,1441918,17843,29237,1488998,37.32%,38.54%,
106/10/26,-514,-1,178,-337,1442611,17928,29109,1489648,37.34%,38.56%,
106/10/25,-309,0,401,92,1443149,17929,28931,1490009,37.36%,38.57%,
106/10/24,-780,-3,295,-488,1443076,17929,28530,1489535,37.35%,38.55%,
106/10/23,86,-1,142,227,1443846,17932,28235,1490013,37.37%,38.57%,
106/10/20,-2561,0,91,-2470,1443790,17933,28093,1489816,37.37%,38.56%,
106/10/19,-90,29,580,519,1446350,17933,28002,1492285,37.44%,38.63%,
106/10/18,1470,-16,183,1637,1446441,17904,27422,1491767,37.44%,38.61%,
106/10/17,678,458,-514,622,1445048,17920,27239,1490207,37.41%,38.58%,
106/10/16,7462,57,822,8341,1444390,17462,27753,1489605,37.39%,38.56%,
106/10/13,-745,0,-38,-783,1437069,17405,26931,1481405,37.20%,38.35%,
106/10/12,-20,-100,-44,-164,1438236,17405,26969,1482610,37.23%,38.38%,
106/10/11,-1020,-4,-98,-1122,1438388,17505,27013,1482906,37.23%,38.38%,
106/10/06,-1366,0,-55,-1421,1439407,17509,27111,1484027,37.26%,38.42%,
106/10/05,-410,-42,6,-446,1441586,17509,27166,1486261,37.32%,38.48%,
106/10/03,200,-196,-250,-246,1441589,17551,27160,1486300,37.32%,38.48%,
106/10/02,174,-17,204,361,1441312,17747,27410,1486469,37.31%,38.48%,
106/09/30,207,0,-17,190,1441108,17764,27206,1486078,37.30%,38.46%,
106/09/29,-705,-17,-123,-845,1441378,20410,27223,1489011,37.31%,38.54%,
106/09/28,3950,4,195,4149,1441878,20427,27346,1489651,37.32%,38.56%,
106/09/27,-5172,-1605,2,-6775,1437941,20423,27151,1485515,37.22%,38.45%,
106/09/26,-2279,-487,61,-2705,1443105,22028,27149,1492282,37.36%,38.63%,
106/09/25,-4625,0,-134,-4759,1445325,22515,27088,1494928,37.41%,38.69%,
106/09/22,-2113,-42,-318,-2473,1449871,22515,27222,1499608,37.53%,38.82%,
106/09/21,-359,452,236,329,1451927,22557,27540,1502024,37.58%,38.88%,
106/09/20,-2058,310,-206,-1954,1452221,22105,27304,1501630,37.59%,38.87%,
106/09/19,-15,363,439,787,1453876,21795,27510,1503181,37.63%,38.91%,
106/09/18,-437,58,149,-230,1453602,21432,27071,1502105,37.63%,38.89%,
106/09/15,-3308,54,-32,-3286,1454017,21374,26922,1502313,37.64%,38.89%,
106/09/14,-1101,58,-186,-1229,1457273,21320,26954,1505547,37.72%,38.97%,
106/09/13,-88,4,435,351,1458340,21262,27140,1506742,37.75%,39.00%,
106/09/12,-1226,52,222,-952,1458366,21258,26705,1506329,37.75%,38.99%,
106/09/11,-1604,113,-37,-1528,1459649,21206,26483,1507338,37.78%,39.01%,
106/09/08,-1764,-136,-40,-1940,1461417,21093,26520,1509030,37.83%,39.06%,
106/09/07,-718,-631,-26,-1375,1463190,21229,26560,1510979,37.88%,39.12%,
106/09/06,-1089,-302,-249,-1640,1464539,21860,26586,1512985,37.91%,39.16%,
106/09/05,-1953,0,-111,-2064,1465169,22162,26835,1514166,37.93%,39.20%,
106/09/04,-647,-42,103,-586,1466639,22162,26946,1515747,37.96%,39.23%,
106/09/01,-1556,-3,-1,-1560,1467286,22204,26843,1516333,37.98%,39.25%,
106/08/31,-2172,0,-114,-2286,1468842,22207,26844,1517893,38.02%,39.29%,
106/08/30,-1563,0,-24,-1587,1470980,22207,26958,1520145,38.08%,39.35%,
106/08/29,-3265,-274,29,-3510,1472520,22207,26982,1521709,38.12%,39.39%,
106/08/28,-446,113,142,-191,1475786,22481,26953,1525220,38.20%,39.48%,
106/08/25,1391,-220,60,1231,1476327,22368,26811,1525506,38.22%,39.49%,
106/08/24,-739,-130,16,-853,1475157,22588,26751,1524496,38.19%,39.47%,
106/08/23,-1417,-141,-268,-1826,1480843,22718,26735,1530296,38.33%,39.61%,
106/08/22,-750,0,26,-724,1482261,22859,27003,1532123,38.37%,39.66%,
106/08/21,-992,-123,-57,-1172,1482680,22859,26977,1532516,38.38%,39.67%,
106/08/18,-1366,-257,-184,-1807,1483636,22982,27034,1533652,38.41%,39.70%,
106/08/17,-1417,-503,49,-1871,1480106,23239,27218,1530563,38.31%,39.62%,
106/08/16,-3834,-114,-78,-4026,1481891,23742,27169,1532802,38.36%,39.68%,
106/08/15,514,-697,46,-137,1486060,23856,27247,1537163,38.47%,39.79%,
106/08/14,-2312,-866,-318,-3496,1485454,24553,27201,1537208,38.45%,39.79%,
106/08/11,-7492,-1157,-150,-8799,1487745,25419,27519,1540683,38.51%,39.88%,
106/08/10,1614,109,-147,1576,1495227,26576,27669,1549472,38.71%,40.11%,
106/08/09,-892,20,-229,-1101,1493181,26467,27816,1547464,38.65%,40.06%,
106/08/08,1666,213,-246,1633,1494012,26447,28045,1548504,38.67%,40.08%,
106/08/07,907,193,-143,957,1492466,26234,28291,1546991,38.63%,40.04%,
106/08/04,4150,380,-56,4474,1491548,26041,28434,1546023,38.61%,40.02%,
106/08/03,1536,131,-228,1439,1487357,25661,28490,1541508,38.50%,39.90%,
106/08/02,4614,-2,-254,4358,1485724,25530,28718,1539972,38.46%,39.86%,
106/08/01,4025,152,-29,4148,1481036,25532,28972,1535540,38.34%,39.75%,
106/07/31,386,231,-1103,-486,1477011,25380,29001,1531392,38.23%,39.64%,
106/07/28,1257,348,1711,3316,1476660,25149,30104,1531913,38.22%,39.65%,
106/07/27,1396,0,116,1512,1475249,24801,28393,1528443,38.19%,39.57%,
106/07/26,1382,124,-237,1269,1473668,24801,28277,1526746,38.15%,39.52%,
106/07/25,1087,2225,181,3493,1471181,24677,28514,1524372,38.08%,39.46%,
106/07/24,-397,159,-29,-267,1469606,22452,28333,1520391,38.04%,39.35%,
106/07/21,1477,607,607,2691,1469908,22293,28362,1520563,38.05%,39.36%,
106/07/20,152,91,2,245,1468421,21686,27755,1517862,38.01%,39.29%,
106/07/19,678,0,23,701,1468259,21595,27753,1517607,38.01%,39.29%,
106/07/18,1009,13,-21,1001,1467571,21595,27730,1516896,37.99%,39.27%,
106/07/17,465,-0,-357,108,1466562,21582,27751,1515895,37.96%,39.24%,
106/07/14,559,-8,-141,410,1466045,21582,28108,1515735,37.95%,39.24%,
106/07/13,1209,-7,-20,1182,1465510,21590,28249,1515349,37.94%,39.23%,
106/07/12,1238,-7,-60,1171,1464281,21597,28269,1514147,37.90%,39.19%,
106/07/11,-370,0,-186,-556,1462991,21604,28329,1512924,37.87%,39.16%,
106/07/10,-441,-4,-118,-563,1463361,21604,28515,1513480,37.88%,39.18%,
106/07/07,-123,-12,-559,-694,1463802,21608,28633,1514043,37.89%,39.19%,
106/07/06,256,-6,-59,191,1463925,21620,29192,1514737,37.89%,39.21%,
106/07/05,-165,38,245,118,1463669,21626,29251,1514546,37.89%,39.21%,
106/07/04,-1233,-99,340,-992,1467834,21588,29006,1518428,38.00%,39.31%,
106/07/03,166,-135,-69,-38,1469253,21687,28666,1519606,38.03%,39.33%,
106/06/30,-587,5,-117,-699,1469086,21822,28735,1519643,38.03%,39.34%,
106/06/29,54,-2,-81,-29,1469844,19484,28852,1518180,38.05%,39.30%,
106/06/28,2718,-53,104,2769,1469790,19486,28933,1518209,38.05%,39.30%,
106/06/27,573,929,-58,1444,1467071,19539,28829,1515439,37.98%,39.23%,
106/06/26,2112,-6,-325,1781,1466498,18610,28887,1513995,37.96%,39.19%,
106/06/23,485,96,-51,530,1464978,18616,29212,1512806,37.92%,39.16%,
106/06/22,-396,-63,-170,-629,1464948,18520,29263,1512731,37.92%,39.16%,
106/06/21,1508,4,-391,1121,1462977,18583,29433,1510993,37.87%,39.11%,
106/06/20,287,40,132,459,1461462,18579,29824,1509865,37.83%,39.08%,
106/06/19,1386,220,-50,1556,1457862,18539,29692,1506093,37.74%,38.99%,
106/06/16,1539,-378,330,1491,1456476,18319,29742,1504537,37.70%,38.94%,
106/06/15,513,-148,9,374,1454919,18697,29412,1503028,37.66%,38.91%,
106/06/14,-401,-11,-61,-473,1455330,18845,29403,1503578,37.67%,38.92%,
106/06/13,-666,60,-10,-616,1456521,18856,29464,1504841,37.70%,38.95%,
106/06/12,-775,-115,-44,-934,1457822,18796,29474,1506092,37.74%,38.99%,
106/06/09,2155,73,335,2563,1458739,18911,29518,1507168,37.76%,39.01%,
106/06/08,-534,-1,-263,-798,1456616,18838,29183,1504637,37.71%,38.95%,
106/06/07,-3816,28,369,-3419,1457529,18839,29446,1505814,37.73%,38.98%,
106/06/06,-1388,21,178,-1189,1461346,18811,29077,1509234,37.83%,39.07%,
106/06/05,70,7,-23,54,1462890,18790,28899,1510579,37.87%,39.10%,
106/06/03,10,394,10,414,1462819,18783,28922,1510524,37.87%,39.11%,
106/06/02,406,-159,90,337,1462809,18389,28912,1510110,37.87%,39.09%,
106/06/01,-704,0,-69,-773,1462403,18548,28822,1509773,37.86%,39.09%,
106/05/31,2466,175,-45,2596,1463108,18548,28891,1510547,37.87%,39.10%,
106/05/26,872,2751,-440,3183,1460652,18373,28936,1507961,37.81%,39.03%,
106/05/25,-1008,-4,690,-322,1459601,15622,29376,1504599,37.78%,38.94%,
106/05/24,2796,0,202,2998,1460599,15626,28686,1504911,37.81%,38.96%,
106/05/23,175,0,36,211,1457804,15626,28484,1501914,37.74%,38.88%,
106/05/22,3111,-1,91,3201,1458837,15626,28448,1502911,37.76%,38.90%,
106/05/19,640,-20,272,892,1455716,15627,28357,1499700,37.68%,38.82%,
106/05/18,121,-4,333,450,1455075,15647,28085,1498807,37.67%,38.80%,
106/05/17,2037,-12,158,2183,1454945,15651,27752,1498348,37.66%,38.78%,
106/05/16,2718,444,-10,3152,1452870,15663,27594,1496127,37.61%,38.73%,
106/05/15,2289,152,63,2504,1450091,15219,27604,1492914,37.54%,38.65%,
106/05/12,1615,0,-56,1559,1447772,15067,27541,1490380,37.48%,38.58%,
106/05/11,507,0,-1,506,1446139,15067,27597,1488803,37.43%,38.53%,
106/05/10,1358,-21,19,1356,1445621,15067,27598,1488286,37.42%,38.52%,
106/05/09,-248,0,-25,-273,1444264,15088,27579,1486931,37.39%,38.49%,
106/05/08,328,0,-3,325,1444502,15088,27604,1487194,37.39%,38.50%,
106/05/05,857,0,-21,836,1444156,15088,27607,1486851,37.38%,38.49%,
106/05/04,78,-1,-20,57,1443299,15088,27628,1486015,37.36%,38.47%,
106/05/03,851,0,-114,737,1443208,15089,27648,1485945,37.36%,38.47%,
106/05/02,1616,-3,-41,1572,1442357,15089,27762,1485208,37.34%,38.45%,
106/04/28,-380,-6,-6,-392,1440835,15092,27803,1483730,37.30%,38.41%,
106/04/27,-1293,-23,-7,-1323,1441216,15098,27809,1484123,37.31%,38.42%,
106/04/26,-2996,1,-108,-3103,1442508,15121,27816,1485445,37.34%,38.45%,
106/04/25,1603,16,-11,1608,1445346,15120,27924,1488390,37.41%,38.52%,
106/04/24,1081,0,-155,926,1443713,15104,27935,1486752,37.37%,38.48%,
106/04/21,-122,0,25,-97,1442632,15104,28090,1485826,37.34%,38.46%,
106/04/20,-144,1,87,-56,1442754,15104,28065,1485923,37.35%,38.47%,
106/04/19,-793,0,-25,-818,1442919,15103,27978,1486000,37.35%,38.47%,
106/04/18,-595,1,56,-538,1443712,15103,28003,1486818,37.37%,38.49%,
106/04/17,695,0,-110,585,1444294,15102,27947,1487343,37.39%,38.50%,
106/04/14,1009,-10,104,1103,1444686,15102,28057,1487845,37.40%,38.52%,
106/04/13,1453,0,-38,1415,1443657,15112,27953,1486722,37.37%,38.48%,
106/04/12,484,-13,36,507,1442194,15112,27991,1485297,37.33%,38.45%,
106/04/11,389,0,-22,367,1441710,15125,27955,1484790,37.32%,38.44%,
106/04/10,3515,2,-39,3478,1441322,15125,27977,1484424,37.31%,38.43%,
106/04/07,-1033,-176,135,-1074,1437807,15123,28016,1480946,37.22%,38.34%,
106/04/06,1431,0,1,1432,1438839,15299,27881,1482019,37.25%,38.37%,
106/04/05,1839,-47,-575,1217,1437408,15299,27880,1480587,37.21%,38.33%,
106/03/31,-2616,81,203,-2332,1435569,15346,28455,1479370,37.16%,38.29%,
106/03/30,-2724,-94,353,-2465,1437085,14850,28252,1480187,37.20%,38.32%,
106/03/29,-10225,0,730,-9495,1439808,14944,27899,1482651,37.27%,38.38%,
106/03/28,1750,-600,-224,926,1450229,14944,27169,1492342,37.54%,38.63%,
106/03/27,1547,5,-91,1461,1448478,15544,27393,1491415,37.49%,38.60%,
106/03/24,341,-73,514,782,1446931,15539,27484,1489954,37.45%,38.56%,
106/03/23,336,-475,180,41,1446590,15612,26970,1489172,37.45%,38.55%,
106/03/22,-3604,0,531,-3073,1446253,16087,26790,1489130,37.44%,38.55%,
106/03/21,4595,43,-36,4602,1449858,16087,26259,1492204,37.53%,38.63%,
106/03/20,237,75,-25,287,1445263,16044,26295,1487602,37.41%,38.51%,
106/03/17,855,58,-191,722,1445026,15969,26320,1487315,37.41%,38.50%,
106/03/16,3497,11,147,3655,1444041,15911,26511,1486463,37.38%,38.48%,
106/03/15,511,-265,104,350,1440516,15900,26364,1482780,37.29%,38.38%,
106/03/14,3820,45,249,4114,1439986,16165,26260,1482411,37.27%,38.37%,
106/03/13,1209,15,190,1414,1436148,16120,26011,1478279,37.18%,38.27%,
106/03/10,1614,-4,-55,1555,1434939,16105,25821,1476865,37.14%,38.23%,
106/03/09,-875,90,68,-717,1433325,16109,25876,1475310,37.10%,38.19%,
106/03/08,-1452,0,89,-1363,1434199,16019,25808,1476026,37.13%,38.21%,
106/03/07,2018,279,82,2379,1435651,16019,25719,1477389,37.16%,38.24%,
106/03/06,600,0,-20,580,1433634,15740,25637,1475011,37.11%,38.18%,
106/03/03,981,15,-127,869,1433034,15740,25657,1474431,37.09%,38.16%,
106/03/02,2300,-214,342,2428,1432053,15725,25784,1473562,37.07%,38.14%,
106/03/01,61,-246,-63,-248,1429754,15939,25442,1471135,37.01%,38.08%,
106/02/24,716,-70,-172,474,1429692,16185,25505,1471382,37.01%,38.09%,
106/02/23,1544,-99,292,1737,1428976,16255,25677,1470908,36.99%,38.08%,
106/02/22,-1807,0,-12,-1819,1427432,16354,25385,1469171,36.95%,38.03%,
106/02/21,-2410,0,3,-2407,1429239,16354,25397,1470990,37.00%,38.08%,
106/02/20,-884,9,3,-872,1431649,16354,25394,1473397,37.06%,38.14%,
106/02/18,80,0,-8,72,1432533,16345,25391,1474269,37.08%,38.16%,
106/02/17,-2063,1,-128,-2190,1432453,16345,25399,1474197,37.08%,38.16%,
106/02/16,-954,-24,-50,-1028,1434716,16344,25527,1476587,37.14%,38.22%,
106/02/15,-7,0,-309,-316,1435670,16368,25577,1477615,37.16%,38.25%,
106/02/14,788,1,-59,730,1435677,16368,25886,1477931,37.16%,38.25%,
106/02/13,258,300,241,799,1434889,16367,25945,1477201,37.14%,38.24%,
106/02/10,-1427,0,39,-1388,1434631,16067,25704,1476402,37.14%,38.22%,
106/02/09,-3104,140,211,-2753,1436058,16067,25665,1477790,37.17%,38.25%,
106/02/08,-3274,0,580,-2694,1439162,15927,25454,1480543,37.25%,38.32%,
106/02/07,-2069,-38,329,-1778,1442388,15927,24874,1483189,37.34%,38.40%,
106/02/06,-269,0,-26,-295,1444351,15965,24545,1484861,37.39%,38.44%,
106/02/03,-1379,119,30,-1230,1444619,15965,24571,1485155,37.39%,38.44%,
106/02/02,-544,-40,751,167,1445998,15846,24541,1486385,37.43%,38.48%,
106/01/24,1068,3,-6,1065,1446286,15886,23790,1485962,37.44%,38.47%,
106/01/23,-630,0,-11,-641,1445241,15883,23796,1484920,37.41%,38.44%,
106/01/20,-855,100,3,-752,1445871,15883,23807,1485561,37.43%,38.46%,
106/01/19,855,125,-16,964,1446817,15783,23804,1486404,37.45%,38.47%,
106/01/18,-36,0,-84,-120,1445963,15658,23820,1485441,37.43%,38.45%,
106/01/17,823,0,-10,813,1445947,15658,23904,1485509,37.43%,38.45%,
106/01/16,1375,0,-6,1369,1445109,15658,23914,1484681,37.41%,38.43%,
106/01/13,1051,0,-23,1028,1443715,15658,23920,1483293,37.37%,38.39%,
106/01/12,1996,0,-1573,423,1442834,15658,23943,1482435,37.35%,38.38%,
106/01/11,1338,-36,-38,1264,1440608,15658,25516,1481782,37.29%,38.36%,
106/01/10,-1749,210,255,-1284,1439260,15694,25554,1480508,37.26%,38.33%,
106/01/09,2250,50,319,2619,1441009,15484,25299,1481792,37.30%,38.36%,
106/01/06,-3690,398,319,-2973,1438559,15434,24980,1478973,37.24%,38.29%,
106/01/05,-2193,456,366,-1371,1442249,15036,24661,1481946,37.33%,38.36%,
106/01/04,-1112,0,293,-819,1444443,14580,24295,1483318,37.39%,38.40%,
106/01/03,-327,0,-1,-328,1445554,14580,24002,1484136,37.42%,38.42%,
105/12/30,1877,1,-38,1840,1445881,14580,24003,1484464,37.43%,38.43%,
105/12/29,-242,-36,24,-254,1444256,14579,24041,1482876,37.39%,38.39%,
105/12/28,832,20,6,858,1444498,14615,24017,1483130,37.39%,38.39%,
105/12/27,-21,0,14,-7,1443666,14595,24011,1482272,37.37%,38.37%,
105/12/26,389,184,17,590,1443687,14595,23997,1482279,37.37%,38.37%,
105/12/23,-1179,12,58,-1109,1443298,14411,23980,1481689,37.36%,38.35%,
105/12/22,-387,-82,38,-431,1444477,14399,23922,1482798,37.39%,38.38%,
105/12/21,-651,0,237,-414,1444896,14481,23884,1483261,37.40%,38.39%,
105/12/20,-91,0,54,-37,1445547,14481,23647,1483675,37.42%,38.41%,
105/12/19,1034,0,70,1104,1445328,14481,23593,1483402,37.41%,38.40%,
105/12/16,519,99,-1650,-1032,1444152,14481,23523,1482156,37.38%,38.36%,
105/12/15,-286,200,43,-43,1443623,14382,25173,1483178,37.37%,38.39%,
105/12/14,941,0,-73,868,1443899,14182,25130,1483211,37.38%,38.40%,
105/12/13,-1146,0,-148,-1294,1443005,14182,25203,1482390,37.35%,38.37%,
105/12/12,-126,0,308,182,1444150,14182,25351,1483683,37.38%,38.40%,
105/12/09,-444,0,-54,-498,1444276,14182,25043,1483501,37.39%,38.41%,
105/12/08,-1328,0,9,-1319,1444720,14182,25097,1483999,37.40%,38.42%,
105/12/07,-673,48,-5,-630,1446048,14182,25088,1485318,37.43%,38.45%,
105/12/06,-141,0,46,-95,1446721,14134,25093,1485948,37.45%,38.47%,
105/12/05,-757,0,-5,-762,1446862,14134,25047,1486043,37.45%,38.46%,
105/12/02,-1293,0,-38,-1331,1447618,14134,25052,1486804,37.47%,38.48%,
105/12/01,-2455,0,742,-1713,1448911,14134,25090,1488135,37.51%,38.53%,
105/11/30,-1968,1,887,-1080,1451367,14134,24348,1489849,37.57%,38.57%,
105/11/29,-1754,-230,88,-1896,1453335,14133,23461,1490929,37.62%,38.59%,
105/11/28,-321,0,63,-258,1455089,14363,23373,1492825,37.67%,38.65%,
105/11/25,-177,0,6,-171,1455409,14363,23311,1493083,37.67%,38.65%,
105/11/24,-951,-11,0,-962,1455586,14363,23305,1493254,37.68%,38.66%,
105/11/23,-2011,0,-28,-2039,1456527,14374,23305,1494206,37.70%,38.68%,
105/11/22,-29,-523,116,-436,1458538,14374,23333,1496245,37.76%,38.74%,
105/11/21,-2715,0,-40,-2755,1458567,14897,23217,1496681,37.76%,38.75%,
105/11/18,-1062,-200,11,-1251,1461235,14897,23257,1499389,37.83%,38.82%,
105/11/17,-1905,-276,-209,-2390,1462296,15097,23246,1500639,37.85%,38.84%,
105/11/16,-1208,55,121,-1032,1464208,15373,23455,1503036,37.90%,38.91%,
105/11/15,-1726,0,43,-1683,1465648,15318,23334,1504300,37.94%,38.94%,
105/11/14,-4184,-100,134,-4150,1467374,15318,23291,1505983,37.98%,38.98%,
105/11/11,-5397,18,40,-5339,1471558,15418,23157,1510133,38.09%,39.09%,
105/11/10,-118,50,62,-6,1476955,15400,23117,1515472,38.23%,39.23%,
105/11/09,-1778,0,-128,-1906,1477073,15350,23055,1515478,38.24%,39.23%,
105/11/08,355,0,-17,338,1478851,15350,23183,1517384,38.28%,39.28%,
105/11/07,278,-4,24,298,1478496,15350,23200,1517046,38.27%,39.27%,
105/11/04,-586,0,-5,-591,1478231,15354,23176,1516761,38.27%,39.27%,
105/11/03,-677,0,22,-655,1478817,15354,23181,1517352,38.28%,39.28%,
105/11/02,-940,0,96,-844,1479493,15354,23159,1518006,38.30%,39.30%,
105/11/01,613,-1,10,622,1480433,15354,23063,1518850,38.32%,39.31%,
105/10/31,-1361,72,6,-1283,1479820,15355,23053,1518228,38.31%,39.30%,
105/10/28,-78,0,-36,-114,1481046,15283,23047,1519376,38.34%,39.33%,
105/10/27,-2939,116,73,-2750,1481124,15283,23083,1519490,38.34%,39.33%,
105/10/26,344,-25,58,377,1484063,15167,23010,1522240,38.42%,39.41%,
105/10/25,1807,1,14,1822,1483216,15192,22952,1521360,38.39%,39.38%,
105/10/24,-519,0,61,-458,1481409,15191,22938,1519538,38.35%,39.34%,
105/10/21,877,-23,-15,839,1481928,15191,22877,1519996,38.36%,39.35%,
105/10/20,-617,-15,33,-599,1480919,15214,22892,1519025,38.33%,39.32%,
105/10/19,1185,127,-28,1284,1481252,15229,22859,1519340,38.34%,39.33%,
105/10/18,-213,55,72,-86,1480238,15102,22887,1518227,38.32%,39.30%,
105/10/17,1984,0,80,2064,1480331,15047,22815,1518193,38.32%,39.30%,
105/10/14,899,0,-319,580,1478347,15047,22735,1516129,38.27%,39.25%,
105/10/13,-248,1,26,-221,1477448,15047,23054,1515549,38.24%,39.23%,
105/10/12,2090,0,62,2152,1477696,15046,23028,1515770,38.25%,39.24%,
105/10/11,1216,1,39,1256,1475606,15046,22966,1513618,38.20%,39.18%,
105/10/07,4770,0,79,4849,1474475,15045,22927,1512447,38.17%,39.15%,
105/10/06,1449,0,-3,1446,1469705,15045,22848,1507598,38.04%,39.02%,
105/10/05,3281,0,-32,3249,1468256,15045,22851,1506152,38.01%,38.99%,
105/10/04,1070,0,33,1103,1465111,15045,22883,1503039,37.93%,38.91%,
105/10/03,1322,0,41,1363,1464041,15045,22850,1501936,37.90%,38.88%,
105/09/30,-853,33,-68,-888,1462719,15045,22809,1500573,37.86%,38.84%,
105/09/29,6605,0,160,6765,1462110,24382,22877,1509369,37.85%,39.07%,
105/09/26,46,0,12,58,1455623,24382,22717,1502722,37.68%,38.90%,
105/09/23,2645,18,17,2680,1455563,24382,22705,1502650,37.68%,38.90%,
105/09/22,1022,370,197,1589,1452896,24364,22688,1499948,37.61%,38.83%,
105/09/21,427,352,69,848,1451793,23994,22491,1498278,37.58%,38.78%,
105/09/20,2250,0,195,2445,1451287,23642,22422,1497351,37.57%,38.76%,
105/09/19,5037,0,-54,4983,1449027,23642,22227,1494896,37.51%,38.70%,
105/09/14,-1553,-27,63,-1517,1443990,23642,22281,1489913,37.38%,38.57%,
105/09/13,-1,-9,72,62,1445543,23669,22218,1491430,37.42%,38.61%,
105/09/12,-265,9,-111,-367,1445677,23678,22146,1491501,37.42%,38.61%,
105/09/10,-515,0,-584,-1099,1445863,23669,22257,1491789,37.43%,38.62%,
105/09/09,-962,4,0,-958,1446378,23669,22841,1492888,37.44%,38.64%,
105/09/08,141,-4,101,238,1447330,23665,22841,1493836,37.47%,38.67%,
105/09/07,1071,6,247,1324,1446973,23669,22740,1493382,37.46%,38.66%,
105/09/06,3533,5,64,3602,1445623,23663,22493,1491779,37.42%,38.61%,
105/09/05,630,5,18,653,1441972,23658,22429,1488059,37.33%,38.52%,
105/09/02,3084,25,-31,3078,1441185,23653,22411,1487249,37.31%,38.50%,
105/09/01,-142,-1028,-175,-1345,1437997,23628,22442,1484067,37.22%,38.41%,
105/08/31,-5378,-140,-228,-5746,1438138,24656,22617,1485411,37.23%,38.45%,
105/08/30,-1143,-16,-41,-1200,1443754,24796,22845,1491395,37.37%,38.60%,
105/08/29,-2109,-32,-62,-2203,1444897,24812,22886,1492595,37.40%,38.63%,
105/08/26,-395,8,-48,-435,1447006,24844,22948,1494798,37.46%,38.70%,
105/08/25,2270,36,16,2322,1447505,24836,22996,1495337,37.47%,38.71%,
105/08/24,-1266,27,-102,-1341,1445236,24800,22980,1493016,37.41%,38.65%,
105/08/23,-1493,-2,184,-1311,1446502,24773,23082,1494357,37.44%,38.68%,
105/08/22,-1157,0,-69,-1226,1447995,24775,22898,1495668,37.48%,38.71%,
105/08/19,-753,-78,-42,-873,1449145,24775,22967,1496887,37.51%,38.75%,
105/08/18,-31,40,-55,-46,1449882,24853,23009,1497744,37.53%,38.77%,
105/08/17,771,6,-95,682,1449887,24813,23064,1497764,37.53%,38.77%,
105/08/16,2821,399,-173,3047,1449070,24807,23159,1497036,37.51%,38.75%,
105/08/15,245,3,156,404,1446229,24408,23332,1493969,37.44%,38.68%,
105/08/12,-1476,13,-35,-1498,1445984,24405,23176,1493565,37.43%,38.66%,
105/08/11,-699,-16,-112,-827,1447450,24392,23211,1495053,37.47%,38.70%,
105/08/10,-443,0,-150,-593,1448149,24408,23323,1495880,37.49%,38.73%,
105/08/09,-212,8,-76,-280,1448593,24408,23473,1496474,37.50%,38.74%,
105/08/08,-680,-249,-249,-1178,1448804,24400,23549,1496753,37.50%,38.74%,
105/08/05,603,-2,-206,395,1449384,24649,23798,1497831,37.52%,38.77%,
105/08/04,31,-1205,-375,-1549,1448781,24651,24004,1497436,37.50%,38.76%,
105/08/03,-1998,-147,-227,-2372,1448744,25856,24379,1498979,37.50%,38.80%,
105/08/02,-135,-3,-318,-456,1450742,26003,24606,1501351,37.55%,38.86%,
105/08/01,2469,0,-1605,864,1451328,26006,24924,1502258,37.57%,38.89%,
105/07/29,697,-7,1779,2469,1449317,26006,26529,1501852,37.52%,38.88%,
105/07/28,1955,-20,311,2246,1449012,26013,24750,1499775,37.51%,38.82%,
105/07/27,27,-2,-61,-36,1448041,26033,24439,1498513,37.48%,38.79%,
105/07/26,-256,49,313,106,1448538,26035,24500,1499073,37.50%,38.81%,
105/07/25,300,123,-85,338,1448577,25986,24187,1498750,37.50%,38.80%,
105/07/22,-3492,30,-95,-3557,1447651,25863,24272,1497786,37.47%,38.77%,
105/07/21,4718,-10,146,4854,1447031,25833,24367,1497231,37.46%,38.76%,
105/07/20,135,15,-43,107,1441261,25843,24221,1491325,37.31%,38.61%,
105/07/19,2557,17,-489,2085,1440114,25828,24264,1490206,37.28%,38.58%,
105/07/18,5476,-120,-261,5095,1437425,25811,24753,1487989,37.21%,38.52%,
105/07/15,5543,-7,-55,5481,1431113,25931,25014,1482058,37.05%,38.37%,
105/07/14,-2134,206,-37,-1965,1425437,25938,25069,1476444,36.90%,38.22%,
105/07/13,5644,0,-43,5601,1427537,25732,25106,1478375,36.95%,38.27%,
105/07/12,2665,-175,-123,2367,1422075,25732,25149,1472956,36.81%,38.13%,
105/07/11,2163,0,-68,2095,1419410,25907,25272,1470589,36.74%,38.06%,
105/07/07,2790,-17,39,2812,1417227,25907,25340,1468474,36.69%,38.02%,
105/07/06,-617,-24,-48,-689,1414436,25924,25301,1465661,36.61%,37.94%,
105/07/05,-354,212,-156,-298,1415054,25948,25349,1466351,36.63%,37.96%,
105/07/04,1123,0,-236,887,1415389,25736,25505,1466630,36.64%,37.97%,
105/07/01,1423,-416,246,1253,1414252,25736,25741,1465729,36.61%,37.94%,
105/06/30,1284,176,-16,1444,1412829,26152,25495,1464476,36.57%,37.91%,
105/06/29,881,0,10,891,1411545,24744,25511,1461800,36.54%,37.84%,
105/06/28,73,1,4,78,1410841,24744,25501,1461086,36.52%,37.82%,
105/06/27,-507,55,202,-250,1411550,24743,25497,1461790,36.54%,37.84%,
105/06/24,1340,97,-193,1244,1412047,24688,25295,1462030,36.55%,37.84%,
105/06/23,2641,610,178,3429,1410499,24591,25488,1460578,36.51%,37.81%,
105/06/22,3180,0,69,3249,1407858,23981,25310,1457149,36.44%,37.72%,
105/06/21,-600,610,61,71,1404932,23981,25241,1454154,36.37%,37.64%,
105/06/20,2786,165,48,2999,1404080,23371,25180,1452631,36.35%,37.61%,
105/06/17,990,32,171,1193,1401184,23206,25132,1449522,36.27%,37.52%,
105/06/16,1534,-18,146,1662,1400100,23174,24961,1448235,36.24%,37.49%,
105/06/15,1468,-56,90,1502,1398872,23192,24815,1446879,36.21%,37.45%,
105/06/14,852,0,28,880,1397585,23248,24725,1445558,36.18%,37.42%,
105/06/13,2436,-21,-72,2343,1396739,23248,24697,1444684,36.16%,37.40%,
105/06/08,2538,0,-60,2478,1394438,23269,24769,1442476,36.10%,37.34%,
105/06/07,2296,-4,89,2381,1392074,23269,24829,1440172,36.03%,37.28%,
105/06/06,958,-9,-20,929,1390043,23273,24740,1438056,35.98%,37.22%,
105/06/04,86,0,-18,68,1389048,23282,24760,1437090,35.96%,37.20%,
105/06/03,1045,0,-48,997,1389098,23282,24778,1437158,35.96%,37.20%,
105/06/02,-1180,-26,-123,-1329,1388292,23282,24826,1436400,35.94%,37.19%,
105/06/01,1409,-155,3,1257,1389514,23308,24949,1437771,35.97%,37.22%,
105/05/31,525,-2,-17,506,1388215,23463,24946,1436624,35.93%,37.18%,
105/05/30,1380,9,-32,1357,1388436,23465,24963,1436864,35.94%,37.19%,
105/05/27,325,0,91,416,1386954,23456,24995,1435405,35.90%,37.15%,
105/05/26,962,44,-56,950,1386919,23456,24904,1435279,35.90%,37.15%,
105/05/25,542,0,309,851,1385934,23412,24960,1434306,35.88%,37.13%,
105/05/24,2267,0,55,2322,1384990,23412,24651,1433053,35.85%,37.09%,
105/05/23,3339,35,28,3402,1382723,23412,24596,1430731,35.79%,37.03%,
105/05/20,215,-25,-34,156,1379351,23377,24568,1427296,35.71%,36.95%,
105/05/19,-132,0,-58,-190,1379175,23402,24602,1427179,35.70%,36.94%,
105/05/18,1376,0,122,1498,1378070,23402,24660,1426132,35.67%,36.91%,
105/05/17,1024,-125,49,948,1376599,23402,24538,1424539,35.63%,36.87%,
105/05/16,25,0,2,27,1376306,23527,24489,1424322,35.63%,36.87%,
105/05/13,1463,-24,143,1582,1376379,23527,24487,1424393,35.63%,36.87%,
105/05/12,1684,60,81,1825,1374865,23551,24344,1422760,35.59%,36.83%,
105/05/11,1241,265,-59,1447,1373042,23491,24263,1420796,35.54%,36.78%,
105/05/10,153,1,21,175,1371749,23226,24322,1419297,35.51%,36.74%,
105/05/09,-1318,23,48,-1247,1371850,23225,24301,1419376,35.51%,36.74%,
105/05/06,-1139,0,98,-1041,1373298,23202,24253,1420753,35.55%,36.78%,
105/05/05,-3586,-99,155,-3530,1374523,23202,24155,1421880,35.58%,36.81%,
105/05/04,-4596,-275,48,-4823,1378097,23301,24000,1425398,35.67%,36.89%,
105/05/03,-2381,35,60,-2286,1383813,23576,23952,1431341,35.82%,37.05%,
105/04/29,-3067,0,326,-2741,1386302,23541,23891,1433734,35.89%,37.12%,
105/04/28,-1523,0,-63,-1586,1389369,23541,23565,1436475,35.96%,37.18%,
105/04/27,1309,0,-77,1232,1390892,23541,23628,1438061,36.00%,37.22%,
105/04/26,629,0,79,708,1389898,23541,23705,1437144,35.98%,37.20%,
105/04/25,1004,0,-14,990,1389268,23541,23626,1436435,35.96%,37.18%,
105/04/22,789,0,54,843,1387685,23541,23640,1434866,35.92%,37.14%,
105/04/21,1216,18,39,1273,1386896,23541,23586,1434023,35.90%,37.12%,
105/04/20,466,0,-1,465,1385680,23523,23547,1432750,35.87%,37.09%,
105/04/19,3043,0,-41,3002,1385163,23523,23548,1432234,35.86%,37.08%,
105/04/18,983,0,6,989,1382120,23523,23589,1429232,35.78%,37.00%,
105/04/15,-569,-40,8,-601,1381137,23523,23583,1428243,35.75%,36.97%,
105/04/14,1584,-23,-9,1552,1381771,23563,23575,1428909,35.77%,36.99%,
105/04/13,1298,64,-17,1345,1380187,23586,23584,1427357,35.73%,36.95%,
105/04/12,1248,200,-91,1357,1378889,23522,23601,1426012,35.69%,36.91%,
105/04/11,71,0,13,84,1377642,23322,23692,1424656,35.66%,36.88%,
105/04/08,1335,0,-306,1029,1377783,23322,23679,1424784,35.66%,36.88%,
105/04/07,934,0,9,943,1376190,23322,23985,1423497,35.62%,36.84%,
105/04/06,-993,0,16,-977,1375434,23322,23976,1422732,35.60%,36.82%,
105/04/01,108,0,-48,60,1376427,23322,23960,1423709,35.63%,36.85%,
105/03/31,-1160,17,321,-822,1374550,23322,24008,1421880,35.58%,36.81%,
105/03/30,985,0,120,1105,1375607,24972,23687,1424266,35.61%,36.87%,
105/03/29,-194,0,85,-109,1374229,24972,23567,1422768,35.57%,36.83%,
105/03/28,140,0,-12,128,1374423,24972,23482,1422877,35.58%,36.83%,
105/03/25,83,-312,-142,-371,1373986,24972,23494,1422452,35.57%,36.82%,
105/03/24,1203,0,211,1414,1373903,25284,23636,1422823,35.56%,36.83%,
105/03/23,-589,0,-31,-620,1372497,25284,23425,1421206,35.53%,36.79%,
105/03/22,-303,0,-338,-641,1373086,25284,23456,1421826,35.54%,36.80%,
105/03/21,1742,-85,46,1703,1373337,25284,23794,1422415,35.55%,36.82%,
105/03/18,1093,1811,33,2937,1371432,25369,23748,1420549,35.50%,36.77%,
105/03/17,4063,0,-27,4036,1369973,23558,23715,1417246,35.46%,36.68%,
105/03/16,1458,-1,128,1585,1365740,23558,23742,1413040,35.35%,36.57%,
105/03/15,2519,-80,-64,2375,1364231,23559,23614,1411404,35.31%,36.53%,
105/03/14,2685,0,-11,2674,1362178,23639,23678,1409495,35.26%,36.48%,
105/03/11,4690,-4,-360,4326,1359517,23639,23689,1406845,35.19%,36.42%,
105/03/10,1171,-3,47,1215,1354730,23643,24049,1402422,35.07%,36.30%,
105/03/09,1826,-14,31,1843,1353720,23646,24002,1401368,35.04%,36.27%,
105/03/08,4183,11,-37,4157,1351798,23660,23971,1399429,34.99%,36.22%,
105/03/07,2961,-55,-12,2894,1347615,23649,24008,1395272,34.88%,36.11%,
105/03/04,-122,28,47,-47,1344519,23704,24020,1392243,34.80%,36.04%,
105/03/03,1926,36,-15,1947,1344515,23676,23973,1392164,34.80%,36.03%,
105/03/02,1061,-3,-71,987,1342505,23640,23988,1390133,34.75%,35.98%,
105/03/01,1247,0,140,1387,1341280,23643,24059,1388982,34.72%,35.95%,
105/02/26,887,63,-218,732,1340266,23643,23919,1387828,34.69%,35.92%,
105/02/25,139,-10,-37,92,1338867,23580,24137,1386584,34.66%,35.90%,
105/02/24,478,221,-132,567,1338323,23590,24174,1386087,34.64%,35.88%,
105/02/23,-344,-136,-131,-611,1337719,23369,24306,1385394,34.63%,35.86%,
105/02/22,131,0,-54,77,1338490,23505,24437,1386432,34.65%,35.89%,
105/02/19,1137,0,-117,1020,1338189,23505,24491,1386185,34.64%,35.88%,
105/02/18,1530,0,-35,1495,1336996,23505,24608,1385109,34.61%,35.86%,
105/02/17,1462,0,222,1684,1335460,23505,24643,1383608,34.57%,35.82%,
105/02/16,387,0,7,394,1334000,23505,24421,1381926,34.53%,35.77%,
105/02/15,1361,-1,198,1558,1333380,23505,24414,1381299,34.52%,35.76%,
105/02/03,-951,0,49,-902,1331786,23506,24216,1379508,34.47%,35.71%,
105/02/02,2092,0,-187,1905,1332934,23506,24167,1380607,34.50%,35.73%,
105/02/01,765,0,-5,760,1330776,23506,24354,1378636,34.45%,35.69%,
105/01/30,337,18,-52,303,1329752,23506,24359,1377617,34.42%,35.66%,
105/01/29,1548,2,-328,1222,1329415,23488,24411,1377314,34.41%,35.65%,
105/01/28,1726,-22,331,2035,1327690,23486,24739,1375915,34.37%,35.62%,
105/01/27,442,0,-24,418,1325867,23508,24408,1373783,34.32%,35.56%,
105/01/26,-1583,-2,-53,-1638,1326494,23508,24432,1374434,34.34%,35.58%,
105/01/25,2939,17,37,2993,1328000,23510,24485,1375995,34.38%,35.62%,
105/01/22,717,0,14,731,1325061,23493,24448,1373002,34.30%,35.54%,
105/01/21,-154,0,160,6,1324103,23493,24434,1372030,34.27%,35.51%,
105/01/20,-1647,-15,-567,-2229,1323548,23493,24274,1371315,34.26%,35.50%,
105/01/19,-1617,-6,30,-1593,1325195,23508,24841,1373544,34.30%,35.55%,
105/01/18,-622,-997,502,-1117,1326978,23514,24811,1375303,34.35%,35.60%,
105/01/15,-5270,-15,-94,-5379,1327522,24511,24309,1376342,34.36%,35.62%,
105/01/14,-1179,-59,25,-1213,1333146,24526,24403,1382075,34.51%,35.78%,
105/01/13,-718,-2,-2,-722,1334319,24585,24378,1383282,34.54%,35.81%,
105/01/12,994,-1661,-167,-834,1334724,24587,24380,1383691,34.55%,35.82%,
105/01/11,-1823,-191,-34,-2048,1333710,26248,24547,1384505,34.52%,35.84%,
105/01/08,1294,-200,33,1127,1335462,26439,24581,1386482,34.57%,35.89%,
105/01/07,-1586,-2,150,-1438,1334341,26639,24548,1385528,34.54%,35.87%,
105/01/06,-3718,0,17,-3701,1335927,26641,24398,1386966,34.58%,35.90%,
105/01/05,-230,-401,73,-558,1339645,26641,24381,1390667,34.68%,36.00%,
105/01/04,-3565,-126,68,-3623,1339875,27042,24308,1391225,34.68%,36.01%,
104/12/31,-771,0,25,-746,1343420,27168,24240,1394828,34.77%,36.10%,
104/12/30,-1490,0,50,-1440,1344191,27464,24215,1395870,34.79%,36.13%,
104/12/29,119,-39,7,87,1345681,27464,24165,1397310,34.83%,36.17%,
104/12/28,160,-39,1,122,1345891,27503,24158,1397552,34.84%,36.18%,
104/12/25,475,0,-3,472,1345731,27542,24157,1397430,34.83%,36.17%,
104/12/24,100,20,-20,100,1345256,27542,24160,1396958,34.82%,36.16%,
104/12/23,689,-45,-12,632,1345668,27522,24180,1397370,34.83%,36.17%,
104/12/22,-2233,9,32,-2192,1344979,27567,24192,1396738,34.82%,36.16%,
104/12/21,-109,13,-51,-147,1347202,27558,24160,1398920,34.87%,36.21%,
104/12/18,496,56,-145,407,1347400,27545,24211,1399156,34.88%,36.22%,
104/12/17,-321,28,118,-175,1346904,27489,24356,1398749,34.87%,36.21%,
104/12/16,-2971,29,98,-2844,1347225,27461,24238,1398924,34.87%,36.21%,
104/12/15,-1175,15,-25,-1185,1350287,27432,24140,1401859,34.95%,36.29%,
104/12/14,289,-2,60,347,1351462,27417,24165,1403044,34.98%,36.32%,
104/12/11,-271,10,-176,-437,1351173,27419,24105,1402697,34.98%,36.31%,
104/12/10,1234,-6,475,1703,1350118,27409,24281,1401808,34.95%,36.29%,
104/12/09,-582,0,0,-582,1349185,27415,23806,1400406,34.92%,36.25%,
104/12/08,-236,30,-44,-250,1349767,27415,23806,1400988,34.94%,36.27%,
104/12/07,3179,-34,16,3161,1349974,27385,23850,1401209,34.94%,36.27%,
104/12/04,-106,-32,-132,-270,1346751,27419,23834,1398004,34.86%,36.19%,
104/12/03,429,-69,-252,108,1346831,27451,23966,1398248,34.86%,36.19%,
104/12/02,2805,-48,478,3235,1346060,27520,24218,1397798,34.84%,36.18%,
104/12/01,3291,0,-100,3191,1343245,27568,23740,1394553,34.77%,36.10%,
104/11/30,-2570,1,-62,-2631,1339954,27568,23840,1391362,34.69%,36.02%,
104/11/27,108,0,60,168,1342524,27567,23902,1393993,34.75%,36.08%,
104/11/26,1056,210,-7,1259,1342416,27567,23842,1393825,34.75%,36.08%,
104/11/25,-1251,0,40,-1211,1341285,27357,23849,1392491,34.72%,36.05%,
104/11/24,-358,0,101,-257,1342536,27357,23809,1393702,34.75%,36.07%,
104/11/23,315,0,144,459,1342894,27357,23708,1393959,34.76%,36.08%,
104/11/20,-235,0,-80,-315,1342579,27357,23564,1393500,34.75%,36.07%,
104/11/19,287,-801,63,-451,1342814,27357,23644,1393815,34.76%,36.08%,
104/11/18,-2557,0,5,-2552,1342527,28158,23581,1394266,34.75%,36.09%,
104/11/17,344,0,94,438,1345050,28158,23576,1396784,34.82%,36.16%,
104/11/16,-1892,0,30,-1862,1344900,28158,23482,1396540,34.81%,36.15%,
104/11/13,-3348,0,18,-3330,1346781,28158,23452,1398391,34.86%,36.20%,
104/11/12,-863,0,62,-801,1350091,28158,23434,1401683,34.95%,36.29%,
104/11/11,-2154,0,-39,-2193,1350859,28158,23372,1402389,34.97%,36.30%,
104/11/10,-2666,0,-3,-2669,1353090,28158,23411,1404659,35.03%,36.37%,
104/11/09,-95,36,134,75,1355756,28158,23414,1407328,35.09%,36.43%,
104/11/06,-2172,0,-100,-2272,1355851,28122,23280,1407253,35.10%,36.43%,
104/11/05,-1013,252,0,-761,1358023,28122,23380,1409525,35.15%,36.48%,
104/11/04,80,107,-73,114,1359036,27870,23380,1410286,35.18%,36.51%,
104/11/03,-104,6,-85,-183,1358956,27763,23453,1410172,35.18%,36.51%,
104/11/02,-757,-301,117,-941,1359190,27757,23538,1410485,35.18%,36.51%,
104/10/30,-2454,-54,82,-2426,1359947,28058,23421,1411426,35.20%,36.53%,
104/10/29,-3045,-1,63,-2983,1362530,28112,23339,1413981,35.27%,36.60%,
104/10/28,-859,0,-121,-980,1365575,28113,23276,1416964,35.35%,36.68%,
104/10/27,-210,0,-61,-271,1366903,28113,23397,1418413,35.38%,36.71%,
104/10/26,-921,0,159,-762,1366927,28113,23458,1418498,35.38%,36.72%,
104/10/23,-902,-195,-82,-1179,1367792,28113,23299,1419204,35.41%,36.74%,
104/10/22,1839,0,-140,1699,1368410,28308,23381,1420099,35.42%,36.76%,
104/10/21,929,0,21,950,1366557,28308,23521,1418386,35.37%,36.71%,
104/10/20,-2026,-80,-105,-2211,1365418,28308,23500,1417226,35.34%,36.68%,
104/10/19,-501,0,41,-460,1367443,28388,23605,1419436,35.40%,36.75%,
104/10/16,-1559,6,-492,-2045,1367637,28388,23564,1419589,35.40%,36.74%,
104/10/15,-662,-46,9,-699,1369132,28382,24056,1421570,35.44%,36.80%,
104/10/14,-2580,500,39,-2041,1370099,28428,24047,1422574,35.47%,36.83%,
104/10/13,-1601,80,-284,-1805,1372669,27928,24008,1424605,35.53%,36.87%,
104/10/12,-4322,161,349,-3812,1374187,27848,24292,1426327,35.57%,36.92%,
104/10/08,-4608,0,-132,-4740,1379209,27687,23943,1430839,35.70%,37.04%,
104/10/07,-3407,83,370,-2954,1383506,27687,24075,1435268,35.81%,37.15%,
104/10/06,-825,0,17,-808,1386795,27604,23705,1438104,35.90%,37.23%,
104/10/05,-1512,-194,263,-1443,1386607,27604,23688,1437899,35.89%,37.22%,
104/10/02,-2922,-448,-234,-3604,1388110,27798,23425,1439333,35.93%,37.26%,
104/10/01,-5238,588,127,-4523,1391227,28246,23659,1443132,36.01%,37.35%,
104/09/30,-1819,250,352,-1217,1396732,27658,23532,1447922,36.16%,37.49%,
104/09/25,-1843,0,89,-1754,1398319,39380,23180,1460879,36.20%,37.82%,
104/09/24,-2093,0,11,-2082,1399557,39380,23091,1462028,36.23%,37.85%,
104/09/23,-3235,0,-193,-3428,1401654,39380,23080,1464114,36.28%,37.90%,
104/09/22,-779,300,-93,-572,1404355,39380,23273,1467008,36.35%,37.97%,
104/09/21,-2499,18,2,-2479,1405134,39080,23366,1467580,36.37%,37.99%,
104/09/18,1343,-328,-52,963,1407338,39062,23364,1469764,36.43%,38.05%,
104/09/17,332,-22,-109,201,1406029,39390,23416,1468835,36.40%,38.03%,
104/09/16,-394,-21,241,-174,1407157,39412,23525,1470094,36.43%,38.06%,
104/09/15,-67,5,49,-13,1408771,39433,23284,1471488,36.47%,38.09%,
104/09/14,-877,4,-18,-891,1408703,39428,23235,1471366,36.47%,38.09%,
104/09/11,-136,11,9,-116,1409580,39424,23253,1472257,36.49%,38.11%,
104/09/10,777,194,-121,850,1409886,39413,23244,1472543,36.50%,38.12%,
104/09/09,2251,823,-23,3051,1409598,39219,23365,1472182,36.49%,38.11%,
104/09/08,-152,10,124,-18,1407413,38396,23388,1469197,36.43%,38.03%,
104/09/07,512,20,48,580,1407555,38386,23264,1469205,36.44%,38.04%,
104/09/04,-118,-81,-156,-355,1406841,38366,23216,1468423,36.42%,38.01%,
104/09/03,6,-229,-184,-407,1404189,38447,23372,1466008,36.35%,37.95%,
104/09/02,-1068,126,-64,-1006,1405238,38676,23556,1467470,36.38%,37.99%,
104/09/01,-1758,-34,-229,-2021,1406374,38550,23620,1468544,36.40%,38.01%,
104/08/31,1614,29,-125,1518,1407562,38584,23850,1469996,36.44%,38.06%,
104/08/28,1430,2,-34,1398,1405788,38555,23975,1468318,36.39%,38.01%,
104/08/27,-2118,-2,-133,-2253,1404526,38553,24009,1467088,36.36%,37.98%,
104/08/26,-566,271,-182,-477,1408045,38555,24142,1470742,36.45%,38.07%,
104/08/25,-1370,251,145,-974,1408831,38284,24324,1471439,36.47%,38.09%,
104/08/24,-2328,358,-80,-2050,1409932,38033,24179,1472144,36.50%,38.11%,
104/08/21,-612,4,-7,-615,1410716,37675,24259,1472650,36.52%,38.12%,
104/08/20,-765,-1060,-18,-1843,1411789,37671,24266,1473726,36.54%,38.14%,
104/08/19,-1488,-1216,-97,-2801,1412006,38731,24284,1475021,36.55%,38.18%,
104/08/18,-853,-7,-9,-869,1413450,39947,24381,1477778,36.59%,38.26%,
104/08/17,-1494,140,-7,-1361,1414327,39954,24390,1478671,36.61%,38.28%,
104/08/14,-3599,140,24,-3435,1415818,39814,24397,1480029,36.65%,38.31%,
104/08/13,393,8,59,460,1415913,39674,24373,1479960,36.65%,38.31%,
104/08/12,1210,-282,22,950,1415844,39666,24314,1479824,36.65%,38.31%,
104/08/11,-290,-97,-136,-523,1413399,39948,24292,1477639,36.59%,38.25%,
104/08/10,1135,10,-10,1135,1413327,40045,24428,1477800,36.58%,38.25%,
104/08/07,-1015,-114,80,-1049,1411803,40035,24438,1476276,36.55%,38.22%,
104/08/06,-536,-16,95,-457,1412818,40149,24358,1477325,36.57%,38.24%,
104/08/05,-1836,1,218,-1617,1413659,40165,24263,1478087,36.59%,38.26%,
104/08/04,-40,104,501,565,1414530,40164,24045,1478739,36.62%,38.28%,
104/08/03,-1796,-82,-181,-2059,1414305,40060,23544,1477909,36.61%,38.26%,
104/07/31,-2252,3,-168,-2417,1414817,40142,23725,1478684,36.62%,38.27%,
104/07/30,-3499,-589,-1,-4089,1417283,40139,23893,1481315,36.69%,38.35%,
104/07/29,-1021,19,-76,-1078,1420826,40728,23894,1485448,36.78%,38.45%,
104/07/28,-1924,203,600,-1121,1420849,40709,23970,1485528,36.78%,38.45%,
104/07/27,-1399,23,413,-963,1422764,40506,23370,1486640,36.83%,38.48%,
104/07/24,-1219,254,91,-874,1423920,40483,22957,1487360,36.86%,38.50%,
104/07/23,-1872,-39,78,-1833,1424052,40229,22866,1487147,36.86%,38.49%,
104/07/22,1599,0,143,1742,1425396,40268,22788,1488452,36.90%,38.53%,
104/07/21,1482,-63,58,1477,1423792,40268,22645,1486705,36.86%,38.49%,
104/07/20,1503,-119,24,1408,1422355,40331,22587,1485273,36.82%,38.45%,
104/07/17,-782,86,26,-670,1421851,40450,22563,1484864,36.81%,38.44%,
104/07/16,1241,-120,51,1172,1422641,40364,22537,1485542,36.83%,38.46%,
104/07/15,1369,215,-68,1516,1421386,40484,22486,1484356,36.79%,38.42%,
104/07/14,-2744,-179,-61,-2984,1419901,40269,22554,1482724,36.75%,38.38%,
104/07/13,-1388,-11,51,-1348,1422186,40448,22615,1485249,36.81%,38.44%,
104/07/09,-1527,-7,71,-1463,1423281,40459,22564,1486304,36.84%,38.47%,
104/07/08,-5184,0,-37,-5221,1425439,40466,22493,1488398,36.90%,38.53%,
104/07/07,-1000,0,-24,-1024,1430585,40466,22530,1493581,37.03%,38.66%,
104/07/06,-574,0,40,-534,1431195,40466,22554,1494215,37.05%,38.68%,
104/07/03,-3454,0,-81,-3535,1431017,40466,22514,1493997,37.04%,38.67%,
104/07/02,-592,3,-17,-606,1434374,40466,22595,1497435,37.13%,38.76%,
104/07/01,-601,0,42,-559,1434790,40463,22612,1497865,37.14%,38.77%,
104/06/30,-83,542,-53,406,1435733,40463,22570,1498766,37.16%,38.79%,
104/06/29,108,1,18,127,1435889,24625,22623,1483137,37.17%,38.39%,
104/06/26,-270,8,-8,-270,1436887,24624,22605,1484116,37.19%,38.41%,
104/06/25,-1580,11,33,-1536,1440510,24616,22613,1487739,37.29%,38.51%,
104/06/24,-1168,-21,67,-1122,1444906,24605,22580,1492091,37.40%,38.62%,
104/06/23,-1617,28,9,-1580,1449710,24626,22513,1496849,37.53%,38.75%,
104/06/22,-619,89,115,-415,1454042,24598,22504,1501144,37.64%,38.86%,
104/06/18,-1190,32,44,-1114,1455001,24509,22389,1501899,37.66%,38.87%,
104/06/17,-2819,0,137,-2682,1456193,24477,22345,1503015,37.69%,38.90%,
104/06/16,-1802,-415,52,-2165,1458946,24477,22208,1505631,37.77%,38.98%,
104/06/15,-1940,0,3,-1937,1460432,24892,22156,1507480,37.80%,39.02%,
104/06/12,-2244,-7,165,-2086,1464691,24892,22153,1511736,37.91%,39.13%,
104/06/11,-1574,0,121,-1453,1467969,24899,21988,1514856,38.00%,39.21%,
104/06/10,-3937,-1,111,-3827,1469677,24899,21867,1516443,38.04%,39.25%,
104/06/09,-1646,0,40,-1606,1473885,24900,21756,1520541,38.15%,39.36%,
104/06/08,-3313,0,-17,-3330,1475662,24900,21716,1522278,38.20%,39.41%,
104/06/05,-3177,-8,-143,-3328,1479297,24900,21733,1525930,38.29%,39.50%,
104/06/04,-3579,0,-139,-3718,1482457,24908,21876,1529241,38.37%,39.58%,
104/06/03,-660,-50,-53,-763,1485481,24908,22015,1532404,38.45%,39.66%,
104/06/02,-2361,0,78,-2283,1486141,24958,22068,1533167,38.47%,39.69%,
104/06/01,-2022,0,15,-2007,1488493,24958,21990,1535441,38.53%,39.75%,
104/05/29,-298,-79,64,-313,1490454,24958,21975,1537387,38.58%,39.80%,
104/05/28,-999,21,12,-966,1490752,25037,21911,1537700,38.59%,39.81%,
104/05/27,-1113,0,-8,-1121,1491774,25016,21899,1538689,38.62%,39.83%,
104/05/26,743,96,1,840,1492968,25016,21907,1539891,38.65%,39.86%,
104/05/25,924,0,127,1051,1492351,24920,21906,1539177,38.63%,39.84%,
104/05/22,-1474,-75,56,-1493,1491417,24920,21779,1538116,38.61%,39.82%,
104/05/21,-585,36,-56,-605,1492819,24995,21723,1539537,38.64%,39.85%,
104/05/20,-459,100,-241,-600,1493186,24959,21779,1539924,38.65%,39.86%,
104/05/19,777,5,-13,769,1493629,24859,22020,1540508,38.66%,39.87%,
104/05/18,-609,95,-31,-545,1492827,24854,22033,1539714,38.64%,39.85%,
104/05/15,1934,267,-53,2148,1493518,24759,22064,1540341,38.66%,39.87%,
104/05/14,1476,-1120,-137,219,1491584,24492,22117,1538193,38.61%,39.82%,
104/05/13,620,0,-36,584,1487691,25612,22254,1535557,38.51%,39.75%,
104/05/12,-1429,0,-42,-1471,1487064,25612,22290,1534966,38.49%,39.73%,
104/05/11,-310,1,58,-251,1488503,25612,22332,1536447,38.53%,39.77%,
104/05/08,-1191,0,72,-1119,1488813,25611,22274,1536698,38.54%,39.78%,
104/05/07,437,0,-37,400,1490001,25611,22202,1537814,38.57%,39.81%,
104/05/06,1254,0,-90,1164,1489645,25611,22239,1537495,38.56%,39.80%,
104/05/05,1347,258,-245,1360,1488544,25611,22329,1536484,38.53%,39.77%,
104/05/04,2247,1115,67,3429,1487951,25353,22574,1535878,38.52%,39.76%,
104/04/30,-500,19,-145,-626,1485720,24238,22507,1532465,38.46%,39.67%,
104/04/29,2694,-4,161,2851,1486118,24219,22652,1532989,38.47%,39.68%,
104/04/28,1331,-1,-90,1240,1483438,24223,22491,1530152,38.40%,39.61%,
104/04/27,3808,520,288,4616,1482098,24224,22581,1528903,38.37%,39.58%,
104/04/24,7294,-1,-80,7213,1478335,23704,22293,1524332,38.27%,39.46%,
104/04/23,3464,0,179,3643,1470983,23705,22373,1517061,38.08%,39.27%,
104/04/22,-408,-101,-239,-748,1467600,23705,22194,1513499,37.99%,39.18%,
104/04/21,1735,-15,-307,1413,1468184,23806,22433,1514423,38.00%,39.20%,
104/04/20,4157,77,452,4686,1466354,23821,22740,1512915,37.96%,39.17%,
104/04/17,-1976,-11,-89,-2076,1462464,23744,22288,1508496,37.86%,39.05%,
104/04/16,-765,-13,30,-748,1464161,23755,22377,1510293,37.90%,39.09%,
104/04/15,-1674,257,137,-1280,1464926,23768,22347,1511041,37.92%,39.11%,
104/04/14,-123,-8,19,-112,1467064,23511,22210,1512785,37.98%,39.16%,
104/04/13,-25,320,-19,276,1467187,23519,22191,1512897,37.98%,39.16%,
104/04/10,-3411,-7,66,-3352,1466712,23199,22210,1512121,37.97%,39.15%,
104/04/09,517,-8,58,567,1469323,23206,22144,1514673,38.03%,39.20%,
104/04/08,-3467,-88,-47,-3602,1468706,23214,22086,1514006,38.02%,39.19%,
104/04/07,-724,-215,-5,-944,1472239,23302,22133,1517674,38.11%,39.29%,
104/04/02,-180,119,-32,-93,1472963,23517,22138,1518618,38.13%,39.31%,
104/04/01,-3710,0,12,-3698,1473146,23398,22170,1518714,38.13%,39.31%,
104/03/31,1747,-172,-13,1562,1476805,23398,22158,1522361,38.23%,39.41%,
104/03/30,4293,0,-106,4187,1475054,25889,22171,1523114,38.18%,39.42%,
104/03/27,-1149,-59,23,-1185,1470853,25889,22277,1519019,38.07%,39.32%,
104/03/26,1903,0,77,1980,1472002,25948,22254,1520204,38.10%,39.35%,
104/03/25,-2043,-61,-247,-2351,1470496,25948,22177,1518621,38.06%,39.31%,
104/03/24,-2977,-2,79,-2900,1472539,26009,22424,1520972,38.12%,39.37%,
104/03/23,-1824,-74,-43,-1941,1475506,26011,22345,1523862,38.19%,39.44%,
104/03/20,281,-120,-44,117,1477291,26085,22388,1525764,38.24%,39.49%,
104/03/19,1960,-911,44,1093,1476814,26205,22432,1525451,38.23%,39.49%,
104/03/18,-1442,0,-94,-1536,1474551,27116,22388,1524055,38.17%,39.45%,
104/03/17,96,-6,-27,63,1475678,27116,22482,1525276,38.20%,39.48%,
104/03/16,-108,-96,57,-147,1475714,27122,22509,1525345,38.20%,39.48%,
104/03/13,-3117,-751,-18,-3886,1475830,27218,22452,1525500,38.20%,39.49%,
104/03/12,-237,-2181,-62,-2480,1478879,27969,22470,1529318,38.28%,39.59%,
104/03/11,-2844,-67,-89,-3000,1479084,30150,22532,1531766,38.29%,39.65%,
104/03/10,-776,-84,182,-678,1481827,30217,22621,1534665,38.36%,39.73%,
104/03/09,-772,-2,51,-723,1482603,30301,22439,1535343,38.38%,39.75%,
104/03/06,-489,-1367,51,-1805,1483369,30303,22388,1536060,38.40%,39.76%,
104/03/05,-3746,55,-79,-3770,1483673,31670,22337,1537680,38.41%,39.81%,
104/03/04,-497,-441,32,-906,1487645,31615,22416,1541676,38.51%,39.91%,
104/03/03,-339,-30,73,-296,1488142,32056,22384,1542582,38.52%,39.93%,
104/03/02,-1125,-67,42,-1150,1488480,32086,22311,1542877,38.53%,39.94%,
104/02/26,-335,-392,74,-653,1489608,32153,22269,1544030,38.56%,39.97%,
104/02/25,20,-390,-1,-371,1489943,32545,22195,1544683,38.57%,39.99%,
104/02/24,-1414,140,-17,-1291,1490468,32935,22196,1545599,38.58%,40.01%,
104/02/13,-812,767,-37,-82,1491882,32795,22213,1546890,38.62%,40.04%,
104/02/12,-83,31,20,-32,1492774,32028,22250,1547052,38.64%,40.05%,
104/02/11,-1429,0,17,-1412,1500766,31997,22230,1554993,38.85%,40.25%,
104/02/10,-1282,0,-6,-1288,1502427,31997,22213,1556637,38.89%,40.29%,
104/02/09,-1462,433,-9,-1038,1504147,31997,22219,1558363,38.94%,40.34%,
104/02/06,-3674,0,-29,-3703,1437616,31564,22228,1491408,37.21%,38.60%,
104/02/05,-8121,-45,-317,-8483,1449138,31564,22257,1502959,37.51%,38.90%,
104/02/04,3355,-92,365,3628,1440078,31609,22574,1494261,37.28%,38.68%,
104/02/03,983,0,140,1123,1436588,31701,22209,1490498,37.19%,38.59%,
104/02/02,851,-6,-23,822,1435594,31701,22069,1489364,37.16%,38.55%,
104/01/30,-3383,-504,-16,-3903,1434843,31707,22092,1488642,37.14%,38.53%,
104/01/29,-1905,-279,-35,-2219,1438179,32211,22108,1492498,37.23%,38.64%,
104/01/28,665,215,-203,677,1440084,32490,22143,1494717,37.28%,38.69%,
104/01/27,-1429,300,-46,-1175,1439419,32275,22346,1494040,37.26%,38.67%,
104/01/26,-548,0,-18,-566,1440858,31975,22392,1495225,37.30%,38.71%,
104/01/23,3420,772,185,4377,1441275,31975,22410,1495660,37.31%,38.72%,
104/01/22,1760,-38,-49,1673,1437752,31203,22225,1491180,37.22%,38.60%,
104/01/21,585,-90,-40,455,1436012,31241,22274,1489527,37.17%,38.56%,
104/01/20,-239,0,-72,-311,1435480,31331,22314,1489125,37.16%,38.55%,
104/01/19,2495,-1,-88,2406,1435607,31331,22386,1489324,37.16%,38.55%,
104/01/16,-1138,-70,16,-1192,1433102,31332,22474,1486908,37.10%,38.49%,
104/01/15,-617,89,36,-492,1434240,31402,22458,1488100,37.13%,38.52%,
104/01/14,-2368,0,-183,-2551,1435157,31313,22422,1488892,37.15%,38.54%,
104/01/13,1530,8,-34,1504,1437545,31313,22605,1491463,37.21%,38.61%,
104/01/12,-196,380,53,237,1436015,31305,22639,1489959,37.17%,38.57%,
104/01/09,1952,-165,242,2029,1436201,30925,22586,1489712,37.18%,38.57%,
104/01/08,1580,0,-7,1573,1434261,31090,22344,1487695,37.13%,38.51%,
104/01/07,-1465,-194,11,-1648,1432713,31090,22351,1486154,37.09%,38.47%,
104/01/06,710,-145,-262,303,1434482,31284,22340,1488106,37.13%,38.52%,
104/01/05,1102,-614,6,494,1433774,31429,22602,1487805,37.11%,38.51%,
