日期,外資買賣超,投信買賣超,自營商買賣超,單日合計買賣超,外資估計持股,投信估計持股,自營商估計持股,單日合計估計持股,外資持股比重,三大法人持股比重,
107/03/31,0,0,-1,-1,50514,1446,203,52163,13.21%,13.64%,
107/03/30,-24,-2,3,-23,50514,1446,204,52164,13.21%,13.64%,
107/03/29,-134,0,-2,-136,50538,1448,201,52187,13.22%,13.65%,
107/03/28,6,0,-1,5,50672,1448,203,52323,13.25%,13.68%,
107/03/27,42,-0,2,44,50667,1448,204,52319,13.25%,13.68%,
107/03/26,65,0,0,65,50625,1448,202,52275,13.24%,13.67%,
107/03/23,-72,0,-1,-73,50559,1448,202,52209,13.22%,13.65%,
107/03/22,164,0,-8,156,50631,1448,203,52282,13.24%,13.67%,
107/03/21,144,0,6,150,50476,1448,211,52135,13.20%,13.63%,
107/03/20,-34,-4,0,-38,50332,1448,205,51985,13.16%,13.59%,
107/03/19,-125,-3,-3,-131,50414,1452,205,52071,13.18%,13.61%,
107/03/16,-65,0,1,-64,50483,1455,208,52146,13.20%,13.64%,
107/03/15,-48,0,-1,-49,50548,1455,207,52210,13.22%,13.65%,
107/03/14,530,0,-8,522,50596,1455,208,52259,13.23%,13.67%,
107/03/13,271,-3,8,276,50066,1455,216,51737,13.09%,13.53%,
107/03/12,-66,0,0,-66,49795,1458,208,51461,13.02%,13.46%,
107/03/09,-389,0,2,-387,49861,1458,208,51527,13.04%,13.48%,
107/03/08,-581,-94,7,-668,50250,1458,206,51914,13.14%,13.58%,
107/03/07,1167,-46,99,1220,50830,1552,199,52581,13.29%,13.75%,
107/03/06,159,0,-1,158,49663,1598,100,51361,12.99%,13.43%,
107/03/05,-85,-27,0,-112,49504,1598,101,51203,12.94%,13.38%,
107/03/02,-81,1,0,-80,49570,1625,101,51296,12.96%,13.41%,
107/03/01,-65,0,0,-65,49651,1624,101,51376,12.98%,13.43%,
107/02/27,48,0,-17,31,49698,1624,101,51423,13.00%,13.45%,
107/02/26,29,150,0,179,49650,1624,118,51392,12.98%,13.44%,
107/02/23,-100,0,0,-100,49621,1474,118,51213,12.98%,13.40%,
107/02/22,15,-3,0,12,49721,1474,118,51313,13.00%,13.42%,
107/02/21,-251,0,-17,-268,49706,1477,118,51301,13.00%,13.42%,
107/02/12,-496,0,-3,-499,49957,1477,135,51569,13.06%,13.48%,
107/02/09,-18,0,-1,-19,50453,1477,138,52068,13.19%,13.61%,
107/02/08,-456,0,20,-436,50471,1477,139,52087,13.20%,13.62%,
107/02/07,-349,2,0,-347,50926,1477,119,52522,13.32%,13.74%,
107/02/06,-291,0,-1,-292,51275,1475,119,52869,13.41%,13.83%,
107/02/05,-188,0,-1,-189,51621,1475,120,53216,13.50%,13.92%,
107/02/02,-74,0,0,-74,51809,1475,121,53405,13.55%,13.97%,
107/02/01,-93,0,0,-93,51883,1475,121,53479,13.57%,13.99%,
107/01/31,-286,0,0,-286,51976,1475,121,53572,13.59%,14.01%,
107/01/30,-163,0,0,-163,52256,1475,121,53852,13.66%,14.08%,
107/01/29,-367,0,-13,-380,52420,1475,121,54016,13.71%,14.13%,
107/01/26,-349,-7,33,-323,52787,1475,134,54396,13.80%,14.22%,
107/01/25,-157,0,-3,-160,53136,1482,101,54719,13.89%,14.30%,
107/01/24,-80,-6,2,-84,53293,1482,104,54879,13.94%,14.35%,
107/01/23,-105,0,2,-103,53373,1488,102,54963,13.96%,14.38%,
107/01/22,-47,0,0,-47,53478,1488,100,55066,13.98%,14.40%,
107/01/19,-17,0,0,-17,53525,1488,100,55113,14.00%,14.42%,
107/01/18,-93,0,0,-93,53542,1488,100,55130,14.00%,14.42%,
107/01/17,110,0,-1,109,53635,1488,100,55223,14.03%,14.45%,
107/01/16,118,-6,-15,97,53525,1488,101,55114,14.00%,14.42%,
107/01/15,-49,0,0,-49,53407,1494,116,55017,13.97%,14.39%,
107/01/12,-222,0,0,-222,53456,1494,116,55066,13.98%,14.40%,
107/01/11,-738,0,-3,-741,53678,1494,116,55288,14.04%,14.46%,
107/01/10,-338,-6,-27,-371,54416,1494,119,56029,14.23%,14.65%,
107/01/09,-85,0,0,-85,54758,1500,146,56404,14.32%,14.75%,
107/01/08,-40,0,-92,-132,54843,1500,146,56489,14.34%,14.77%,
107/01/05,-154,-63,0,-217,54886,1500,238,56624,14.35%,14.80%,
107/01/04,-263,-48,17,-294,55130,1563,238,56931,14.42%,14.89%,
107/01/03,-119,0,-1,-120,55393,1611,221,57225,14.49%,14.97%,
107/01/02,-88,0,21,-67,55511,1611,222,57344,14.52%,15.00%,
106/12/29,27,-20,4,11,55599,1611,201,57411,14.54%,15.01%,
106/12/28,-176,-29,-1,-206,55572,1762,197,57531,14.53%,15.04%,
106/12/27,-26,2,3,-21,55748,1791,198,57737,14.58%,15.10%,
106/12/26,-8,0,-16,-24,55774,1789,195,57758,14.59%,15.11%,
106/12/25,-25,0,2,-23,55782,1789,211,57782,14.59%,15.11%,
106/12/22,-152,0,-2,-154,55807,1789,209,57805,14.59%,15.11%,
106/12/21,-166,0,2,-164,55959,1789,211,57959,14.63%,15.15%,
106/12/20,-165,0,-4,-169,56125,1789,209,58123,14.68%,15.20%,
106/12/19,-758,0,-4,-762,56253,1789,213,58255,14.71%,15.23%,
106/12/18,-450,0,-3,-453,57011,1789,217,59017,14.91%,15.43%,
106/12/15,-238,0,-14,-252,57461,1789,220,59470,15.03%,15.56%,
106/12/14,-152,0,2,-150,57699,1789,234,59722,15.09%,15.62%,
106/12/13,95,0,0,95,57851,1789,232,59872,15.13%,15.66%,
106/12/12,-76,0,-4,-80,57752,1789,232,59773,15.10%,15.63%,
106/12/11,27,0,-3,24,57802,1789,236,59827,15.12%,15.65%,
106/12/08,134,0,1,135,57760,1789,239,59788,15.10%,15.63%,
106/12/07,49,20,-5,64,57620,1789,238,59647,15.07%,15.60%,
106/12/06,-1105,14,-42,-1133,57559,1769,243,59571,15.05%,15.58%,
106/12/05,-133,178,-18,27,58658,1755,285,60698,15.34%,15.87%,
106/12/04,-319,0,-1,-320,58785,1577,303,60665,15.37%,15.86%,
106/12/01,-337,0,-3,-340,59037,1577,304,60918,15.44%,15.93%,
106/11/30,-181,0,-5,-186,59374,1577,307,61258,15.53%,16.02%,
106/11/29,-272,-2,-37,-311,59555,1577,312,61444,15.57%,16.06%,
106/11/28,-55,0,-2,-57,59775,1579,349,61703,15.63%,16.13%,
106/11/27,55,-10,1,46,59830,1579,351,61760,15.65%,16.15%,
106/11/24,-140,0,0,-140,59775,1589,350,61714,15.63%,16.14%,
106/11/23,-217,0,-4,-221,59915,1589,350,61854,15.67%,16.18%,
106/11/22,-1340,0,-9,-1349,60132,1589,354,62075,15.72%,16.23%,
106/11/21,327,0,-21,306,61472,1589,363,63424,16.08%,16.59%,
106/11/20,-206,0,-200,-406,61145,1589,384,63118,15.99%,16.51%,
106/11/17,60,10,0,70,61351,1589,584,63524,16.04%,16.61%,
106/11/16,-159,0,2,-157,61291,1579,584,63454,16.03%,16.60%,
106/11/15,-124,0,-9,-133,61440,1579,582,63601,16.07%,16.64%,
106/11/14,44,-1,-59,-16,61564,1579,591,63734,16.10%,16.67%,
106/11/13,-145,0,-46,-191,61520,1580,650,63750,16.09%,16.67%,
106/11/10,644,-550,-39,55,61665,1580,696,63941,16.13%,16.73%,
106/11/09,56,-250,-101,-295,61018,2130,735,63883,15.96%,16.71%,
106/11/08,350,-44,-41,265,60963,2380,836,64179,15.94%,16.78%,
106/11/07,-356,-300,-88,-744,60613,2424,877,63914,15.85%,16.71%,
106/11/06,-457,10,124,-323,60957,2724,965,64646,15.94%,16.91%,
106/11/03,189,0,-118,71,61414,2714,841,64969,16.06%,16.99%,
106/11/02,254,0,-188,66,61225,2714,959,64898,16.01%,16.97%,
106/11/01,1934,-1,166,2099,60971,2714,1147,64832,15.94%,16.95%,
106/10/31,4211,58,-30,4239,59037,2715,981,62733,15.44%,16.41%,
106/10/30,316,0,366,682,54826,2657,1011,58494,14.34%,15.30%,
106/10/27,229,0,-67,162,54509,2657,645,57811,14.25%,15.11%,
106/10/26,0,0,17,17,54280,2657,712,57649,14.19%,15.07%,
106/10/25,663,0,-39,624,54280,2657,695,57632,14.19%,15.07%,
106/10/24,564,499,10,1073,53616,2657,734,57007,14.02%,14.91%,
106/10/23,43,500,193,736,53053,2158,723,55934,13.87%,14.62%,
106/10/20,320,0,16,336,53009,1658,530,55197,13.86%,14.43%,
106/10/19,-70,-4,69,-5,52690,1658,514,54862,13.78%,14.35%,
106/10/18,19,0,-160,-141,52760,1662,445,54867,13.80%,14.35%,
106/10/17,413,0,283,696,52741,1662,605,55008,13.79%,14.38%,
106/10/16,-9,35,3,29,52328,1662,322,54312,13.68%,14.20%,
106/10/13,57,3,-12,48,52337,1627,319,54283,13.69%,14.20%,
106/10/12,-77,0,17,-60,52280,1624,331,54235,13.67%,14.18%,
106/10/11,131,120,23,274,52357,1624,314,54295,13.69%,14.20%,
106/10/06,-87,0,-5,-92,52226,1504,291,54021,13.66%,14.13%,
106/10/05,29,-2,20,47,52313,1504,296,54113,13.68%,14.15%,
106/10/03,-72,73,11,12,52284,1506,276,54066,13.67%,14.14%,
106/10/02,181,0,-1,180,52356,1433,265,54054,13.69%,14.13%,
106/09/30,0,0,-1,-1,52175,1433,266,53874,13.64%,14.08%,
106/09/29,4,0,-7,-3,52175,1477,267,53919,13.64%,14.10%,
106/09/28,-52,0,2,-50,52171,1477,274,53922,13.64%,14.10%,
106/09/27,-2,0,-0,-2,52223,1477,272,53972,13.66%,14.12%,
106/09/26,-161,0,-5,-166,52225,1477,272,53974,13.66%,14.12%,
106/09/25,-132,0,-2,-134,52386,1477,277,54140,13.70%,14.16%,
106/09/22,-58,0,1,-57,52518,1477,279,54274,13.73%,14.19%,
106/09/21,-155,0,7,-148,52576,1477,278,54331,13.75%,14.21%,
106/09/20,-318,0,-14,-332,52732,1477,271,54480,13.79%,14.25%,
106/09/19,5,0,-2,3,53050,1477,285,54812,13.87%,14.33%,
106/09/18,270,7,-9,268,53045,1477,287,54809,13.87%,14.33%,
106/09/15,127,2,11,140,52775,1470,296,54541,13.80%,14.26%,
106/09/14,41,18,8,67,52648,1468,285,54401,13.77%,14.23%,
106/09/13,-32,0,-21,-53,52607,1450,277,54334,13.76%,14.21%,
106/09/12,-96,0,4,-92,52639,1450,298,54387,13.76%,14.22%,
106/09/11,-302,0,0,-302,52735,1450,294,54479,13.79%,14.25%,
106/09/08,-51,-4,-81,-136,53037,1450,294,54781,13.87%,14.33%,
106/09/07,45,-150,-123,-228,53087,1454,375,54916,13.88%,14.36%,
106/09/06,-246,-120,-22,-388,53042,1604,499,55145,13.87%,14.42%,
106/09/05,-11,0,-14,-25,53288,1724,521,55533,13.93%,14.52%,
106/09/04,-46,-0,3,-43,53299,1724,535,55558,13.94%,14.53%,
106/09/01,-120,0,-9,-129,53309,1724,532,55565,13.94%,14.53%,
106/08/31,-78,0,11,-67,53429,1724,541,55694,13.97%,14.56%,
106/08/30,40,0,6,46,53507,1724,530,55761,13.99%,14.58%,
106/08/29,31,-0,-2,29,53468,1724,524,55716,13.98%,14.57%,
106/08/28,25,25,-24,26,53436,1724,526,55686,13.97%,14.56%,
106/08/25,-71,-57,-3,-131,53411,1699,550,55660,13.97%,14.56%,
106/08/24,25,-77,-1,-53,53483,1756,553,55792,13.99%,14.59%,
106/08/23,21,-59,-43,-81,53458,1833,554,55845,13.98%,14.60%,
106/08/22,91,46,9,146,53437,1892,597,55926,13.97%,14.62%,
106/08/21,-51,0,-120,-171,53346,1846,588,55780,13.95%,14.59%,
106/08/18,-109,0,-1,-110,53397,1846,708,55951,13.96%,14.63%,
106/08/17,-32,0,-6,-38,53506,1846,709,56061,13.99%,14.66%,
106/08/16,-29,0,2,-27,53538,1846,715,56099,14.00%,14.67%,
106/08/15,39,0,-29,10,53567,1846,713,56126,14.01%,14.68%,
106/08/14,-114,250,-43,93,53528,1846,742,56116,14.00%,14.68%,
106/08/11,-287,238,-2,-51,53642,1596,785,56023,14.03%,14.65%,
106/08/10,-189,0,-378,-567,53929,1358,787,56074,14.10%,14.66%,
106/08/09,-91,0,-20,-111,54118,1358,1165,56641,14.15%,14.81%,
106/08/08,-161,0,-181,-342,53947,1358,1185,56490,14.18%,14.85%,
106/08/07,-90,0,-238,-328,54108,1358,1366,56832,14.22%,14.93%,
106/08/04,193,1,-30,164,54198,1358,1604,57160,14.24%,15.01%,
106/08/03,241,0,-19,222,54056,1357,1634,57047,14.20%,14.98%,
106/08/02,238,-1,174,411,53814,1357,1653,56824,14.14%,14.93%,
106/08/01,676,20,-5,691,53526,1358,1479,56363,14.06%,14.80%,
106/07/31,6,-10,42,38,52850,1338,1484,55672,13.89%,14.63%,
106/07/28,-35,140,-41,64,52844,1348,1442,55634,13.89%,14.62%,
106/07/27,-63,147,35,119,52879,1208,1483,55570,13.89%,14.59%,
106/07/26,-23,147,6,130,52942,1061,1448,55451,13.91%,14.57%,
106/07/25,5,-4,1,2,52965,914,1442,55321,13.92%,14.54%,
106/07/24,149,0,0,149,52960,918,1441,55319,13.92%,14.54%,
106/07/21,2,0,5,7,52811,918,1441,55170,13.88%,14.50%,
106/07/20,-78,0,0,-78,52809,918,1436,55163,13.88%,14.50%,
106/07/19,-61,0,-37,-98,52887,918,1436,55241,13.90%,14.52%,
106/07/18,160,47,-166,41,52948,918,1473,55339,13.91%,14.54%,
106/07/17,-139,-0,-37,-176,52789,871,1639,55299,13.87%,14.53%,
106/07/14,-460,0,432,-28,52927,871,1676,55474,13.91%,14.58%,
106/07/13,-326,0,8,-318,53388,871,1244,55503,14.03%,14.58%,
106/07/12,-66,20,16,-30,53714,871,1236,55821,14.11%,14.66%,
106/07/11,31,10,15,56,53780,851,1220,55851,14.13%,14.67%,
106/07/10,95,-3,-75,17,53749,841,1205,55795,14.12%,14.66%,
106/07/07,-179,46,16,-117,53654,844,1280,55778,14.10%,14.66%,
106/07/06,495,149,-12,632,53833,798,1264,55895,14.15%,14.69%,
106/07/05,-34,0,-77,-111,53338,649,1276,55263,14.02%,14.53%,
106/07/04,813,0,30,843,53372,649,1353,55374,14.02%,14.55%,
106/07/03,-259,-20,0,-279,52559,649,1323,54531,13.81%,14.33%,
106/06/30,414,0,-301,113,52818,669,1323,54810,13.88%,14.40%,
106/06/29,-73,4,-50,-119,52404,84,1624,54112,13.77%,14.22%,
106/06/28,323,0,14,337,52477,80,1674,54231,13.79%,14.25%,
106/06/27,95,80,23,198,52154,80,1660,53894,13.70%,14.16%,
106/06/26,87,-120,41,8,52059,0,1637,53696,13.68%,14.11%,
106/06/23,497,-490,-33,-26,51971,69,1596,53636,13.66%,14.10%,
106/06/22,-414,0,-314,-728,51474,559,1629,53662,13.53%,14.11%,
106/06/21,938,0,284,1222,51889,559,1943,54391,13.63%,14.29%,
106/06/20,199,0,197,396,50951,559,1659,53169,13.39%,13.97%,
106/06/19,695,0,2,697,50752,559,1462,52773,13.34%,13.87%,
106/06/16,302,0,1,303,50057,559,1460,52076,13.15%,13.68%,
106/06/15,250,200,77,527,49755,559,1459,51773,13.07%,13.60%,
106/06/14,149,40,-28,161,49505,359,1382,51246,13.01%,13.47%,
106/06/13,761,80,0,841,49356,319,1410,51085,12.97%,13.42%,
106/06/12,385,0,-20,365,48622,239,1410,50271,12.78%,13.21%,
106/06/09,763,-20,150,893,48237,239,1430,49906,12.67%,13.11%,
106/06/08,2985,100,147,3232,47504,259,1280,49043,12.48%,12.88%,
106/06/07,385,0,14,399,44519,159,1133,45811,11.70%,12.04%,
106/06/06,-50,84,-91,-57,44134,159,1119,45412,11.60%,11.94%,
106/06/05,55,75,5,135,44184,75,1210,45469,11.61%,11.95%,
106/06/03,0,-100,22,-78,44129,0,1205,45334,11.59%,11.91%,
106/06/02,235,-410,55,-120,44129,0,1183,45312,11.59%,11.90%,
106/06/01,366,-250,1,117,43894,305,1128,45327,11.53%,11.91%,
106/05/31,75,-30,11,56,43528,555,1127,45210,11.44%,11.89%,
106/05/26,227,-171,60,116,43453,585,1116,45154,11.42%,11.87%,
106/05/25,398,-100,-38,260,43226,756,1056,45038,11.36%,11.84%,
106/05/24,-209,0,0,-209,42828,856,1094,44778,11.25%,11.77%,
106/05/23,1120,0,237,1357,43037,856,1094,44987,11.31%,11.83%,
106/05/22,594,0,137,731,41917,856,857,43630,11.01%,11.47%,
106/05/19,-469,0,-15,-484,41323,856,720,42899,10.86%,11.28%,
106/05/18,1277,0,268,1545,41792,856,735,43383,10.98%,11.40%,
106/05/17,-34,10,-84,-108,40515,856,467,41838,10.64%,10.99%,
106/05/16,626,0,-28,598,40549,846,551,41946,10.65%,11.02%,
106/05/15,295,0,-79,216,39922,846,579,41347,10.49%,10.87%,
106/05/12,289,0,-55,234,39627,846,658,41131,10.41%,10.81%,
106/05/11,545,0,-70,475,39338,846,713,40897,10.33%,10.74%,
106/05/10,989,0,-3,986,38793,846,783,40422,10.19%,10.62%,
106/05/09,413,-35,-80,298,37804,846,786,39436,9.93%,10.36%,
106/05/08,445,20,-16,449,37391,881,866,39138,9.82%,10.28%,
106/05/05,1013,-436,-173,404,36946,861,882,38689,9.71%,10.17%,
106/05/04,2023,0,241,2264,35933,1297,1055,38285,9.44%,10.07%,
106/05/03,486,40,-303,223,33737,1297,814,35848,8.97%,9.53%,
106/05/02,124,110,-138,96,33291,1257,1117,35665,8.85%,9.48%,
106/04/28,664,80,-211,533,33167,1147,1255,35569,8.82%,9.46%,
106/04/27,343,388,741,1472,32503,1067,1466,35036,8.65%,9.32%,
106/04/26,400,150,32,582,32160,679,725,33564,8.55%,8.92%,
106/04/25,70,0,-26,44,31760,529,693,32982,8.45%,8.78%,
106/04/24,-63,0,129,66,31690,529,719,32938,8.43%,8.76%,
106/04/21,-139,0,16,-123,31753,529,590,32872,8.45%,8.75%,
106/04/20,-50,0,0,-50,31892,529,574,32995,8.48%,8.77%,
106/04/19,-97,0,-24,-121,31942,529,574,33045,8.50%,8.79%,
106/04/18,-27,0,3,-24,32039,529,598,33166,8.52%,8.82%,
106/04/17,-35,0,-35,-70,32066,529,595,33190,8.53%,8.83%,
106/04/14,-72,0,33,-39,32101,529,630,33260,8.54%,8.85%,
106/04/13,-23,0,-11,-34,32173,529,597,33299,8.56%,8.86%,
106/04/12,-67,0,-1,-68,32196,529,608,33333,8.56%,8.86%,
106/04/11,-63,0,1,-62,32263,529,609,33401,8.58%,8.88%,
106/04/10,-208,0,-1,-209,32326,529,608,33463,8.60%,8.90%,
106/04/07,-96,0,13,-83,32535,529,609,33673,8.65%,8.95%,
106/04/06,-39,0,-16,-55,32631,529,596,33756,8.68%,8.98%,
106/04/05,-145,0,5,-140,32670,529,612,33811,8.69%,8.99%,
106/03/31,-4,0,10,6,32815,529,607,33951,8.73%,9.03%,
106/03/30,52,0,3,55,32819,1094,597,34510,8.73%,9.18%,
106/03/29,27,0,-12,15,32767,1094,594,34455,8.72%,9.17%,
106/03/28,119,0,1,120,32740,1094,606,34440,8.71%,9.16%,
106/03/27,46,0,16,62,32621,1094,605,34320,8.68%,9.13%,
106/03/24,146,0,-21,125,32575,1094,589,34258,8.66%,9.11%,
106/03/23,22,0,45,67,32429,1094,610,34133,8.63%,9.08%,
106/03/22,51,0,0,51,32407,1094,565,34066,8.62%,9.06%,
106/03/21,21,24,4,49,32356,1094,565,34015,8.61%,9.05%,
106/03/20,52,29,2,83,32335,1070,561,33966,8.60%,9.03%,
106/03/17,145,40,29,214,32449,1041,559,34049,8.63%,9.06%,
106/03/16,90,0,5,95,32304,1001,530,33835,8.59%,9.00%,
106/03/15,23,80,10,113,32238,1001,525,33764,8.57%,8.98%,
106/03/14,20,0,-2,18,32215,921,515,33651,8.57%,8.95%,
106/03/13,212,0,38,250,32195,921,517,33633,8.56%,8.94%,
106/03/10,-118,0,49,-69,31983,921,479,33383,8.51%,8.88%,
106/03/09,-99,0,-24,-123,32101,921,430,33452,8.54%,8.90%,
106/03/08,-22,0,-60,-82,32200,921,454,33575,8.56%,8.93%,
106/03/07,314,0,77,391,32222,921,514,33657,8.57%,8.95%,
106/03/06,-476,0,3,-473,31909,921,437,33267,8.49%,8.85%,
106/03/03,-550,0,-109,-659,32385,921,434,33740,8.61%,8.97%,
106/03/02,-210,0,-3,-213,32934,921,543,34398,8.76%,9.15%,
106/03/01,174,0,172,346,33144,921,546,34611,8.82%,9.21%,
106/02/24,-302,0,202,-100,32970,921,374,34265,8.77%,9.11%,
106/02/23,-197,0,-182,-379,33272,921,172,34365,8.85%,9.14%,
106/02/22,-209,0,8,-201,33469,921,354,34744,8.90%,9.24%,
106/02/21,17,-300,-8,-291,33678,921,346,34945,8.96%,9.30%,
106/02/20,-132,0,-21,-153,33662,1221,354,35237,8.95%,9.37%,
106/02/18,75,0,39,114,33794,1221,375,35390,8.99%,9.41%,
106/02/17,-149,-188,29,-308,33719,1221,336,35276,8.97%,9.38%,
106/02/16,-226,0,8,-218,33868,1409,307,35584,9.01%,9.47%,
106/02/15,-160,0,-49,-209,34094,1409,299,35802,9.07%,9.52%,
106/02/14,-408,0,238,-170,34254,1409,348,36011,9.11%,9.58%,
106/02/13,-322,0,32,-290,34661,1409,110,36180,9.22%,9.62%,
106/02/10,-155,0,7,-148,34983,1409,78,36470,9.31%,9.71%,
106/02/09,-675,0,3,-672,35138,1409,71,36618,9.35%,9.74%,
106/02/08,-607,-104,0,-711,35883,1409,68,37360,9.54%,9.93%,
106/02/07,-200,0,0,-200,36491,1513,68,38072,9.71%,10.13%,
106/02/06,-160,0,0,-160,36691,1513,68,38272,9.76%,10.18%,
106/02/03,-323,-36,-4,-363,36851,1513,68,38432,9.80%,10.22%,
106/02/02,54,0,1,55,37174,1549,72,38795,9.89%,10.32%,
106/01/24,40,0,0,40,37120,1549,71,38740,9.87%,10.30%,
106/01/23,-93,-33,-2,-128,37080,1549,71,38700,9.86%,10.29%,
106/01/20,-144,0,30,-114,37173,1581,73,38827,9.89%,10.33%,
106/01/19,-93,0,0,-93,37317,1581,43,38941,9.93%,10.36%,
106/01/18,-149,0,1,-148,37411,1581,43,39035,9.95%,10.38%,
106/01/17,-12,0,0,-12,37559,1581,42,39182,9.99%,10.42%,
106/01/16,-122,0,0,-122,37571,1581,42,39194,9.99%,10.42%,
106/01/13,-148,0,-18,-166,37693,1581,42,39316,10.03%,10.46%,
106/01/12,-25,-110,23,-112,37841,1581,60,39482,10.07%,10.51%,
106/01/11,40,0,2,42,37901,1691,37,39629,10.08%,10.54%,
106/01/10,-155,-150,0,-305,37861,1691,35,39587,10.07%,10.53%,
106/01/09,-80,0,0,-80,38016,1841,35,39892,10.11%,10.61%,
106/01/06,-390,-21,0,-411,38061,1841,35,39937,10.12%,10.62%,
106/01/05,-170,0,0,-170,38451,1862,35,40348,10.23%,10.73%,
106/01/04,-155,120,0,-35,38620,1862,35,40517,10.27%,10.77%,
106/01/03,-5,0,1,-4,38775,1742,35,40552,10.31%,10.78%,
105/12/30,-128,0,0,-128,38780,1742,34,40556,10.32%,10.79%,
105/12/29,-105,0,0,-105,38991,1742,34,40767,10.37%,10.84%,
105/12/28,-22,-30,-1,-53,39114,1742,34,40890,10.40%,10.87%,
105/12/27,28,0,0,28,39136,1772,35,40943,10.41%,10.89%,
105/12/26,118,-354,-20,-256,39108,1772,35,40915,10.40%,10.88%,
105/12/23,-336,-276,-60,-672,39000,2126,55,41181,10.37%,10.95%,
105/12/22,86,-229,0,-143,39336,2402,115,41853,10.46%,11.13%,
105/12/21,42,-167,1,-124,39250,2631,115,41996,10.44%,11.17%,
105/12/20,47,0,0,47,39208,2798,114,42120,10.43%,11.20%,
105/12/19,-233,0,-1,-234,39221,2798,114,42133,10.43%,11.20%,
105/12/16,-345,0,-1,-346,39480,2798,115,42393,10.50%,11.28%,
105/12/15,-168,0,0,-168,39825,2798,116,42739,10.59%,11.37%,
105/12/14,143,0,1,144,39993,2798,116,42907,10.64%,11.42%,
105/12/13,21,-300,0,-279,39850,2798,115,42763,10.60%,11.38%,
105/12/12,-110,0,2,-108,39830,3098,115,43043,10.60%,11.46%,
105/12/09,-310,0,40,-270,39940,3098,113,43151,10.62%,11.47%,
105/12/08,23,0,-10,13,40250,3098,73,43421,10.71%,11.55%,
105/12/07,78,-50,0,28,40227,3098,83,43408,10.70%,11.55%,
105/12/06,-425,0,-6,-431,40189,3148,83,43420,10.69%,11.55%,
105/12/05,212,0,0,212,40604,3148,89,43841,10.80%,11.66%,
105/12/02,-200,0,0,-200,40411,3148,89,43648,10.75%,11.61%,
105/12/01,27,0,0,27,40508,3148,89,43745,10.78%,11.64%,
105/11/30,211,-40,0,171,40481,3148,89,43718,10.77%,11.63%,
105/11/29,-141,0,1,-140,40270,3188,89,43547,10.71%,11.58%,
105/11/28,-187,0,0,-187,40411,3188,88,43687,10.75%,11.62%,
105/11/25,181,20,0,201,40698,3188,88,43974,10.83%,11.70%,
105/11/24,164,0,0,164,40557,3168,88,43813,10.79%,11.66%,
105/11/23,480,0,0,480,40393,3168,88,43649,10.74%,11.61%,
105/11/22,-401,0,20,-381,39913,3168,88,43169,10.62%,11.49%,
105/11/21,205,0,1,206,40365,3168,68,43601,10.74%,11.60%,
105/11/18,710,-50,0,660,40260,3168,67,43495,10.71%,11.57%,
105/11/17,1199,-302,-3,894,39387,3218,67,42672,10.48%,11.35%,
105/11/16,-64,-299,-8,-371,38188,3520,70,41778,10.16%,11.12%,
105/11/15,-93,0,-9,-102,38187,3819,78,42084,10.16%,11.20%,
105/11/14,99,0,8,107,38140,3819,87,42046,10.15%,11.19%,
105/11/11,556,0,1,557,38041,3819,79,41939,10.12%,11.16%,
105/11/10,286,-50,20,256,37485,3819,78,41382,9.97%,11.01%,
105/11/09,727,0,-71,656,37209,3869,58,41136,9.90%,10.95%,
105/11/08,750,354,-20,1084,36474,3869,129,40472,9.70%,10.76%,
105/11/07,707,193,83,983,35724,3515,149,39388,9.50%,10.48%,
105/11/04,493,0,-13,480,35037,3322,66,38425,9.32%,10.22%,
105/11/03,1182,145,-31,1296,34514,3322,79,37915,9.18%,10.09%,
105/11/02,420,79,4,503,33255,3177,110,36542,8.85%,9.72%,
105/11/01,1488,0,89,1577,32748,3098,106,35952,8.71%,9.56%,
105/10/31,933,49,-120,862,31260,3098,17,34375,8.31%,9.14%,
105/10/28,871,0,29,900,30327,3049,137,33513,8.07%,8.92%,
105/10/27,1159,54,50,1263,29456,3049,108,32613,7.83%,8.67%,
105/10/26,314,60,0,374,28344,2995,58,31397,7.54%,8.35%,
105/10/25,797,0,0,797,28030,2935,58,31023,7.45%,8.25%,
105/10/24,409,0,40,449,27233,2935,58,30226,7.24%,8.04%,
105/10/21,428,475,0,903,26824,2935,18,29777,7.13%,7.92%,
105/10/20,1416,-1,-39,1376,26396,2460,18,28874,7.02%,7.68%,
105/10/19,-163,0,44,-119,24980,2461,57,27498,6.64%,7.31%,
105/10/18,2040,0,-105,1935,24993,2461,13,27467,6.65%,7.31%,
105/10/17,1431,0,-104,1327,22955,2461,118,25534,6.10%,6.79%,
105/10/14,214,470,80,764,21614,2461,222,24297,5.75%,6.46%,
105/10/13,444,530,-40,934,21330,1991,142,23463,5.67%,6.24%,
105/10/12,835,480,5,1320,20832,1461,182,22475,5.54%,5.98%,
105/10/11,418,50,-70,398,19969,981,177,21127,5.31%,5.62%,
105/10/07,134,0,-3,131,19532,931,247,20710,5.19%,5.50%,
105/10/06,228,0,0,228,19398,931,250,20579,5.16%,5.47%,
105/10/05,395,30,-70,355,19170,931,250,20351,5.10%,5.41%,
105/10/04,235,105,20,360,18775,901,320,19996,4.99%,5.31%,
105/10/03,912,430,300,1642,18540,796,300,19636,4.93%,5.22%,
105/09/30,400,160,0,560,17638,366,0,18004,4.69%,4.79%,
105/09/29,855,0,-0,855,17238,786,0,18024,4.58%,4.79%,
105/09/26,393,150,0,543,16383,786,0,17169,4.36%,4.57%,
105/09/23,358,0,0,358,15989,636,0,16625,4.25%,4.42%,
105/09/22,443,155,0,598,15631,636,0,16267,4.16%,4.33%,
105/09/21,268,155,-37,386,15188,481,0,15669,4.04%,4.17%,
105/09/20,73,230,0,303,14920,326,0,15246,3.97%,4.06%,
105/09/19,325,0,0,325,14846,96,0,14942,3.95%,3.98%,
105/09/14,171,0,0,171,14621,96,0,14717,3.89%,3.92%,
105/09/13,70,0,0,70,14451,96,0,14547,3.84%,3.87%,
105/09/12,-14,0,0,-14,14381,96,0,14477,3.82%,3.85%,
105/09/10,0,0,0,0,14295,96,0,14391,3.80%,3.83%,
105/09/09,50,0,-0,50,14295,96,0,14391,3.80%,3.83%,
105/09/08,-323,0,0,-323,14245,96,0,14341,3.79%,3.82%,
105/09/07,109,0,0,109,14568,96,0,14664,3.87%,3.90%,
105/09/06,79,0,0,79,14459,96,0,14555,3.84%,3.87%,
105/09/05,33,0,0,33,14380,96,0,14476,3.82%,3.85%,
105/09/02,81,80,0,161,14347,96,0,14443,3.81%,3.84%,
105/09/01,60,0,0,60,14266,16,0,14282,3.79%,3.79%,
105/08/31,6,0,0,6,14196,16,0,14212,3.77%,3.77%,
105/08/30,-20,0,0,-20,14190,16,0,14206,3.77%,3.77%,
105/08/29,-78,0,0,-78,14210,16,0,14226,3.78%,3.78%,
105/08/26,41,0,0,41,14288,16,0,14304,3.80%,3.80%,
105/08/25,7,1,0,8,14247,16,0,14263,3.79%,3.79%,
105/08/24,35,0,0,35,14240,15,0,14255,3.78%,3.78%,
105/08/23,-38,0,0,-38,13881,15,0,13896,3.75%,3.75%,
105/08/22,-116,0,-2,-118,13919,15,0,13934,3.76%,3.76%,
105/08/19,-59,0,0,-59,14035,15,2,14052,3.79%,3.79%,
105/08/18,51,0,2,53,14094,15,2,14111,3.80%,3.80%,
105/08/17,38,0,0,38,14043,15,0,14058,3.79%,3.79%,
105/08/16,-67,0,0,-67,14005,15,0,14020,3.78%,3.78%,
105/08/15,21,0,-1,20,14072,15,0,14087,3.80%,3.80%,
105/08/12,39,0,0,39,14051,15,0,14066,3.79%,3.79%,
105/08/11,-20,0,0,-20,14012,15,0,14027,3.78%,3.78%,
105/08/10,-44,0,0,-44,14032,15,0,14047,3.79%,3.79%,
105/08/09,11,0,0,11,14077,15,0,14092,3.80%,3.80%,
105/08/08,-12,0,0,-12,14066,15,0,14081,3.80%,3.80%,
105/08/05,0,0,0,0,14078,15,0,14093,3.80%,3.80%,
105/08/04,-14,0,0,-14,14078,15,0,14093,3.80%,3.80%,
105/08/03,-10,0,-1,-11,14092,15,0,14107,3.80%,3.80%,
105/08/02,-3,0,-1,-4,14102,15,1,14118,3.81%,3.81%,
105/08/01,17,0,0,17,14105,15,2,14122,3.81%,3.81%,
105/07/29,9,-1,1,9,14088,15,2,14105,3.80%,3.80%,
105/07/28,23,0,-1,22,14079,16,1,14096,3.80%,3.80%,
105/07/27,12,0,-8,4,14056,16,2,14074,3.79%,3.79%,
105/07/26,15,0,8,23,14044,16,10,14070,3.79%,3.80%,
105/07/25,18,0,0,18,14029,16,3,14048,3.79%,3.80%,
105/07/22,56,-1,0,55,14011,16,3,14030,3.78%,3.79%,
105/07/21,130,-1,1,130,13955,17,3,13975,3.77%,3.78%,
105/07/20,55,0,0,55,13825,18,2,13845,3.73%,3.74%,
105/07/19,30,0,0,30,13770,18,2,13790,3.72%,3.73%,
105/07/18,51,0,0,51,13740,18,2,13760,3.71%,3.72%,
105/07/15,276,0,0,276,13689,18,2,13709,3.69%,3.70%,
105/07/14,110,0,0,110,13413,18,2,13433,3.62%,3.63%,
105/07/13,10,0,0,10,13303,18,2,13323,3.59%,3.60%,
105/07/12,114,0,0,114,13293,18,2,13313,3.59%,3.60%,
105/07/11,15,0,-2,13,13179,18,2,13199,3.56%,3.57%,
105/07/07,-1,0,0,-1,13164,18,4,13186,3.55%,3.56%,
105/07/06,-8,0,-1,-9,13165,18,4,13187,3.55%,3.56%,
105/07/05,-11,0,-1,-12,13173,18,5,13196,3.65%,3.66%,
105/07/04,-22,0,0,-22,13184,18,6,13208,3.65%,3.66%,
105/07/01,15,0,-44,-29,13206,18,6,13230,3.66%,3.67%,
105/06/30,10,0,44,54,13191,18,50,13259,3.56%,3.58%,
105/06/29,-10,0,2,-8,13181,13,6,13200,3.56%,3.57%,
105/06/28,14,0,0,14,13191,13,4,13208,3.56%,3.56%,
105/06/27,56,0,-2,54,13177,13,4,13194,3.56%,3.56%,
105/06/24,-26,0,-5,-31,13121,13,6,13140,3.54%,3.55%,
105/06/23,20,0,-2,18,13147,13,11,13171,3.55%,3.56%,
105/06/22,-22,0,0,-22,13127,13,13,13153,3.54%,3.55%,
105/06/21,0,0,2,2,13149,13,13,13175,3.55%,3.56%,
105/06/20,21,0,3,24,13149,13,11,13173,3.55%,3.56%,
105/06/17,-6,0,4,-2,13128,13,8,13149,3.54%,3.55%,
105/06/16,-47,0,0,-47,13134,13,4,13151,3.54%,3.54%,
105/06/15,-37,0,1,-36,13181,13,4,13198,3.56%,3.56%,
105/06/14,100,0,0,100,13218,13,3,13234,3.57%,3.57%,
105/06/13,19,0,0,19,13118,13,3,13134,3.54%,3.54%,
105/06/08,-26,0,0,-26,13099,13,3,13115,3.53%,3.53%,
105/06/07,3,0,0,3,13125,13,3,13141,3.54%,3.54%,
105/06/06,-14,0,0,-14,13122,13,3,13138,3.54%,3.54%,
105/06/04,0,0,0,0,13136,13,3,13152,3.54%,3.54%,
105/06/03,-1,0,0,-1,13136,13,3,13152,3.54%,3.54%,
105/06/02,-4,0,0,-4,13137,13,3,13153,3.55%,3.55%,
105/06/01,-1,0,0,-1,13141,13,3,13157,3.55%,3.55%,
105/05/31,-19,0,-1,-20,13142,13,3,13158,3.55%,3.55%,
105/05/30,-41,0,0,-41,13161,13,4,13178,3.55%,3.55%,
105/05/27,-12,0,0,-12,13202,13,4,13219,3.56%,3.56%,
105/05/26,-23,0,-3,-26,13214,13,4,13231,3.57%,3.57%,
105/05/25,-4,0,0,-4,13237,13,7,13257,3.57%,3.58%,
105/05/24,-22,0,0,-22,13241,13,7,13261,3.57%,3.58%,
105/05/23,40,0,1,41,13263,13,7,13283,3.58%,3.59%,
105/05/20,4,0,0,4,13223,13,6,13242,3.57%,3.58%,
105/05/19,6,0,0,6,13219,13,6,13238,3.57%,3.58%,
105/05/18,-6,0,0,-6,13259,13,6,13278,3.58%,3.59%,
105/05/17,-21,0,1,-20,13265,13,6,13284,3.58%,3.59%,
105/05/16,-1,0,-1,-2,13286,13,5,13304,3.59%,3.59%,
105/05/13,6,0,0,6,13287,13,6,13306,3.59%,3.60%,
105/05/12,4,0,0,4,13281,13,6,13300,3.58%,3.59%,
105/05/11,-18,0,0,-18,13277,13,6,13296,3.58%,3.59%,
105/05/10,-2,0,-1,-3,13295,13,6,13314,3.59%,3.60%,
105/05/09,13,0,-1,12,13297,13,7,13317,3.59%,3.60%,
105/05/06,-8,0,0,-8,13285,13,8,13306,3.58%,3.59%,
105/05/05,2,0,3,5,13293,13,8,13314,3.59%,3.60%,
105/05/04,6,0,0,6,13291,13,5,13309,3.59%,3.59%,
105/05/03,-48,0,0,-48,13285,13,5,13303,3.58%,3.58%,
105/04/29,5,0,0,5,13333,13,5,13351,3.60%,3.60%,
105/04/28,-94,0,0,-94,13328,13,5,13346,3.60%,3.60%,
105/04/27,-66,0,0,-66,13422,13,5,13440,3.62%,3.62%,
105/04/26,-94,0,0,-94,13488,13,5,13506,3.64%,3.64%,
105/04/25,-5,0,0,-5,13582,13,5,13600,3.67%,3.67%,
105/04/22,-33,0,0,-33,13587,13,5,13605,3.67%,3.67%,
105/04/21,-27,0,0,-27,13570,13,5,13588,3.66%,3.66%,
105/04/20,-27,0,0,-27,13597,13,5,13615,3.67%,3.67%,
105/04/19,-37,0,0,-37,13624,13,5,13642,3.68%,3.68%,
105/04/18,16,0,0,16,13661,13,5,13679,3.69%,3.69%,
105/04/15,-104,-4,0,-108,13645,13,5,13663,3.68%,3.68%,
105/04/14,-1,0,0,-1,13749,17,5,13771,3.71%,3.72%,
105/04/13,-23,0,-0,-23,13750,17,5,13772,3.71%,3.72%,
105/04/12,-21,0,0,-21,13773,17,5,13795,3.72%,3.73%,
105/04/11,23,0,1,24,13794,17,5,13816,3.72%,3.73%,
105/04/08,1,0,1,2,13771,17,4,13792,3.72%,3.73%,
105/04/07,6,0,1,7,13770,17,3,13790,3.72%,3.73%,
105/04/06,-2,0,0,-2,13764,17,2,13783,3.71%,3.72%,
105/04/01,0,0,-1,-1,13766,17,2,13785,3.71%,3.72%,
105/03/31,6,0,1,7,13766,17,3,13786,3.71%,3.72%,
105/03/30,7,0,-0,7,13760,2,2,13764,3.73%,3.73%,
105/03/29,-21,0,0,-21,13753,2,2,13757,3.73%,3.73%,
105/03/28,-49,0,1,-48,13774,2,2,13778,3.73%,3.73%,
105/03/25,11,0,0,11,13823,2,1,13826,3.75%,3.75%,
105/03/24,15,0,-1,14,13812,2,1,13815,3.74%,3.74%,
105/03/23,-73,0,1,-72,13797,2,2,13801,3.74%,3.74%,
105/03/22,-22,0,-13,-35,13870,2,1,13873,3.76%,3.76%,
105/03/21,13,0,0,13,13892,2,14,13908,3.77%,3.77%,
105/03/18,-10,0,0,-10,13879,2,14,13895,3.76%,3.76%,
105/03/17,-38,0,0,-38,13912,2,14,13928,3.77%,3.77%,
105/03/16,6,0,2,8,13950,2,14,13966,3.78%,3.78%,
105/03/15,-12,0,0,-12,13944,2,12,13958,3.78%,3.78%,
105/03/14,-17,0,7,-10,13956,2,12,13970,3.78%,3.78%,
105/03/11,13,0,0,13,13973,2,5,13980,3.79%,3.79%,
105/03/10,11,0,2,13,13960,2,5,13967,3.79%,3.79%,
105/03/09,-13,0,0,-13,13949,2,3,13954,3.78%,3.78%,
105/03/08,30,0,0,30,13962,2,3,13967,3.79%,3.79%,
105/03/07,-20,0,-1,-21,13932,2,3,13937,3.78%,3.78%,
105/03/04,3,0,0,3,13952,2,4,13958,3.78%,3.78%,
105/03/03,2,0,0,2,13949,2,4,13955,3.78%,3.78%,
105/03/02,-5,0,1,-4,13947,2,4,13953,3.78%,3.78%,
105/03/01,1,0,0,1,13952,2,3,13957,3.78%,3.78%,
105/02/26,17,0,-117,-100,13951,2,3,13956,3.78%,3.78%,
105/02/25,22,0,0,22,13934,2,120,14056,3.78%,3.81%,
105/02/24,-44,0,0,-44,13912,2,120,14034,3.77%,3.80%,
105/02/23,-36,0,0,-36,13956,2,120,14078,3.78%,3.81%,
105/02/22,-37,0,0,-37,13992,2,120,14114,3.79%,3.82%,
105/02/19,-52,0,0,-52,14029,2,120,14151,3.80%,3.83%,
105/02/18,-25,0,-5,-30,14080,2,120,14202,3.82%,3.85%,
105/02/17,-19,0,10,-9,14105,2,125,14232,3.82%,3.85%,
105/02/16,-1,0,8,7,14124,2,115,14241,3.83%,3.86%,
105/02/15,6,-0,-30,-24,14125,2,107,14234,3.83%,3.86%,
105/02/03,-12,0,5,-7,14119,2,137,14258,3.83%,3.87%,
105/02/02,-20,0,12,-8,14131,2,132,14265,3.83%,3.87%,
105/02/01,-9,0,8,-1,14151,2,120,14273,3.84%,3.87%,
105/01/30,0,2,-2,0,14160,2,112,14274,3.84%,3.87%,
105/01/29,-29,0,12,-17,14160,0,114,14274,3.84%,3.87%,
105/01/28,-3,0,-4,-7,14189,0,102,14291,3.85%,3.88%,
105/01/27,-54,0,-7,-61,14208,0,106,14314,3.85%,3.88%,
105/01/26,44,0,3,47,14262,0,113,14375,3.87%,3.90%,
105/01/25,-16,0,10,-6,14218,0,110,14328,3.86%,3.89%,
105/01/22,4,0,21,25,14234,0,100,14334,3.86%,3.89%,
105/01/21,-21,-72,5,-88,14230,0,79,14309,3.86%,3.88%,
105/01/20,-40,-29,0,-69,14251,0,74,14325,3.86%,3.88%,
105/01/19,6,-62,0,-56,14291,0,74,14365,3.88%,3.90%,
105/01/18,18,-33,-28,-43,14285,0,74,14359,3.87%,3.89%,
105/01/15,-19,-1,13,-7,14267,0,102,14369,3.87%,3.90%,
105/01/14,-7,-36,1,-42,14286,0,89,14375,3.87%,3.89%,
105/01/13,3,0,2,5,14293,0,88,14381,3.88%,3.90%,
105/01/12,-23,-8,8,-23,14290,0,86,14376,3.87%,3.89%,
105/01/11,-36,-40,1,-75,14313,0,78,14391,3.88%,3.90%,
105/01/08,1,0,-1,0,14349,0,77,14426,3.89%,3.91%,
105/01/07,9,0,-4,5,14348,0,78,14426,3.89%,3.91%,
105/01/06,7,0,0,7,14386,0,82,14468,3.90%,3.92%,
105/01/05,19,0,10,29,14379,0,82,14461,3.90%,3.92%,
105/01/04,3,-125,69,-53,14360,0,72,14432,3.89%,3.91%,
104/12/31,-56,0,1,-55,14357,18,3,14378,3.89%,3.90%,
104/12/30,-31,0,-2,-33,14413,21,2,14436,3.91%,3.92%,
104/12/29,-49,-1,-1,-51,14444,21,4,14469,3.92%,3.93%,
104/12/28,35,0,0,35,14496,22,5,14523,3.93%,3.94%,
104/12/25,12,0,2,14,14461,22,5,14488,3.92%,3.93%,
104/12/24,-24,0,0,-24,14449,22,3,14474,3.92%,3.93%,
104/12/23,11,0,0,11,14473,22,3,14498,3.92%,3.93%,
104/12/22,14,0,1,15,14462,22,3,14487,3.92%,3.93%,
104/12/21,-8,0,0,-8,14448,22,2,14472,3.92%,3.93%,
104/12/18,-167,0,-4,-171,14456,22,2,14480,3.92%,3.93%,
104/12/17,-750,0,2,-748,14627,22,6,14655,3.97%,3.98%,
104/12/16,-40,0,0,-40,15377,22,4,15403,4.17%,4.18%,
104/12/15,9,0,2,11,15417,22,4,15443,4.18%,4.19%,
104/12/14,-67,1,0,-66,15408,22,2,15432,4.18%,4.19%,
104/12/11,-47,0,0,-47,15475,21,2,15498,4.20%,4.21%,
104/12/10,-102,0,0,-102,15522,21,2,15545,4.21%,4.22%,
104/12/09,4,0,0,4,15624,21,2,15647,4.24%,4.25%,
104/12/08,-60,0,0,-60,15620,21,2,15643,4.24%,4.25%,
104/12/07,-22,0,0,-22,15680,21,2,15703,4.25%,4.26%,
104/12/04,-47,0,0,-47,15702,21,2,15725,4.26%,4.27%,
104/12/03,-63,0,0,-63,15749,21,2,15772,4.27%,4.28%,
104/12/02,-45,0,0,-45,15812,21,2,15835,4.29%,4.30%,
104/12/01,-14,0,0,-14,15857,21,2,15880,4.30%,4.31%,
104/11/30,-219,0,1,-218,15871,21,2,15894,4.30%,4.31%,
104/11/27,-30,0,-1,-31,16090,21,1,16112,4.36%,4.37%,
104/11/26,-116,0,0,-116,16120,21,2,16143,4.37%,4.38%,
104/11/25,-68,0,0,-68,16236,21,2,16259,4.40%,4.41%,
104/11/24,-50,0,0,-50,16304,21,2,16327,4.42%,4.43%,
104/11/23,-63,0,0,-63,16342,21,2,16365,4.43%,4.44%,
104/11/20,-35,0,-0,-35,16393,21,2,16416,4.45%,4.46%,
104/11/19,-29,0,0,-29,16428,21,2,16451,4.46%,4.47%,
104/11/18,-40,0,0,-40,16457,21,2,16480,4.46%,4.47%,
104/11/17,-10,0,0,-10,16489,21,2,16512,4.47%,4.48%,
104/11/16,-27,0,0,-27,16499,21,2,16522,4.47%,4.48%,
104/11/13,19,0,0,19,16526,21,2,16549,4.48%,4.49%,
104/11/12,8,0,0,8,16507,21,2,16530,4.48%,4.49%,
104/11/11,-3,0,1,-2,16499,21,2,16522,4.47%,4.48%,
104/11/10,28,0,0,28,16502,21,1,16524,4.48%,4.49%,
104/11/09,-2,0,-1,-3,16474,21,1,16496,4.47%,4.48%,
104/11/06,-6,0,-2,-8,16476,21,2,16499,4.47%,4.48%,
104/11/05,7,0,0,7,16489,21,4,16514,4.47%,4.48%,
104/11/04,99,2,2,103,16482,21,4,16507,4.47%,4.48%,
104/11/03,14,0,0,14,16383,19,2,16404,4.44%,4.45%,
104/11/02,26,0,0,26,16369,19,2,16390,4.44%,4.45%,
104/10/30,62,0,0,62,16343,19,2,16364,4.43%,4.44%,
104/10/29,40,0,-0,40,16281,19,2,16302,4.42%,4.43%,
104/10/28,53,0,0,53,16241,19,2,16262,4.40%,4.41%,
104/10/27,68,0,0,68,16188,19,2,16209,4.39%,4.40%,
104/10/26,114,0,0,114,16120,19,2,16141,4.37%,4.38%,
104/10/23,127,0,0,127,16006,19,2,16027,4.34%,4.35%,
104/10/22,74,0,0,74,15879,19,2,15900,4.31%,4.32%,
104/10/21,70,0,0,70,15805,19,2,15826,4.29%,4.30%,
104/10/20,80,0,0,80,15735,19,2,15756,4.27%,4.28%,
104/10/19,-14,0,0,-14,15655,19,2,15676,4.25%,4.26%,
104/10/16,-595,0,0,-595,15669,19,2,15690,4.25%,4.26%,
104/10/15,81,0,0,81,16264,19,2,16285,4.41%,4.42%,
104/10/14,-31,0,0,-31,16176,19,2,16197,4.39%,4.40%,
104/10/13,25,0,0,25,16207,19,2,16228,4.40%,4.41%,
104/10/12,-64,-0,0,-64,16182,19,2,16203,4.39%,4.40%,
104/10/08,-83,0,0,-83,16246,19,2,16267,4.41%,4.42%,
104/10/07,-117,0,0,-117,16329,19,2,16350,4.43%,4.44%,
104/10/06,-23,0,0,-23,16446,19,2,16467,4.46%,4.47%,
104/10/05,17,0,0,17,16469,19,2,16490,4.47%,4.48%,
104/10/02,-29,2,-0,-27,16452,19,2,16473,4.46%,4.47%,
104/10/01,-97,0,-3,-100,16481,17,2,16500,4.47%,4.48%,
104/09/30,-33,0,0,-33,16577,17,5,16599,4.50%,4.51%,
104/09/25,-50,0,0,-50,16602,78,5,16685,4.50%,4.52%,
104/09/24,-15,0,0,-15,16647,78,5,16730,4.51%,4.53%,
104/09/23,-63,0,0,-63,16662,78,5,16745,4.52%,4.54%,
104/09/22,-65,-2,0,-67,16725,78,5,16808,4.59%,4.61%,
104/09/21,31,-6,0,25,16790,81,5,16876,4.60%,4.62%,
104/09/18,15,0,1,16,16759,87,5,16851,4.60%,4.63%,
104/09/17,20,0,-1,19,16744,87,4,16835,4.59%,4.61%,
104/09/16,-12,0,1,-11,16724,87,5,16816,4.59%,4.62%,
104/09/15,-39,0,0,-39,16736,87,4,16827,4.59%,4.61%,
104/09/14,9,0,0,9,16775,87,4,16866,4.60%,4.62%,
104/09/11,-6,-1,0,-7,16766,87,4,16857,4.60%,4.62%,
104/09/10,5,0,1,6,16772,88,4,16864,4.60%,4.63%,
104/09/09,-22,0,0,-22,16796,88,3,16887,4.61%,4.64%,
104/09/08,89,0,0,89,16839,88,3,16930,4.62%,4.65%,
104/09/07,5,0,0,5,16750,88,3,16841,4.59%,4.62%,
104/09/04,-18,0,-1,-19,16745,88,3,16836,4.59%,4.62%,
104/09/03,-183,0,0,-183,16763,88,4,16855,4.60%,4.63%,
104/09/02,-23,0,0,-23,16946,88,4,17038,4.65%,4.68%,
104/09/01,14,-3,0,11,16969,88,4,17061,4.65%,4.68%,
104/08/31,80,-2,-1,77,16905,91,4,17000,4.64%,4.67%,
104/08/28,-44,0,-5,-49,16818,93,5,16916,4.61%,4.64%,
104/08/27,-27,0,-11,-38,16862,93,10,16965,4.62%,4.65%,
104/08/26,-1,0,-1,-2,16889,93,21,17003,4.63%,4.66%,
104/08/25,-28,1,-1,-28,16890,93,22,17005,4.63%,4.66%,
104/08/24,-53,-115,-57,-225,16614,92,23,16729,4.62%,4.65%,
104/08/21,9,-58,-48,-97,16667,207,80,16954,4.64%,4.72%,
104/08/20,5,-92,-51,-138,16658,265,128,17051,4.64%,4.75%,
104/08/19,-113,0,7,-106,16653,357,179,17189,4.64%,4.79%,
104/08/18,-12,0,6,-6,16766,357,172,17295,4.67%,4.82%,
104/08/17,-12,0,1,-11,16778,357,166,17301,4.67%,4.82%,
104/08/14,18,0,2,20,16790,357,165,17312,4.67%,4.81%,
104/08/13,25,0,-1,24,16755,357,163,17275,4.66%,4.80%,
104/08/12,17,-3,17,31,16730,357,164,17251,4.66%,4.80%,
104/08/11,-155,0,-30,-185,16713,360,147,17220,4.65%,4.79%,
104/08/10,-16,0,-5,-21,16868,360,177,17405,4.70%,4.85%,
104/08/07,-28,0,-1,-29,16884,360,182,17426,4.70%,4.85%,
104/08/06,-56,0,-2,-58,16899,360,183,17442,4.70%,4.85%,
104/08/05,-7,0,7,0,16945,360,185,17490,4.72%,4.87%,
104/08/04,16,0,21,37,16952,360,178,17490,4.72%,4.87%,
104/08/03,-99,0,-16,-115,16936,360,157,17453,4.71%,4.85%,
104/07/31,-56,0,-10,-66,17035,360,173,17568,4.74%,4.89%,
104/07/30,-5,0,-12,-17,17091,360,183,17634,4.76%,4.91%,
104/07/29,-33,0,-0,-33,17096,360,195,17651,4.76%,4.91%,
104/07/28,16,3,14,33,17129,360,196,17685,4.77%,4.92%,
104/07/27,-25,0,31,6,17113,357,182,17652,4.76%,4.91%,
104/07/24,-83,1,20,-62,17138,357,151,17646,4.77%,4.91%,
104/07/23,-170,0,7,-163,17221,356,131,17708,4.79%,4.93%,
104/07/22,-143,0,24,-119,17391,356,124,17871,4.84%,4.97%,
104/07/21,-83,0,-1,-84,17534,356,100,17990,4.88%,5.01%,
104/07/20,-31,0,0,-31,17617,356,101,18074,4.90%,5.03%,
104/07/17,-7,5,0,-2,17648,356,101,18105,4.91%,5.04%,
104/07/16,52,0,0,52,17655,351,101,18107,4.91%,5.04%,
104/07/15,-142,2,0,-140,17603,351,101,18055,4.90%,5.03%,
104/07/14,-79,0,-4,-83,17745,349,101,18195,4.94%,5.07%,
104/07/13,-0,0,-4,-4,17824,349,105,18278,4.96%,5.09%,
104/07/09,-208,0,4,-204,17825,349,109,18283,4.96%,5.09%,
104/07/08,-173,0,6,-167,18033,349,105,18487,5.02%,5.15%,
104/07/07,-31,0,0,-31,18206,349,99,18654,5.07%,5.19%,
104/07/06,-303,0,-1,-304,18237,349,99,18685,5.08%,5.20%,
104/07/03,-206,140,-1,-67,18540,349,100,18989,5.16%,5.29%,
104/07/02,-54,185,-1,130,18746,209,101,19056,5.22%,5.31%,
104/07/01,145,0,5,150,18800,24,102,18926,5.23%,5.27%,
104/06/30,53,0,-2,51,18655,24,97,18776,5.19%,5.22%,
104/06/29,-326,0,0,-326,18601,363,99,19063,5.18%,5.31%,
104/06/26,-38,0,15,-23,18927,363,99,19389,5.27%,5.40%,
104/06/25,-1085,0,4,-1081,18965,363,84,19412,5.28%,5.40%,
104/06/24,-873,0,12,-861,20050,363,80,20493,5.58%,5.70%,
104/06/23,-579,0,0,-579,20923,363,68,21354,5.83%,5.95%,
104/06/22,-201,96,0,-105,21502,363,68,21933,5.99%,6.11%,
104/06/18,-911,41,30,-840,21703,267,68,22038,6.04%,6.13%,
104/06/17,-758,0,13,-745,22614,226,38,22878,6.30%,6.37%,
104/06/16,-585,0,-4,-589,23372,226,25,23623,6.51%,6.58%,
104/06/15,145,5,15,165,23957,226,29,24212,6.67%,6.74%,
104/06/12,-581,27,0,-554,23812,221,14,24047,6.63%,6.70%,
104/06/11,-509,0,-1,-510,24392,194,14,24600,6.79%,6.85%,
104/06/10,-605,165,0,-440,24901,194,15,25110,6.93%,6.99%,
104/06/09,-390,0,0,-390,25506,29,15,25550,7.10%,7.11%,
104/06/08,-555,0,-1,-556,25896,29,15,25940,7.21%,7.22%,
104/06/05,-818,5,1,-812,26451,29,16,26496,7.37%,7.38%,
104/06/04,-535,-1,-2,-538,27269,24,15,27308,7.59%,7.60%,
104/06/03,-556,0,0,-556,27804,25,17,27846,7.74%,7.75%,
104/06/02,-441,0,0,-441,28360,25,17,28402,7.90%,7.91%,
104/06/01,-329,0,0,-329,28801,25,17,28843,8.02%,8.03%,
104/05/29,-306,0,0,-306,29130,25,17,29172,8.11%,8.12%,
104/05/28,-253,0,0,-253,29436,25,17,29478,8.20%,8.21%,
104/05/27,-273,0,0,-273,29689,25,17,29731,8.27%,8.28%,
104/05/26,-79,0,0,-79,29962,25,17,30004,8.34%,8.35%,
104/05/25,-159,0,0,-159,30041,25,17,30083,8.37%,8.38%,
104/05/22,-367,0,-4,-371,30200,25,17,30242,8.41%,8.42%,
104/05/21,-322,0,-14,-336,30567,25,21,30613,8.51%,8.52%,
104/05/20,-125,0,-1,-126,30889,25,35,30949,8.60%,8.62%,
104/05/19,-23,0,-6,-29,31014,25,36,31075,8.64%,8.66%,
104/05/18,2,0,0,2,31037,25,42,31104,8.64%,8.66%,
104/05/15,-48,0,-5,-53,31035,25,42,31102,8.64%,8.66%,
104/05/14,-51,0,-3,-54,31083,25,47,31155,8.66%,8.68%,
104/05/13,-12,0,0,-12,31134,25,50,31209,8.67%,8.69%,
104/05/12,-41,0,2,-39,31146,25,50,31221,8.67%,8.69%,
104/05/11,-150,0,1,-149,31187,25,48,31260,8.69%,8.71%,
104/05/08,14,0,0,14,31338,25,47,31410,8.73%,8.75%,
104/05/07,-79,0,0,-79,31324,25,47,31396,8.72%,8.74%,
104/05/06,-46,0,1,-45,31403,25,47,31475,8.75%,8.77%,
104/05/05,-42,0,0,-42,31449,25,46,31520,8.76%,8.78%,
104/05/04,-84,0,0,-84,31491,25,46,31562,8.77%,8.79%,
104/04/30,5,0,0,5,31575,25,46,31646,8.79%,8.81%,
104/04/29,69,0,11,80,31570,25,46,31641,8.79%,8.81%,
104/04/28,2,0,1,3,31501,25,35,31561,8.77%,8.79%,
104/04/27,8,0,2,10,31499,25,34,31558,8.77%,8.79%,
104/04/24,63,0,14,77,31491,25,32,31548,8.77%,8.79%,
104/04/23,72,0,-2,70,31428,25,18,31471,8.75%,8.76%,
104/04/22,12,0,0,12,31356,25,20,31401,8.73%,8.74%,
104/04/21,-71,0,1,-70,31344,25,20,31389,8.73%,8.74%,
104/04/20,4,0,5,9,31415,25,19,31459,8.75%,8.76%,
104/04/17,-120,0,0,-120,31411,25,14,31450,8.75%,8.76%,
104/04/16,-44,0,-22,-66,31531,25,14,31570,8.78%,8.79%,
104/04/15,-64,6,0,-58,31575,25,36,31636,8.79%,8.81%,
104/04/14,-11,0,0,-11,31639,19,36,31694,8.81%,8.83%,
104/04/13,-85,0,0,-85,31650,19,36,31705,8.81%,8.83%,
104/04/10,-57,0,0,-57,31735,19,36,31790,8.84%,8.86%,
104/04/09,96,0,0,96,31792,19,36,31847,8.85%,8.87%,
104/04/08,-35,0,0,-35,31696,19,36,31751,8.83%,8.85%,
104/04/07,49,0,0,49,31732,19,36,31787,8.84%,8.86%,
104/04/02,-76,0,0,-76,31683,19,36,31738,8.82%,8.84%,
104/04/01,-115,0,0,-115,31758,19,36,31813,8.84%,8.86%,
104/03/31,-25,0,0,-25,31873,19,36,31928,8.88%,8.90%,
104/03/30,-61,0,4,-57,31899,17,36,31952,8.88%,8.89%,
104/03/27,-76,0,3,-73,31960,17,32,32009,8.90%,8.91%,
104/03/26,-216,0,14,-202,32036,17,29,32082,8.92%,8.93%,
104/03/25,-276,0,3,-273,32252,17,15,32284,8.98%,8.99%,
104/03/24,-319,0,-2,-321,32528,17,12,32557,9.06%,9.07%,
104/03/23,-96,0,-1,-97,32847,17,14,32878,9.15%,9.16%,
104/03/20,-109,0,0,-109,32943,17,15,32975,9.18%,9.19%,
104/03/19,-81,0,2,-79,33052,17,15,33084,9.21%,9.22%,
104/03/18,-32,0,0,-32,33133,17,13,33163,9.23%,9.24%,
104/03/17,-241,0,-0,-241,33165,17,13,33195,9.24%,9.25%,
104/03/16,-102,0,5,-97,33406,17,13,33436,9.30%,9.31%,
104/03/13,-343,0,0,-343,33508,17,8,33533,9.33%,9.34%,
104/03/12,-126,-1,0,-127,33851,17,8,33876,9.43%,9.44%,
104/03/11,-86,0,0,-86,33977,18,8,34003,9.46%,9.47%,
104/03/10,-51,0,-3,-54,34063,18,8,34089,9.49%,9.50%,
104/03/09,-72,0,0,-72,34114,18,11,34143,9.50%,9.51%,
104/03/06,-12,0,-6,-18,34186,18,11,34215,9.52%,9.53%,
104/03/05,-86,0,-2,-88,34198,18,17,34233,9.52%,9.53%,
104/03/04,-44,0,0,-44,34284,18,19,34321,9.55%,9.56%,
104/03/03,-57,0,0,-57,34328,18,19,34365,9.56%,9.57%,
104/03/02,-269,0,0,-269,34385,18,19,34422,9.58%,9.59%,
104/02/26,-46,0,4,-42,34653,18,19,34690,9.65%,9.66%,
104/02/25,-64,0,-0,-64,34699,18,15,34732,9.66%,9.67%,
104/02/24,-403,0,-1,-404,34763,18,15,34796,9.68%,9.69%,
104/02/13,9,0,-2,7,35166,18,16,35200,9.79%,9.80%,
104/02/12,39,0,0,39,35160,18,18,35196,9.79%,9.80%,
104/02/11,18,0,0,18,35121,18,18,35157,9.78%,9.79%,
104/02/10,74,0,15,89,35103,18,18,35139,9.78%,9.79%,
104/02/09,-1,1,0,0,35029,18,3,35050,9.76%,9.77%,
104/02/06,21,0,0,21,35030,17,3,35050,9.76%,9.77%,
104/02/05,1,0,0,1,35009,17,3,35029,9.75%,9.76%,
104/02/04,9,0,-0,9,35008,17,3,35028,9.75%,9.76%,
104/02/03,7,0,0,7,34999,17,3,35019,9.75%,9.76%,
104/02/02,-107,0,0,-107,34992,17,3,35012,9.75%,9.76%,
104/01/30,-32,0,1,-31,35099,17,3,35119,9.78%,9.79%,
104/01/29,-10,0,2,-8,35131,17,2,35150,9.78%,9.79%,
104/01/28,19,0,-1,18,35141,17,0,35158,9.79%,9.79%,
104/01/27,-6,0,0,-6,35122,17,1,35140,9.78%,9.79%,
104/01/26,2,0,0,2,35128,17,1,35146,9.78%,9.79%,
104/01/23,0,0,0,0,35126,17,1,35144,9.78%,9.79%,
104/01/22,12,-1,0,11,35126,17,1,35144,9.78%,9.79%,
104/01/21,11,0,0,11,35114,18,1,35133,9.78%,9.79%,
104/01/20,11,0,0,11,35103,18,1,35122,9.78%,9.79%,
104/01/19,-27,-1,0,-28,35092,18,1,35111,9.77%,9.78%,
104/01/16,-40,0,-3,-43,35119,19,1,35139,9.78%,9.79%,
104/01/15,25,0,0,25,35159,19,4,35182,9.79%,9.80%,
104/01/14,-7,0,0,-7,35134,19,4,35157,9.79%,9.80%,
104/01/13,17,0,0,17,35142,19,4,35165,9.79%,9.80%,
104/01/12,7,0,0,7,35125,19,4,35148,9.78%,9.79%,
104/01/09,-2,0,1,-1,35118,19,4,35141,9.78%,9.79%,
104/01/08,-11,0,0,-11,35120,19,3,35142,9.78%,9.79%,
104/01/07,3,0,0,3,35131,19,3,35153,9.78%,9.79%,
104/01/06,-2,0,3,1,35128,19,3,35150,9.78%,9.79%,
104/01/05,9,0,-1,8,35130,19,0,35149,9.78%,9.79%,
