日期,外資買賣超,投信買賣超,自營商買賣超,單日合計買賣超,外資估計持股,投信估計持股,自營商估計持股,單日合計估計持股,外資持股比重,三大法人持股比重,
107/03/31,0,0,0,0,4840,0,93,4933,3.18%,3.24%,
107/03/30,52,0,0,52,4840,0,93,4933,3.18%,3.24%,
107/03/29,87,0,1,88,4788,0,93,4881,3.14%,3.20%,
107/03/28,108,0,-117,-9,4701,0,92,4793,3.09%,3.15%,
107/03/27,6,0,-75,-69,4593,0,209,4802,3.02%,3.16%,
107/03/26,69,0,-115,-46,4587,0,284,4871,3.01%,3.20%,
107/03/23,20,0,-54,-34,4518,0,399,4917,2.97%,3.24%,
107/03/22,-3,0,-18,-21,4498,0,453,4951,2.95%,3.26%,
107/03/21,84,0,-75,9,4501,0,471,4972,2.95%,3.27%,
107/03/20,93,0,-5,88,4417,0,546,4963,2.90%,3.27%,
107/03/19,34,0,-5,29,4324,0,551,4875,2.84%,3.22%,
107/03/16,32,0,8,40,4290,0,556,4846,2.82%,3.20%,
107/03/15,15,0,1,16,4258,0,548,4806,2.79%,3.17%,
107/03/14,80,0,1,81,4293,0,547,4840,2.82%,3.19%,
107/03/13,0,0,-24,-24,4213,0,546,4759,2.77%,3.14%,
107/03/12,34,0,1,35,4213,0,570,4783,2.77%,3.16%,
107/03/09,12,0,-9,3,4179,0,569,4748,2.74%,3.13%,
107/03/08,36,0,0,36,4167,0,578,4745,2.74%,3.14%,
107/03/07,-3,0,-4,-7,4131,0,578,4709,2.71%,3.11%,
107/03/06,11,0,0,11,4134,0,582,4716,2.71%,3.11%,
107/03/05,-14,0,0,-14,4123,0,582,4705,2.71%,3.11%,
107/03/02,-88,0,0,-88,4137,0,582,4719,2.72%,3.12%,
107/03/01,16,0,-5,11,4223,0,582,4805,2.77%,3.17%,
107/02/27,2,0,2,4,4207,0,587,4794,2.76%,3.16%,
107/02/26,4,0,0,4,4205,0,585,4790,2.76%,3.16%,
107/02/23,-21,0,0,-21,4201,0,585,4786,2.76%,3.16%,
107/02/22,5,0,0,5,4222,0,585,4807,2.77%,3.17%,
107/02/21,-9,0,0,-9,4217,0,585,4802,2.77%,3.17%,
107/02/12,-31,0,0,-31,4226,0,585,4811,2.77%,3.17%,
107/02/09,77,0,-2,75,4257,0,585,4842,2.79%,3.19%,
107/02/08,12,0,0,12,4180,0,587,4767,2.74%,3.14%,
107/02/07,15,0,-6,9,4168,0,587,4755,2.74%,3.14%,
107/02/06,-53,0,46,-7,4153,0,593,4746,2.73%,3.14%,
107/02/05,5,0,3,8,4056,0,547,4603,2.66%,3.03%,
107/02/02,3,0,0,3,4028,0,544,4572,2.64%,3.01%,
107/02/01,-33,0,0,-33,4025,0,544,4569,2.64%,3.01%,
107/01/31,17,0,1,18,4058,0,544,4602,2.66%,3.03%,
107/01/30,26,0,2,28,4041,0,543,4584,2.65%,3.02%,
107/01/29,-14,0,1,-13,4015,0,541,4556,2.64%,3.01%,
107/01/26,14,0,0,14,4029,0,540,4569,2.64%,3.01%,
107/01/25,-39,0,1,-38,4015,0,540,4555,2.64%,3.01%,
107/01/24,8,0,0,8,4054,0,539,4593,2.66%,3.03%,
107/01/23,55,0,0,55,4046,0,539,4585,2.66%,3.03%,
107/01/22,20,0,-1,19,3991,0,539,4530,2.62%,2.99%,
107/01/19,-51,0,0,-51,3971,0,540,4511,2.61%,2.98%,
107/01/18,-230,0,-108,-338,4022,0,540,4562,2.64%,3.01%,
107/01/17,194,0,-35,159,4252,0,648,4900,2.79%,3.23%,
107/01/16,29,0,-1,28,4058,0,683,4741,2.66%,3.13%,
107/01/15,6,0,0,6,4029,0,684,4713,2.64%,3.11%,
107/01/12,12,0,11,23,4023,0,684,4707,2.64%,3.11%,
107/01/11,31,0,0,31,4011,0,673,4684,2.63%,3.09%,
107/01/10,-1,0,1,0,3980,0,673,4653,2.61%,3.07%,
107/01/09,-3,0,0,-3,3981,0,672,4653,2.61%,3.07%,
107/01/08,-8,0,0,-8,3984,0,672,4656,2.61%,3.07%,
107/01/05,5,0,0,5,3992,0,672,4664,2.62%,3.08%,
107/01/04,-64,0,0,-64,3987,0,672,4659,2.62%,3.08%,
107/01/03,33,0,5,38,4051,0,672,4723,2.66%,3.12%,
107/01/02,33,0,0,33,4018,0,667,4685,2.64%,3.10%,
106/12/29,22,0,0,22,3985,0,667,4652,2.62%,3.08%,
106/12/28,28,0,0,28,3963,0,667,4630,2.60%,3.06%,
106/12/27,3,0,0,3,3935,0,667,4602,2.58%,3.04%,
106/12/26,-8,0,0,-8,3932,0,667,4599,2.58%,3.04%,
106/12/25,9,0,0,9,3940,0,667,4607,2.59%,3.05%,
106/12/22,3,0,0,3,3931,0,667,4598,2.58%,3.04%,
106/12/21,3,0,0,3,3928,0,667,4595,2.58%,3.04%,
106/12/20,2,0,0,2,3925,0,667,4592,2.58%,3.04%,
106/12/19,-7,0,0,-7,3923,0,667,4590,2.57%,3.03%,
106/12/18,-2,0,0,-2,3930,0,667,4597,2.58%,3.04%,
106/12/15,-8,0,0,-8,3932,0,667,4599,2.58%,3.04%,
106/12/14,-16,0,0,-16,3940,0,667,4607,2.59%,3.05%,
106/12/13,-5,0,17,12,3956,0,667,4623,2.60%,3.06%,
106/12/12,-8,0,12,4,3961,0,650,4611,2.60%,3.05%,
106/12/11,45,0,0,45,3969,0,638,4607,2.60%,3.04%,
106/12/08,-1,0,0,-1,3924,0,638,4562,2.58%,3.02%,
106/12/07,-3,0,5,2,3925,0,638,4563,2.58%,3.02%,
106/12/06,3,0,16,19,3928,0,633,4561,2.58%,3.01%,
106/12/05,-4,0,0,-4,3925,0,617,4542,2.58%,3.00%,
106/12/04,-7,0,0,-7,3929,0,617,4546,2.58%,3.00%,
106/12/01,-8,0,0,-8,3936,0,617,4553,2.58%,3.00%,
106/11/30,9,0,0,9,3944,0,617,4561,2.59%,3.01%,
106/11/29,-36,0,-11,-47,3935,0,617,4552,2.58%,3.00%,
106/11/28,31,0,-5,26,3971,0,628,4599,2.61%,3.04%,
106/11/27,0,0,0,0,3940,0,633,4573,2.59%,3.02%,
106/11/24,5,0,1,6,3940,0,633,4573,2.59%,3.02%,
106/11/23,-6,0,0,-6,3935,0,632,4567,2.58%,3.01%,
106/11/22,-497,0,15,-482,3941,0,632,4573,2.59%,3.02%,
106/11/21,-453,0,13,-440,4434,0,617,5051,2.91%,3.33%,
106/11/20,919,0,-49,870,4887,0,604,5491,3.21%,3.62%,
106/11/17,26,0,12,38,3968,0,653,4621,2.60%,3.05%,
106/11/16,9,0,0,9,3942,0,641,4583,2.59%,3.03%,
106/11/15,1,0,0,1,3933,0,641,4574,2.58%,3.02%,
106/11/14,-2,0,-24,-26,3932,0,641,4573,2.58%,3.02%,
106/11/13,-7,0,-4,-11,3934,0,665,4599,2.58%,3.04%,
106/11/10,15,0,-1,14,3941,0,669,4610,2.59%,3.05%,
106/11/09,-9,0,3,-6,3926,0,670,4596,2.58%,3.04%,
106/11/08,9,0,26,35,3935,0,667,4602,2.58%,3.04%,
106/11/07,-3,0,-2,-5,3926,0,641,4567,2.58%,3.02%,
106/11/06,3,0,-46,-43,3929,0,643,4572,2.58%,3.02%,
106/11/03,-3,0,-7,-10,3926,0,689,4615,2.58%,3.05%,
106/11/02,-10,0,0,-10,3929,0,696,4625,2.58%,3.06%,
106/11/01,10,0,0,10,3939,0,696,4635,2.59%,3.07%,
106/10/31,0,0,0,0,3929,0,696,4625,2.58%,3.06%,
106/10/30,0,0,0,0,3929,0,696,4625,2.58%,3.06%,
106/10/27,18,0,0,18,3929,0,696,4625,2.58%,3.06%,
106/10/26,0,0,-6,-6,3911,0,696,4607,2.57%,3.05%,
106/10/25,-0,0,-5,-5,3911,0,702,4613,2.57%,3.05%,
106/10/24,-3,0,-10,-13,3911,0,707,4618,2.57%,3.05%,
106/10/23,-35,0,-10,-45,3914,0,717,4631,2.57%,3.06%,
106/10/20,19,0,0,19,3949,0,727,4676,2.59%,3.09%,
106/10/19,15,0,0,15,3930,0,727,4657,2.58%,3.08%,
106/10/18,7,0,20,27,3915,0,727,4642,2.57%,3.07%,
106/10/17,27,0,0,27,3908,0,707,4615,2.56%,3.04%,
106/10/16,0,0,0,0,3881,0,707,4588,2.55%,3.03%,
106/10/13,-2,0,0,-2,3881,0,707,4588,2.55%,3.03%,
106/10/12,0,0,0,0,3883,0,707,4590,2.55%,3.03%,
106/10/11,0,0,0,0,3883,0,707,4590,2.55%,3.03%,
106/10/06,-2,0,0,-2,3883,0,707,4590,2.55%,3.03%,
106/10/05,-4,0,0,-4,3885,0,707,4592,2.55%,3.03%,
106/10/03,-11,0,0,-11,3889,0,707,4596,2.55%,3.03%,
106/10/02,21,0,0,21,3900,0,707,4607,2.56%,3.04%,
106/09/30,0,0,0,0,3879,0,707,4586,2.55%,3.03%,
106/09/29,0,0,0,0,3879,0,707,4586,2.55%,3.03%,
106/09/28,0,0,0,0,3879,0,707,4586,2.55%,3.03%,
106/09/27,-5,0,-4,-9,3879,0,707,4586,2.55%,3.03%,
106/09/26,0,0,28,28,3884,0,711,4595,2.55%,3.04%,
106/09/25,-23,0,45,22,3884,0,683,4567,2.55%,3.02%,
106/09/22,28,0,-21,7,3907,0,638,4545,2.56%,3.00%,
106/09/21,0,0,0,0,3879,0,659,4538,2.55%,3.01%,
106/09/20,0,0,0,0,3879,0,659,4538,2.55%,3.01%,
106/09/19,0,0,0,0,3879,0,659,4538,2.55%,3.01%,
106/09/18,0,0,0,0,3879,0,659,4538,2.55%,3.01%,
106/09/15,0,0,0,0,3879,0,659,4538,2.55%,3.01%,
106/09/14,0,0,0,0,3879,0,659,4538,2.55%,3.01%,
106/09/13,0,0,0,0,3879,0,659,4538,2.55%,3.01%,
106/09/12,0,0,0,0,3879,0,659,4538,2.55%,3.01%,
106/09/11,0,0,45,45,3879,0,659,4538,2.55%,3.01%,
106/09/08,0,0,0,0,3879,0,614,4493,2.55%,2.98%,
106/09/07,-177,0,0,-177,3879,0,614,4493,2.55%,2.98%,
106/09/06,113,0,-80,33,4058,0,614,4672,2.66%,3.09%,
106/09/05,-62,0,0,-62,3956,0,694,4650,2.60%,3.09%,
106/09/04,-24,0,0,-24,4018,0,694,4712,2.64%,3.13%,
106/09/01,-156,0,0,-156,4042,0,694,4736,2.65%,3.14%,
106/08/31,159,0,-1,158,4198,0,694,4892,2.76%,3.25%,
106/08/30,4,0,0,4,4039,0,695,4734,2.65%,3.14%,
106/08/29,1,0,1,2,4035,0,695,4730,2.65%,3.14%,
106/08/28,46,0,0,46,4034,0,694,4728,2.65%,3.14%,
106/08/25,17,0,10,27,3988,0,694,4682,2.62%,3.11%,
106/08/24,30,0,0,30,3971,0,684,4655,2.61%,3.09%,
106/08/23,26,0,108,134,3941,0,684,4625,2.59%,3.07%,
106/08/22,-5,0,59,54,3915,0,576,4491,2.57%,2.97%,
106/08/21,-13,0,20,7,3920,0,517,4437,2.57%,2.93%,
106/08/18,-15,0,94,79,3933,0,497,4430,2.58%,2.93%,
106/08/17,31,0,295,326,3948,0,403,4351,2.59%,2.87%,
106/08/16,9,0,53,62,3917,0,108,4025,2.57%,2.65%,
106/08/15,0,0,-1,-1,3908,0,55,3963,2.56%,2.60%,
106/08/14,-6,0,0,-6,3908,0,56,3964,2.56%,2.60%,
106/08/11,2,0,0,2,3914,0,56,3970,2.57%,2.61%,
106/08/10,-66,0,0,-66,3912,0,56,3968,2.57%,2.61%,
106/08/09,-49,0,1,-48,3978,0,56,4034,2.61%,2.65%,
106/08/08,-46,0,0,-46,4027,0,55,4082,2.64%,2.68%,
106/08/07,-18,0,1,-17,4073,0,55,4128,2.67%,2.71%,
106/08/04,-29,0,-1,-30,4091,0,54,4145,2.69%,2.73%,
106/08/03,-44,0,0,-44,4120,0,55,4175,2.70%,2.74%,
106/08/02,85,0,-1,84,4164,0,55,4219,2.73%,2.77%,
106/08/01,126,0,0,126,4079,0,56,4135,2.68%,2.72%,
106/07/31,19,0,0,19,3953,0,56,4009,2.59%,2.63%,
106/07/28,14,0,0,14,3934,0,56,3990,2.58%,2.62%,
106/07/27,-4,0,-1,-5,3920,0,56,3976,2.57%,2.61%,
106/07/26,11,0,-1,10,3924,0,57,3981,2.58%,2.62%,
106/07/25,63,0,0,63,3913,0,58,3971,2.57%,2.61%,
106/07/24,31,0,0,31,3850,0,58,3908,2.53%,2.57%,
106/07/21,38,0,0,38,3819,0,58,3877,2.51%,2.55%,
106/07/20,39,0,0,39,3781,0,58,3839,2.48%,2.52%,
106/07/19,119,0,0,119,3742,0,58,3800,2.46%,2.50%,
106/07/18,16,0,-2,14,3623,0,58,3681,2.38%,2.42%,
106/07/17,7,0,-1,6,3607,0,60,3667,2.37%,2.41%,
106/07/14,24,0,-3,21,3600,0,61,3661,2.36%,2.40%,
106/07/13,14,0,-7,7,3576,0,64,3640,2.35%,2.39%,
106/07/12,3,0,-2,1,3562,0,71,3633,2.34%,2.39%,
106/07/11,9,0,2,11,3559,0,73,3632,2.34%,2.39%,
106/07/10,0,0,0,0,3550,0,71,3621,2.33%,2.38%,
106/07/07,-1,0,1,0,3666,0,71,3737,2.41%,2.46%,
106/07/06,-2,0,0,-2,3667,0,70,3737,2.41%,2.46%,
106/07/05,-22,0,-2,-24,3670,0,70,3740,2.41%,2.46%,
106/07/04,1,0,0,1,3692,0,72,3764,2.42%,2.47%,
106/07/03,-19,0,0,-19,3691,0,72,3763,2.42%,2.47%,
106/06/30,1,0,0,1,3710,0,72,3782,2.43%,2.48%,
106/06/29,-1,0,0,-1,3709,0,72,3781,2.43%,2.48%,
106/06/28,-5,0,0,-5,3710,0,72,3782,2.43%,2.48%,
106/06/27,-5,0,6,1,3715,0,72,3787,2.44%,2.49%,
106/06/26,-48,0,6,-42,3720,0,66,3786,2.44%,2.49%,
106/06/23,15,0,-1,14,3768,0,60,3828,2.47%,2.51%,
106/06/22,0,0,3,3,3753,0,61,3814,2.46%,2.50%,
106/06/21,7,0,0,7,3753,0,58,3811,2.46%,2.50%,
106/06/20,-3,0,2,-1,3746,0,58,3804,2.46%,2.50%,
106/06/19,10,0,0,10,3749,0,56,3805,2.46%,2.50%,
106/06/16,50,0,0,50,3739,0,56,3795,2.45%,2.49%,
106/06/15,-8,0,0,-8,3689,0,56,3745,2.42%,2.46%,
106/06/14,-34,0,0,-34,3697,0,56,3753,2.43%,2.47%,
106/06/13,-15,0,-1,-16,3731,0,56,3787,2.45%,2.49%,
106/06/12,-2,0,0,-2,3746,0,57,3803,2.46%,2.50%,
106/06/09,-6,0,-1,-7,3748,0,57,3805,2.46%,2.50%,
106/06/08,3,0,0,3,3754,0,58,3812,2.46%,2.50%,
106/06/07,3,0,0,3,3751,0,58,3809,2.46%,2.50%,
106/06/06,1,0,0,1,3748,0,58,3806,2.46%,2.50%,
106/06/05,15,0,0,15,3747,0,58,3805,2.46%,2.50%,
106/06/03,0,0,1,1,3732,0,58,3790,2.45%,2.49%,
106/06/02,-7,0,-1,-8,3732,0,57,3789,2.45%,2.49%,
106/06/01,-1,0,-1,-2,3739,0,58,3797,2.45%,2.49%,
106/05/31,14,0,0,14,3740,0,59,3799,2.45%,2.49%,
106/05/26,9,0,0,9,3726,0,59,3785,2.45%,2.49%,
106/05/25,12,0,0,12,3717,0,59,3776,2.44%,2.48%,
106/05/24,6,0,1,7,3705,0,59,3764,2.43%,2.47%,
106/05/23,-2,0,2,0,3699,0,58,3757,2.43%,2.47%,
106/05/22,4,0,0,4,3701,0,56,3757,2.43%,2.47%,
106/05/19,8,0,0,8,3697,0,56,3753,2.43%,2.47%,
106/05/18,11,0,0,11,3689,0,56,3745,2.42%,2.46%,
106/05/17,-6,0,0,-6,3678,0,56,3734,2.41%,2.45%,
106/05/16,-20,0,0,-20,3684,0,56,3740,2.42%,2.46%,
106/05/15,1,0,7,8,3704,0,56,3760,2.43%,2.47%,
106/05/12,12,0,0,12,3703,0,49,3752,2.43%,2.46%,
106/05/11,19,0,0,19,3691,0,49,3740,2.42%,2.45%,
106/05/10,44,0,0,44,3672,0,49,3721,2.41%,2.44%,
106/05/09,22,0,2,24,3628,0,49,3677,2.38%,2.41%,
106/05/08,14,0,0,14,3606,0,47,3653,2.37%,2.40%,
106/05/05,31,0,-4,27,3592,0,47,3639,2.36%,2.39%,
106/05/04,6,0,0,6,3561,0,51,3612,2.34%,2.38%,
106/05/03,9,0,0,9,3555,0,51,3606,2.33%,2.37%,
106/05/02,-7,0,1,-6,3546,0,51,3597,2.33%,2.37%,
106/04/28,1,0,2,3,3553,0,50,3603,2.33%,2.37%,
106/04/27,-7,0,0,-7,3552,0,48,3600,2.33%,2.36%,
106/04/26,-2,0,0,-2,3544,0,48,3592,2.33%,2.36%,
106/04/25,0,0,0,0,3510,0,48,3558,2.30%,2.33%,
106/04/24,0,0,0,0,3510,0,48,3558,2.30%,2.33%,
106/04/21,-1,0,-8,-9,3510,0,48,3558,2.30%,2.33%,
106/04/20,-62,0,0,-62,3511,0,56,3567,2.30%,2.34%,
106/04/19,-15,0,0,-15,3533,0,56,3589,2.32%,2.36%,
106/04/18,0,0,0,0,3548,0,56,3604,2.33%,2.37%,
106/04/17,-7,0,0,-7,3548,0,56,3604,2.33%,2.37%,
106/04/14,-7,0,0,-7,3555,0,56,3611,2.33%,2.37%,
106/04/13,-16,0,0,-16,3562,0,56,3618,2.34%,2.38%,
106/04/12,-17,0,0,-17,3578,0,56,3634,2.35%,2.39%,
106/04/11,-112,0,0,-112,3595,0,56,3651,2.36%,2.40%,
106/04/10,12,0,0,12,3707,0,56,3763,2.43%,2.47%,
106/04/07,-175,0,0,-175,3695,0,56,3751,2.43%,2.47%,
106/04/06,-9,0,0,-9,3870,0,56,3926,2.54%,2.58%,
106/04/05,42,0,-2,40,3918,0,56,3974,2.57%,2.61%,
106/03/31,8,0,-1,7,3876,0,58,3934,2.54%,2.58%,
106/03/30,21,0,0,21,3868,0,59,3927,2.54%,2.58%,
106/03/29,-9,0,0,-9,3847,0,59,3906,2.53%,2.57%,
106/03/28,-37,0,1,-36,3856,0,59,3915,2.53%,2.57%,
106/03/27,-11,0,0,-11,3893,0,58,3951,2.56%,2.60%,
106/03/24,0,0,0,0,3904,0,58,3962,2.56%,2.60%,
106/03/23,1,0,0,1,3904,0,58,3962,2.56%,2.60%,
106/03/22,-17,0,2,-15,3903,0,58,3961,2.56%,2.60%,
106/03/21,6,0,0,6,3920,0,56,3976,2.57%,2.61%,
106/03/20,12,0,-2,10,3914,0,56,3970,2.57%,2.61%,
106/03/17,-6,0,0,-6,3902,0,58,3960,2.56%,2.60%,
106/03/16,0,0,2,2,3908,0,58,3966,2.57%,2.61%,
106/03/15,-2,0,3,1,3908,0,56,3964,2.57%,2.61%,
106/03/14,-2,0,0,-2,3910,0,53,3963,2.57%,2.61%,
106/03/13,-12,0,0,-12,3912,0,53,3965,2.57%,2.61%,
106/03/10,-59,0,1,-58,3924,0,53,3977,2.58%,2.62%,
106/03/09,-6,0,3,-3,3983,0,52,4035,2.61%,2.65%,
106/03/08,7,0,0,7,3989,0,49,4038,2.62%,2.65%,
106/03/07,29,0,0,29,3982,0,49,4031,2.61%,2.64%,
106/03/06,-7,0,1,-6,3953,0,49,4002,2.59%,2.62%,
106/03/03,-4,0,0,-4,3960,0,48,4008,2.60%,2.63%,
106/03/02,-16,0,0,-16,3964,0,48,4012,2.60%,2.63%,
106/03/01,-11,0,0,-11,3980,0,48,4028,2.61%,2.64%,
106/02/24,12,0,1,13,3991,0,48,4039,2.62%,2.65%,
106/02/23,11,0,0,11,3979,0,47,4026,2.61%,2.64%,
106/02/22,54,0,0,54,3968,0,47,4015,2.60%,2.63%,
106/02/21,2,0,0,2,3914,0,47,3961,2.57%,2.60%,
106/02/20,27,0,0,27,3912,0,47,3959,2.57%,2.60%,
106/02/18,0,0,0,0,3885,0,47,3932,2.55%,2.58%,
106/02/17,35,0,0,35,3885,0,47,3932,2.55%,2.58%,
106/02/16,12,0,0,12,3850,0,47,3897,2.53%,2.56%,
106/02/15,44,0,0,44,3838,0,47,3885,2.52%,2.55%,
106/02/14,-10,0,0,-10,3794,0,47,3841,2.49%,2.52%,
106/02/13,55,0,0,55,3804,0,47,3851,2.50%,2.53%,
106/02/10,8,0,0,8,3749,0,47,3796,2.46%,2.49%,
106/02/09,4,0,3,7,3741,0,47,3788,2.46%,2.49%,
106/02/08,-9,0,0,-9,3738,0,44,3782,2.45%,2.48%,
106/02/07,-6,0,0,-6,3747,0,44,3791,2.46%,2.49%,
106/02/06,-7,0,-1,-8,3753,0,44,3797,2.46%,2.49%,
106/02/03,-137,0,1,-136,3760,0,45,3805,2.47%,2.50%,
106/02/02,59,0,0,59,3897,0,44,3941,2.56%,2.59%,
106/01/24,5,0,0,5,3838,0,44,3882,2.52%,2.55%,
106/01/23,-3,0,1,-2,3833,0,44,3877,2.52%,2.55%,
106/01/20,21,0,-2,19,4096,0,43,4139,2.69%,2.72%,
106/01/19,4,0,0,4,4075,0,45,4120,2.67%,2.70%,
106/01/18,23,0,-5,18,4071,0,45,4116,2.67%,2.70%,
106/01/17,-4,0,0,-4,4048,0,50,4098,2.66%,2.70%,
106/01/16,-24,0,0,-24,4052,0,50,4102,2.66%,2.70%,
106/01/13,2,0,0,2,4076,0,50,4126,2.68%,2.72%,
106/01/12,-3,0,0,-3,4074,0,50,4124,2.67%,2.71%,
106/01/11,-9,0,0,-9,4038,0,50,4088,2.65%,2.69%,
106/01/10,-2,0,1,-1,4047,0,50,4097,2.66%,2.70%,
106/01/09,1,0,-1,0,4049,0,49,4098,2.66%,2.69%,
106/01/06,12,0,0,12,4048,0,50,4098,2.66%,2.70%,
106/01/05,17,0,-6,11,4036,0,50,4086,2.65%,2.69%,
106/01/04,7,0,0,7,4019,0,56,4075,2.64%,2.68%,
106/01/03,1,0,-2,-1,4012,0,56,4068,2.63%,2.67%,
105/12/30,-3,0,0,-3,4011,0,58,4069,2.63%,2.67%,
105/12/29,-78,0,0,-78,4014,0,58,4072,2.63%,2.67%,
105/12/28,13,0,1,14,4092,0,58,4150,2.69%,2.73%,
105/12/27,-13,0,0,-13,4079,0,57,4136,2.68%,2.72%,
105/12/26,-4,0,0,-4,4092,0,57,4149,2.69%,2.73%,
105/12/23,-5,0,0,-5,4096,0,57,4153,2.69%,2.73%,
105/12/22,-14,0,6,-8,4101,0,57,4158,2.69%,2.73%,
105/12/21,49,0,5,54,4115,0,51,4166,2.70%,2.74%,
105/12/20,-8,0,5,-3,4156,0,46,4202,2.73%,2.76%,
105/12/19,-20,0,2,-18,4164,0,41,4205,2.73%,2.76%,
105/12/16,-13,0,4,-9,4184,0,39,4223,2.75%,2.78%,
105/12/15,-23,0,2,-21,4197,0,35,4232,2.75%,2.77%,
105/12/14,6,0,1,7,4220,0,33,4253,2.77%,2.79%,
105/12/13,3,0,0,3,4214,0,32,4246,2.77%,2.79%,
105/12/12,-8,0,14,6,4211,0,32,4243,2.76%,2.78%,
105/12/09,10,0,2,12,4219,0,18,4237,2.77%,2.78%,
105/12/08,-7,0,-21,-28,4209,0,16,4225,2.76%,2.77%,
105/12/07,18,0,0,18,4216,0,37,4253,2.77%,2.80%,
105/12/06,60,0,0,60,4198,0,37,4235,2.76%,2.79%,
105/12/05,-3,0,-10,-13,4138,0,37,4175,2.72%,2.75%,
105/12/02,-6,0,-3,-9,4141,0,47,4188,2.72%,2.75%,
105/12/01,1,0,0,1,4147,0,50,4197,2.72%,2.76%,
105/11/30,67,0,-3,64,4146,0,50,4196,2.72%,2.76%,
105/11/29,47,0,0,47,4079,0,53,4132,2.68%,2.72%,
105/11/28,40,0,2,42,4032,0,53,4085,2.65%,2.69%,
105/11/25,-36,0,1,-35,3992,0,51,4043,2.62%,2.66%,
105/11/24,-11,0,0,-11,4028,0,50,4078,2.64%,2.68%,
105/11/23,17,0,4,21,4039,0,50,4089,2.65%,2.69%,
105/11/22,18,0,1,19,4022,0,46,4068,2.64%,2.67%,
105/11/21,-44,0,0,-44,4004,0,45,4049,2.63%,2.66%,
105/11/18,-13,0,36,23,4048,0,45,4093,2.66%,2.69%,
105/11/17,-23,0,1,-22,4061,0,9,4070,2.67%,2.68%,
105/11/16,-13,0,-4,-17,4084,0,8,4092,2.68%,2.69%,
105/11/15,-18,0,0,-18,4097,0,12,4109,2.69%,2.70%,
105/11/14,-6,0,-5,-11,4115,0,12,4127,2.70%,2.71%,
105/11/11,-52,0,-1,-53,4121,0,17,4138,2.70%,2.71%,
105/11/10,-2,0,-5,-7,4173,0,18,4191,2.74%,2.75%,
105/11/09,12,0,-14,-2,4175,0,23,4198,2.74%,2.76%,
105/11/08,129,0,0,129,4103,0,37,4140,2.69%,2.72%,
105/11/07,-63,0,1,-62,3974,0,37,4011,2.61%,2.64%,
105/11/04,-85,0,0,-85,3977,0,36,4013,2.61%,2.64%,
105/11/03,-78,0,5,-73,4062,0,36,4098,2.67%,2.70%,
105/11/02,-32,0,3,-29,4140,0,31,4171,2.72%,2.74%,
105/11/01,-20,0,0,-20,4172,0,28,4200,2.74%,2.76%,
105/10/31,-31,0,-1,-32,4192,0,28,4220,2.75%,2.77%,
105/10/28,-86,0,10,-76,4223,0,29,4252,2.77%,2.79%,
105/10/27,-19,0,-2,-21,4309,0,19,4328,2.83%,2.84%,
105/10/26,32,0,0,32,4328,0,21,4349,2.84%,2.85%,
105/10/25,134,0,10,144,4296,0,21,4317,2.82%,2.83%,
105/10/24,135,0,0,135,4162,0,11,4173,2.73%,2.74%,
105/10/21,88,0,-9,79,3847,0,11,3858,2.52%,2.53%,
105/10/20,33,0,-1,32,3759,0,20,3779,2.47%,2.48%,
105/10/19,20,0,-9,11,3636,0,21,3657,2.39%,2.40%,
105/10/18,11,0,0,11,3616,0,30,3646,2.37%,2.39%,
105/10/17,-2,0,0,-2,3605,0,30,3635,2.37%,2.39%,
105/10/14,-69,0,7,-62,3607,0,30,3637,2.37%,2.39%,
105/10/13,95,0,0,95,3676,0,23,3699,2.41%,2.43%,
105/10/12,61,0,12,73,3581,0,23,3604,2.35%,2.37%,
105/10/11,15,0,-3,12,3520,0,11,3531,2.31%,2.32%,
105/10/07,0,0,0,0,3505,0,14,3519,2.30%,2.31%,
105/10/06,1,0,0,1,3505,0,14,3519,2.30%,2.31%,
105/10/05,3,0,0,3,3504,0,14,3518,2.30%,2.31%,
105/10/04,-1,0,0,-1,3501,0,14,3515,2.30%,2.31%,
105/10/03,-3,0,1,-2,3502,0,14,3516,2.30%,2.31%,
105/09/30,5,0,13,18,3505,0,13,3518,2.30%,2.31%,
105/09/29,1,0,0,1,3500,0,0,3500,2.30%,2.30%,
105/09/26,4,0,-1,3,3499,0,0,3499,2.30%,2.30%,
105/09/23,0,0,0,0,3495,0,0,3495,2.29%,2.29%,
105/09/22,-1,0,0,-1,3495,0,0,3495,2.29%,2.29%,
105/09/21,15,0,0,15,3496,0,0,3496,2.29%,2.29%,
105/09/20,-2,0,-1,-3,3481,0,0,3481,2.28%,2.28%,
105/09/19,-3,0,1,-2,3483,0,1,3484,2.29%,2.29%,
105/09/14,-20,0,0,-20,3486,0,0,3486,2.29%,2.29%,
105/09/13,9,0,-3,6,3506,0,0,3506,2.30%,2.30%,
105/09/12,0,0,-3,-3,3540,0,0,3540,2.32%,2.32%,
105/09/10,0,0,-5,-5,3540,0,0,3540,2.32%,2.32%,
105/09/09,-1,0,-1,-2,3540,0,0,3540,2.32%,2.32%,
105/09/08,2,0,0,2,3541,0,0,3541,2.32%,2.32%,
105/09/07,1,0,-4,-3,3539,0,0,3539,2.32%,2.32%,
105/09/06,0,0,-142,-142,3538,0,0,3538,2.32%,2.32%,
105/09/05,38,0,-30,8,3538,0,128,3666,2.32%,2.41%,
105/09/02,-33,0,-107,-140,3500,0,158,3658,2.30%,2.41%,
105/09/01,-141,0,-9,-150,3533,0,265,3798,2.32%,2.51%,
105/08/31,-57,0,-151,-208,3631,0,274,3905,2.38%,2.57%,
105/08/30,16,0,80,96,3688,0,425,4113,2.42%,2.72%,
105/08/29,-96,0,0,-96,3672,0,345,4017,2.41%,2.65%,
105/08/26,-98,0,0,-98,3768,0,345,4113,2.47%,2.71%,
105/08/25,-145,0,-15,-160,3866,0,345,4211,2.54%,2.78%,
105/08/24,-10,0,33,23,4011,0,360,4371,2.63%,2.88%,
105/08/23,-54,0,30,-24,4021,0,327,4348,2.64%,2.87%,
105/08/22,-125,0,70,-55,4075,0,297,4372,2.67%,2.88%,
105/08/19,-56,0,0,-56,4200,0,227,4427,2.76%,2.92%,
105/08/18,-62,0,200,138,4258,0,227,4485,2.79%,2.95%,
105/08/17,-144,0,0,-144,4320,0,27,4347,2.84%,2.86%,
105/08/16,-41,0,0,-41,4464,0,27,4491,2.93%,2.95%,
105/08/15,57,0,8,65,4505,0,27,4532,2.96%,2.98%,
105/08/12,24,0,0,24,4448,0,19,4467,2.92%,2.93%,
105/08/11,66,0,-4,62,4424,0,19,4443,2.90%,2.91%,
105/08/10,-161,0,0,-161,4358,0,23,4381,2.86%,2.88%,
105/08/09,-110,0,0,-110,4519,0,23,4542,2.97%,2.99%,
105/08/08,131,0,2,133,4629,0,23,4652,3.04%,3.06%,
105/08/05,52,0,5,57,4498,0,21,4519,2.95%,2.96%,
105/08/04,-307,0,-3,-310,4446,0,16,4462,2.92%,2.93%,
105/08/03,-122,0,-2,-124,4753,0,19,4772,3.12%,3.13%,
105/08/02,2,0,-1,1,4875,0,21,4896,3.20%,3.21%,
105/08/01,464,0,-1,463,4873,0,22,4895,3.20%,3.22%,
105/07/29,183,0,0,183,4409,0,23,4432,2.89%,2.91%,
105/07/28,41,0,2,43,4226,0,23,4249,2.77%,2.79%,
105/07/27,34,0,0,34,4185,0,21,4206,2.75%,2.76%,
105/07/26,30,0,-4,26,4151,0,21,4172,2.72%,2.73%,
105/07/25,-5,0,-1,-6,4121,0,25,4146,2.70%,2.72%,
105/07/22,-17,0,3,-14,4126,0,26,4152,2.71%,2.73%,
105/07/21,153,0,5,158,4143,0,23,4166,2.72%,2.74%,
105/07/20,41,0,3,44,3998,0,18,4016,2.62%,2.63%,
105/07/19,31,0,1,32,3957,0,15,3972,2.60%,2.61%,
105/07/18,-15,0,0,-15,3926,0,14,3940,2.58%,2.59%,
105/07/15,10,0,0,10,3941,0,14,3955,2.59%,2.60%,
105/07/14,-10,0,0,-10,3931,0,14,3945,2.58%,2.59%,
105/07/13,27,0,-1,26,3941,0,14,3955,2.59%,2.60%,
105/07/12,-20,0,0,-20,3914,0,15,3929,2.57%,2.58%,
105/07/11,18,0,0,18,3934,0,15,3949,2.58%,2.59%,
105/07/07,-48,0,0,-48,3916,0,15,3931,2.57%,2.58%,
105/07/06,-19,0,0,-19,3964,0,15,3979,2.60%,2.61%,
105/07/05,10,0,0,10,3983,0,15,3998,2.61%,2.62%,
105/07/04,-6,0,0,-6,3975,0,15,3990,2.61%,2.62%,
105/07/01,-3,0,0,-3,3981,0,15,3996,2.61%,2.62%,
105/06/30,81,0,-1,80,3984,0,15,3999,2.61%,2.62%,
105/06/29,8,0,0,8,3903,0,16,3919,2.56%,2.57%,
105/06/28,9,0,0,9,3895,0,16,3911,2.56%,2.57%,
105/06/27,47,0,0,47,3886,0,16,3902,2.55%,2.56%,
105/06/24,-19,0,-5,-24,3837,0,16,3853,2.52%,2.53%,
105/06/23,8,0,-7,1,3856,0,21,3877,2.53%,2.54%,
105/06/22,20,0,0,20,3848,0,28,3876,2.53%,2.55%,
105/06/21,24,0,2,26,3828,0,28,3856,2.51%,2.53%,
105/06/20,31,0,4,35,3804,0,26,3830,2.50%,2.52%,
105/06/17,38,0,2,40,3773,0,22,3795,2.48%,2.50%,
105/06/16,9,0,0,9,3735,0,20,3755,2.45%,2.46%,
105/06/15,42,0,1,43,3726,0,20,3746,2.45%,2.46%,
105/06/14,8,0,2,10,3684,0,19,3703,2.42%,2.43%,
105/06/13,-4,0,-1,-5,3676,0,17,3693,2.41%,2.42%,
105/06/08,-50,0,-1,-51,3680,0,18,3698,2.41%,2.42%,
105/06/07,17,0,5,22,3730,0,19,3749,2.45%,2.46%,
105/06/06,-11,0,0,-11,3713,0,14,3727,2.44%,2.45%,
105/06/04,0,0,0,0,3724,0,14,3738,2.44%,2.45%,
105/06/03,-18,0,0,-18,3724,0,14,3738,2.44%,2.45%,
105/06/02,-8,0,2,-6,3742,0,14,3756,2.46%,2.47%,
105/06/01,-74,0,0,-74,3750,0,12,3762,2.46%,2.47%,
105/05/31,3,0,0,3,3824,0,12,3836,2.51%,2.52%,
105/05/30,110,0,0,110,3821,0,12,3833,2.51%,2.52%,
105/05/27,-72,0,0,-72,3711,0,12,3723,2.44%,2.45%,
105/05/26,53,0,0,53,3783,0,12,3795,2.48%,2.49%,
105/05/25,-112,0,-1,-113,3730,0,12,3742,2.45%,2.46%,
105/05/24,-10,0,0,-10,3842,0,13,3855,2.52%,2.53%,
105/05/23,-3,0,-1,-4,3852,0,13,3865,2.53%,2.54%,
105/05/20,-4,0,0,-4,3855,0,14,3869,2.53%,2.54%,
105/05/19,0,0,2,2,3859,0,14,3873,2.53%,2.54%,
105/05/18,8,0,2,10,3859,0,12,3871,2.53%,2.54%,
105/05/17,9,0,3,12,3851,0,10,3861,2.53%,2.54%,
105/05/16,-23,0,0,-23,3842,0,7,3849,2.52%,2.52%,
105/05/13,-40,0,-1,-41,3865,0,7,3872,2.54%,2.54%,
105/05/12,-24,0,-1,-25,3905,0,8,3913,2.56%,2.57%,
105/05/11,-55,0,1,-54,3929,0,9,3938,2.58%,2.59%,
105/05/10,-6,0,3,-3,3984,0,8,3992,2.61%,2.62%,
105/05/09,83,0,-8,75,3990,0,5,3995,2.62%,2.62%,
105/05/06,-65,0,-4,-69,3907,0,13,3920,2.56%,2.57%,
105/05/05,112,0,0,112,3972,0,17,3989,2.61%,2.62%,
105/05/04,13,0,0,13,3860,0,17,3877,2.53%,2.54%,
105/05/03,-111,0,-1,-112,3847,0,17,3864,2.52%,2.53%,
105/04/29,-7,0,0,-7,3958,0,18,3976,2.60%,2.61%,
105/04/28,-55,0,4,-51,3965,0,18,3983,2.60%,2.61%,
105/04/27,12,0,-2,10,4020,0,14,4034,2.64%,2.65%,
105/04/26,-17,0,-2,-19,3998,0,16,4014,2.62%,2.63%,
105/04/25,-88,0,-7,-95,4015,0,18,4033,2.64%,2.65%,
105/04/22,-17,0,0,-17,4103,0,25,4128,2.69%,2.71%,
105/04/21,-10,0,0,-10,4120,0,25,4145,2.70%,2.72%,
105/04/20,-44,0,0,-44,4130,0,25,4155,2.71%,2.73%,
105/04/19,38,0,0,38,4174,0,25,4199,2.74%,2.76%,
105/04/18,73,0,0,73,4136,0,25,4161,2.71%,2.73%,
105/04/15,1,0,0,1,4063,0,25,4088,2.67%,2.69%,
105/04/14,-59,0,0,-59,4274,0,25,4299,2.81%,2.83%,
105/04/13,152,0,0,152,4372,0,25,4397,2.87%,2.89%,
105/04/12,-26,0,4,-22,4220,0,25,4245,2.77%,2.79%,
105/04/11,-64,0,0,-64,4246,0,21,4267,2.79%,2.80%,
105/04/08,-185,0,0,-185,4310,0,21,4331,2.83%,2.84%,
105/04/07,125,0,0,125,4495,0,21,4516,2.95%,2.96%,
105/04/06,-74,0,4,-70,4370,0,21,4391,2.87%,2.88%,
105/04/01,172,0,-6,166,4444,0,17,4461,2.92%,2.93%,
105/03/31,13,0,2,15,4272,0,23,4295,2.80%,2.82%,
105/03/30,31,0,0,31,4259,0,21,4280,2.80%,2.81%,
105/03/29,-51,0,0,-51,4228,0,21,4249,2.78%,2.79%,
105/03/28,-77,0,9,-68,4279,0,21,4300,2.81%,2.82%,
105/03/25,5,0,-10,-5,4356,0,12,4368,2.86%,2.87%,
105/03/24,-100,0,0,-100,4351,0,22,4373,2.86%,2.88%,
105/03/23,-166,0,10,-156,4451,0,22,4473,2.92%,2.94%,
105/03/22,-122,0,0,-122,4617,0,12,4629,3.03%,3.04%,
105/03/21,-9,0,-1,-10,4739,0,12,4751,3.11%,3.12%,
105/03/18,-101,0,0,-101,4748,0,13,4761,3.12%,3.13%,
105/03/17,-185,0,-1,-186,4849,0,13,4862,3.18%,3.19%,
105/03/16,78,0,11,89,5034,0,14,5048,3.31%,3.32%,
105/03/15,-96,0,3,-93,4956,0,3,4959,3.25%,3.25%,
105/03/14,-95,0,0,-95,5052,0,0,5052,3.32%,3.32%,
105/03/11,-246,0,-4,-250,5147,0,0,5147,3.38%,3.38%,
105/03/10,-39,0,-2,-41,5393,0,0,5393,3.54%,3.54%,
105/03/09,-98,0,-5,-103,5432,0,2,5434,3.57%,3.57%,
105/03/08,-11,0,-5,-16,5530,0,7,5537,3.63%,3.63%,
105/03/07,-46,0,-2,-48,5541,0,12,5553,3.64%,3.65%,
105/03/04,-26,0,-13,-39,5587,0,14,5601,3.67%,3.68%,
105/03/03,8,0,-8,0,5623,0,27,5650,3.69%,3.71%,
105/03/02,21,0,0,21,5615,0,35,5650,3.69%,3.71%,
105/03/01,63,0,3,66,5594,0,35,5629,3.67%,3.69%,
105/02/26,-17,0,0,-17,5531,0,32,5563,3.63%,3.65%,
105/02/25,25,0,0,25,5548,0,32,5580,3.64%,3.66%,
105/02/24,-48,0,-1,-49,5523,0,32,5555,3.63%,3.65%,
105/02/23,52,0,-1,51,5571,0,33,5604,3.66%,3.68%,
105/02/22,16,0,2,18,5519,0,34,5553,3.62%,3.64%,
105/02/19,-3,0,0,-3,5503,0,32,5535,3.61%,3.63%,
105/02/18,10,0,0,10,5506,0,32,5538,3.62%,3.64%,
105/02/17,16,0,-6,10,5496,0,32,5528,3.61%,3.63%,
105/02/16,1,0,-2,-1,5480,0,38,5518,3.60%,3.63%,
105/02/15,0,0,16,16,5479,0,40,5519,3.60%,3.63%,
105/02/03,-9,0,0,-9,5479,0,24,5503,3.60%,3.62%,
105/02/02,-8,0,0,-8,5478,0,24,5502,3.60%,3.62%,
105/02/01,3,0,0,3,5486,0,24,5510,3.60%,3.62%,
105/01/30,0,0,0,0,5483,0,24,5507,3.60%,3.62%,
105/01/29,-96,0,0,-96,5483,0,24,5507,3.60%,3.62%,
105/01/28,23,0,4,27,5579,0,24,5603,3.66%,3.68%,
105/01/27,10,0,0,10,5556,0,20,5576,3.65%,3.66%,
105/01/26,-13,0,13,0,5546,0,20,5566,3.64%,3.65%,
105/01/25,-16,0,-15,-31,5559,0,7,5566,3.65%,3.65%,
105/01/22,10,0,4,14,5575,0,22,5597,3.66%,3.68%,
105/01/21,20,0,0,20,5565,0,18,5583,3.65%,3.66%,
105/01/20,0,0,0,0,5545,0,18,5563,3.64%,3.65%,
105/01/19,18,0,-5,13,5565,0,18,5583,3.65%,3.66%,
105/01/18,19,0,3,22,5547,0,23,5570,3.64%,3.66%,
105/01/15,3,0,-5,-2,5528,0,20,5548,3.63%,3.64%,
105/01/14,78,0,-4,74,5525,0,25,5550,3.63%,3.65%,
105/01/13,12,0,0,12,5447,0,29,5476,3.58%,3.60%,
105/01/12,6,0,14,20,5435,0,29,5464,3.57%,3.59%,
105/01/11,-20,0,-1,-21,5429,0,15,5444,3.56%,3.57%,
105/01/08,20,0,5,25,5449,0,16,5465,3.58%,3.59%,
105/01/07,-31,0,11,-20,5429,0,11,5440,3.56%,3.57%,
105/01/06,-21,0,-1,-22,5460,0,0,5460,3.59%,3.59%,
105/01/05,0,0,-31,-31,5481,0,0,5481,3.60%,3.60%,
105/01/04,-13,0,-7,-20,5481,0,29,5510,3.60%,3.62%,
104/12/31,-2,0,1,-1,5494,0,36,5530,3.61%,3.63%,
104/12/30,-2,0,-2,-4,5496,0,35,5531,3.61%,3.63%,
104/12/29,-30,0,12,-18,5498,0,37,5535,3.61%,3.63%,
104/12/28,-14,0,-10,-24,5528,0,25,5553,3.63%,3.65%,
104/12/25,-10,0,0,-10,5542,0,35,5577,3.64%,3.66%,
104/12/24,-31,0,0,-31,5552,0,35,5587,3.65%,3.67%,
104/12/23,-36,0,2,-34,5583,0,35,5618,3.67%,3.69%,
104/12/22,-46,0,0,-46,5619,0,33,5652,3.69%,3.71%,
104/12/21,-8,0,8,0,5665,0,33,5698,3.72%,3.74%,
104/12/18,-41,0,14,-27,5673,0,25,5698,3.73%,3.75%,
104/12/17,-34,0,11,-23,5727,0,11,5738,3.55%,3.56%,
104/12/16,-69,0,-8,-77,5761,0,0,5761,3.57%,3.57%,
104/12/15,-126,0,-3,-129,5830,0,7,5837,3.61%,3.61%,
104/12/14,-97,0,1,-96,5956,0,10,5966,3.69%,3.70%,
104/12/11,-86,0,-4,-90,6053,0,9,6062,3.75%,3.76%,
104/12/10,-40,0,0,-40,6139,0,13,6152,3.81%,3.82%,
104/12/09,-53,0,-5,-58,6179,0,13,6192,3.83%,3.84%,
104/12/08,-47,0,1,-46,6232,0,18,6250,3.86%,3.87%,
104/12/07,-37,0,-1,-38,6279,0,17,6296,3.89%,3.90%,
104/12/04,-29,0,0,-29,6316,0,18,6334,3.92%,3.93%,
104/12/03,-19,0,-4,-23,6345,0,18,6363,3.93%,3.94%,
104/12/02,-49,0,0,-49,6364,0,22,6386,3.95%,3.96%,
104/12/01,97,0,2,99,6413,0,22,6435,3.98%,3.99%,
104/11/30,75,0,-1,74,6316,0,20,6336,3.92%,3.93%,
104/11/27,41,0,1,42,6241,0,21,6262,3.87%,3.88%,
104/11/26,75,0,0,75,6200,0,20,6220,3.84%,3.85%,
104/11/25,-19,0,0,-19,6125,0,20,6145,3.80%,3.81%,
104/11/24,-13,0,1,-12,6144,0,20,6164,3.81%,3.82%,
104/11/23,-66,0,0,-66,6157,0,19,6176,3.82%,3.83%,
104/11/20,28,0,0,28,6203,0,19,6222,3.69%,3.70%,
104/11/19,85,0,-2,83,6175,0,19,6194,3.67%,3.68%,
104/11/18,41,0,1,42,6090,0,21,6111,3.62%,3.63%,
104/11/17,95,0,-3,92,6049,0,20,6069,3.59%,3.60%,
104/11/16,-9,0,-2,-11,5954,0,23,5977,3.54%,3.55%,
104/11/13,25,0,0,25,5963,0,25,5988,3.54%,3.56%,
104/11/12,-13,0,0,-13,5938,0,25,5963,3.53%,3.55%,
104/11/11,-8,0,0,-8,5951,0,25,5976,3.54%,3.56%,
104/11/10,-3,0,0,-3,5959,0,25,5984,3.54%,3.56%,
104/11/09,-88,0,0,-88,5962,0,25,5987,3.54%,3.56%,
104/11/06,0,0,0,0,6050,0,25,6075,3.59%,3.61%,
104/11/05,8,0,0,8,6050,0,25,6075,3.59%,3.61%,
104/11/04,64,0,0,64,6042,0,25,6067,3.59%,3.61%,
104/11/03,14,0,0,14,5978,0,25,6003,3.55%,3.57%,
104/11/02,16,0,0,16,5964,0,25,5989,3.54%,3.56%,
104/10/30,-26,0,1,-25,5948,0,25,5973,3.53%,3.55%,
104/10/29,-38,0,0,-38,5974,0,24,5998,3.55%,3.57%,
104/10/28,20,0,0,20,6012,0,24,6036,3.57%,3.59%,
104/10/27,12,0,0,12,5992,0,24,6016,3.56%,3.58%,
104/10/26,-19,0,0,-19,5980,0,24,6004,3.55%,3.57%,
104/10/23,-14,0,0,-14,5999,0,24,6023,3.56%,3.58%,
104/10/22,11,0,0,11,6013,0,24,6037,3.57%,3.59%,
104/10/21,-12,0,5,-7,6002,0,24,6026,3.57%,3.59%,
104/10/20,35,0,0,35,6014,0,19,6033,3.57%,3.58%,
104/10/19,-1,0,-1,-2,5979,0,19,5998,3.55%,3.56%,
104/10/16,0,0,0,0,5980,0,20,6000,3.55%,3.56%,
104/10/15,-12,0,1,-11,5980,0,20,6000,3.55%,3.56%,
104/10/14,-7,0,0,-7,5992,0,19,6011,3.56%,3.57%,
104/10/13,1,0,0,1,5999,0,19,6018,3.56%,3.57%,
104/10/12,32,0,0,32,5998,0,19,6017,3.56%,3.57%,
104/10/08,-51,0,0,-51,5966,0,19,5985,3.54%,3.55%,
104/10/07,-42,0,0,-42,6017,0,19,6036,3.57%,3.58%,
104/10/06,-34,0,0,-34,6059,0,19,6078,3.60%,3.61%,
104/10/05,3,0,4,7,6093,0,19,6112,3.62%,3.63%,
104/10/02,-16,0,0,-16,6090,0,15,6105,3.62%,3.63%,
104/10/01,39,0,2,41,6106,0,15,6121,3.63%,3.64%,
104/09/30,19,0,0,19,6067,0,13,6080,3.60%,3.61%,
104/09/25,68,0,0,68,6048,0,13,6061,3.59%,3.60%,
104/09/24,-24,0,-1,-25,5980,0,13,5993,3.55%,3.56%,
104/09/23,-23,0,-1,-24,6004,0,14,6018,3.57%,3.58%,
104/09/22,-1,0,0,-1,6027,0,15,6042,3.58%,3.59%,
104/09/21,-78,0,-2,-80,6028,0,15,6043,3.58%,3.59%,
104/09/18,58,0,0,58,6106,0,17,6123,3.63%,3.64%,
104/09/17,28,0,0,28,6048,0,17,6065,3.59%,3.60%,
104/09/16,35,0,2,37,6020,0,17,6037,3.58%,3.59%,
104/09/15,63,0,1,64,5985,0,15,6000,3.56%,3.57%,
104/09/14,-3,0,-2,-5,5922,0,14,5936,3.52%,3.53%,
104/09/11,72,0,0,72,5925,0,16,5941,3.52%,3.53%,
104/09/10,89,0,0,89,5853,0,16,5869,3.48%,3.49%,
104/09/09,-18,0,-1,-19,5764,0,16,5780,3.42%,3.43%,
104/09/08,-19,0,0,-19,5782,0,17,5799,3.44%,3.45%,
104/09/07,24,0,0,24,5801,0,17,5818,3.45%,3.46%,
104/09/04,10,0,0,10,5777,0,17,5794,3.43%,3.44%,
104/09/03,15,0,-1,14,5767,0,17,5784,3.43%,3.44%,
104/09/02,-17,0,0,-17,5752,0,18,5770,3.42%,3.43%,
104/09/01,64,0,0,64,5769,0,18,5787,3.43%,3.44%,
104/08/31,-33,0,0,-33,5705,0,18,5723,3.39%,3.40%,
104/08/28,-37,0,0,-37,5738,0,18,5756,3.41%,3.42%,
104/08/27,25,0,-6,19,5775,0,18,5793,3.43%,3.44%,
104/08/26,140,0,-2,138,5750,0,24,5774,3.42%,3.43%,
104/08/25,18,0,1,19,5610,0,26,5636,3.33%,3.35%,
104/08/24,-60,0,-4,-64,5592,0,25,5617,3.32%,3.33%,
104/08/21,-156,0,1,-155,5652,0,29,5681,3.36%,3.38%,
104/08/20,-9,0,-1,-10,5808,0,28,5836,3.45%,3.47%,
104/08/19,-159,0,-3,-162,5817,0,29,5846,3.46%,3.48%,
104/08/18,-270,0,0,-270,5764,0,32,5796,3.42%,3.44%,
104/08/17,619,0,0,619,6009,0,32,6041,3.57%,3.59%,
104/08/14,9,0,-1,8,5390,0,32,5422,3.20%,3.22%,
104/08/13,-17,0,-2,-19,5354,0,33,5387,3.18%,3.20%,
104/08/12,449,0,10,459,5371,0,35,5406,3.19%,3.21%,
104/08/11,9,0,-12,-3,4922,0,25,4947,2.92%,2.93%,
104/08/10,-36,0,-2,-38,4913,0,37,4950,2.92%,2.94%,
104/08/07,-14,0,0,-14,4949,0,39,4988,2.94%,2.96%,
104/08/06,-51,0,-4,-55,4963,0,39,5002,2.95%,2.97%,
104/08/05,-4,0,0,-4,5014,0,43,5057,2.98%,3.01%,
104/08/04,-77,0,14,-63,5018,0,43,5061,2.98%,3.01%,
104/08/03,-13,0,-6,-19,5095,0,29,5124,3.03%,3.05%,
104/07/31,-6,0,2,-4,5108,0,35,5143,3.03%,3.05%,
104/07/30,16,0,-1,15,5114,0,33,5147,2.87%,2.89%,
104/07/29,-19,0,0,-19,5098,0,34,5132,2.86%,2.88%,
104/07/28,-26,0,-2,-28,5117,0,34,5151,2.87%,2.89%,
104/07/27,-13,0,12,-1,5143,0,36,5179,2.88%,2.90%,
104/07/24,-18,0,-3,-21,5156,0,24,5180,2.89%,2.90%,
104/07/23,8,0,0,8,5174,0,27,5201,2.90%,2.92%,
104/07/22,-45,0,8,-37,5166,0,27,5193,2.90%,2.92%,
104/07/21,-33,0,0,-33,5211,0,19,5230,2.92%,2.93%,
104/07/20,-3,0,0,-3,5244,0,19,5263,2.94%,2.95%,
104/07/17,-3,0,0,-3,5247,0,19,5266,2.94%,2.95%,
104/07/16,-24,0,0,-24,5250,0,19,5269,2.94%,2.95%,
104/07/15,-6,0,0,-6,5274,0,19,5293,2.96%,2.97%,
104/07/14,-37,0,0,-37,5280,0,19,5299,2.96%,2.97%,
104/07/13,6,0,-15,-9,5317,0,19,5336,2.98%,2.99%,
104/07/09,-20,0,13,-7,5311,0,34,5345,2.98%,3.00%,
104/07/08,1,0,3,4,5331,0,21,5352,2.99%,3.00%,
104/07/07,-33,0,0,-33,5330,0,18,5348,2.99%,3.00%,
104/07/06,7,0,0,7,5363,0,18,5381,3.01%,3.02%,
104/07/03,3,0,0,3,5356,0,18,5374,3.00%,3.01%,
104/07/02,10,0,0,10,5353,0,18,5371,3.00%,3.01%,
104/07/01,51,0,0,51,5343,0,18,5361,3.00%,3.01%,
104/06/30,41,0,0,41,5292,0,18,5310,2.97%,2.98%,
104/06/29,24,0,0,24,5251,0,18,5269,2.94%,2.95%,
104/06/26,15,0,0,15,5227,0,18,5245,2.93%,2.94%,
104/06/25,27,0,0,27,5212,0,18,5230,2.92%,2.93%,
104/06/24,19,0,0,19,5185,0,18,5203,2.91%,2.92%,
104/06/23,22,0,0,22,5166,0,18,5184,2.90%,2.91%,
104/06/22,-48,0,0,-48,5144,0,18,5162,2.88%,2.89%,
104/06/18,-6,0,0,-6,5192,0,18,5210,2.91%,2.92%,
104/06/17,-21,0,-2,-23,5198,0,18,5216,2.91%,2.92%,
104/06/16,-92,0,0,-92,5219,0,20,5239,2.93%,2.94%,
104/06/15,-11,0,0,-11,5311,0,20,5331,2.98%,2.99%,
104/06/12,-6,0,0,-6,5322,0,20,5342,2.98%,2.99%,
104/06/11,-19,0,1,-18,5328,0,20,5348,2.99%,3.00%,
104/06/10,5,0,0,5,5347,0,19,5366,3.00%,3.01%,
104/06/09,1,0,0,1,5342,0,19,5361,2.99%,3.00%,
104/06/08,-19,0,0,-19,5341,0,19,5360,2.99%,3.00%,
104/06/05,-81,0,0,-81,5360,0,19,5379,3.00%,3.01%,
104/06/04,-25,0,0,-25,5441,0,19,5460,3.05%,3.06%,
104/06/03,13,0,0,13,5466,0,19,5485,3.06%,3.07%,
104/06/02,-2,0,0,-2,5453,0,19,5472,3.06%,3.07%,
104/06/01,24,0,0,24,5455,0,19,5474,3.06%,3.07%,
104/05/29,-15,0,0,-15,5481,0,19,5500,3.07%,3.08%,
104/05/28,-4,0,0,-4,5496,0,19,5515,3.08%,3.09%,
104/05/27,-3,0,0,-3,5500,0,19,5519,3.08%,3.09%,
104/05/26,-3,0,0,-3,5503,0,19,5522,3.09%,3.10%,
104/05/25,-29,0,0,-29,5506,0,19,5525,3.09%,3.10%,
104/05/22,-27,0,-2,-29,5535,0,19,5554,3.10%,3.11%,
104/05/21,-23,0,-6,-29,5562,0,21,5583,3.12%,3.13%,
104/05/20,-10,0,-2,-12,5585,0,27,5612,3.13%,3.15%,
104/05/19,-45,0,-2,-47,5595,0,29,5624,3.14%,3.16%,
104/05/18,-27,0,0,-27,5640,0,31,5671,3.16%,3.18%,
104/05/15,-105,0,-1,-106,5667,0,31,5698,3.18%,3.20%,
104/05/14,-1,0,-15,-16,5772,0,32,5804,3.24%,3.26%,
104/05/13,-15,0,0,-15,5773,0,47,5820,3.24%,3.27%,
104/05/12,-99,0,14,-85,5788,0,47,5835,3.25%,3.28%,
104/05/11,311,0,0,311,5887,0,33,5920,3.30%,3.32%,
104/05/08,23,0,0,23,5576,0,33,5609,3.13%,3.15%,
104/05/07,31,0,0,31,5553,0,33,5586,3.11%,3.13%,
104/05/06,48,0,0,48,5522,0,33,5555,3.10%,3.12%,
104/05/05,7,0,0,7,5474,0,33,5507,3.07%,3.09%,
104/05/04,23,0,0,23,5467,0,33,5500,3.07%,3.09%,
104/04/30,30,0,0,30,5444,0,33,5477,3.05%,3.07%,
104/04/29,43,0,4,47,5414,0,33,5447,3.04%,3.06%,
104/04/28,23,0,0,23,5371,0,29,5400,3.01%,3.03%,
104/04/27,6,0,2,8,5348,0,29,5377,3.00%,3.02%,
104/04/24,23,0,5,28,5342,0,27,5369,2.99%,3.01%,
104/04/23,6,0,-3,3,5319,0,22,5341,2.98%,2.99%,
104/04/22,-7,0,0,-7,5313,0,25,5338,2.98%,2.99%,
104/04/21,-12,0,1,-11,5320,0,25,5345,2.98%,2.99%,
104/04/20,-6,0,0,-6,5332,0,24,5356,2.99%,3.00%,
104/04/17,-19,0,0,-19,5338,0,24,5362,2.99%,3.00%,
104/04/16,-78,0,-6,-84,5357,0,24,5381,3.00%,3.01%,
104/04/15,106,0,2,108,5435,0,30,5465,3.05%,3.07%,
104/04/14,30,0,0,30,5329,0,28,5357,2.99%,3.01%,
104/04/13,-1,0,0,-1,5299,0,28,5327,2.97%,2.99%,
104/04/10,0,0,0,0,5300,0,28,5328,2.97%,2.99%,
104/04/09,2,0,0,2,5300,0,28,5328,2.97%,2.99%,
104/04/08,0,0,-2,-2,5298,0,28,5326,2.97%,2.99%,
104/04/07,-10,0,0,-10,5298,0,30,5328,2.97%,2.99%,
104/04/02,-3,0,0,-3,5308,0,30,5338,2.98%,3.00%,
104/04/01,-15,0,0,-15,5311,0,30,5341,2.98%,3.00%,
104/03/31,-6,0,5,-1,5326,0,30,5356,2.99%,3.01%,
104/03/30,8,0,0,8,5332,0,25,5357,2.99%,3.00%,
104/03/27,27,0,0,27,5324,0,25,5349,2.98%,2.99%,
104/03/26,8,0,0,8,5297,0,25,5322,2.97%,2.98%,
104/03/25,0,0,2,2,5289,0,25,5314,2.97%,2.98%,
104/03/24,0,0,0,0,5289,0,23,5312,2.97%,2.98%,
104/03/23,0,0,0,0,5289,0,23,5312,2.97%,2.98%,
104/03/20,0,0,0,0,5289,0,23,5312,2.97%,2.98%,
104/03/19,6,0,0,6,5289,0,23,5312,2.97%,2.98%,
104/03/18,0,0,2,2,5283,0,23,5306,2.96%,2.97%,
104/03/17,0,0,0,0,5283,0,21,5304,2.96%,2.97%,
104/03/16,0,0,0,0,5283,0,21,5304,2.96%,2.97%,
104/03/13,0,0,0,0,5283,0,21,5304,2.96%,2.97%,
104/03/12,-1,0,0,-1,5283,0,21,5304,2.96%,2.97%,
104/03/11,-15,0,0,-15,5284,0,21,5305,2.96%,2.97%,
104/03/10,2,0,0,2,5299,0,21,5320,2.97%,2.98%,
104/03/09,8,0,0,8,5297,0,21,5318,2.97%,2.98%,
104/03/06,0,0,-3,-3,5289,0,21,5310,2.97%,2.98%,
104/03/05,0,0,0,0,5289,0,24,5313,2.97%,2.98%,
104/03/04,0,0,0,0,5289,0,24,5313,2.97%,2.98%,
104/03/03,14,0,0,14,5289,0,24,5313,2.97%,2.98%,
104/03/02,-4,0,0,-4,5275,0,24,5299,2.96%,2.97%,
104/02/26,30,0,0,30,5279,0,24,5303,2.96%,2.97%,
104/02/25,14,0,-1,13,5249,0,24,5273,2.94%,2.95%,
104/02/24,-1,0,0,-1,5235,0,25,5260,2.93%,2.94%,
104/02/13,0,0,-1,-1,5236,0,25,5261,2.94%,2.95%,
104/02/12,0,0,0,0,5236,0,26,5262,2.94%,2.96%,
104/02/11,43,0,0,43,5236,0,26,5262,2.94%,2.96%,
104/02/10,17,0,8,25,5193,0,26,5219,2.91%,2.93%,
104/02/09,0,0,0,0,5176,0,18,5194,2.90%,2.91%,
104/02/06,0,0,0,0,5176,0,18,5194,2.90%,2.91%,
104/02/05,0,0,0,0,5176,0,18,5194,2.90%,2.91%,
104/02/04,0,0,0,0,5176,0,18,5194,2.90%,2.91%,
104/02/03,3,0,0,3,5176,0,18,5194,2.90%,2.91%,
104/02/02,-14,0,0,-14,5173,0,18,5191,2.90%,2.91%,
104/01/30,0,0,0,0,5187,0,18,5205,2.91%,2.92%,
104/01/29,2,0,0,2,5187,0,18,5205,2.91%,2.92%,
104/01/28,-34,0,0,-34,5185,0,18,5203,2.91%,2.92%,
104/01/27,0,0,0,0,5219,0,18,5237,2.93%,2.94%,
104/01/26,-8,0,0,-8,5219,0,18,5237,2.93%,2.94%,
104/01/23,0,0,0,0,5227,0,18,5245,2.93%,2.94%,
104/01/22,6,0,0,6,5227,0,18,5245,2.93%,2.94%,
104/01/21,9,0,0,9,5221,0,18,5239,2.93%,2.94%,
104/01/20,11,0,0,11,5212,0,18,5230,2.92%,2.93%,
104/01/19,0,0,0,0,5201,0,18,5219,2.92%,2.93%,
104/01/16,-10,0,0,-10,5201,0,18,5219,2.92%,2.93%,
104/01/15,-7,0,0,-7,5211,0,18,5229,2.92%,2.93%,
104/01/14,-6,0,0,-6,5218,0,18,5236,2.93%,2.94%,
104/01/13,-4,0,0,-4,5224,0,18,5242,2.93%,2.94%,
104/01/12,-1,0,0,-1,5228,0,18,5246,2.93%,2.94%,
104/01/09,-6,0,0,-6,5229,0,18,5247,2.93%,2.94%,
104/01/08,-7,0,0,-7,5235,0,18,5253,2.93%,2.94%,
104/01/07,-3,0,0,-3,5242,0,18,5260,2.94%,2.95%,
104/01/06,-34,0,0,-34,5245,0,18,5263,2.94%,2.95%,
104/01/05,2,0,0,2,5279,0,18,5297,2.96%,2.97%,
