日期,外資買賣超,投信買賣超,自營商買賣超,單日合計買賣超,外資估計持股,投信估計持股,自營商估計持股,單日合計估計持股,外資持股比重,三大法人持股比重,
107/03/31,2,0,-3,-1,175810,1,6902,182713,12.40%,12.89%,
107/03/30,131,0,-102,29,175808,1,6905,182714,12.40%,12.89%,
107/03/29,378,0,-219,159,175677,1,7007,182685,12.39%,12.88%,
107/03/28,394,0,-280,114,175299,1,7226,182526,12.37%,12.88%,
107/03/27,181,1,-200,-18,174905,1,7506,182412,12.34%,12.87%,
107/03/26,-959,0,-140,-1099,174725,0,7706,182431,12.33%,12.87%,
107/03/23,-98,0,-41,-139,175684,0,7846,183530,12.39%,12.94%,
107/03/22,-743,0,-421,-1164,175782,0,7887,183669,12.40%,12.96%,
107/03/21,-714,0,-281,-995,176525,0,8308,184833,12.45%,13.04%,
107/03/20,-24,0,0,-24,177238,0,8589,185827,12.50%,13.11%,
107/03/19,-87,-2,-11,-100,177262,0,8589,185851,12.51%,13.12%,
107/03/16,-631,0,100,-531,177349,0,8600,185949,12.51%,13.12%,
107/03/15,91,0,-3,88,177980,0,8500,186480,12.56%,13.16%,
107/03/14,74,0,-41,33,177889,0,8503,186392,12.55%,13.15%,
107/03/13,1432,0,-180,1252,177815,0,8544,186359,12.54%,13.14%,
107/03/12,839,0,-130,709,176383,0,8724,185107,12.44%,13.06%,
107/03/09,472,0,-191,281,175544,0,8854,184398,12.38%,13.00%,
107/03/08,112,0,-215,-103,175072,0,9045,184117,12.35%,12.99%,
107/03/07,954,0,-272,682,174962,0,9260,184222,12.34%,12.99%,
107/03/06,155,0,-15,140,173998,0,9532,183530,12.27%,12.94%,
107/03/05,-426,0,-7,-433,173843,0,9547,183390,12.26%,12.93%,
107/03/02,739,0,-66,673,174269,0,9554,183823,12.29%,12.96%,
107/03/01,1788,0,-250,1538,173530,0,9620,183150,12.24%,12.92%,
107/02/27,365,0,-218,147,171742,0,9870,181612,12.12%,12.82%,
107/02/26,290,0,-100,190,171377,0,10088,181465,12.09%,12.80%,
107/02/23,929,0,-150,779,171087,0,10188,181275,12.07%,12.79%,
107/02/22,227,0,-52,175,170158,0,10338,180496,12.00%,12.73%,
107/02/21,271,0,-293,-22,169931,0,10390,180321,11.99%,12.72%,
107/02/12,568,0,-368,200,169660,0,10683,180343,11.97%,12.72%,
107/02/09,400,0,13,413,169182,0,11051,180233,11.93%,12.71%,
107/02/08,651,0,-277,374,168832,0,11038,179870,11.91%,12.69%,
107/02/07,-965,0,-210,-1175,168181,0,11315,179496,11.86%,12.66%,
107/02/06,-262,0,-79,-341,169146,0,11525,180671,11.93%,12.74%,
107/02/05,-516,0,169,-347,169408,0,11604,181012,11.95%,12.77%,
107/02/02,139,0,7,146,169924,0,11435,181359,11.99%,12.80%,
107/02/01,1666,0,14,1680,169785,0,11428,181213,11.98%,12.79%,
107/01/31,345,0,55,400,168119,0,11414,179533,11.86%,12.67%,
107/01/30,292,0,18,310,167774,0,11359,179133,11.84%,12.64%,
107/01/29,351,0,12,363,167482,0,11341,178823,11.81%,12.61%,
107/01/26,494,0,10,504,167131,0,11329,178460,11.79%,12.59%,
107/01/25,845,0,4,849,166637,0,11319,177956,11.76%,12.56%,
107/01/24,699,0,1,700,165792,0,11315,177107,11.70%,12.50%,
107/01/23,162,0,1,163,165093,0,11314,176407,11.65%,12.45%,
107/01/22,466,0,1,467,164931,0,11313,176244,11.63%,12.43%,
107/01/19,1132,0,0,1132,164465,0,11312,175777,11.60%,12.40%,
107/01/18,375,0,-93,282,163073,0,11312,174385,11.50%,12.30%,
107/01/17,1104,0,150,1254,162698,0,11405,174103,11.48%,12.28%,
107/01/16,225,0,1,226,161594,0,11255,172849,11.40%,12.19%,
107/01/15,673,0,-170,503,161369,0,11254,172623,11.38%,12.17%,
107/01/12,233,0,-140,93,160696,0,11424,172120,11.34%,12.15%,
107/01/11,1125,0,-65,1060,160463,0,11564,172027,11.32%,12.14%,
107/01/10,1331,0,-290,1041,159338,0,11629,170967,11.24%,12.06%,
107/01/09,594,0,-230,364,158007,0,11919,169926,11.15%,11.99%,
107/01/08,600,0,34,634,157413,0,12149,169562,11.10%,11.96%,
107/01/05,1230,0,-250,980,156813,0,12115,168928,11.06%,11.92%,
107/01/04,1785,-232,-377,1176,155583,0,12365,167948,10.98%,11.85%,
107/01/03,960,0,-300,660,153798,12,12742,166552,10.85%,11.75%,
107/01/02,468,0,-410,58,152838,12,13042,165892,10.78%,11.70%,
106/12/29,331,0,301,632,152370,12,13452,165834,10.75%,11.70%,
106/12/28,289,14,1,304,152289,41,13151,165481,10.74%,11.67%,
106/12/27,66,16,0,82,152000,27,13150,165177,10.72%,11.65%,
106/12/26,64,11,0,75,151934,11,13150,165095,10.72%,11.65%,
106/12/25,-72,0,0,-72,151870,0,13150,165020,10.71%,11.64%,
106/12/22,34,0,0,34,151942,0,13150,165092,10.72%,11.65%,
106/12/21,542,0,-90,452,151908,0,13150,165058,10.72%,11.65%,
106/12/20,155,0,-50,105,151364,0,13240,164604,10.68%,11.61%,
106/12/19,-203,0,-71,-274,151209,0,13290,164499,10.67%,11.61%,
106/12/18,174,0,-85,89,151412,0,13361,164773,10.68%,11.62%,
106/12/15,38,0,-73,-35,151238,0,13446,164684,10.67%,11.62%,
106/12/14,319,0,-110,209,151200,0,13519,164719,10.67%,11.62%,
106/12/13,-393,0,-100,-493,150881,0,13629,164510,10.64%,11.60%,
106/12/12,142,0,-170,-28,151274,0,13729,165003,10.67%,11.64%,
106/12/11,175,0,-70,105,151132,0,13899,165031,10.66%,11.64%,
106/12/08,295,0,-120,175,150957,0,13969,164926,10.65%,11.64%,
106/12/07,-80,0,-30,-110,150663,0,14089,164752,10.63%,11.62%,
106/12/06,-242,0,-79,-321,150743,0,14119,164862,10.63%,11.63%,
106/12/05,59,0,-91,-32,150985,0,14198,165183,10.65%,11.65%,
106/12/04,101,0,-130,-29,150926,0,14289,165215,10.65%,11.66%,
106/12/01,233,0,-100,133,150825,0,14419,165244,10.64%,11.66%,
106/11/30,411,0,-170,241,150592,0,14519,165111,10.62%,11.64%,
106/11/29,-38,0,-200,-238,150181,0,14689,164870,10.59%,11.63%,
106/11/28,-16,0,-114,-130,150219,0,14889,165108,10.60%,11.65%,
106/11/27,-1039,0,-140,-1179,150235,0,15003,165238,10.60%,11.66%,
106/11/24,-1569,0,-80,-1649,151274,0,15143,166417,10.67%,11.74%,
106/11/23,-585,0,-60,-645,152843,0,15223,168066,10.78%,11.85%,
106/11/22,566,0,-311,255,153428,0,15283,168711,10.82%,11.90%,
106/11/21,175,0,-204,-29,152862,0,15594,168456,10.78%,11.88%,
106/11/20,131,0,-80,51,152687,0,15798,168485,10.77%,11.88%,
106/11/17,158,0,-110,48,152556,0,15878,168434,10.76%,11.88%,
106/11/16,-172,0,-121,-293,152398,0,15988,168386,10.75%,11.88%,
106/11/15,312,0,-200,112,152570,0,16109,168679,10.76%,11.90%,
106/11/14,29,0,2,31,152258,0,16309,168567,10.74%,11.89%,
106/11/13,149,0,-60,89,152229,0,16307,168536,10.74%,11.89%,
106/11/10,-749,0,-83,-832,152139,0,16367,168506,10.73%,11.89%,
106/11/09,183,0,-130,53,152888,0,16450,169338,10.78%,11.94%,
106/11/08,-129,-642,-11,-782,152705,0,16580,169285,10.77%,11.94%,
106/11/07,63,0,-30,33,152834,83,16591,169508,10.78%,11.96%,
106/11/06,221,0,-60,161,152771,83,16621,169475,10.78%,11.96%,
106/11/03,211,0,-100,111,152550,83,16681,169314,10.76%,11.94%,
106/11/02,-2,0,-70,-72,152339,83,16781,169203,10.75%,11.94%,
106/11/01,0,0,-49,-49,152341,83,16851,169275,10.75%,11.95%,
106/10/31,-136,0,-46,-182,152341,83,16900,169324,10.75%,11.95%,
106/10/30,184,0,1,185,152565,83,16946,169594,10.76%,11.96%,
106/10/27,463,0,-30,433,152381,83,16945,169409,10.75%,11.95%,
106/10/26,16,0,-50,-34,151918,83,16975,168976,10.72%,11.92%,
106/10/25,428,0,-130,298,151902,83,17025,169010,10.72%,11.93%,
106/10/24,26,0,-86,-60,151557,83,17155,168795,10.69%,11.91%,
106/10/23,-22,0,-84,-106,151531,83,17241,168855,10.69%,11.91%,
106/10/20,-1696,0,-112,-1808,151553,83,17325,168961,10.69%,11.92%,
106/10/19,37,0,-116,-79,153250,83,17437,170770,10.81%,12.05%,
106/10/18,313,0,-89,224,153213,83,17553,170849,10.81%,12.05%,
106/10/17,-394,0,0,-394,152900,83,17642,170625,10.79%,12.04%,
106/10/16,20,0,-60,-40,153234,83,17642,170959,10.81%,12.06%,
106/10/13,-91,0,0,-91,153214,83,17702,170999,10.81%,12.07%,
106/10/12,304,0,-212,92,153305,83,17702,171090,10.81%,12.07%,
106/10/11,-266,0,-113,-379,152901,83,17914,170898,10.79%,12.06%,
106/10/06,168,0,0,168,153167,83,18027,171277,10.80%,12.08%,
106/10/05,-88,41,0,-47,152999,83,18027,171109,10.79%,12.07%,
106/10/03,-594,42,0,-552,153004,42,18027,171073,10.79%,12.07%,
106/10/02,-292,0,0,-292,153598,0,18027,171625,10.84%,12.11%,
106/09/30,0,0,0,0,153870,0,18027,171897,10.85%,12.12%,
106/09/29,854,0,-213,641,153870,803,18027,172700,10.85%,12.18%,
106/09/28,-321,0,-11,-332,153015,803,18240,172058,10.79%,12.13%,
106/09/27,110,0,-10,100,153336,803,18251,172390,10.82%,12.16%,
106/09/26,102,0,5,107,153226,803,18261,172290,10.81%,12.16%,
106/09/25,-236,0,1,-235,153124,803,18256,172183,10.80%,12.15%,
106/09/22,-38,0,-5,-43,153360,803,18255,172418,10.82%,12.17%,
106/09/21,-135,0,7,-128,153398,803,18260,172461,10.82%,12.17%,
106/09/20,-136,0,0,-136,153533,803,18253,172589,10.83%,12.17%,
106/09/19,344,191,-130,405,153669,803,18253,172725,10.84%,12.18%,
106/09/18,861,191,0,1052,153325,612,18383,172320,10.82%,12.16%,
106/09/15,461,95,-129,427,152464,421,18383,171268,10.76%,12.09%,
106/09/14,466,84,-34,516,152003,326,18512,170841,10.72%,12.05%,
106/09/13,19,0,10,29,151537,242,18546,170325,10.69%,12.02%,
106/09/12,2157,0,14,2171,151519,242,18536,170297,10.69%,12.02%,
106/09/11,1612,0,-200,1412,149352,242,18522,168116,10.54%,11.86%,
106/09/08,-166,200,-11,23,147662,242,18722,166626,10.42%,11.76%,
106/09/07,554,32,-102,484,147828,42,18733,166603,10.43%,11.76%,
106/09/06,237,0,-27,210,147274,10,18835,166119,10.39%,11.72%,
106/09/05,139,0,0,139,147037,10,18862,165909,10.37%,11.70%,
106/09/04,78,0,-90,-12,146925,10,18862,165797,10.36%,11.69%,
106/09/01,181,0,-130,51,146847,10,18952,165809,10.36%,11.70%,
106/08/31,1131,0,-273,858,146666,10,19082,165758,10.35%,11.70%,
106/08/30,17,0,-90,-73,145385,10,19355,164750,10.26%,11.63%,
106/08/29,47,0,-79,-32,145368,10,19445,164823,10.25%,11.62%,
106/08/28,159,0,-70,89,145321,10,19524,164855,10.25%,11.63%,
106/08/25,80,0,-1,79,145162,10,19594,164766,10.24%,11.62%,
106/08/24,316,-0,2,318,145082,10,19595,164687,10.23%,11.61%,
106/08/23,-565,0,-92,-657,144766,10,19593,164369,10.21%,11.59%,
106/08/22,-495,0,0,-495,145331,10,19685,165026,10.25%,11.64%,
106/08/21,-477,0,-7,-484,145826,10,19685,165521,10.29%,11.68%,
106/08/18,-1179,0,0,-1179,146286,10,19692,165988,10.32%,11.71%,
106/08/17,-47,0,-26,-73,147465,10,19692,167167,10.40%,11.79%,
106/08/16,-764,0,-223,-987,147517,10,19718,167245,10.41%,11.80%,
106/08/15,-306,0,-474,-780,148271,10,19941,168222,10.46%,11.87%,
106/08/14,-226,0,0,-226,148577,10,20415,169002,10.48%,11.92%,
106/08/11,-45,0,-86,-131,148803,10,20415,169228,10.50%,11.94%,
106/08/10,658,0,-181,477,148848,10,20501,169359,10.50%,11.95%,
106/08/09,84,0,-21,63,148190,10,20682,168882,10.45%,11.91%,
106/08/08,3,0,-2,1,148106,10,20703,168819,10.45%,11.91%,
106/08/07,62,0,0,62,148103,10,20705,168818,10.45%,11.91%,
106/08/04,-96,0,-15,-111,148041,10,20705,168756,10.44%,11.90%,
106/08/03,128,0,0,128,148137,10,20720,168867,10.45%,11.91%,
106/08/02,105,0,0,105,148009,10,20720,168739,10.44%,11.90%,
106/08/01,89,0,0,89,147899,10,20720,168629,10.43%,11.89%,
106/07/31,-202,0,0,-202,147810,10,20720,168540,10.43%,11.89%,
106/07/28,188,0,0,188,148012,10,20720,168742,10.44%,11.90%,
106/07/27,157,0,-7,150,147824,10,20720,168554,10.43%,11.89%,
106/07/26,-431,0,-27,-458,147667,10,20727,168404,10.42%,11.88%,
106/07/25,-145,0,0,-145,148098,10,20754,168862,10.45%,11.92%,
106/07/24,-32,0,0,-32,148243,10,20754,169007,10.46%,11.93%,
106/07/21,-85,0,0,-85,148275,10,20754,169039,10.46%,11.93%,
106/07/20,-332,0,0,-332,148360,10,20754,169124,10.47%,11.94%,
106/07/19,123,0,-588,-465,148793,10,20754,169557,10.50%,11.97%,
106/07/18,-205,0,319,114,148670,10,21342,170022,10.49%,12.00%,
106/07/17,-78,0,-29,-107,148875,10,21023,169908,10.50%,11.98%,
106/07/14,-750,0,-2,-752,148953,10,21052,170015,10.51%,12.00%,
106/07/13,306,0,-9,297,149972,10,21054,171036,10.58%,12.07%,
106/07/12,136,0,-117,19,149884,10,21063,170957,10.57%,12.06%,
106/07/11,159,0,41,200,149748,10,21180,170938,10.56%,12.06%,
106/07/10,118,0,1,119,149589,10,21139,170738,10.55%,12.04%,
106/07/07,-13,0,-20,-33,149470,10,21138,170618,10.54%,12.03%,
106/07/06,166,0,0,166,149483,10,21158,170651,10.54%,12.03%,
106/07/05,-1,0,0,-1,149317,10,21158,170485,10.53%,12.02%,
106/07/04,-8,0,-150,-158,149308,10,21158,170476,10.53%,12.02%,
106/07/03,90,0,-220,-130,149316,10,21308,170634,10.53%,12.03%,
106/06/30,479,0,275,754,149226,10,21528,170764,10.53%,12.05%,
106/06/29,171,0,0,171,148747,1,21253,170001,10.49%,11.99%,
106/06/28,521,0,-32,489,148566,1,21253,169820,10.48%,11.98%,
106/06/27,349,0,-100,249,148045,1,21285,169331,10.44%,11.94%,
106/06/26,531,0,-120,411,147696,1,21385,169082,10.42%,11.93%,
106/06/23,101,0,-98,3,147165,1,21505,168671,10.38%,11.90%,
106/06/22,72,0,0,72,147053,1,21603,168657,10.37%,11.89%,
106/06/21,-15,0,37,22,146981,1,21603,168585,10.37%,11.89%,
106/06/20,65,0,0,65,146895,1,21566,168462,10.36%,11.88%,
106/06/19,51,-1,6,56,146830,1,21566,168397,10.36%,11.88%,
106/06/16,381,-179,4,206,146779,1,21560,168340,10.35%,11.87%,
106/06/15,-16,0,153,137,146398,180,21556,168134,10.33%,11.86%,
106/06/14,-176,0,357,181,146414,180,21403,167997,10.33%,11.85%,
106/06/13,27,0,418,445,146590,180,21046,167816,10.34%,11.84%,
106/06/12,-233,0,0,-233,146563,180,20628,167371,10.34%,11.81%,
106/06/09,-45,0,36,-9,146894,180,20628,167702,10.36%,11.83%,
106/06/08,408,0,-84,324,146949,180,20592,167721,10.37%,11.84%,
106/06/07,-202,0,-3,-205,146589,180,20676,167445,10.34%,11.81%,
106/06/06,44,-15,0,29,146791,180,20679,167650,10.35%,11.82%,
106/06/05,174,-10,-4,160,146747,195,20679,167621,10.35%,11.82%,
106/06/03,-10,0,0,-10,146630,205,20683,167518,10.34%,11.81%,
106/06/02,112,0,0,112,146640,205,20683,167528,10.34%,11.81%,
106/06/01,-92,0,-6,-98,146528,205,20683,167416,10.34%,11.81%,
106/05/31,-45,0,1,-44,146620,205,20689,167514,10.34%,11.81%,
106/05/26,104,0,-85,19,146617,205,20688,167510,10.34%,11.81%,
106/05/25,373,0,-100,273,146513,205,20773,167491,10.34%,11.82%,
106/05/24,-386,0,-133,-519,146140,205,20873,167218,10.31%,11.80%,
106/05/23,-25,0,-457,-482,146526,205,21006,167737,10.34%,11.84%,
106/05/22,-248,0,-917,-1165,146551,205,21463,168219,10.34%,11.87%,
106/05/19,37,0,-1400,-1363,146799,205,22380,169384,10.36%,11.95%,
106/05/18,-330,0,-488,-818,146762,205,23780,170747,10.35%,12.04%,
106/05/17,-256,0,-117,-373,147092,205,24268,171565,10.38%,12.11%,
106/05/16,-119,0,-110,-229,147348,205,24385,171938,10.39%,12.13%,
106/05/15,-126,0,-20,-146,147467,205,24495,172167,10.40%,12.14%,
106/05/12,40,0,-153,-113,147593,205,24515,172313,10.41%,12.15%,
106/05/11,533,0,-225,308,147553,205,24668,172426,10.41%,12.17%,
106/05/10,104,0,-52,52,147001,205,24893,172099,10.37%,12.14%,
106/05/09,-51,0,0,-51,146897,205,24945,172047,10.36%,12.13%,
106/05/08,102,0,-70,32,146948,205,24945,172098,10.37%,12.14%,
106/05/05,-85,0,-46,-131,146867,205,25015,172087,10.36%,12.14%,
106/05/04,302,0,-65,237,146952,205,25061,172218,10.37%,12.15%,
106/05/03,316,0,-32,284,146650,205,25126,171981,10.34%,12.13%,
106/05/02,281,0,0,281,146334,205,25158,171697,10.32%,12.11%,
106/04/28,44,0,0,44,146053,205,25158,171416,10.30%,12.09%,
106/04/27,174,0,-85,89,146342,205,25158,171705,10.32%,12.11%,
106/04/26,433,0,36,469,146168,205,25243,171616,10.31%,12.11%,
106/04/25,370,0,0,370,145735,205,25207,171147,10.28%,12.07%,
106/04/24,272,0,0,272,145365,205,25207,170777,10.25%,12.04%,
106/04/21,-169,0,0,-169,145093,205,25207,170505,10.23%,12.02%,
106/04/20,-72,0,-1,-73,145262,205,25207,170674,10.25%,12.04%,
106/04/19,-371,0,-5,-376,145412,205,25208,170825,10.26%,12.05%,
106/04/18,-16,0,0,-16,145865,205,25213,171283,10.29%,12.08%,
106/04/17,69,0,3,72,145971,205,25213,171389,10.30%,12.09%,
106/04/14,-20,-1,0,-21,145888,205,25210,171303,10.29%,12.08%,
106/04/13,648,0,7,655,145908,206,25210,171324,10.29%,12.08%,
106/04/12,-239,0,-1,-240,145260,206,25203,170669,10.25%,12.04%,
106/04/11,10,0,0,10,145499,206,25204,170909,10.26%,12.05%,
106/04/10,-74,0,0,-74,145432,206,25204,170842,10.26%,12.05%,
106/04/07,-285,0,-5,-290,145461,206,25204,170871,10.26%,12.05%,
106/04/06,-16,0,3,-13,145743,206,25209,171158,10.28%,12.07%,
106/04/05,388,0,13,401,145684,206,25206,171096,10.28%,12.07%,
106/03/31,252,0,0,252,145296,206,25193,170695,10.25%,12.04%,
106/03/30,276,0,0,276,145026,187,25193,170406,10.23%,12.02%,
106/03/29,-82,0,213,131,144750,187,25193,170130,10.21%,12.00%,
106/03/28,76,0,79,155,144712,187,24980,169879,10.21%,11.99%,
106/03/27,-140,0,1,-139,144571,187,24901,169659,10.20%,11.97%,
106/03/24,-2,0,0,-2,144511,187,24900,169598,10.19%,11.96%,
106/03/23,-96,0,17,-79,144513,187,24900,169600,10.19%,11.96%,
106/03/22,-222,0,10,-212,145239,187,24883,170309,10.25%,12.02%,
106/03/21,498,-4,31,525,145461,187,24873,170521,10.26%,12.03%,
106/03/20,199,-4,37,232,144522,191,24842,169555,10.19%,11.96%,
106/03/17,674,-4,0,670,144323,195,24805,169323,10.18%,11.94%,
106/03/16,56,0,116,172,143461,199,24805,168465,10.12%,11.88%,
106/03/15,-105,0,-1,-106,143405,199,24689,168293,10.12%,11.88%,
106/03/14,-224,0,0,-224,144110,199,24690,168999,10.17%,11.93%,
106/03/13,-195,0,0,-195,143734,199,24690,168623,10.14%,11.90%,
106/03/10,-202,0,5,-197,143928,199,24690,168817,10.15%,11.91%,
106/03/09,-126,0,3,-123,144130,199,24685,169014,10.17%,11.93%,
106/03/08,0,0,0,0,144184,199,24682,169065,10.17%,11.93%,
106/03/07,10,0,2,12,143970,199,24682,168851,10.16%,11.92%,
106/03/06,-1012,0,0,-1012,143960,199,24680,168839,10.15%,11.91%,
106/03/03,-696,0,0,-696,144972,199,24680,169851,10.23%,11.99%,
106/03/02,-128,0,0,-128,145658,199,24680,170537,10.27%,12.03%,
106/03/01,-820,0,3,-817,145786,199,24680,170665,10.28%,12.04%,
106/02/24,-116,0,0,-116,146606,199,24677,171482,10.34%,12.10%,
106/02/23,-323,0,3,-320,146722,199,24677,171598,10.35%,12.11%,
106/02/22,16,0,10,26,147045,199,24674,171918,10.37%,12.13%,
106/02/21,28,0,1,29,147030,199,24664,171893,10.37%,12.12%,
106/02/20,-304,0,0,-304,147002,199,24663,171864,10.37%,12.12%,
106/02/18,0,0,0,0,147306,199,24663,172168,10.39%,12.14%,
106/02/17,206,0,0,206,147306,199,24663,172168,10.39%,12.14%,
106/02/16,-161,0,0,-161,147100,199,24663,171962,10.38%,12.13%,
106/02/15,-49,0,0,-49,147261,199,24663,172123,10.39%,12.14%,
106/02/14,-220,0,-5,-225,147110,199,24663,171972,10.38%,12.13%,
106/02/13,-351,0,0,-351,147330,199,24668,172197,10.39%,12.14%,
106/02/10,-329,0,0,-329,147681,199,24668,172548,10.42%,12.17%,
106/02/09,779,0,-5,774,148011,199,24668,172878,10.44%,12.19%,
106/02/08,-143,0,0,-143,147231,199,24673,172103,10.39%,12.15%,
106/02/07,-274,0,-1,-275,147374,199,24673,172246,10.40%,12.16%,
106/02/06,53,0,0,53,147648,199,24674,172521,10.42%,12.18%,
106/02/03,-73,3,2,-68,147596,199,24674,172469,10.41%,12.17%,
106/02/02,204,0,-4,200,147669,196,24672,172537,10.42%,12.18%,
106/01/24,131,0,0,131,147465,196,24676,172337,10.40%,12.16%,
106/01/23,-1,0,-6,-7,147334,196,24676,172206,10.39%,12.15%,
106/01/20,-39,0,0,-39,147335,195,24682,172212,10.39%,12.15%,
106/01/19,-265,0,-14,-279,147374,195,24682,172251,10.40%,12.16%,
106/01/18,73,0,5,78,147638,195,24696,172529,10.41%,12.17%,
106/01/17,34,0,0,34,147553,195,24691,172439,10.41%,12.17%,
106/01/16,-120,0,-3,-123,147519,195,24691,172405,10.41%,12.17%,
106/01/13,-74,0,-2,-76,147639,195,24694,172528,10.41%,12.17%,
106/01/12,892,0,0,892,147713,195,24696,172604,10.42%,12.18%,
106/01/11,75,0,0,75,146821,195,24696,171712,10.36%,12.12%,
106/01/10,-76,0,0,-76,146746,195,24696,171637,10.35%,12.11%,
106/01/09,64,0,-3,61,146822,195,24696,171713,10.36%,12.12%,
106/01/06,-527,-6,-3,-536,147258,195,24699,172152,10.39%,12.15%,
106/01/05,-324,1,0,-323,147786,201,24702,172689,10.42%,12.18%,
106/01/04,-223,0,0,-223,148110,200,24702,173012,10.45%,12.21%,
106/01/03,-139,0,0,-139,148333,200,24702,173235,10.46%,12.22%,
105/12/30,131,0,-19,112,148472,200,24702,173374,10.47%,12.23%,
105/12/29,-67,0,0,-67,148341,200,24721,173262,10.46%,12.22%,
105/12/28,-209,0,0,-209,148408,200,24721,173329,10.47%,12.23%,
105/12/27,-201,0,-8,-209,148576,200,24721,173497,10.48%,12.24%,
105/12/26,-76,0,0,-76,148777,200,24729,173706,10.49%,12.25%,
105/12/23,-454,0,1,-453,148853,200,24729,173782,10.50%,12.26%,
105/12/22,-268,0,3,-265,149307,200,24728,174235,10.53%,12.29%,
105/12/21,-371,0,-14,-385,149575,200,24725,174500,10.55%,12.31%,
105/12/20,-244,0,29,-215,149946,200,24739,174885,10.58%,12.34%,
105/12/19,-214,0,2,-212,150190,200,24710,175100,10.59%,12.35%,
105/12/16,217,-1,16,232,150404,200,24708,175312,10.61%,12.37%,
105/12/15,96,0,1,97,150187,201,24692,175080,10.59%,12.35%,
105/12/14,-41,0,0,-41,150091,201,24691,174983,10.59%,12.35%,
105/12/13,350,0,0,350,150132,201,24691,175024,10.59%,12.35%,
105/12/12,-112,0,30,-82,149782,201,24691,174674,10.57%,12.33%,
105/12/09,-696,0,15,-681,149894,201,24661,174756,10.57%,12.32%,
105/12/08,-69,0,45,-24,150590,201,24646,175437,10.62%,12.37%,
105/12/07,-281,0,0,-281,150659,201,24601,175461,10.63%,12.38%,
105/12/06,-656,0,5,-651,150940,201,24601,175742,10.65%,12.40%,
105/12/05,-422,0,0,-422,151597,201,24596,176394,10.69%,12.44%,
105/12/02,-249,0,-15,-264,152019,201,24596,176816,10.72%,12.47%,
105/12/01,-278,0,-2,-280,152268,201,24611,177080,10.74%,12.49%,
105/11/30,710,0,0,710,152545,201,24613,177359,10.76%,12.51%,
105/11/29,-95,5,5,-85,151835,201,24613,176649,10.71%,12.46%,
105/11/28,92,0,-3,89,151930,196,24608,176734,10.72%,12.47%,
105/11/25,260,0,0,260,151838,196,24611,176645,10.71%,12.46%,
105/11/24,312,0,0,312,151578,196,24611,176385,10.69%,12.44%,
105/11/23,-228,0,0,-228,151266,196,24611,176073,10.67%,12.42%,
105/11/22,347,2,5,354,151494,196,24611,176301,10.69%,12.44%,
105/11/21,-898,0,0,-898,151147,194,24606,175947,10.66%,12.41%,
105/11/18,416,-170,-6,240,152045,194,24606,176845,10.73%,12.48%,
105/11/17,250,-190,-129,-69,151629,364,24612,176605,10.70%,12.46%,
105/11/16,-392,-216,-29,-637,151379,554,24741,176674,10.68%,12.47%,
105/11/15,-277,0,4,-273,151771,770,24770,177311,10.71%,12.51%,
105/11/14,-497,0,3,-494,152048,770,24766,177584,10.73%,12.53%,
105/11/11,-1619,0,0,-1619,152545,770,24763,178078,10.76%,12.56%,
105/11/10,-288,0,0,-288,154163,770,24763,179696,10.88%,12.68%,
105/11/09,-1733,0,-105,-1838,154451,770,24763,179984,10.90%,12.70%,
105/11/08,-115,0,0,-115,156184,770,24868,181822,11.02%,12.83%,
105/11/07,-299,0,16,-283,156299,770,24868,181937,11.03%,12.84%,
105/11/04,-302,0,-100,-402,156598,770,24852,182220,11.05%,12.86%,
105/11/03,-141,-1,-97,-239,156900,770,24952,182622,11.07%,12.89%,
105/11/02,-391,-1,59,-333,157041,771,25049,182861,11.08%,12.90%,
105/11/01,-504,-177,25,-656,157432,772,24990,183194,11.11%,12.93%,
105/10/31,131,-114,0,17,157936,949,24965,183850,11.14%,12.97%,
105/10/28,24,-114,2,-88,157805,1063,24965,183833,11.13%,12.97%,
105/10/27,-198,0,40,-158,157781,1177,24963,183921,11.13%,12.97%,
105/10/26,-11,0,0,-11,157979,1177,24923,184079,11.14%,12.98%,
105/10/25,100,0,0,100,157990,1177,24923,184090,11.15%,12.99%,
105/10/24,283,0,0,283,157890,1177,24923,183990,11.14%,12.98%,
105/10/21,-66,3,-43,-106,157607,1177,24923,183707,11.12%,12.96%,
105/10/20,-115,3,-56,-168,157673,1174,24966,183813,11.12%,12.96%,
105/10/19,-159,0,-159,-318,157788,1171,25022,183981,11.13%,12.98%,
105/10/18,116,0,-120,-4,157947,1171,25181,184299,11.14%,13.00%,
105/10/17,-405,0,-85,-490,157831,1171,25301,184303,11.13%,13.00%,
105/10/14,-96,0,18,-78,158236,1171,25386,184793,11.16%,13.03%,
105/10/13,181,0,-360,-179,158332,1171,25368,184871,11.17%,13.04%,
105/10/12,-317,0,-160,-477,158151,1171,25728,185050,11.16%,13.06%,
105/10/11,194,0,-21,173,158468,1171,25888,185527,11.18%,13.09%,
105/10/07,-385,1,60,-324,158274,1171,25909,185354,11.17%,13.08%,
105/10/06,-147,0,124,-23,158659,1170,25849,185678,11.19%,13.10%,
105/10/05,845,-251,192,786,158806,1170,25725,185701,11.20%,13.10%,
105/10/04,304,0,-57,247,157961,1421,25533,184915,11.14%,13.04%,
105/10/03,-753,0,-7,-760,157657,1421,25590,184668,11.12%,13.03%,
105/09/30,-633,4,27,-602,158410,1421,25597,185428,11.17%,13.08%,
105/09/29,-35,0,-1,-36,159025,1414,25570,186009,11.22%,13.12%,
105/09/26,22,0,24,46,159060,1414,25571,186045,11.22%,13.12%,
105/09/23,-310,0,114,-196,159038,1414,25547,185999,11.22%,13.12%,
105/09/22,-138,0,-1,-139,159348,1414,25433,186195,11.24%,13.13%,
105/09/21,-199,0,8,-191,159486,1414,25434,186334,11.25%,13.14%,
105/09/20,-321,0,38,-283,159685,1414,25426,186525,11.26%,13.15%,
105/09/19,-912,0,-1,-913,160006,1414,25388,186808,11.29%,13.18%,
105/09/14,-336,-1,33,-304,160417,1414,25389,187220,11.32%,13.21%,
105/09/13,-515,0,0,-515,160753,1415,25356,187524,11.34%,13.23%,
105/09/12,-287,0,11,-276,161268,1415,25356,188039,11.38%,13.27%,
105/09/10,-10,0,-13,-23,161555,1415,25345,188315,11.40%,13.29%,
105/09/09,197,0,9,206,161565,1415,25358,188338,11.40%,13.29%,
105/09/08,356,-2,22,376,161368,1415,25349,188132,11.38%,13.27%,
105/09/07,299,0,38,337,161012,1417,25327,187756,11.36%,13.25%,
105/09/06,219,0,-4,215,160713,1417,25289,187419,11.34%,13.22%,
105/09/05,327,0,23,350,160494,1417,25293,187204,11.32%,13.21%,
105/09/02,296,0,20,316,160167,1417,25270,186854,11.30%,13.18%,
105/09/01,282,0,-11,271,159871,1417,25250,186538,11.28%,13.16%,
105/08/31,-463,-440,-532,-1435,159589,1417,25261,186267,11.26%,13.14%,
105/08/30,11,-360,-112,-461,160052,1857,25793,187702,11.29%,13.24%,
105/08/29,-151,0,-261,-412,160041,2217,25905,188163,11.29%,13.27%,
105/08/26,114,0,-16,98,160192,2217,26166,188575,11.30%,13.30%,
105/08/25,274,0,0,274,160078,2217,26182,188477,11.29%,13.29%,
105/08/24,348,-1,-30,317,159804,2217,26182,188203,11.27%,13.27%,
105/08/23,21,0,0,21,159456,2218,26212,187886,11.25%,13.26%,
105/08/22,-112,0,-40,-152,159435,2218,26212,187865,11.25%,13.26%,
105/08/19,-112,0,-56,-168,159547,2218,26252,188017,11.25%,13.26%,
105/08/18,805,0,-125,680,159659,2218,26308,188185,11.26%,13.27%,
105/08/17,310,0,-71,239,158854,2218,26433,187505,11.21%,13.23%,
105/08/16,1693,-1,270,1962,158544,2218,26504,187266,11.18%,13.21%,
105/08/15,672,0,0,672,156851,2219,26234,185304,11.06%,13.07%,
105/08/12,629,0,18,647,156179,2219,26234,184632,11.02%,13.03%,
105/08/11,637,0,-500,137,155549,2219,26216,183984,10.97%,12.98%,
105/08/10,823,0,0,823,154912,2219,26716,183847,10.93%,12.97%,
105/08/09,-9,-2,4,-7,154089,2219,26716,183024,10.87%,12.91%,
105/08/08,470,-1,4,473,154098,2221,26712,183031,10.87%,12.91%,
105/08/05,683,-1,-5,677,153628,2222,26708,182558,10.84%,12.88%,
105/08/04,1137,-1,-251,885,152945,2223,26713,181881,10.79%,12.83%,
105/08/03,2077,-1,311,2387,151808,2224,26964,180996,10.71%,12.77%,
105/08/02,1590,0,290,1880,149731,2225,26653,178609,10.56%,12.60%,
105/08/01,1139,0,164,1303,148141,2225,26363,176729,10.45%,12.47%,
105/07/29,1296,1,106,1403,147002,2225,26199,175426,10.37%,12.38%,
105/07/28,843,0,194,1037,145706,2224,26093,174023,10.28%,12.28%,
105/07/27,953,0,150,1103,144864,2224,25899,172987,10.22%,12.20%,
105/07/26,262,0,505,767,144056,2224,25749,172029,10.16%,12.13%,
105/07/25,-584,0,494,-90,143794,2224,25244,171262,10.14%,12.08%,
105/07/22,1398,-1,1,1398,144378,2224,24750,171352,10.18%,12.08%,
105/07/21,302,117,52,471,142980,2225,24749,169954,10.09%,11.99%,
105/07/20,1293,-1,-637,655,142678,2108,24697,169483,10.06%,11.95%,
105/07/19,1808,99,17,1924,141385,2109,25334,168828,9.97%,11.91%,
105/07/18,762,0,24,786,139577,2010,25317,166904,9.85%,11.78%,
105/07/15,165,157,-62,260,138815,2010,25293,166118,9.79%,11.72%,
105/07/14,613,564,0,1177,138650,1853,25355,165858,9.78%,11.70%,
105/07/13,529,122,81,732,138037,1289,25355,164681,9.74%,11.62%,
105/07/12,297,0,0,297,137508,1167,25274,163949,9.70%,11.57%,
105/07/11,755,0,-3,752,137211,1167,25274,163652,9.68%,11.55%,
105/07/07,919,0,0,919,136456,1167,25277,162900,9.63%,11.50%,
105/07/06,540,0,0,540,135537,1167,25277,161981,9.56%,11.43%,
105/07/05,1,0,169,170,134997,1167,25277,161441,9.52%,11.39%,
105/07/04,-73,0,48,-25,134996,1167,25108,161271,9.52%,11.37%,
105/07/01,120,0,215,335,135069,1167,25060,161296,9.53%,11.38%,
105/06/30,520,0,-42,478,134949,1167,24845,160961,9.52%,11.36%,
105/06/29,-179,0,82,-97,134429,717,24887,160033,9.48%,11.29%,
105/06/28,361,1,110,472,134608,717,24805,160130,9.49%,11.29%,
105/06/27,20,1,-1,20,134246,716,24695,159657,9.47%,11.26%,
105/06/24,363,2,-19,346,134226,715,24696,159637,9.47%,11.26%,
105/06/23,1067,0,0,1067,133863,713,24715,159291,9.44%,11.23%,
105/06/22,1332,0,110,1442,132796,713,24715,158224,9.37%,11.16%,
105/06/21,658,0,0,658,131464,713,24605,156782,9.27%,11.06%,
105/06/20,187,0,-93,94,130806,713,24605,156124,9.23%,11.02%,
105/06/17,-178,6,18,-154,130619,713,24698,156030,9.21%,11.00%,
105/06/16,235,0,0,235,131111,707,24680,156498,9.25%,11.04%,
105/06/15,224,0,-3,221,130876,707,24680,156263,9.23%,11.02%,
105/06/14,-341,0,3,-338,130652,707,24683,156042,9.22%,11.01%,
105/06/13,-173,0,-8,-181,130993,707,24680,156380,9.24%,11.03%,
105/06/08,-92,0,-120,-212,131166,707,24688,156561,9.25%,11.04%,
105/06/07,277,82,-70,289,131258,707,24808,156773,9.26%,11.06%,
105/06/06,155,84,0,239,130836,625,24878,156339,9.23%,11.03%,
105/06/04,4,0,0,4,130681,541,24878,156100,9.22%,11.01%,
105/06/03,-303,0,9,-294,130677,541,24878,156096,9.22%,11.01%,
105/06/02,19,0,-10,9,130980,541,24869,156390,9.24%,11.03%,
105/06/01,204,0,0,204,130961,541,24879,156381,9.24%,11.03%,
105/05/31,-381,0,30,-351,130832,541,24879,156252,9.23%,11.02%,
105/05/30,-13,0,25,12,131214,541,24849,156604,9.26%,11.05%,
105/05/27,-181,123,59,1,131227,541,24824,156592,9.26%,11.05%,
105/05/26,-78,122,-50,-6,131408,418,24765,156591,9.27%,11.05%,
105/05/25,85,0,0,85,131486,296,24815,156597,9.27%,11.04%,
105/05/24,-91,87,0,-4,131401,296,24815,156512,9.27%,11.04%,
105/05/23,169,87,0,256,131492,209,24815,156516,9.27%,11.04%,
105/05/20,-71,122,0,51,131323,122,24815,156260,9.26%,11.02%,
105/05/19,-627,0,10,-617,131394,0,24815,156209,9.27%,11.02%,
105/05/18,138,0,-10,128,132021,0,24805,156826,9.31%,11.06%,
105/05/17,657,0,0,657,131883,0,24815,156698,9.30%,11.05%,
105/05/16,57,0,-2,55,131301,0,24815,156116,9.26%,11.01%,
105/05/13,-249,0,-4,-253,131263,0,24817,156080,9.26%,11.01%,
105/05/12,155,0,-13,142,131513,0,24821,156334,9.28%,11.03%,
105/05/11,-140,0,0,-140,131158,0,24834,155992,9.25%,11.00%,
105/05/10,617,-1,11,627,131298,0,24834,156132,9.26%,11.01%,
105/05/09,-867,0,-8,-875,130662,0,24823,155485,9.22%,10.97%,
105/05/06,185,0,0,185,131529,0,24831,156360,9.28%,11.03%,
105/05/05,-77,0,1,-76,132144,0,24831,156975,9.32%,11.07%,
105/05/04,340,0,-4,336,132221,0,24830,157051,9.33%,11.08%,
105/05/03,-95,0,-40,-135,131881,0,24834,156715,9.30%,11.05%,
105/04/29,344,0,0,344,131976,0,24874,156850,9.31%,11.07%,
105/04/28,633,0,0,633,131632,0,24874,156506,9.28%,11.04%,
105/04/27,992,0,9,1001,130999,0,24874,155873,9.24%,11.00%,
105/04/26,973,0,0,973,130007,0,24865,154872,9.17%,10.92%,
105/04/25,337,0,19,356,129024,0,24865,153889,9.10%,10.85%,
105/04/22,697,0,7,704,128687,0,24846,153533,9.08%,10.83%,
105/04/21,-180,0,12,-168,127980,0,24839,152819,9.03%,10.78%,
105/04/20,637,-1,18,654,128150,0,24827,152977,9.04%,10.79%,
105/04/19,452,0,34,486,127513,0,24809,152322,8.99%,10.74%,
105/04/18,332,0,-11,321,127062,0,24775,151837,8.96%,10.71%,
105/04/15,439,-233,17,223,126730,0,24786,151516,8.94%,10.69%,
105/04/14,503,0,-139,364,126291,193,24769,151253,8.91%,10.67%,
105/04/13,639,0,108,747,125788,193,24908,150889,8.87%,10.64%,
105/04/12,212,-1,53,264,125035,193,24800,150028,8.82%,10.58%,
105/04/11,198,0,0,198,124824,194,24747,149765,8.80%,10.56%,
105/04/08,-231,0,0,-231,124626,194,24747,149567,8.79%,10.55%,
105/04/07,-207,0,58,-149,124867,194,24747,149808,8.81%,10.57%,
105/04/06,-44,0,-10,-54,125064,194,24689,149947,8.82%,10.58%,
105/04/01,1028,0,0,1028,125097,194,24699,149990,8.82%,10.58%,
105/03/31,598,0,-4,594,124069,194,24699,148962,8.75%,10.51%,
105/03/30,659,0,22,681,123541,100,24703,148344,8.71%,10.46%,
105/03/29,-345,0,-21,-366,123382,100,24681,148163,8.70%,10.45%,
105/03/28,-431,0,1,-430,123667,100,24702,148469,8.72%,10.47%,
105/03/25,-107,0,76,-31,124084,100,24701,148885,8.75%,10.50%,
105/03/24,-52,0,-11,-63,124180,100,24625,148905,8.76%,10.50%,
105/03/23,33,0,0,33,124222,100,24636,148958,8.76%,10.51%,
105/03/22,76,0,-19,57,124198,100,24636,148934,8.76%,10.51%,
105/03/21,56,0,0,56,124122,100,24655,148877,8.75%,10.50%,
105/03/18,215,-3,-18,194,124066,100,24655,148821,8.75%,10.50%,
105/03/17,350,0,0,350,123851,103,24673,148627,8.74%,10.49%,
105/03/16,-4,0,13,9,123501,103,24673,148277,8.71%,10.46%,
105/03/15,-373,0,-6,-379,123489,103,24660,148252,8.71%,10.46%,
105/03/14,711,0,2,713,123862,103,24666,148631,8.74%,10.49%,
105/03/11,-422,82,84,-256,123151,103,24664,147918,8.69%,10.44%,
105/03/10,74,0,7,81,123573,21,24580,148174,8.72%,10.46%,
105/03/09,-151,0,500,349,123499,21,24573,148093,8.71%,10.45%,
105/03/08,-9,2,-20,-27,123651,21,24073,147745,8.72%,10.42%,
105/03/07,475,0,-3,472,123660,19,24093,147772,8.72%,10.42%,
105/03/04,535,0,0,535,123182,19,24096,147297,8.69%,10.39%,
105/03/03,235,0,-5,230,122647,19,24096,146762,8.65%,10.35%,
105/03/02,378,-2,-37,339,122412,19,24101,146532,8.63%,10.33%,
105/03/01,297,0,27,324,122034,21,24138,146193,8.61%,10.32%,
105/02/26,541,0,14,555,121737,21,24111,145869,8.59%,10.29%,
105/02/25,487,0,-301,186,121195,21,24097,145313,8.55%,10.25%,
105/02/24,192,0,-310,-118,120834,21,24398,145253,8.52%,10.24%,
105/02/23,283,0,-318,-35,120697,21,24708,145426,8.51%,10.26%,
105/02/22,348,0,-88,260,120414,21,25026,145461,8.49%,10.26%,
105/02/19,70,1,0,71,120065,21,25114,145200,8.47%,10.24%,
105/02/18,42,0,38,80,119995,20,25114,145129,8.46%,10.23%,
105/02/17,89,0,-5,84,119953,20,25076,145049,8.46%,10.23%,
105/02/16,504,0,-26,478,120058,20,25081,145159,8.47%,10.24%,
105/02/15,212,0,-11,201,119486,20,25107,144613,8.43%,10.20%,
105/02/03,-190,0,-103,-293,119080,20,25118,144218,8.40%,10.17%,
105/02/02,241,0,3,244,119774,20,25221,145015,8.45%,10.23%,
105/02/01,-511,0,77,-434,119479,20,25218,144717,8.43%,10.21%,
105/01/30,0,20,21,41,119835,20,25141,144996,8.45%,10.23%,
105/01/29,627,0,53,680,119835,0,25120,144955,8.45%,10.22%,
105/01/28,73,0,-102,-29,119416,0,25067,144483,8.42%,10.19%,
105/01/27,23,0,-212,-189,119343,0,25169,144512,8.42%,10.20%,
105/01/26,-174,-334,-55,-563,119027,0,25381,144408,8.40%,10.19%,
105/01/25,-338,-562,-65,-965,119361,0,25436,144797,8.42%,10.22%,
105/01/22,-555,0,-45,-600,119689,0,25501,145190,8.44%,10.24%,
105/01/21,-167,0,-2,-169,120231,0,25546,145777,8.48%,10.28%,
105/01/20,297,-17,100,380,120356,0,25548,145904,8.49%,10.29%,
105/01/19,-413,0,20,-393,120049,0,25448,145497,8.47%,10.27%,
105/01/18,-119,0,-25,-144,120453,0,25428,145881,8.50%,10.29%,
105/01/15,-51,-16,364,297,120559,0,25453,146012,8.50%,10.30%,
105/01/14,148,-81,144,211,120600,0,25089,145689,8.51%,10.28%,
105/01/13,313,0,-43,270,120432,0,24945,145377,8.49%,10.25%,
105/01/12,288,-726,9,-429,120109,0,24988,145097,8.47%,10.23%,
105/01/11,384,0,291,675,119808,0,24979,144787,8.45%,10.21%,
105/01/08,508,0,87,595,119405,0,24688,144093,8.42%,10.16%,
105/01/07,10,-255,23,-222,118887,0,24601,143488,8.39%,10.13%,
105/01/06,-157,-2142,43,-2256,118861,0,24578,143439,8.38%,10.11%,
105/01/05,-945,-1422,39,-2328,119004,1894,24535,145433,8.39%,10.23%,
105/01/04,-389,0,-98,-487,119755,3316,24496,147567,8.45%,10.38%,
104/12/31,-630,0,-238,-868,120066,3316,24594,147976,8.47%,10.41%,
104/12/30,-554,0,-144,-698,120696,2229,24832,147757,8.51%,10.39%,
104/12/29,506,93,5,604,121250,2229,24976,148455,8.55%,10.44%,
104/12/28,64,95,95,254,120744,2136,24971,147851,8.52%,10.40%,
104/12/25,213,0,-10,203,120680,2041,24876,147597,8.51%,10.38%,
104/12/24,270,0,-38,232,120467,2041,24886,147394,8.50%,10.37%,
104/12/23,42,0,20,62,120197,2041,24924,147162,8.48%,10.35%,
104/12/22,301,0,-96,205,120155,2041,24904,147100,8.47%,10.34%,
104/12/21,159,0,-4,155,119916,2041,25000,146957,8.46%,10.34%,
104/12/18,463,0,-46,417,119757,2041,25004,146802,8.45%,10.33%,
104/12/17,-66,0,37,-29,119294,2041,25050,146385,8.41%,10.29%,
104/12/16,1225,0,6,1231,119360,2041,25013,146414,8.42%,10.30%,
104/12/15,-356,0,-42,-398,118135,2041,25007,145183,8.33%,10.21%,
104/12/14,408,-0,-95,313,118491,2041,25049,145581,8.36%,10.24%,
104/12/11,391,0,-5,386,118083,2041,25144,145268,8.33%,10.22%,
104/12/10,-867,0,42,-825,117679,2041,25149,144869,8.30%,10.19%,
104/12/09,401,0,-424,-23,118532,2041,25107,145680,8.36%,10.25%,
104/12/08,104,0,-20,84,118127,2041,25531,145699,8.33%,10.25%,
104/12/07,-56,0,-27,-83,118023,2041,25551,145615,8.20%,10.12%,
104/12/04,-606,0,-419,-1025,118078,2041,25578,145697,8.20%,10.12%,
104/12/03,64,0,950,1014,118684,2041,25997,146722,8.24%,10.19%,
104/12/02,379,0,-21,358,120161,2041,25047,147249,8.34%,10.22%,
104/12/01,728,0,60,788,119782,2041,25068,146891,8.32%,10.20%,
104/11/30,-685,0,11,-674,119307,2041,25008,146356,8.28%,10.16%,
104/11/27,420,0,-526,-106,119992,2041,24997,147030,8.33%,10.21%,
104/11/26,417,0,104,521,119675,2041,25523,147239,8.31%,10.23%,
104/11/25,219,-245,-51,-77,119258,2041,25419,146718,8.28%,10.19%,
104/11/24,237,-334,-33,-130,118768,2286,25470,146524,8.25%,10.18%,
104/11/23,1809,-998,-331,480,118521,2620,25503,146644,8.23%,10.18%,
104/11/20,712,-480,53,285,116787,3618,25834,146239,8.11%,10.16%,
104/11/19,1366,-461,200,1105,116065,4098,25781,145944,8.06%,10.14%,
104/11/18,795,0,-110,685,114689,4559,25581,144829,7.96%,10.05%,
104/11/17,1244,0,-398,846,113884,4559,25691,144134,7.91%,10.01%,
104/11/16,54,0,102,156,112640,4559,26089,143288,7.82%,9.95%,
104/11/13,-220,0,241,21,112660,4559,25987,143206,7.82%,9.94%,
104/11/12,-308,0,415,107,112867,4559,25746,143172,7.84%,9.95%,
104/11/11,799,-12,-561,226,113444,4559,25331,143334,7.88%,9.96%,
104/11/10,949,0,194,1143,112605,4571,25892,143068,7.82%,9.94%,
104/11/09,-232,-184,-429,-845,111765,4571,25698,142034,7.76%,9.86%,
104/11/06,-370,0,-109,-479,111895,4755,26127,142777,7.77%,9.92%,
104/11/05,2546,150,-231,2465,112381,4755,26236,143372,7.80%,9.95%,
104/11/04,585,7,-8,584,109825,4605,26467,140897,7.63%,9.79%,
104/11/03,835,0,-59,776,109222,4598,26475,140295,7.58%,9.74%,
104/11/02,-40,800,-978,-218,107771,4598,26534,138903,7.48%,9.64%,
104/10/30,529,-193,591,927,107811,3798,27512,139121,7.49%,9.67%,
104/10/29,-991,0,-993,-1984,107782,3991,26921,138694,7.48%,9.63%,
104/10/28,166,0,7,173,108509,3991,27914,140414,7.53%,9.75%,
104/10/27,589,0,-322,267,111313,3991,27907,143211,7.73%,9.95%,
104/10/26,166,470,-289,347,110724,3991,28229,142944,7.69%,9.93%,
104/10/23,252,1149,-2045,-644,110819,3521,28518,142858,7.70%,9.93%,
104/10/22,370,488,98,956,110267,2372,30563,143202,7.66%,9.95%,
104/10/21,-653,790,-332,-195,110117,1884,30465,142466,7.65%,9.90%,
104/10/20,465,695,479,1639,110604,1094,30797,142495,7.68%,9.90%,
104/10/19,927,399,1017,2343,110060,399,30318,140777,7.64%,9.77%,
104/10/16,-630,0,-107,-737,109010,0,29301,138311,7.57%,9.61%,
104/10/15,-866,0,-28,-894,109917,0,29408,139325,7.63%,9.67%,
104/10/14,-351,0,511,160,112089,0,29436,141525,7.78%,9.83%,
104/10/13,-52,-1092,829,-315,112693,0,28925,141618,7.83%,9.84%,
104/10/12,-627,0,1531,904,112121,976,28096,141193,7.79%,9.81%,
104/10/08,-2099,0,90,-2009,112749,976,26565,140290,7.83%,9.74%,
104/10/07,-1676,0,103,-1573,114768,976,26475,142219,7.97%,9.88%,
104/10/06,-1612,0,169,-1443,116443,976,26372,143791,8.09%,9.99%,
104/10/05,-42,0,-265,-307,118056,976,26203,145235,8.20%,10.09%,
104/10/02,-2265,7,1764,-494,118098,976,26468,145542,8.20%,10.11%,
104/10/01,-4338,438,1829,-2071,120332,969,24704,146005,8.36%,10.14%,
104/09/30,-1919,0,1097,-822,124659,531,22875,148065,8.66%,10.29%,
104/09/25,-1909,0,-45,-1954,125652,4589,21778,152019,8.73%,10.56%,
104/09/24,-1591,0,333,-1258,127545,4589,21823,153957,8.86%,10.70%,
104/09/23,-2267,0,528,-1739,128550,4589,21490,154629,8.93%,10.74%,
104/09/22,-2253,687,-31,-1597,130187,4589,20962,155738,9.04%,10.82%,
104/09/21,-166,1197,342,1373,131482,3902,20993,156377,9.13%,10.86%,
104/09/18,-594,1928,693,2027,131608,2705,20651,154964,9.14%,10.76%,
104/09/17,238,0,-134,104,132028,777,19958,152763,9.17%,10.61%,
104/09/16,-1048,0,323,-725,131740,777,20092,152609,9.15%,10.60%,
104/09/15,-1849,0,15,-1834,133155,777,19769,153701,9.25%,10.68%,
104/09/14,-361,0,-105,-466,135214,777,19754,155745,9.39%,10.82%,
104/09/11,-1068,0,-111,-1179,135235,777,19859,155871,9.39%,10.82%,
104/09/10,-2829,-256,972,-2113,136292,777,19970,157039,9.46%,10.90%,
104/09/09,-3030,0,135,-2895,139110,1033,18998,159141,9.66%,11.05%,
104/09/08,-3532,0,83,-3449,141967,1033,18863,161863,9.86%,11.24%,
104/09/07,-4159,0,532,-3627,145520,1033,18780,165333,10.11%,11.49%,
104/09/04,-1615,0,90,-1525,149426,1033,18248,168707,10.38%,11.72%,
104/09/03,-2001,0,3,-1998,152430,1033,18158,171621,10.59%,11.92%,
104/09/02,-409,0,142,-267,154355,1033,18155,173543,10.72%,12.05%,
104/09/01,-432,-9,275,-166,154021,1033,18013,173067,10.70%,12.02%,
104/08/31,-99,-5,-9,-113,154793,1042,17738,173573,10.75%,12.05%,
104/08/28,-1018,1,-240,-1257,153751,1047,17747,172545,10.68%,11.99%,
104/08/27,-1886,0,360,-1526,155809,1046,17987,174842,10.82%,12.14%,
104/08/26,-657,0,44,-613,157628,1046,17627,176301,10.95%,12.25%,
104/08/25,-3182,2,191,-2989,157929,1046,17583,176558,10.97%,12.26%,
104/08/24,-2740,0,915,-1825,161063,1044,17392,179499,11.19%,12.47%,
104/08/21,-2609,-387,310,-2686,162991,1044,16477,180512,11.32%,12.54%,
104/08/20,-1883,0,-9,-1892,165392,1431,16167,182990,11.49%,12.71%,
104/08/19,-2486,-264,1571,-1179,166835,1431,16176,184442,11.59%,12.81%,
104/08/18,-2811,0,-82,-2893,168660,1695,14605,184960,11.71%,12.84%,
104/08/17,-2211,0,449,-1762,171447,1695,14687,187829,11.91%,13.05%,
104/08/14,85,0,-143,-58,173628,1695,14238,189561,12.06%,13.17%,
104/08/13,-247,0,-82,-329,173481,1695,14381,189557,12.05%,13.17%,
104/08/12,636,0,190,826,173714,1695,14463,189872,12.07%,13.19%,
104/08/11,-181,0,-159,-340,173055,1695,14273,189023,12.02%,13.13%,
104/08/10,321,0,-3,318,173243,1695,14432,189370,12.03%,13.15%,
104/08/07,-509,0,102,-407,172880,1695,14435,189010,12.01%,13.13%,
104/08/06,-57,0,-394,-451,173389,1695,14333,189417,12.04%,13.15%,
104/08/05,398,127,593,1118,174765,1695,14727,191187,12.14%,13.28%,
104/08/04,1411,0,52,1463,174384,1568,14134,190086,12.11%,13.20%,
104/08/03,-367,125,72,-170,172965,1568,14082,188615,12.01%,13.10%,
104/07/31,-60,0,100,40,173332,1443,14010,188785,12.04%,13.11%,
104/07/30,374,0,-40,334,173352,1443,13910,188705,12.04%,13.11%,
104/07/29,-372,0,36,-336,173221,1443,13950,188614,12.03%,13.10%,
104/07/28,227,12,123,362,173593,1443,13914,188950,12.06%,13.13%,
104/07/27,-338,244,1154,1060,173657,1431,13791,188879,12.06%,13.12%,
104/07/24,193,2,-29,166,173995,1187,12637,187819,12.08%,13.04%,
104/07/23,-507,0,179,-328,173727,1185,12666,187578,12.07%,13.03%,
104/07/22,-101,0,-117,-218,174224,1185,12487,187896,12.10%,13.05%,
104/07/21,143,1,361,505,174198,1185,12604,187987,12.10%,13.06%,
104/07/20,-551,0,308,-243,174055,1184,12243,187482,12.09%,13.02%,
104/07/17,-457,146,117,-194,174606,1184,11935,187725,12.13%,13.04%,
104/07/16,-343,122,5,-216,175053,1038,11818,187909,12.16%,13.05%,
104/07/15,-472,7,95,-370,175366,916,11813,188095,12.18%,13.06%,
104/07/14,-2125,121,-80,-2084,175808,909,11718,188435,12.21%,13.09%,
104/07/13,-2335,0,168,-2167,177923,788,11798,190509,12.36%,13.23%,
104/07/09,-1074,0,-28,-1102,180258,788,11630,192676,12.52%,13.38%,
104/07/08,-2361,119,-97,-2339,181322,788,11658,193768,12.59%,13.45%,
104/07/07,-985,0,42,-943,183770,669,11755,196194,12.76%,13.62%,
104/07/06,-169,0,180,11,184841,669,11713,197223,12.84%,13.70%,
104/07/03,-687,0,110,-577,185010,669,11533,197212,12.85%,13.70%,
104/07/02,-1017,0,156,-861,185738,669,11423,197830,12.90%,13.74%,
104/07/01,1050,0,-128,922,187271,669,11267,199207,13.01%,13.84%,
104/06/30,-87,0,111,24,186211,669,11395,198275,12.93%,13.77%,
104/06/29,-707,0,184,-523,186219,684,11284,198187,12.93%,13.76%,
104/06/26,-1039,0,0,-1039,187225,684,11100,199009,13.00%,13.82%,
104/06/25,-712,0,75,-637,188264,684,11100,200048,13.08%,13.90%,
104/06/24,-359,0,30,-329,188979,684,11025,200688,13.13%,13.94%,
104/06/23,-1849,0,-14,-1863,189338,684,10995,201017,13.15%,13.96%,
104/06/22,22,-4,-20,-2,194302,684,11009,205995,13.50%,14.31%,
104/06/18,-468,-1,-366,-835,194047,688,11029,205764,13.48%,14.29%,
104/06/17,-1497,0,-86,-1583,194515,689,11395,206599,13.51%,14.35%,
104/06/16,-2348,-41,259,-2130,195487,689,11481,207657,13.58%,14.43%,
104/06/15,562,203,1,766,197852,730,11222,209804,13.74%,14.57%,
104/06/12,-1931,122,10,-1799,197290,527,11221,209038,13.70%,14.52%,
104/06/11,-9120,116,371,-8633,199221,405,11211,210837,13.84%,14.65%,
104/06/10,-2401,0,103,-2298,208469,289,10840,219598,14.48%,15.25%,
104/06/09,-678,0,0,-678,211870,289,10737,222896,14.72%,15.49%,
104/06/08,-3435,0,60,-3375,214246,289,10737,225272,14.88%,15.65%,
104/06/05,-1356,-1,19,-1338,222639,289,10677,233605,15.46%,16.22%,
104/06/04,-3853,-11,754,-3110,223897,290,10658,234845,15.55%,16.31%,
104/06/03,-498,0,-50,-548,227731,301,9904,237936,15.82%,16.53%,
104/06/02,-2539,0,39,-2500,236679,301,9954,246934,16.44%,17.15%,
104/06/01,-4503,0,99,-4404,242840,301,9915,253056,16.87%,17.58%,
104/05/29,-13411,-46,223,-13234,247549,301,9816,257666,17.20%,17.90%,
104/05/28,-228,-93,-30,-351,260253,347,9593,270193,18.08%,18.77%,
104/05/27,1446,0,-300,1146,260481,440,9623,270544,18.09%,18.79%,
104/05/26,-3588,0,-30,-3618,259742,440,9923,270105,18.04%,18.76%,
104/05/25,-426,0,-16,-442,264443,440,9953,274836,18.37%,19.09%,
104/05/22,-116,0,-652,-768,262144,440,9969,272553,18.21%,18.93%,
104/05/21,2040,0,-108,1932,262260,440,10621,273321,18.22%,18.99%,
104/05/20,-5010,0,1258,-3752,260207,440,10729,271376,18.08%,18.86%,
104/05/19,-774,0,-8,-782,265401,440,9471,275312,18.44%,19.13%,
104/05/18,-2331,0,4,-2327,266174,440,9479,276093,18.49%,19.18%,
104/05/15,-320,0,-136,-456,267174,440,9475,277089,18.56%,19.25%,
104/05/14,-8752,1,-31,-8782,266494,440,9611,276545,18.51%,19.21%,
104/05/13,-8189,0,2,-8187,263822,439,9642,273903,18.33%,19.03%,
104/05/12,624,0,11,635,265525,439,9640,275604,18.44%,19.14%,
104/05/11,-1490,1,8,-1481,264980,439,9629,275048,18.41%,19.11%,
104/05/08,-1063,0,-99,-1162,266396,438,9621,276455,18.51%,19.21%,
104/05/07,-2399,0,-11,-2410,267451,438,9720,277609,18.58%,19.29%,
104/05/06,-1199,0,-10,-1209,269850,438,9731,280019,18.75%,19.46%,
104/05/05,-1771,0,-100,-1871,268642,438,9741,278821,18.66%,19.37%,
104/05/04,-1802,0,-56,-1858,270551,438,9841,280830,18.79%,19.50%,
104/04/30,-4062,-1,43,-4020,272353,438,9897,282688,18.92%,19.64%,
104/04/29,-3141,-1,76,-3066,276415,439,9854,286708,19.20%,19.92%,
104/04/28,-3433,-2,-90,-3525,279349,440,9778,289567,19.41%,20.12%,
104/04/27,-4247,0,-28,-4275,282782,442,9868,293092,19.64%,20.36%,
104/04/24,-3800,-1,18,-3783,287029,442,9896,297367,19.94%,20.66%,
104/04/23,-5876,0,-143,-6019,290819,443,9878,301140,20.20%,20.92%,
104/04/22,-1441,0,-10,-1451,296971,443,10021,307435,20.63%,21.36%,
104/04/21,-1562,0,-63,-1625,298379,443,10031,308853,20.73%,21.46%,
104/04/20,-616,-2,4,-614,301134,443,10094,311671,20.92%,21.65%,
104/04/17,-2268,0,-1,-2269,301750,445,10090,312285,20.96%,21.69%,
104/04/16,-1304,0,-78,-1382,303056,445,10091,313592,21.05%,21.78%,
104/04/15,-1781,127,-100,-1754,304341,445,10169,314955,21.14%,21.88%,
104/04/14,-3484,0,0,-3484,305663,318,10269,316250,21.23%,21.97%,
104/04/13,-5009,0,-10,-5019,308947,318,10269,319534,21.46%,22.20%,
104/04/10,-5151,0,3,-5148,312226,318,10279,322823,21.69%,22.43%,
104/04/09,-1166,0,-184,-1350,317377,318,10276,327971,22.05%,22.79%,
104/04/08,-2484,0,-27,-2511,318544,318,10460,329322,22.13%,22.88%,
104/04/07,-399,0,-49,-448,321108,318,10487,331913,22.31%,23.06%,
104/04/02,-8720,0,-6,-8726,321387,318,10536,332241,22.33%,23.08%,
104/04/01,-4241,0,-14,-4255,330026,318,10542,340886,22.93%,23.68%,
104/03/31,-588,0,-50,-638,334267,318,10556,345141,23.22%,23.98%,
104/03/30,-139,0,2,-137,335240,309,10606,346155,23.29%,24.05%,
104/03/27,-458,0,1,-457,335379,309,10604,346292,23.30%,24.06%,
104/03/26,-512,0,3,-509,335837,309,10603,346749,23.33%,24.09%,
104/03/25,-968,0,-7,-975,336349,309,10600,347258,23.37%,24.13%,
104/03/24,-1002,-1,-40,-1043,337335,309,10607,348251,23.43%,24.19%,
104/03/23,-984,0,-10,-994,338337,310,10647,349294,23.50%,24.26%,
104/03/20,-2827,-1,1,-2827,339341,310,10657,350308,23.57%,24.33%,
104/03/19,-250,0,-74,-324,342144,311,10656,353111,23.77%,24.53%,
104/03/18,-228,0,-2,-230,342394,311,10730,353435,23.79%,24.56%,
104/03/17,-605,0,-48,-653,342567,311,10732,353610,23.80%,24.57%,
104/03/16,-755,0,23,-732,342938,311,10780,354029,23.82%,24.59%,
104/03/13,-171,0,0,-171,343509,311,10757,354577,23.86%,24.63%,
104/03/12,-168,-2,-1,-171,343668,311,10757,354736,23.87%,24.64%,
104/03/11,-1044,0,-1,-1045,343833,313,10758,354904,23.89%,24.66%,
104/03/10,-272,0,-3,-275,344873,313,10759,355945,23.96%,24.73%,
104/03/09,-887,0,-1,-888,345227,313,10762,356302,23.98%,24.75%,
104/03/06,-551,0,-20,-571,346114,313,10763,357190,24.04%,24.81%,
104/03/05,-844,0,-9,-853,346665,313,10783,357761,24.08%,24.85%,
104/03/04,-797,12,0,-785,347509,313,10792,358614,24.14%,24.91%,
104/03/03,-1241,-68,0,-1309,348306,301,10792,359399,24.20%,24.97%,
104/03/02,-1812,-536,4,-2344,349568,369,10792,360729,24.28%,25.06%,
104/02/26,-1047,-80,-5,-1132,351366,905,10788,363059,24.41%,25.22%,
104/02/25,-157,0,-3,-160,352413,985,10793,364191,24.48%,25.30%,
104/02/24,-1411,0,0,-1411,352570,985,10796,364351,24.49%,25.31%,
104/02/13,-417,0,-39,-456,353981,985,10796,365762,24.59%,25.41%,
104/02/12,-375,0,0,-375,354403,985,10835,366223,24.62%,25.44%,
104/02/11,-65,0,1,-64,354778,985,10835,366598,24.65%,25.47%,
104/02/10,-179,0,52,-127,355168,985,10834,366987,24.67%,25.49%,
104/02/09,312,0,0,312,355369,985,10782,367136,24.69%,25.51%,
104/02/06,181,0,-5,176,355080,985,10782,366847,24.67%,25.49%,
104/02/05,-45,0,0,-45,354899,985,10787,366671,24.65%,25.47%,
104/02/04,-544,0,-0,-544,354927,985,10787,366699,24.66%,25.48%,
104/02/03,97,0,0,97,355476,985,10787,367248,24.69%,25.51%,
104/02/02,-337,0,1,-336,355379,985,10787,367151,24.69%,25.51%,
104/01/30,-928,-1,5,-924,355716,985,10786,367487,24.71%,25.53%,
104/01/29,-1206,0,-13,-1219,356629,986,10781,368396,24.77%,25.59%,
104/01/28,315,0,0,315,357835,986,10794,369615,24.86%,25.68%,
104/01/27,-151,0,0,-151,357518,986,10794,369298,24.84%,25.66%,
104/01/26,125,0,0,125,357668,986,10794,369448,24.85%,25.67%,
104/01/23,843,0,0,843,357529,986,10794,369309,24.84%,25.66%,
104/01/22,1135,-27,0,1108,356617,986,10794,368397,24.77%,25.59%,
104/01/21,554,0,-2,552,355392,1013,10794,367199,24.69%,25.51%,
104/01/20,247,0,0,247,354781,1013,10796,366590,24.65%,25.47%,
104/01/19,141,0,2,143,354440,1013,10796,366249,24.62%,25.44%,
104/01/16,-913,-186,-11,-1110,354267,1013,10794,366074,24.61%,25.43%,
104/01/15,-469,0,-7,-476,355173,1199,10805,367177,24.67%,25.50%,
104/01/14,-1707,0,-1,-1708,355632,1199,10812,367643,24.71%,25.54%,
104/01/13,-43,0,10,-33,357327,1199,10813,369339,24.82%,25.65%,
104/01/12,-29,0,1,-28,357818,1199,10803,369820,24.86%,25.69%,
104/01/09,48,0,4,52,357838,1199,10802,369839,24.86%,25.69%,
104/01/08,-217,0,-1,-218,357985,1199,10798,369982,24.87%,25.70%,
104/01/07,-622,-1,0,-623,358201,1199,10799,370199,24.88%,25.71%,
104/01/06,-1141,0,-58,-1199,358665,1200,10799,370664,24.92%,25.75%,
104/01/05,-108,0,-5,-113,359785,1200,10857,371842,24.99%,25.83%,
