日期,外資買賣超,投信買賣超,自營商買賣超,單日合計買賣超,外資估計持股,投信估計持股,自營商估計持股,單日合計估計持股,外資持股比重,三大法人持股比重,
107/03/31,0,0,0,0,6917,70,49,7036,4.33%,4.40%,
107/03/30,10,-2,0,8,6917,70,49,7036,4.33%,4.40%,
107/03/29,-32,0,0,-32,6907,72,49,7028,4.33%,4.41%,
107/03/28,11,0,0,11,6949,72,49,7070,4.35%,4.43%,
107/03/27,-12,0,0,-12,6938,72,49,7059,4.35%,4.43%,
107/03/26,-73,0,0,-73,6950,72,49,7071,4.35%,4.43%,
107/03/23,184,0,-4,180,7023,72,49,7144,4.40%,4.48%,
107/03/22,0,0,0,0,6824,72,53,6949,4.28%,4.36%,
107/03/21,57,0,-4,53,6824,72,53,6949,4.28%,4.36%,
107/03/20,41,-3,-6,32,6767,72,57,6896,4.24%,4.32%,
107/03/19,-2,0,11,9,6726,75,63,6864,4.21%,4.30%,
107/03/16,45,0,0,45,6728,75,52,6855,4.22%,4.30%,
107/03/15,8,0,5,13,6683,75,52,6810,4.19%,4.27%,
107/03/14,17,0,0,17,6675,75,47,6797,4.18%,4.26%,
107/03/13,-91,-3,0,-94,6658,75,47,6780,4.17%,4.25%,
107/03/12,-244,0,1,-243,6719,78,47,6844,4.21%,4.29%,
107/03/09,-123,0,-21,-144,6823,78,46,6947,4.28%,4.36%,
107/03/08,-30,0,0,-30,6856,78,67,7001,4.30%,4.39%,
107/03/07,-112,0,2,-110,6886,78,67,7031,4.31%,4.40%,
107/03/06,-49,0,0,-49,6998,78,65,7141,4.38%,4.47%,
107/03/05,-149,33,-2,-118,7037,78,65,7180,4.41%,4.50%,
107/03/02,-105,0,0,-105,7186,45,67,7298,4.50%,4.57%,
107/03/01,21,0,0,21,7288,45,67,7400,4.57%,4.64%,
107/02/27,38,0,0,38,7267,45,67,7379,4.55%,4.62%,
107/02/26,11,0,16,27,7229,45,67,7341,4.53%,4.60%,
107/02/23,154,0,0,154,7218,45,51,7314,4.52%,4.58%,
107/02/22,54,-1,0,53,7064,45,51,7160,4.43%,4.49%,
107/02/21,-100,0,0,-100,7010,46,51,7107,4.39%,4.45%,
107/02/12,-169,0,15,-154,7020,46,51,7117,4.40%,4.46%,
107/02/09,156,0,1,157,7186,46,36,7268,4.50%,4.55%,
107/02/08,-100,0,1,-99,7052,46,35,7133,4.42%,4.47%,
107/02/07,-223,0,0,-223,7152,46,34,7232,4.48%,4.53%,
107/02/06,-114,0,-8,-122,7872,46,34,7952,4.93%,4.98%,
107/02/05,-72,0,3,-69,7986,46,42,8074,5.00%,5.06%,
107/02/02,94,0,0,94,8038,46,39,8123,5.04%,5.09%,
107/02/01,70,0,0,70,7944,46,39,8029,4.98%,5.03%,
107/01/31,44,-12,0,32,7874,46,39,7959,4.93%,4.98%,
107/01/30,98,0,0,98,7830,58,39,7927,4.91%,4.97%,
107/01/29,-292,0,2,-290,7732,58,39,7829,4.85%,4.91%,
107/01/26,67,-3,1,65,7934,58,37,8029,4.97%,5.03%,
107/01/25,-1024,0,-2,-1026,7867,61,36,7964,4.93%,4.99%,
107/01/24,727,-2,-2,723,8781,61,38,8880,5.50%,5.56%,
107/01/23,-205,0,0,-205,8127,63,40,8230,5.09%,5.15%,
107/01/22,-21,0,0,-21,8322,63,40,8425,5.22%,5.28%,
107/01/19,-65,0,-3,-68,8343,63,40,8446,5.23%,5.29%,
107/01/18,-970,0,1,-969,8358,63,43,8464,5.24%,5.31%,
107/01/17,-97,0,0,-97,9225,63,42,9330,5.78%,5.85%,
107/01/16,-206,-3,-55,-264,9322,63,42,9427,5.84%,5.91%,
107/01/15,-165,0,-31,-196,9528,66,97,9691,5.97%,6.07%,
107/01/12,-60,0,1,-59,9693,66,128,9887,6.08%,6.20%,
107/01/11,-70,0,0,-70,9753,66,127,9946,6.11%,6.23%,
107/01/10,-163,-2,-102,-267,9823,66,127,10016,6.16%,6.28%,
107/01/09,21,0,120,141,9986,68,229,10283,6.26%,6.45%,
107/01/08,-78,0,40,-38,9965,68,109,10142,6.25%,6.36%,
107/01/05,-996,-2,26,-972,10043,68,69,10180,6.29%,6.38%,
107/01/04,1163,63,5,1231,11039,70,43,11152,6.92%,6.99%,
107/01/03,63,0,-1,62,9873,7,38,9918,6.19%,6.22%,
107/01/02,122,0,0,122,9806,7,39,9852,6.15%,6.18%,
106/12/29,77,0,1,78,9684,7,39,9730,6.07%,6.10%,
106/12/28,143,0,0,143,9607,7,38,9652,6.02%,6.05%,
106/12/27,58,0,0,58,9464,7,38,9509,5.93%,5.96%,
106/12/26,-183,0,0,-183,9406,7,38,9451,5.90%,5.93%,
106/12/25,188,0,0,188,9589,7,38,9634,6.01%,6.04%,
106/12/22,76,0,1,77,9401,7,38,9446,5.89%,5.92%,
106/12/21,127,0,0,127,9325,7,37,9369,5.84%,5.87%,
106/12/20,148,0,1,149,9198,7,37,9242,5.76%,5.79%,
106/12/19,206,0,0,206,9050,7,36,9093,5.67%,5.70%,
106/12/18,246,0,1,247,8844,7,36,8887,5.54%,5.57%,
106/12/15,-137,0,-4,-141,8598,7,35,8640,5.39%,5.42%,
106/12/14,126,0,7,133,8735,7,39,8781,5.47%,5.50%,
106/12/13,266,0,0,266,8609,7,32,8648,5.40%,5.42%,
106/12/12,-38,0,0,-38,8343,7,32,8382,5.23%,5.25%,
106/12/11,1,0,0,1,8381,7,32,8420,5.25%,5.27%,
106/12/08,-151,0,-9,-160,8380,7,32,8419,5.25%,5.27%,
106/12/07,57,0,7,64,8475,7,41,8523,5.31%,5.34%,
106/12/06,191,0,0,191,8418,7,34,8459,5.28%,5.31%,
106/12/05,-302,0,-1,-303,8627,7,34,8668,5.41%,5.44%,
106/12/04,-179,0,0,-179,8929,7,35,8971,5.60%,5.63%,
106/12/01,1203,0,0,1203,9108,7,35,9150,5.71%,5.74%,
106/11/30,191,0,2,193,7905,7,35,7947,4.95%,4.98%,
106/11/29,-186,0,0,-186,7714,7,33,7754,4.83%,4.86%,
106/11/28,114,0,0,114,7800,7,33,7840,4.89%,4.92%,
106/11/27,-1182,0,0,-1182,7586,7,33,7626,4.75%,4.78%,
106/11/24,-390,0,0,-390,8668,7,33,8708,5.43%,5.46%,
106/11/23,780,0,0,780,9058,7,33,9098,5.68%,5.71%,
106/11/22,22,0,-59,-37,8278,7,33,8318,5.19%,5.22%,
106/11/21,21,0,10,31,8256,7,92,8355,5.17%,5.23%,
106/11/20,-760,0,49,-711,8235,7,82,8324,5.16%,5.22%,
106/11/17,688,0,-8,680,8995,7,33,9035,5.64%,5.67%,
106/11/16,159,0,0,159,8307,7,41,8355,5.21%,5.24%,
106/11/15,143,0,0,143,8148,7,41,8196,5.11%,5.14%,
106/11/14,178,0,-4,174,8005,7,41,8053,5.02%,5.05%,
106/11/13,4,0,4,8,7827,7,45,7879,4.90%,4.93%,
106/11/10,42,0,0,42,7823,7,41,7871,4.90%,4.93%,
106/11/09,-160,0,0,-160,7381,7,41,7429,4.63%,4.66%,
106/11/08,190,0,-6,184,7541,7,41,7589,4.73%,4.76%,
106/11/07,57,0,0,57,7351,7,47,7405,4.61%,4.64%,
106/11/06,72,0,0,72,7294,7,47,7348,4.57%,4.60%,
106/11/03,70,0,0,70,7222,7,47,7276,4.53%,4.56%,
106/11/02,55,0,10,65,7152,7,47,7206,4.48%,4.51%,
106/11/01,104,0,0,104,7047,7,37,7091,4.42%,4.45%,
106/10/31,3,0,7,10,6943,7,37,6987,4.35%,4.38%,
106/10/30,-60,0,0,-60,6940,7,30,6977,4.35%,4.37%,
106/10/27,-149,0,-1,-150,7000,7,30,7037,4.39%,4.41%,
106/10/26,15,0,0,15,7149,7,31,7187,4.48%,4.50%,
106/10/25,19,0,0,19,7134,7,31,7172,4.47%,4.49%,
106/10/24,-179,0,0,-179,7115,7,31,7153,4.46%,4.48%,
106/10/23,-59,0,0,-59,7307,7,31,7345,4.58%,4.60%,
106/10/20,73,0,-16,57,7366,7,31,7404,4.62%,4.64%,
106/10/19,-25,0,9,-16,7293,7,47,7347,4.57%,4.60%,
106/10/18,-49,0,0,-49,7318,7,38,7363,4.59%,4.62%,
106/10/17,-40,0,0,-40,7367,7,38,7412,4.62%,4.65%,
106/10/16,14,0,0,14,7407,7,38,7452,4.64%,4.67%,
106/10/13,-16,0,-200,-216,7393,7,38,7438,4.63%,4.66%,
106/10/12,-38,0,20,-18,7409,7,238,7654,4.64%,4.79%,
106/10/11,-33,0,0,-33,7447,7,218,7672,4.67%,4.81%,
106/10/06,-6,0,0,-6,7480,7,218,7705,4.69%,4.83%,
106/10/05,-15,0,0,-15,7486,7,218,7711,4.69%,4.83%,
106/10/03,-52,0,0,-52,7501,7,218,7726,4.70%,4.84%,
106/10/02,-24,0,9,-15,7553,7,218,7778,4.73%,4.87%,
106/09/30,0,0,20,20,7577,7,209,7793,4.75%,4.89%,
106/09/29,-56,0,19,-37,7577,7,189,7773,4.75%,4.87%,
106/09/28,-13,0,30,17,7633,7,170,7810,4.78%,4.89%,
106/09/27,-33,0,-2,-35,7646,7,140,7793,4.79%,4.88%,
106/09/26,-95,0,0,-95,7679,7,142,7828,4.81%,4.90%,
106/09/25,-151,0,-119,-270,7774,7,142,7923,4.87%,4.96%,
106/09/22,-12,0,2,-10,7925,7,261,8193,4.97%,5.14%,
106/09/21,35,0,0,35,7937,7,259,8203,4.97%,5.14%,
106/09/20,99,0,0,99,7902,7,259,8168,4.95%,5.12%,
106/09/19,16,0,3,19,7803,7,259,8069,4.89%,5.06%,
106/09/18,148,0,1,149,7787,7,256,8050,4.88%,5.04%,
106/09/15,233,0,0,233,7639,7,255,7901,4.79%,4.95%,
106/09/14,284,0,17,301,7406,7,255,7668,4.64%,4.80%,
106/09/13,209,0,-8,201,7122,7,238,7367,4.46%,4.61%,
106/09/12,260,0,-3,257,6913,7,246,7166,4.33%,4.49%,
106/09/11,221,0,0,221,6653,7,249,6909,4.17%,4.33%,
106/09/08,171,0,200,371,6432,7,249,6688,4.03%,4.19%,
106/09/07,3,0,0,3,6261,7,49,6317,3.92%,3.96%,
106/09/06,-132,0,-2,-134,6258,7,49,6314,3.92%,3.96%,
106/09/05,44,0,0,44,6340,7,51,6398,3.97%,4.01%,
106/09/04,-79,0,0,-79,6296,7,51,6354,3.94%,3.98%,
106/09/01,-54,0,0,-54,6375,7,51,6433,3.99%,4.03%,
106/08/31,480,0,-165,315,6437,7,51,6495,4.03%,4.07%,
106/08/30,-223,0,165,-58,5982,7,216,6205,3.75%,3.89%,
106/08/29,-279,0,0,-279,6372,7,51,6430,3.99%,4.03%,
106/08/28,-4,0,0,-4,6651,7,51,6709,4.17%,4.21%,
106/08/25,-16,0,0,-16,6655,7,51,6713,4.17%,4.21%,
106/08/24,2,0,0,2,6671,7,51,6729,4.18%,4.22%,
106/08/23,-17,0,0,-17,6669,7,51,6727,4.18%,4.22%,
106/08/22,-44,0,0,-44,6686,7,51,6744,4.19%,4.23%,
106/08/21,-33,0,3,-30,6730,7,51,6788,4.22%,4.26%,
106/08/18,-49,0,0,-49,6763,7,48,6818,4.24%,4.27%,
106/08/17,61,0,0,61,6812,7,48,6867,4.27%,4.30%,
106/08/16,18,0,0,18,6751,7,48,6806,4.23%,4.26%,
106/08/15,-31,0,-4,-35,6733,7,48,6788,4.22%,4.25%,
106/08/14,-221,0,2,-219,6714,7,52,6773,4.21%,4.25%,
106/08/11,-70,0,0,-70,6935,7,50,6992,4.35%,4.39%,
106/08/10,-120,0,0,-120,7005,7,50,7062,4.39%,4.43%,
106/08/09,-22,0,0,-22,7125,7,50,7182,4.46%,4.50%,
106/08/08,-42,0,0,-42,7147,7,50,7204,4.48%,4.52%,
106/08/07,1,0,-24,-23,7190,7,50,7247,4.51%,4.55%,
106/08/04,-59,0,0,-59,7189,7,74,7270,4.50%,4.55%,
106/08/03,-3,0,-1,-4,7248,7,74,7329,4.54%,4.59%,
106/08/02,93,0,0,93,7251,7,75,7333,4.54%,4.59%,
106/08/01,119,0,0,119,7158,7,75,7240,4.49%,4.54%,
106/07/31,11,0,-2,9,7039,7,75,7121,4.41%,4.46%,
106/07/28,50,0,1,51,7028,7,77,7112,4.40%,4.45%,
106/07/27,72,0,1,73,6978,7,76,7061,4.37%,4.42%,
106/07/26,72,0,-1,71,6906,7,75,6988,4.33%,4.38%,
106/07/25,125,0,0,125,6834,7,76,6917,4.28%,4.33%,
106/07/24,-127,0,3,-124,6709,7,76,6792,4.20%,4.25%,
106/07/21,37,0,0,37,6836,7,73,6916,4.28%,4.33%,
106/07/20,92,0,0,92,6799,7,73,6879,4.26%,4.31%,
106/07/19,-3,0,0,-3,6707,7,73,6787,4.20%,4.25%,
106/07/18,3,0,0,3,6710,7,73,6790,4.20%,4.25%,
106/07/17,-47,0,-1,-48,6707,7,73,6787,4.20%,4.25%,
106/07/14,-38,0,19,-19,6754,7,74,6835,4.23%,4.28%,
106/07/13,63,0,4,67,6792,7,55,6854,4.26%,4.30%,
106/07/12,57,0,-9,48,6729,7,51,6787,4.22%,4.26%,
106/07/11,-94,0,2,-92,6672,7,60,6739,4.18%,4.22%,
106/07/10,-34,0,-1,-35,6766,7,58,6831,4.24%,4.28%,
106/07/07,-40,0,-3,-43,6800,7,59,6866,4.26%,4.30%,
106/07/06,-20,0,0,-20,6840,7,62,6909,4.29%,4.33%,
106/07/05,-10,0,0,-10,6860,7,62,6929,4.30%,4.34%,
106/07/04,-5,0,-3,-8,6870,7,62,6939,4.30%,4.34%,
106/07/03,5,0,0,5,6875,7,65,6947,4.31%,4.36%,
106/06/30,54,0,-2,52,6870,7,65,6942,4.30%,4.35%,
106/06/29,111,0,-1,110,6816,7,67,6890,4.27%,4.32%,
106/06/28,19,0,0,19,6705,7,68,6780,4.20%,4.25%,
106/06/27,73,0,2,75,6686,7,68,6761,4.19%,4.24%,
106/06/26,40,0,10,50,6613,7,66,6686,4.14%,4.19%,
106/06/23,-1,0,0,-1,6573,7,56,6636,4.12%,4.16%,
106/06/22,20,0,0,20,6574,7,56,6637,4.12%,4.16%,
106/06/21,50,0,5,55,6554,7,56,6617,4.11%,4.15%,
106/06/20,-21,0,7,-14,6504,7,51,6562,4.08%,4.12%,
106/06/19,10,0,-3,7,6525,7,44,6576,4.09%,4.12%,
106/06/16,20,0,0,20,6515,7,47,6569,4.08%,4.11%,
106/06/15,-39,0,0,-39,6495,7,47,6549,4.07%,4.10%,
106/06/14,-95,0,0,-95,6534,7,47,6588,4.09%,4.12%,
106/06/13,-35,0,0,-35,6629,7,47,6683,4.15%,4.18%,
106/06/12,10,0,0,10,6664,7,47,6718,4.18%,4.21%,
106/06/09,3,0,0,3,6654,7,47,6708,4.17%,4.20%,
106/06/08,6,0,0,6,6651,7,47,6705,4.17%,4.20%,
106/06/07,-1,0,0,-1,6645,7,47,6699,4.16%,4.19%,
106/06/06,-29,0,0,-29,6646,7,47,6700,4.16%,4.19%,
106/06/05,135,0,0,135,6675,7,47,6729,4.18%,4.21%,
106/06/03,0,0,0,0,6540,7,47,6594,4.10%,4.13%,
106/06/02,62,0,0,62,6540,7,47,6594,4.10%,4.13%,
106/06/01,-47,0,0,-47,6478,7,47,6532,4.06%,4.09%,
106/05/31,-41,0,0,-41,6525,7,47,6579,4.09%,4.12%,
106/05/26,-19,0,0,-19,6576,7,47,6630,4.12%,4.15%,
106/05/25,12,0,0,12,6595,7,47,6649,4.13%,4.16%,
106/05/24,-10,0,0,-10,6583,7,47,6637,4.12%,4.15%,
106/05/23,-19,0,0,-19,6593,7,47,6647,4.13%,4.16%,
106/05/22,-66,0,0,-66,6612,7,47,6666,4.14%,4.17%,
106/05/19,-72,0,0,-72,6678,7,47,6732,4.18%,4.21%,
106/05/18,-81,0,0,-81,6750,7,47,6804,4.23%,4.26%,
106/05/17,-35,0,0,-35,6831,7,47,6885,4.28%,4.31%,
106/05/16,-105,0,0,-105,6716,7,47,6770,4.21%,4.24%,
106/05/15,-86,0,-6,-92,6821,7,47,6875,4.27%,4.30%,
106/05/12,59,0,0,59,6907,7,53,6967,4.33%,4.37%,
106/05/11,-62,0,0,-62,6848,7,53,6908,4.29%,4.33%,
106/05/10,-43,0,0,-43,6810,7,53,6870,4.27%,4.31%,
106/05/09,-58,0,0,-58,6853,7,53,6913,4.29%,4.33%,
106/05/08,17,0,0,17,6911,7,53,6971,4.33%,4.37%,
106/05/05,36,0,0,36,6894,7,53,6954,4.32%,4.36%,
106/05/04,196,0,1,197,6861,7,53,6921,4.30%,4.34%,
106/05/03,61,0,1,62,6665,7,52,6724,4.18%,4.22%,
106/05/02,38,0,1,39,6597,7,51,6655,4.13%,4.17%,
106/04/28,51,0,1,52,6559,7,50,6616,4.11%,4.15%,
106/04/27,49,0,1,50,6508,7,49,6564,4.08%,4.12%,
106/04/26,31,0,0,31,6459,7,48,6514,4.05%,4.08%,
106/04/25,49,0,-1,48,6428,7,48,6483,4.03%,4.06%,
106/04/24,-153,0,0,-153,6379,7,49,6435,4.00%,4.04%,
106/04/21,-67,0,0,-67,6532,7,49,6588,4.09%,4.13%,
106/04/20,-270,0,0,-270,6589,7,49,6645,4.13%,4.17%,
106/04/19,-117,0,0,-117,6859,7,49,6915,4.30%,4.34%,
106/04/18,16,0,0,16,6976,7,49,7032,4.37%,4.41%,
106/04/17,-126,0,0,-126,6960,7,49,7016,4.36%,4.40%,
106/04/14,-129,0,0,-129,7086,7,49,7142,4.44%,4.48%,
106/04/13,-41,0,0,-41,7215,7,49,7271,4.52%,4.56%,
106/04/12,-76,0,0,-76,7256,7,49,7312,4.55%,4.59%,
106/04/11,-95,0,0,-95,7332,7,49,7388,4.59%,4.63%,
106/04/10,-82,0,0,-82,7427,7,49,7483,4.65%,4.69%,
106/04/07,-107,0,-1,-108,7509,7,49,7565,4.71%,4.75%,
106/04/06,-35,0,0,-35,7616,7,50,7673,4.77%,4.81%,
106/04/05,68,0,0,68,7651,7,50,7708,4.79%,4.83%,
106/03/31,99,0,0,99,7583,7,50,7640,4.75%,4.79%,
106/03/30,69,0,2,71,7484,7,50,7541,4.69%,4.73%,
106/03/29,200,0,2,202,7415,7,48,7470,4.65%,4.68%,
106/03/28,86,0,1,87,7215,7,46,7268,4.52%,4.55%,
106/03/27,43,0,4,47,7129,7,45,7181,4.47%,4.50%,
106/03/24,70,0,0,70,7102,7,41,7150,4.45%,4.48%,
106/03/23,-34,0,6,-28,7032,7,41,7080,4.41%,4.44%,
106/03/22,169,0,1,170,7066,7,35,7108,4.43%,4.46%,
106/03/21,21,0,0,21,6897,7,34,6938,4.32%,4.35%,
106/03/20,-61,0,0,-61,6876,7,34,6917,4.31%,4.34%,
106/03/17,116,0,0,116,6937,7,34,6978,4.35%,4.38%,
106/03/16,65,0,2,67,6791,7,34,6832,4.26%,4.29%,
106/03/15,120,0,2,122,6726,7,32,6765,4.21%,4.23%,
106/03/14,-97,0,-1,-98,6594,7,30,6631,4.13%,4.15%,
106/03/13,4,0,-2,2,6691,7,31,6729,4.19%,4.21%,
106/03/10,-320,0,1,-319,6687,7,33,6727,4.19%,4.22%,
106/03/09,-11,0,-1,-12,7007,7,32,7046,4.39%,4.41%,
106/03/08,-10,0,0,-10,7018,7,33,7058,4.40%,4.43%,
106/03/07,31,0,-5,26,7028,7,33,7068,4.40%,4.43%,
106/03/06,-4,0,-1,-5,6997,7,38,7042,4.38%,4.41%,
106/03/03,5,0,0,5,7001,7,39,7047,4.39%,4.42%,
106/03/02,-68,0,0,-68,6996,7,39,7042,4.38%,4.41%,
106/03/01,-28,0,0,-28,7064,7,39,7110,4.43%,4.46%,
106/02/24,109,0,0,109,7092,7,39,7138,4.44%,4.47%,
106/02/23,4,0,1,5,6983,7,39,7029,4.38%,4.41%,
106/02/22,-11,0,1,-10,6979,7,38,7024,4.37%,4.40%,
106/02/21,-99,0,1,-98,6990,7,37,7034,4.38%,4.41%,
106/02/20,71,0,3,74,7090,7,36,7133,4.44%,4.47%,
106/02/18,0,0,0,0,7019,7,33,7059,4.40%,4.43%,
106/02/17,86,0,6,92,7019,7,33,7059,4.40%,4.43%,
106/02/16,24,0,0,24,6933,7,27,6967,4.34%,4.36%,
106/02/15,30,0,0,30,6909,7,27,6943,4.33%,4.35%,
106/02/14,-7,0,0,-7,6879,7,27,6913,4.31%,4.33%,
106/02/13,-45,0,0,-45,6886,7,27,6920,4.31%,4.33%,
106/02/10,-24,0,-1,-25,6931,7,27,6965,4.34%,4.36%,
106/02/09,-46,0,-1,-47,6955,7,28,6990,4.36%,4.38%,
106/02/08,-24,0,0,-24,7001,7,29,7037,4.39%,4.41%,
106/02/07,-94,0,1,-93,7025,7,29,7061,4.40%,4.42%,
106/02/06,-136,0,-2,-138,7119,7,28,7154,4.46%,4.48%,
106/02/03,-187,0,-7,-194,7256,7,30,7293,4.55%,4.57%,
106/02/02,-59,0,0,-59,7443,7,37,7487,4.66%,4.69%,
106/01/24,57,0,0,57,7502,7,37,7546,4.70%,4.73%,
106/01/23,87,0,0,87,7445,7,37,7489,4.66%,4.69%,
106/01/20,73,0,0,73,7358,7,37,7402,4.61%,4.64%,
106/01/19,47,0,-1,46,7285,7,37,7329,4.56%,4.59%,
106/01/18,95,0,-5,90,7238,7,38,7283,4.54%,4.57%,
106/01/17,141,0,-1,140,7143,7,43,7193,4.48%,4.51%,
106/01/16,-216,0,-1,-217,7002,7,44,7053,4.39%,4.42%,
106/01/13,-30,0,0,-30,7218,7,45,7270,4.52%,4.55%,
106/01/12,-76,0,0,-76,7248,7,45,7300,4.54%,4.57%,
106/01/11,-76,0,0,-76,7324,7,45,7376,4.59%,4.62%,
106/01/10,-17,0,0,-17,7400,7,45,7452,4.64%,4.67%,
106/01/09,-31,0,-1,-32,7417,7,45,7469,4.65%,4.68%,
106/01/06,-7,0,0,-7,7448,7,46,7501,4.67%,4.70%,
106/01/05,9,0,0,9,7455,7,46,7508,4.67%,4.70%,
106/01/04,22,0,0,22,7446,7,46,7499,4.67%,4.70%,
106/01/03,18,0,0,18,7424,7,46,7477,4.65%,4.68%,
105/12/30,36,0,0,36,7406,7,46,7459,4.64%,4.67%,
105/12/29,34,0,-2,32,7370,7,46,7423,4.62%,4.65%,
105/12/28,16,0,0,16,7336,7,48,7391,4.60%,4.63%,
105/12/27,19,0,0,19,7320,7,48,7375,4.59%,4.62%,
105/12/26,13,0,0,13,7301,7,48,7356,4.57%,4.60%,
105/12/23,10,0,1,11,7288,7,48,7343,4.57%,4.60%,
105/12/22,32,0,0,32,7278,7,47,7332,4.56%,4.59%,
105/12/21,14,0,12,26,7246,7,47,7300,4.54%,4.57%,
105/12/20,185,0,5,190,7232,7,35,7274,4.53%,4.56%,
105/12/19,44,0,9,53,7047,7,30,7084,4.42%,4.44%,
105/12/16,13,0,10,23,7003,7,21,7031,4.39%,4.41%,
105/12/15,-19,0,1,-18,6990,7,11,7008,4.38%,4.39%,
105/12/14,34,0,-7,27,7009,7,10,7026,4.39%,4.40%,
105/12/13,100,0,0,100,6975,7,17,6999,4.37%,4.39%,
105/12/12,1,0,7,8,6875,7,17,6899,4.31%,4.33%,
105/12/09,12,0,-1,11,6874,7,10,6891,4.31%,4.32%,
105/12/08,33,0,2,35,6862,7,11,6880,4.30%,4.31%,
105/12/07,41,0,-1,40,6829,7,9,6845,4.28%,4.29%,
105/12/06,25,0,2,27,6788,7,10,6805,4.25%,4.26%,
105/12/05,-40,0,-2,-42,6763,7,8,6778,4.24%,4.25%,
105/12/02,-16,0,-4,-20,6803,7,10,6820,4.26%,4.27%,
105/12/01,24,0,0,24,6819,7,14,6840,4.27%,4.28%,
105/11/30,15,0,-3,12,6795,7,14,6816,4.26%,4.27%,
105/11/29,22,0,1,23,6780,7,17,6804,4.25%,4.27%,
105/11/28,4,0,4,8,6758,7,16,6781,4.23%,4.24%,
105/11/25,9,0,0,9,6754,7,12,6773,4.23%,4.24%,
105/11/24,-85,0,0,-85,6745,7,12,6764,4.23%,4.24%,
105/11/23,18,0,0,18,6830,7,12,6849,4.28%,4.29%,
105/11/22,48,0,0,48,6812,7,12,6831,4.27%,4.28%,
105/11/21,3,0,0,3,6764,7,12,6783,4.24%,4.25%,
105/11/18,21,0,-1,20,6761,7,12,6780,4.24%,4.25%,
105/11/17,-35,0,0,-35,6740,7,13,6760,4.22%,4.23%,
105/11/16,-27,0,-4,-31,6775,7,13,6795,4.24%,4.25%,
105/11/15,25,0,1,26,6801,7,17,6825,4.26%,4.28%,
105/11/14,-117,0,0,-117,6776,7,16,6799,4.25%,4.26%,
105/11/11,-61,0,-2,-63,6893,7,16,6916,4.32%,4.33%,
105/11/10,-108,0,-16,-124,6954,7,18,6979,4.36%,4.38%,
105/11/09,-62,0,-8,-70,7062,7,34,7103,4.42%,4.45%,
105/11/08,17,0,9,26,7124,7,42,7173,4.46%,4.49%,
105/11/07,-5,0,2,-3,7107,7,33,7147,4.45%,4.48%,
105/11/04,-14,0,2,-12,7112,7,31,7150,4.46%,4.48%,
105/11/03,-31,0,5,-26,7126,7,29,7162,4.46%,4.48%,
105/11/02,-45,0,-308,-353,7157,7,24,7188,4.48%,4.50%,
105/11/01,-32,0,-210,-242,7202,7,332,7541,4.51%,4.72%,
105/10/31,35,0,535,570,7234,7,542,7783,4.53%,4.87%,
105/10/28,11,0,7,18,7199,7,7,7213,4.51%,4.52%,
105/10/27,10,0,-4,6,7188,7,0,7195,4.50%,4.50%,
105/10/26,28,0,0,28,7178,7,2,7187,4.50%,4.51%,
105/10/25,55,0,1,56,7150,7,2,7159,4.48%,4.49%,
105/10/24,15,0,0,15,7095,7,1,7103,4.45%,4.46%,
105/10/21,13,0,-20,-7,7080,7,1,7088,4.44%,4.45%,
105/10/20,-49,0,-5,-54,7067,7,21,7095,4.43%,4.45%,
105/10/19,98,0,-2,96,7116,7,26,7149,4.46%,4.48%,
105/10/18,-5,0,1,-4,7018,7,28,7053,4.40%,4.42%,
105/10/17,157,0,0,157,7023,7,27,7057,4.40%,4.42%,
105/10/14,-13,0,11,-2,6866,7,27,6900,4.30%,4.32%,
105/10/13,-15,0,2,-13,6879,7,16,6902,4.31%,4.32%,
105/10/12,38,0,4,42,6894,7,14,6915,4.32%,4.33%,
105/10/11,112,0,-16,96,6856,7,10,6873,4.30%,4.31%,
105/10/07,-4,0,1,-3,6744,7,26,6777,4.23%,4.25%,
105/10/06,48,0,-1,47,6748,7,25,6780,4.23%,4.25%,
105/10/05,5,0,0,5,6699,7,26,6732,4.20%,4.22%,
105/10/04,8,0,6,14,6693,7,26,6726,4.19%,4.21%,
105/10/03,-2,0,-6,-8,6685,7,20,6712,4.19%,4.21%,
105/09/30,5,0,1,6,6687,7,26,6720,4.19%,4.21%,
105/09/29,-33,0,0,-33,6682,7,25,6714,4.19%,4.21%,
105/09/26,-78,0,1,-77,6715,7,25,6747,4.21%,4.23%,
105/09/23,-63,0,7,-56,6793,7,24,6824,4.26%,4.28%,
105/09/22,-56,0,-3,-59,6856,7,17,6880,4.30%,4.32%,
105/09/21,48,0,-4,44,6912,7,20,6939,4.33%,4.35%,
105/09/20,3,0,-1,2,6864,7,24,6895,4.30%,4.32%,
105/09/19,-5,0,1,-4,6861,7,25,6893,4.30%,4.32%,
105/09/14,-40,0,0,-40,6866,7,24,6897,4.30%,4.32%,
105/09/13,-69,0,-1,-70,6906,7,24,6937,4.33%,4.35%,
105/09/12,-113,0,-2,-115,6975,7,25,7007,4.37%,4.39%,
105/09/10,0,0,-17,-17,7088,7,27,7122,4.44%,4.46%,
105/09/09,-6,0,-1,-7,7088,7,44,7139,4.44%,4.47%,
105/09/08,40,0,0,40,7094,7,45,7146,4.44%,4.47%,
105/09/07,0,0,0,0,7054,7,45,7106,4.42%,4.45%,
105/09/06,-11,0,-3,-14,7054,7,45,7106,4.42%,4.45%,
105/09/05,-12,0,0,-12,7065,7,48,7120,4.43%,4.46%,
105/09/02,-142,0,1,-141,7077,7,48,7132,4.43%,4.46%,
105/09/01,-90,0,0,-90,7219,7,47,7273,4.52%,4.55%,
105/08/31,-112,0,-25,-137,7309,7,47,7363,4.58%,4.61%,
105/08/30,6,0,25,31,7421,7,72,7500,4.65%,4.70%,
105/08/29,-66,0,0,-66,7415,7,47,7469,4.65%,4.68%,
105/08/26,-239,0,0,-239,7481,7,47,7535,4.69%,4.72%,
105/08/25,-4,0,0,-4,7720,7,47,7774,4.84%,4.87%,
105/08/24,-35,0,0,-35,7724,7,47,7778,4.84%,4.87%,
105/08/23,-1,0,0,-1,7759,7,47,7813,4.86%,4.89%,
105/08/22,-34,0,0,-34,7760,7,47,7814,4.86%,4.89%,
105/08/19,-75,0,15,-60,7794,7,47,7848,4.88%,4.91%,
105/08/18,2,0,0,2,7871,7,32,7910,4.93%,4.95%,
105/08/17,-19,0,0,-19,7877,7,32,7916,4.94%,4.96%,
105/08/16,-10,0,-7,-17,7937,7,32,7976,4.97%,4.99%,
105/08/15,-32,0,0,-32,7935,7,39,7981,4.97%,5.00%,
105/08/12,-59,0,9,-50,7967,7,39,8013,4.99%,5.02%,
105/08/11,-78,0,-4,-82,8026,7,30,8063,5.03%,5.05%,
105/08/10,-37,0,0,-37,8104,7,34,8145,5.08%,5.11%,
105/08/09,-253,0,-1,-254,8140,7,34,8181,5.10%,5.13%,
105/08/08,186,0,2,188,8393,7,35,8435,5.26%,5.29%,
105/08/05,30,0,0,30,8207,7,33,8247,5.14%,5.17%,
105/08/04,31,0,-6,25,8177,7,33,8217,5.12%,5.15%,
105/08/03,7,0,-3,4,8146,7,39,8192,5.11%,5.14%,
105/08/02,77,0,0,77,8139,7,42,8188,5.10%,5.13%,
105/08/01,62,0,0,62,8062,7,42,8111,5.05%,5.08%,
105/07/29,39,0,0,39,8000,7,42,8049,5.01%,5.04%,
105/07/28,16,0,0,16,7961,7,42,8010,4.99%,5.02%,
105/07/27,-43,0,0,-43,7945,7,42,7994,4.98%,5.01%,
105/07/26,-41,0,0,-41,7988,7,42,8037,5.01%,5.04%,
105/07/25,19,0,-1,18,8029,7,42,8078,5.03%,5.06%,
105/07/22,15,0,0,15,8010,7,43,8060,5.02%,5.05%,
105/07/21,47,0,14,61,7997,7,43,8047,5.01%,5.04%,
105/07/20,31,0,9,40,7950,7,29,7986,4.98%,5.00%,
105/07/19,26,0,2,28,7919,7,20,7946,4.96%,4.98%,
105/07/18,6,0,0,6,7893,7,18,7918,4.95%,4.97%,
105/07/15,24,0,0,24,7887,7,18,7912,4.94%,4.96%,
105/07/14,52,0,0,52,7861,7,18,7886,4.93%,4.95%,
105/07/13,-7,0,-3,-10,7809,7,18,7834,4.89%,4.91%,
105/07/12,61,0,0,61,7816,7,21,7844,4.90%,4.92%,
105/07/11,-1,0,0,-1,7755,7,21,7783,4.86%,4.88%,
105/07/07,4,0,0,4,7756,7,21,7784,4.86%,4.88%,
105/07/06,0,0,0,0,7752,7,21,7780,4.86%,4.88%,
105/07/05,27,0,0,27,7752,7,21,7780,4.86%,4.88%,
105/07/04,55,0,-2,53,7725,7,21,7753,4.84%,4.86%,
105/07/01,7,0,0,7,7670,7,23,7700,4.81%,4.83%,
105/06/30,106,0,0,106,7663,7,23,7693,4.80%,4.82%,
105/06/29,6,0,0,6,7557,7,23,7587,4.74%,4.76%,
105/06/28,48,0,0,48,7551,7,23,7581,4.73%,4.75%,
105/06/27,8,0,0,8,7503,7,23,7533,4.70%,4.72%,
105/06/24,-31,0,-19,-50,7495,7,23,7525,4.70%,4.72%,
105/06/23,28,0,0,28,7526,7,42,7575,4.72%,4.75%,
105/06/22,87,0,0,87,7498,7,42,7547,4.70%,4.73%,
105/06/21,68,0,0,68,7411,7,42,7460,4.64%,4.67%,
105/06/20,63,0,9,72,7343,7,42,7392,4.60%,4.63%,
105/06/17,55,0,2,57,7280,7,33,7320,4.56%,4.59%,
105/06/16,10,0,0,10,7225,7,31,7263,4.53%,4.55%,
105/06/15,19,0,1,20,7215,7,31,7253,4.52%,4.54%,
105/06/14,44,0,6,50,7196,7,30,7233,4.51%,4.53%,
105/06/13,-11,0,3,-8,7152,7,24,7183,4.48%,4.50%,
105/06/08,30,0,0,30,7163,7,21,7191,4.49%,4.51%,
105/06/07,11,0,12,23,7133,7,21,7161,4.47%,4.49%,
105/06/06,47,0,0,47,7122,7,9,7138,4.46%,4.47%,
105/06/04,0,0,0,0,7075,7,9,7091,4.43%,4.44%,
105/06/03,10,0,-1,9,7075,7,9,7091,4.43%,4.44%,
105/06/02,-7,0,-1,-8,7065,7,10,7082,4.43%,4.44%,
105/06/01,20,0,0,20,7072,7,11,7090,4.43%,4.44%,
105/05/31,45,0,0,45,7052,7,11,7070,4.42%,4.43%,
105/05/30,51,0,0,51,7007,7,11,7025,4.39%,4.40%,
105/05/27,10,0,0,10,6956,7,11,6974,4.36%,4.37%,
105/05/26,-25,0,-1,-26,6946,7,11,6964,4.35%,4.36%,
105/05/25,-21,0,0,-21,6971,7,12,6990,4.37%,4.38%,
105/05/24,20,0,-1,19,6992,7,12,7011,4.38%,4.39%,
105/05/23,70,0,0,70,6972,7,13,6992,4.37%,4.38%,
105/05/20,-9,0,-4,-13,6902,7,13,6922,4.32%,4.33%,
105/05/19,-6,0,-1,-7,6911,7,17,6935,4.33%,4.35%,
105/05/18,7,0,0,7,6917,7,18,6942,4.33%,4.35%,
105/05/17,-98,0,0,-98,6910,7,18,6935,4.33%,4.35%,
105/05/16,85,0,0,85,7008,7,18,7033,4.39%,4.41%,
105/05/13,-25,0,0,-25,6923,7,18,6948,4.34%,4.36%,
105/05/12,38,0,3,41,6948,7,18,6973,4.35%,4.37%,
105/05/11,-6,0,-4,-10,6910,7,15,6932,4.33%,4.34%,
105/05/10,-80,0,18,-62,6916,7,19,6942,4.33%,4.35%,
105/05/09,27,0,1,28,6996,7,1,7004,4.38%,4.39%,
105/05/06,-57,0,-4,-61,6969,7,0,6976,4.37%,4.37%,
105/05/05,-38,0,0,-38,7037,7,0,7044,4.41%,4.41%,
105/05/04,-22,0,0,-22,7034,7,0,7041,4.41%,4.41%,
105/05/03,79,0,-1,78,7056,7,0,7063,4.42%,4.42%,
105/04/29,66,0,0,66,6977,7,0,6984,4.37%,4.37%,
105/04/28,-72,0,-45,-117,6911,7,0,6918,4.33%,4.33%,
105/04/27,-17,0,-1,-18,6983,7,37,7027,4.38%,4.41%,
105/04/26,-43,0,-6,-49,6990,7,38,7035,4.38%,4.41%,
105/04/25,9,0,-20,-11,7033,7,44,7084,4.41%,4.44%,
105/04/22,-38,0,0,-38,7024,7,64,7095,4.40%,4.44%,
105/04/21,389,0,30,419,7062,7,64,7133,4.42%,4.46%,
105/04/20,39,0,0,39,6673,7,34,6714,4.18%,4.21%,
105/04/19,-63,0,0,-63,6634,7,34,6675,4.16%,4.19%,
105/04/18,131,0,0,131,6697,7,34,6738,4.20%,4.23%,
105/04/15,26,0,0,26,6566,7,34,6607,4.11%,4.14%,
105/04/14,1,0,0,1,6540,7,34,6581,4.10%,4.13%,
105/04/13,55,0,0,55,6539,7,34,6580,4.10%,4.13%,
105/04/12,-183,0,10,-173,6484,7,34,6525,4.06%,4.09%,
105/04/11,45,0,0,45,6667,7,24,6698,4.18%,4.20%,
105/04/08,58,0,0,58,6622,7,24,6653,4.15%,4.17%,
105/04/07,-159,0,-1,-160,6564,7,24,6595,4.11%,4.13%,
105/04/06,-9,0,-3,-12,6723,7,25,6755,4.21%,4.23%,
105/04/01,128,0,14,142,6732,7,28,6767,4.22%,4.24%,
105/03/31,-5,0,0,-5,6604,7,14,6625,4.14%,4.15%,
105/03/30,69,0,0,69,6609,7,14,6630,4.14%,4.15%,
105/03/29,-29,0,-115,-144,6540,7,14,6561,4.10%,4.11%,
105/03/28,-9,0,-33,-42,6569,7,129,6705,4.12%,4.21%,
105/03/25,-86,0,0,-86,6578,7,162,6747,4.12%,4.23%,
105/03/24,88,0,-1,87,6664,7,162,6833,4.18%,4.29%,
105/03/23,-51,0,40,-11,6576,7,163,6746,4.12%,4.23%,
105/03/22,-519,0,65,-454,6627,7,123,6757,4.15%,4.23%,
105/03/21,237,0,35,272,7146,7,58,7211,4.48%,4.52%,
105/03/18,121,0,0,121,6947,7,23,6977,4.35%,4.37%,
105/03/17,-439,0,1,-438,6826,7,23,6856,4.28%,4.30%,
105/03/16,47,0,6,53,7265,7,22,7294,4.55%,4.57%,
105/03/15,-56,0,0,-56,7180,7,16,7203,4.50%,4.51%,
105/03/14,-43,0,3,-40,7236,7,16,7259,4.53%,4.54%,
105/03/11,-66,0,0,-66,7279,7,13,7299,4.56%,4.57%,
105/03/10,242,0,1,243,7345,7,13,7365,4.60%,4.61%,
105/03/09,4,0,0,4,7103,7,12,7122,4.45%,4.46%,
105/03/08,25,0,-6,19,7099,7,12,7118,4.45%,4.46%,
105/03/07,-85,0,0,-85,7074,7,18,7099,4.43%,4.45%,
105/03/04,195,0,0,195,7159,7,18,7184,4.49%,4.51%,
105/03/03,92,0,2,94,6994,7,18,7019,4.38%,4.40%,
105/03/02,198,0,-1,197,6902,7,16,6925,4.32%,4.33%,
105/03/01,56,0,-7,49,6704,7,17,6728,4.20%,4.22%,
105/02/26,1,0,0,1,6648,7,24,6679,4.17%,4.19%,
105/02/25,51,0,0,51,6647,7,24,6678,4.16%,4.18%,
105/02/24,22,0,-3,19,6596,7,24,6627,4.13%,4.15%,
105/02/23,-316,0,0,-316,6574,7,27,6608,4.12%,4.14%,
105/02/22,-37,0,-8,-45,6890,7,27,6924,4.32%,4.34%,
105/02/19,110,0,0,110,6917,7,35,6959,4.33%,4.36%,
105/02/18,15,0,0,15,6807,7,35,6849,4.26%,4.29%,
105/02/17,-18,0,3,-15,6792,7,35,6834,4.26%,4.29%,
105/02/16,80,0,9,89,6810,7,32,6849,4.27%,4.29%,
105/02/15,86,0,0,86,6730,7,23,6760,4.22%,4.24%,
105/02/03,-9,0,0,-9,6644,7,23,6674,4.16%,4.18%,
105/02/02,22,0,5,27,6673,7,23,6703,4.18%,4.20%,
105/02/01,45,0,-3,42,6651,7,18,6676,4.17%,4.19%,
105/01/30,0,0,5,5,6606,7,21,6634,4.14%,4.16%,
105/01/29,-89,0,0,-89,6606,7,16,6629,4.14%,4.15%,
105/01/28,51,0,0,51,6695,7,16,6718,4.19%,4.20%,
105/01/27,-15,0,0,-15,6644,7,16,6667,4.16%,4.17%,
105/01/26,64,0,-6,58,6659,7,16,6682,4.17%,4.18%,
105/01/25,47,0,0,47,6595,7,22,6624,4.13%,4.15%,
105/01/22,-176,0,2,-174,6548,7,22,6577,4.10%,4.12%,
105/01/21,-4,0,9,5,6724,7,20,6751,4.21%,4.23%,
105/01/20,-59,0,-4,-63,6728,7,11,6746,4.22%,4.23%,
105/01/19,-239,0,-4,-243,7046,7,15,7068,4.41%,4.42%,
105/01/18,62,0,-7,55,7285,7,19,7311,4.56%,4.58%,
105/01/15,27,0,-3,24,7223,7,26,7256,4.53%,4.55%,
105/01/14,55,0,9,64,7196,7,29,7232,4.51%,4.53%,
105/01/13,-5,0,-16,-21,7141,7,20,7168,4.47%,4.49%,
105/01/12,-10,0,-2,-12,7146,7,36,7189,4.48%,4.51%,
105/01/11,-42,0,-1,-43,7156,7,38,7201,4.48%,4.51%,
105/01/08,108,0,0,108,7198,7,39,7244,4.51%,4.54%,
105/01/07,-56,0,0,-56,7090,7,39,7136,4.44%,4.47%,
105/01/06,-41,0,0,-41,7136,7,39,7182,4.47%,4.50%,
105/01/05,52,0,0,52,7177,7,39,7223,4.50%,4.53%,
105/01/04,-89,0,-4,-93,7125,7,39,7171,4.46%,4.49%,
104/12/31,-5,0,0,-5,7214,7,43,7264,4.52%,4.55%,
104/12/30,-10,0,0,-10,7219,7,43,7269,4.52%,4.55%,
104/12/29,21,0,1,22,7229,7,43,7279,4.53%,4.56%,
104/12/28,64,0,0,64,7208,7,42,7257,4.52%,4.55%,
104/12/25,67,0,1,68,7144,7,42,7193,4.48%,4.51%,
104/12/24,17,0,0,17,7077,7,41,7125,4.43%,4.46%,
104/12/23,-67,0,0,-67,7060,7,41,7108,4.42%,4.45%,
104/12/22,-10,0,-3,-13,7127,7,41,7175,4.47%,4.50%,
104/12/21,2,0,18,20,7201,7,44,7252,4.51%,4.54%,
104/12/18,12,0,0,12,7189,7,26,7222,4.50%,4.52%,
104/12/17,-17,0,0,-17,7177,7,26,7210,4.50%,4.52%,
104/12/16,-113,0,2,-111,7184,7,26,7217,4.50%,4.52%,
104/12/15,45,0,-47,-2,7297,7,24,7328,4.57%,4.59%,
104/12/14,198,-420,0,-222,7252,7,71,7330,4.54%,4.59%,
104/12/11,12,-490,-6,-484,7044,427,71,7542,4.41%,4.72%,
104/12/10,78,-490,-3,-415,7062,917,77,8056,4.42%,5.04%,
104/12/09,-50,0,0,-50,6984,1407,80,8471,4.38%,5.31%,
104/12/08,-39,0,2,-37,7034,1407,80,8521,4.41%,5.34%,
104/12/07,-22,0,1,-21,7021,1407,78,8506,4.40%,5.33%,
104/12/04,36,0,3,39,7033,1407,77,8517,4.41%,5.34%,
104/12/03,-466,0,-6,-472,6997,1407,74,8478,4.38%,5.31%,
104/12/02,135,0,0,135,7463,1407,80,8950,4.68%,5.61%,
104/12/01,110,0,1,111,7328,1407,80,8815,4.59%,5.52%,
104/11/30,12,0,-3,9,7218,1407,79,8704,4.52%,5.45%,
104/11/27,-122,-100,2,-220,7206,1407,82,8695,4.52%,5.45%,
104/11/26,74,0,0,74,7328,1507,80,8915,4.59%,5.59%,
104/11/25,17,-100,0,-83,7244,1507,80,8831,4.54%,5.54%,
104/11/24,-115,-100,4,-211,7227,1607,80,8914,4.53%,5.59%,
104/11/23,-199,-85,47,-237,7342,1707,76,9125,4.60%,5.72%,
104/11/20,-231,0,0,-231,7574,1792,29,9395,4.75%,5.89%,
104/11/19,-97,0,0,-97,7635,1792,29,9456,4.78%,5.92%,
104/11/18,-55,0,0,-55,7732,1792,29,9553,4.85%,5.99%,
104/11/17,1,0,0,1,7787,1792,29,9608,4.88%,6.02%,
104/11/16,-42,0,-3,-45,7786,1792,29,9607,4.88%,6.02%,
104/11/13,-20,0,-1,-21,7818,1792,32,9642,4.90%,6.04%,
104/11/12,-81,0,0,-81,7838,1792,33,9663,4.91%,6.05%,
104/11/11,51,0,0,51,7909,1792,33,9734,4.96%,6.10%,
104/11/10,387,0,0,387,7858,1792,33,9683,4.92%,6.06%,
104/11/09,-58,0,3,-55,7471,1792,33,9296,4.68%,5.82%,
104/11/06,127,0,0,127,7529,1792,30,9351,4.72%,5.86%,
104/11/05,144,0,0,144,7402,1792,30,9224,4.64%,5.78%,
104/11/04,282,0,0,282,7258,1792,30,9080,4.55%,5.69%,
104/11/03,34,0,0,34,6976,1792,30,8798,4.37%,5.51%,
104/11/02,-140,0,0,-140,6942,1792,30,8764,4.35%,5.49%,
104/10/30,-34,0,-3,-37,7059,1792,30,8881,4.42%,5.56%,
104/10/29,-63,0,0,-63,7093,1792,33,8918,4.44%,5.58%,
104/10/28,-5,0,0,-5,7156,1792,33,8981,4.48%,5.62%,
104/10/27,-24,0,0,-24,7161,1792,33,8986,4.49%,5.63%,
104/10/26,120,0,-1,119,7185,1792,33,9010,4.50%,5.64%,
104/10/23,89,0,2,91,7065,1792,34,8891,4.43%,5.58%,
104/10/22,26,0,0,26,6976,1792,32,8800,4.37%,5.51%,
104/10/21,-29,0,1,-28,6950,1792,32,8774,4.35%,5.49%,
104/10/20,85,0,0,85,6979,1792,31,8802,4.37%,5.51%,
104/10/19,5,0,0,5,6894,1792,31,8717,4.32%,5.46%,
104/10/16,-8,0,0,-8,6889,1792,31,8712,4.32%,5.46%,
104/10/15,21,0,-179,-158,6897,1792,31,8720,4.32%,5.46%,
104/10/14,9,0,0,9,6950,1792,210,8952,4.35%,5.61%,
104/10/13,76,0,30,106,6941,1792,210,8943,4.35%,5.61%,
104/10/12,36,0,60,96,6865,1792,180,8837,4.30%,5.54%,
104/10/08,-35,0,90,55,6829,1792,120,8741,4.28%,5.48%,
104/10/07,147,0,0,147,6864,1792,30,8686,4.30%,5.44%,
104/10/06,-6,0,0,-6,6717,1792,30,8539,4.21%,5.35%,
104/10/05,-69,0,0,-69,6693,1792,30,8515,4.19%,5.33%,
104/10/02,-13,0,3,-10,6752,1792,30,8574,4.23%,5.37%,
104/10/01,96,0,0,96,6765,1792,27,8584,4.24%,5.38%,
104/09/30,-10,0,0,-10,6669,1792,27,8488,4.18%,5.32%,
104/09/25,19,0,0,19,6679,1782,27,8488,4.18%,5.31%,
104/09/24,-60,0,-3,-63,6660,1782,27,8469,4.17%,5.30%,
104/09/23,-162,0,3,-159,6720,1782,30,8532,4.21%,5.35%,
104/09/22,-8,0,0,-8,6882,1782,27,8691,4.31%,5.44%,
104/09/21,-178,0,-5,-183,6890,1782,27,8699,4.32%,5.45%,
104/09/18,-26,0,0,-26,7068,1782,32,8882,4.43%,5.57%,
104/09/17,29,0,0,29,7094,1782,32,8908,4.44%,5.58%,
104/09/16,0,0,2,2,7065,1782,32,8879,4.43%,5.57%,
104/09/15,-72,0,0,-72,7055,1782,30,8867,4.42%,5.56%,
104/09/14,-164,0,-1,-165,7127,1782,30,8939,4.47%,5.61%,
104/09/11,130,0,-2,128,7291,1782,31,9104,4.57%,5.71%,
104/09/10,40,0,0,40,7051,1782,33,8866,4.42%,5.56%,
104/09/09,189,0,-1,188,7011,1782,33,8826,4.39%,5.53%,
104/09/08,36,-115,0,-79,6822,1782,34,8638,4.27%,5.41%,
104/09/07,32,-200,0,-168,6786,1897,34,8717,4.25%,5.46%,
104/09/04,-28,0,0,-28,6754,2097,34,8885,4.23%,5.57%,
104/09/03,113,0,-1,112,6782,2097,34,8913,4.25%,5.59%,
104/09/02,-25,0,0,-25,6669,2097,35,8801,4.18%,5.52%,
104/09/01,216,0,0,216,6722,2097,35,8854,4.21%,5.55%,
104/08/31,71,0,0,71,6506,2097,35,8638,4.08%,5.42%,
104/08/28,8,0,0,8,6435,2097,35,8567,4.03%,5.37%,
104/08/27,-11,0,-4,-15,6493,2097,35,8625,4.07%,5.41%,
104/08/26,-63,0,1,-62,6504,2097,39,8640,4.07%,5.41%,
104/08/25,-19,0,-4,-23,6552,2097,38,8687,4.10%,5.44%,
104/08/24,-97,0,3,-94,6571,2097,42,8710,4.12%,5.46%,
104/08/21,-155,0,-2,-157,6668,2097,39,8804,4.18%,5.52%,
104/08/20,65,0,0,65,6805,2097,41,8943,4.26%,5.60%,
104/08/19,-252,0,-3,-255,6740,2097,41,8878,4.22%,5.56%,
104/08/18,9,0,-1,8,6992,2097,44,9133,4.38%,5.72%,
104/08/17,-16,0,0,-16,6983,2097,45,9125,4.38%,5.72%,
104/08/14,-31,0,-5,-36,6999,2097,45,9141,4.39%,5.73%,
104/08/13,-3,0,-2,-5,7012,2097,50,9159,4.39%,5.74%,
104/08/12,76,0,11,87,7015,2097,52,9164,4.40%,5.75%,
104/08/11,-32,0,-6,-38,6939,2097,41,9077,4.35%,5.69%,
104/08/10,74,0,-3,71,7041,2097,47,9185,4.41%,5.75%,
104/08/07,33,0,0,33,6967,2097,50,9114,4.37%,5.72%,
104/08/06,-42,0,-3,-45,6934,2097,50,9081,4.34%,5.69%,
104/08/05,-26,0,2,-24,6976,2097,53,9126,4.37%,5.72%,
104/08/04,-102,0,12,-90,7002,2097,51,9150,4.39%,5.74%,
104/08/03,-271,0,-4,-275,7089,2097,39,9225,4.44%,5.78%,
104/07/31,-124,0,-11,-135,7344,2097,43,9484,4.60%,5.94%,
104/07/30,-44,0,-2,-46,7451,2097,54,9602,4.67%,6.02%,
104/07/29,4,0,0,4,7511,2097,56,9664,4.71%,6.06%,
104/07/28,163,0,-3,160,7507,2097,56,9660,4.70%,6.05%,
104/07/27,32,0,14,46,7344,2097,59,9500,4.60%,5.95%,
104/07/24,-66,0,0,-66,7312,2097,45,9454,4.58%,5.92%,
104/07/23,-74,0,2,-72,7298,2097,45,9440,4.57%,5.91%,
104/07/22,-78,0,3,-75,7372,2097,43,9512,4.62%,5.96%,
104/07/21,-105,0,0,-105,7450,2097,40,9587,4.67%,6.01%,
104/07/20,-82,0,0,-82,7555,2097,40,9692,4.73%,6.07%,
104/07/17,-92,0,0,-92,7621,2097,40,9758,4.78%,6.12%,
104/07/16,-42,0,0,-42,7713,2097,40,9850,4.83%,6.17%,
104/07/15,-52,0,-28,-80,7755,2097,40,9892,4.86%,6.20%,
104/07/14,-21,0,27,6,7807,2097,68,9972,4.89%,6.25%,
104/07/13,-16,0,-2,-18,7850,2097,41,9988,4.92%,6.26%,
104/07/09,38,0,2,40,7866,2097,43,10006,4.93%,6.27%,
104/07/08,-107,0,0,-107,7828,2097,41,9966,4.91%,6.25%,
104/07/07,-36,0,0,-36,7935,2097,41,10073,4.97%,6.31%,
104/07/06,-15,0,1,-14,7971,2097,41,10109,5.00%,6.34%,
104/07/03,-93,0,0,-93,7986,2097,40,10123,5.00%,6.34%,
104/07/02,-25,0,0,-25,8079,2097,40,10216,5.06%,6.40%,
104/07/01,16,0,0,16,8104,2097,40,10241,5.08%,6.42%,
104/06/30,-18,0,3,-15,8088,2097,40,10225,5.07%,6.41%,
104/06/29,-78,0,0,-78,8106,2099,37,10242,5.08%,6.42%,
104/06/26,-95,0,0,-95,8184,2099,37,10320,5.13%,6.47%,
104/06/25,-183,0,0,-183,8279,2099,37,10415,5.19%,6.53%,
104/06/24,-131,0,0,-131,8462,2099,37,10598,5.30%,6.64%,
104/06/23,-167,0,-1,-168,8593,2099,37,10729,5.39%,6.73%,
104/06/22,-99,0,0,-99,8738,2099,38,10875,5.48%,6.82%,
104/06/18,-7,0,0,-7,8837,2099,38,10974,5.54%,6.88%,
104/06/17,-150,0,1,-149,8844,2099,38,10981,5.54%,6.88%,
104/06/16,-142,0,5,-137,8994,2099,37,11130,5.64%,6.98%,
104/06/15,-68,0,0,-68,9136,2099,32,11267,5.73%,7.07%,
104/06/12,-44,0,0,-44,9204,2099,32,11335,5.77%,7.11%,
104/06/11,-171,0,0,-171,9248,2099,32,11379,5.80%,7.14%,
104/06/10,36,0,-7,29,9466,2099,32,11597,5.93%,7.27%,
104/06/09,18,0,0,18,9430,2099,39,11568,5.91%,7.25%,
104/06/08,65,0,-1,64,9412,2099,39,11550,5.90%,7.24%,
104/06/05,-22,0,0,-22,9347,2099,40,11486,5.86%,7.20%,
104/06/04,-160,0,0,-160,9359,2099,40,11498,5.87%,7.21%,
104/06/03,1,0,0,1,9519,2099,40,11658,5.97%,7.31%,
104/06/02,11,0,4,15,9518,2099,40,11657,5.97%,7.31%,
104/06/01,4,0,3,7,9507,2099,36,11642,5.96%,7.30%,
104/05/29,-56,0,0,-56,9503,2099,33,11635,5.96%,7.30%,
104/05/28,-102,0,0,-102,9559,2099,33,11691,5.99%,7.33%,
104/05/27,12,0,0,12,9661,2099,33,11793,6.06%,7.40%,
104/05/26,0,0,0,0,9649,2099,33,11781,6.05%,7.39%,
104/05/25,-43,0,0,-43,9649,2099,33,11781,6.05%,7.39%,
104/05/22,-90,0,-1,-91,9692,2099,33,11824,6.07%,7.41%,
104/05/21,-89,0,-6,-95,9782,2099,34,11915,6.13%,7.47%,
104/05/20,-79,0,-3,-82,9861,2099,40,12000,6.18%,7.52%,
104/05/19,13,0,-1,12,9940,2099,43,12082,6.23%,7.57%,
104/05/18,-80,0,-4,-84,9932,2099,44,12075,6.30%,7.64%,
104/05/15,-87,0,-3,-90,10002,2099,48,12149,6.35%,7.70%,
104/05/14,-116,0,-2,-118,10089,2099,51,12239,6.40%,7.75%,
104/05/13,10,0,0,10,10205,2099,53,12357,6.47%,7.82%,
104/05/12,154,0,1,155,10195,2099,53,12347,6.47%,7.82%,
104/05/11,88,0,0,88,10041,2099,52,12192,6.37%,7.72%,
104/05/08,43,0,3,46,9953,2099,52,12104,6.31%,7.66%,
104/05/07,-28,0,0,-28,9910,2099,49,12058,6.29%,7.64%,
104/05/06,54,0,0,54,9938,2099,49,12086,6.30%,7.65%,
104/05/05,-73,0,0,-73,9884,2099,49,12032,6.27%,7.62%,
104/05/04,-100,0,-6,-106,9940,2099,49,12088,6.31%,7.66%,
104/04/30,89,0,0,89,10040,2099,55,12194,6.37%,7.72%,
104/04/29,30,0,6,36,9951,2099,55,12105,6.31%,7.66%,
104/04/28,29,-230,-1,-202,9921,2099,49,12069,6.29%,7.64%,
104/04/27,-20,0,2,-18,9892,2329,50,12271,6.28%,7.77%,
104/04/24,109,0,8,117,9912,2329,48,12289,6.29%,7.78%,
104/04/23,-207,0,-1,-208,9803,2329,40,12172,6.22%,7.71%,
104/04/22,125,0,-1,124,10010,2329,41,12380,6.35%,7.84%,
104/04/21,119,-30,1,90,9885,2329,42,12256,6.27%,7.76%,
104/04/20,37,0,0,37,9766,2359,41,12166,6.20%,7.71%,
104/04/17,104,-80,0,24,9729,2359,41,12129,6.17%,7.68%,
104/04/16,1,0,-10,-9,9625,2439,41,12105,6.11%,7.67%,
104/04/15,-67,0,0,-67,9624,2439,51,12114,6.11%,7.67%,
104/04/14,-28,0,0,-28,9691,2439,51,12181,6.15%,7.71%,
104/04/13,30,0,-100,-70,9719,2439,51,12209,6.17%,7.73%,
104/04/10,-37,-40,0,-77,9689,2439,151,12279,6.15%,7.77%,
104/04/09,-59,0,20,-39,9726,2479,151,12356,6.17%,7.82%,
104/04/08,-108,-124,80,-152,9785,2479,131,12395,6.21%,7.85%,
104/04/07,-22,0,0,-22,9893,2603,51,12547,6.28%,7.94%,
104/04/02,30,0,0,30,9915,2603,51,12569,6.29%,7.95%,
104/04/01,-47,0,0,-47,9885,2603,51,12539,6.27%,7.93%,
104/03/31,63,0,0,63,9932,2603,51,12586,6.30%,7.96%,
104/03/30,-47,0,2,-45,9869,2547,51,12467,6.26%,7.89%,
104/03/27,-88,0,1,-87,9916,2547,49,12512,6.29%,7.92%,
104/03/26,-31,0,2,-29,10004,2547,48,12599,6.35%,7.98%,
104/03/25,-56,380,2,326,10035,2547,46,12628,6.37%,8.00%,
104/03/24,18,124,-1,141,10091,2167,44,12302,6.40%,7.79%,
104/03/23,85,200,0,285,10073,2043,45,12161,6.39%,7.70%,
104/03/20,69,0,0,69,9988,1843,45,11876,6.34%,7.52%,
104/03/19,-18,250,0,232,9919,1843,45,11807,6.29%,7.47%,
104/03/18,112,350,-1,461,9937,1593,45,11575,6.30%,7.33%,
104/03/17,-22,350,1,329,9825,1243,46,11114,6.23%,7.04%,
104/03/16,234,56,4,294,9847,893,45,10785,6.25%,6.84%,
104/03/13,79,500,0,579,9613,837,41,10491,6.10%,6.65%,
104/03/12,-338,0,0,-338,9534,337,41,9912,6.05%,6.29%,
104/03/11,-182,0,0,-182,9872,337,41,10250,6.26%,6.50%,
104/03/10,-300,0,-1,-301,10054,337,41,10432,6.38%,6.62%,
104/03/09,-157,0,0,-157,10354,337,42,10733,6.57%,6.81%,
104/03/06,92,0,-2,90,10511,337,42,10890,6.67%,6.91%,
104/03/05,278,0,-1,277,10423,337,44,10804,6.61%,6.85%,
104/03/04,217,0,0,217,10145,337,45,10527,6.44%,6.68%,
104/03/03,-77,0,0,-77,9928,337,45,10310,6.30%,6.54%,
104/03/02,73,0,1,74,10005,337,45,10387,6.35%,6.59%,
104/02/26,98,0,0,98,9932,337,44,10313,6.30%,6.54%,
104/02/25,247,0,-2,245,9834,337,44,10215,6.24%,6.48%,
104/02/24,332,0,0,332,9733,337,46,10116,6.17%,6.41%,
104/02/13,-35,0,-3,-38,9401,337,46,9784,5.96%,6.20%,
104/02/12,-81,0,0,-81,9437,337,49,9823,5.99%,6.23%,
104/02/11,-11,0,1,-10,9452,337,49,9838,6.00%,6.24%,
104/02/10,100,0,6,106,9463,337,48,9848,6.00%,6.24%,
104/02/09,138,-250,4,-108,9363,337,42,9742,5.94%,6.18%,
104/02/06,-44,0,0,-44,9225,587,38,9850,5.85%,6.24%,
104/02/05,-42,0,0,-42,9269,587,38,9894,5.88%,6.27%,
104/02/04,-25,0,0,-25,9311,587,38,9936,5.91%,6.30%,
104/02/03,-284,0,0,-284,9336,587,38,9961,5.92%,6.32%,
104/02/02,-56,0,0,-56,9620,587,38,10245,6.10%,6.50%,
104/01/30,-27,0,0,-27,9676,587,38,10301,6.14%,6.54%,
104/01/29,19,0,1,20,9703,587,38,10328,6.16%,6.56%,
104/01/28,-79,0,0,-79,9684,587,37,10308,6.14%,6.53%,
104/01/27,-165,0,0,-165,9824,587,37,10448,6.23%,6.62%,
104/01/26,121,0,0,121,9989,587,37,10613,6.34%,6.73%,
104/01/23,-94,0,0,-94,9868,587,37,10492,6.26%,6.65%,
104/01/22,91,0,0,91,10028,587,37,10652,6.36%,6.75%,
104/01/21,-441,0,0,-441,9937,587,37,10561,6.30%,6.69%,
104/01/20,-6,0,0,-6,10372,587,37,10996,6.58%,6.97%,
104/01/19,-49,0,0,-49,10315,587,37,10939,6.54%,6.93%,
104/01/16,-128,0,-1,-129,10324,587,37,10948,6.55%,6.94%,
104/01/15,-424,0,0,-424,10452,587,38,11077,6.63%,7.03%,
104/01/14,-13,0,0,-13,10876,587,38,11501,6.90%,7.30%,
104/01/13,-216,0,0,-216,10889,587,38,11514,6.91%,7.31%,
104/01/12,-132,0,0,-132,11105,587,38,11730,7.05%,7.45%,
104/01/09,-475,0,1,-474,11237,587,38,11862,7.13%,7.53%,
104/01/08,-31,0,0,-31,11697,587,37,12321,7.42%,7.81%,
104/01/07,18,0,0,18,11768,587,37,12392,7.47%,7.86%,
104/01/06,28,0,0,28,11750,587,37,12374,7.46%,7.85%,
104/01/05,-80,0,0,-80,11722,587,37,12346,7.44%,7.83%,
