日期,外資買賣超,投信買賣超,自營商買賣超,單日合計買賣超,外資估計持股,投信估計持股,自營商估計持股,單日合計估計持股,外資持股比重,三大法人持股比重,
107/03/31,-24,-38,80,18,4512384,36016,6002,4554402,44.30%,44.71%,
107/03/30,1055,0,-60,995,4512408,36054,5922,4554384,44.30%,44.71%,
107/03/29,3100,0,-36,3064,4511632,36054,5982,4553668,44.29%,44.70%,
107/03/28,226,0,-577,-351,4508505,36054,6018,4550577,44.26%,44.67%,
107/03/27,-6134,-0,1,-6133,4508253,36054,6595,4550902,44.26%,44.68%,
107/03/26,-10867,0,-37,-10904,4514345,36054,6594,4556993,44.32%,44.74%,
107/03/23,-13499,-13,-353,-13865,4525202,36054,6631,4567887,44.42%,44.84%,
107/03/22,-1805,0,99,-1706,4538604,36067,6984,4581655,44.55%,44.97%,
107/03/21,1353,0,-10,1343,4540340,36067,6885,4583292,44.57%,44.99%,
107/03/20,-3132,-10,40,-3102,4538966,36067,6895,4581928,44.56%,44.98%,
107/03/19,-4956,-19,97,-4878,4542067,36077,6855,4584999,44.59%,45.01%,
107/03/16,-2974,-36,-30,-3040,4547023,36096,6758,4589877,44.64%,45.06%,
107/03/15,-4244,0,1,-4243,4549997,36132,6788,4592917,44.67%,45.09%,
107/03/14,-1681,0,398,-1283,4554241,36132,6787,4597160,44.71%,45.13%,
107/03/13,2130,0,35,2165,4555922,36132,6389,4598443,44.72%,45.14%,
107/03/12,1269,3,-279,993,4553792,36132,6354,4596278,44.70%,45.12%,
107/03/09,-1095,2,0,-1093,4552523,36129,6633,4595285,44.69%,45.11%,
107/03/08,-1454,142,137,-1175,4553618,36127,6633,4596378,44.70%,45.12%,
107/03/07,432,449,-86,795,4555072,35985,6496,4597553,44.72%,45.14%,
107/03/06,2714,0,73,2787,4554630,35536,6582,4596748,44.71%,45.12%,
107/03/05,-3807,0,-288,-4095,4551906,35536,6509,4593951,44.69%,45.10%,
107/03/02,-5045,5,-352,-5392,4556045,35536,6797,4598378,44.73%,45.15%,
107/03/01,1781,0,209,1990,4561078,35531,7149,4603758,44.78%,45.20%,
107/02/27,-2541,11,168,-2362,4559283,35531,6940,4601754,44.76%,45.18%,
107/02/26,2727,5,170,2902,4561481,35520,6772,4603773,44.78%,45.20%,
107/02/23,118,267,481,866,4558755,35515,6602,4600872,44.75%,45.16%,
107/02/22,-3851,0,-105,-3956,4558636,35248,6121,4600005,44.75%,45.16%,
107/02/21,12103,0,123,12226,4562653,35248,6226,4604127,44.79%,45.20%,
107/02/12,-8797,500,38,-8259,4550919,35248,6103,4592270,44.68%,45.09%,
107/02/09,-9874,0,887,-8987,4559797,34748,6065,4600610,44.76%,45.16%,
107/02/08,-1836,605,-99,-1330,4569860,34748,5178,4609786,44.86%,45.25%,
107/02/07,-13246,42,2204,-11000,4571933,34143,5277,4611353,44.88%,45.27%,
107/02/06,-43032,103,1403,-41526,4585534,34101,3073,4622708,45.02%,45.38%,
107/02/05,-3140,0,-982,-4122,4628556,33998,1670,4664224,45.44%,45.79%,
107/02/02,-1988,104,-112,-1996,4631697,33998,2652,4668347,45.47%,45.83%,
107/02/01,500,0,-485,15,4633709,33894,2764,4670367,45.49%,45.85%,
107/01/31,-2230,-32,574,-1688,4633209,33894,3249,4670352,45.48%,45.84%,
107/01/30,-4334,0,-186,-4520,4635439,33926,2675,4672040,45.51%,45.87%,
107/01/29,-391,-342,-11,-744,4640365,33926,2861,4677152,45.55%,45.91%,
107/01/26,2811,-581,-88,2142,4640746,34268,2872,4677886,45.56%,45.92%,
107/01/25,5058,14,45,5117,4637925,34849,2960,4675734,45.53%,45.90%,
107/01/24,710,0,-69,641,4632673,34835,2915,4670423,45.48%,45.85%,
107/01/23,1266,0,0,1266,4631893,34835,2984,4669712,45.47%,45.84%,
107/01/22,1849,-1155,-2,692,4630617,34835,2984,4668436,45.46%,45.83%,
107/01/19,3197,-400,-80,2717,4628759,35990,2986,4667735,45.44%,45.82%,
107/01/18,1649,-1475,-137,37,4624735,36390,3066,4664191,45.40%,45.79%,
107/01/17,1788,0,-630,1158,4623086,37865,3203,4664154,45.38%,45.78%,
107/01/16,-1742,-17,-702,-2461,4621297,37865,3833,4662995,45.37%,45.78%,
107/01/15,-489,-14,-1597,-2100,4623040,37882,4535,4665457,45.38%,45.80%,
107/01/12,-5088,0,-1399,-6487,4623529,37896,6132,4667557,45.39%,45.82%,
107/01/11,1994,50,-1360,684,4628617,37896,7531,4674044,45.44%,45.89%,
107/01/10,4489,-13,869,5345,4626613,37846,8891,4673350,45.42%,45.88%,
107/01/09,1334,178,-95,1417,4622124,37859,8022,4668005,45.37%,45.82%,
107/01/08,10121,49,1110,11280,4620790,37681,8117,4666588,45.36%,45.81%,
107/01/05,4604,-38,37,4603,4610670,37632,7007,4655309,45.26%,45.70%,
107/01/04,2178,0,37,2215,4606066,37670,6970,4650706,45.22%,45.66%,
107/01/03,22207,0,224,22431,4603888,37670,6933,4648491,45.20%,45.64%,
107/01/02,923,0,0,923,4581680,37670,6709,4626059,44.98%,45.42%,
106/12/29,3767,-39,0,3728,4580757,37670,6709,4625136,44.97%,45.41%,
106/12/28,3177,-29,-143,3005,4576991,40416,6709,4624116,44.93%,45.39%,
106/12/27,1695,-61,35,1669,4573814,40445,6852,4621111,44.90%,45.36%,
106/12/26,-847,-59,-192,-1098,4572119,40506,6817,4619442,44.88%,45.34%,
106/12/25,1449,0,-39,1410,4572966,40565,7009,4620540,44.89%,45.36%,
106/12/22,3584,0,-0,3584,4571517,40565,7048,4619130,44.88%,45.35%,
106/12/21,2204,0,-40,2164,4568151,40565,7048,4615764,44.84%,45.31%,
106/12/20,3019,0,-1721,1298,4566044,40565,7088,4613697,44.82%,45.29%,
106/12/19,4241,0,40,4281,4563220,40565,8809,4612594,44.80%,45.28%,
106/12/18,-2174,100,-326,-2400,4558979,40565,8769,4608313,44.75%,45.23%,
106/12/15,-1917,298,203,-1416,4561337,40465,9095,4610897,44.78%,45.27%,
106/12/14,4773,0,23,4796,4563255,40167,8892,4612314,44.80%,45.28%,
106/12/13,-146,0,58,-88,4558482,40167,8869,4607518,44.75%,45.23%,
106/12/12,-3039,5,-99,-3133,4558725,40167,8811,4607703,44.75%,45.23%,
106/12/11,-4446,0,96,-4350,4562128,40162,8910,4611200,44.79%,45.27%,
106/12/08,-382,121,47,-214,4566696,40162,8814,4615672,44.83%,45.31%,
106/12/07,-4126,97,109,-3920,4567199,40041,8767,4616007,44.84%,45.32%,
106/12/06,-1022,23,-209,-1208,4571325,39944,8658,4619927,44.88%,45.36%,
106/12/05,8343,280,-176,8447,4572337,39921,8867,4621125,44.89%,45.37%,
106/12/04,1538,994,135,2667,4563994,39641,9043,4612678,44.80%,45.28%,
106/12/01,5614,9,-629,4994,4562413,38647,8908,4609968,44.79%,45.26%,
106/11/30,-3851,-10,-28,-3889,4556767,38638,9537,4604942,44.73%,45.20%,
106/11/29,-1398,-72,-110,-1580,4560618,38648,9565,4608831,44.77%,45.24%,
106/11/28,-12,-13,-51,-76,4562016,38720,9675,4610411,44.78%,45.26%,
106/11/27,-1461,0,218,-1243,4562460,38733,9726,4610919,44.79%,45.27%,
106/11/24,-1221,121,109,-991,4563921,38733,9508,4612162,44.80%,45.27%,
106/11/23,3270,168,16,3454,4564897,38612,9399,4612908,44.81%,45.28%,
106/11/22,14327,1418,178,15923,4561724,38444,9383,4609551,44.78%,45.25%,
106/11/21,13476,245,982,14703,4547350,37026,9205,4593581,44.64%,45.09%,
106/11/20,5728,0,25,5753,4535389,36781,8223,4580393,44.52%,44.96%,
106/11/17,-1537,-2,436,-1103,4529606,36781,8198,4574585,44.47%,44.91%,
106/11/16,-4572,0,884,-3688,4531132,36783,7762,4575677,44.48%,44.92%,
106/11/15,-1110,0,-177,-1287,4535620,36783,6878,4579281,44.53%,44.96%,
106/11/14,9491,-14,98,9575,4536730,36783,7055,4580568,44.54%,44.97%,
106/11/13,-1646,-3,278,-1371,4525701,36797,6957,4569455,44.43%,44.86%,
106/11/10,-889,0,72,-817,4527347,36800,6679,4570826,44.44%,44.87%,
106/11/09,3154,-17,161,3298,4528237,36800,6607,4571644,44.45%,44.88%,
106/11/08,-2670,0,0,-2670,4525193,36817,6446,4568456,44.42%,44.84%,
106/11/07,383,0,0,383,4527863,36817,6446,4571126,44.45%,44.87%,
106/11/06,-657,0,100,-557,4526920,36817,6446,4570183,44.44%,44.86%,
106/11/03,2563,0,-254,2309,4527577,36817,6346,4570740,44.45%,44.87%,
106/11/02,2975,0,-364,2611,4525014,36817,6600,4568431,44.42%,44.85%,
106/11/01,3356,-18,-140,3198,4522018,36817,6964,4565799,44.39%,44.82%,
106/10/31,-265,2,-197,-460,4518662,36835,7104,4562601,44.36%,44.79%,
106/10/30,1741,0,140,1881,4518035,36833,7301,4562169,44.35%,44.78%,
106/10/27,197,989,0,1186,4516294,36833,7161,4560288,44.34%,44.77%,
106/10/26,55,-5,-13,37,4516088,35844,7161,4559093,44.33%,44.75%,
106/10/25,3657,286,-1558,2385,4516022,35849,7174,4559045,44.33%,44.75%,
106/10/24,263,-6,-1914,-1657,4510979,35563,8732,4555274,44.28%,44.71%,
106/10/23,305,324,-44,585,4510767,35569,10646,4556982,44.28%,44.73%,
106/10/20,1236,0,-68,1168,4510462,35245,10690,4556397,44.28%,44.73%,
106/10/19,810,-36,29,803,4509226,35245,10758,4555229,44.27%,44.72%,
106/10/18,-2631,7,-28,-2652,4508389,35281,10729,4554399,44.26%,44.71%,
106/10/17,1192,-161,-100,931,4511020,35274,10757,4557051,44.28%,44.73%,
106/10/16,6853,128,-564,6417,4509818,35435,10857,4556110,44.27%,44.72%,
106/10/13,-1761,-666,-205,-2632,4502944,35307,11421,4549672,44.20%,44.66%,
106/10/12,1936,57,-155,1838,4504706,35973,11626,4552305,44.22%,44.69%,
106/10/11,8230,-11,-493,7726,4502770,35916,11781,4550467,44.20%,44.67%,
106/10/06,1623,0,-200,1423,4494540,35927,12274,4542741,44.12%,44.59%,
106/10/05,2249,-80,-27,2142,4492917,35927,12474,4541318,44.11%,44.59%,
106/10/03,626,-1,0,625,4490668,36007,12501,4539176,44.08%,44.56%,
106/10/02,-144,81,-187,-250,4489799,36008,12501,4538308,44.08%,44.56%,
106/09/30,0,400,93,493,4489943,35927,12688,4538558,44.08%,44.56%,
106/09/29,-2093,-3,-239,-2335,4489943,41819,12595,4544357,44.08%,44.61%,
106/09/28,-2469,17,-290,-2742,4492231,41822,12834,4546887,44.10%,44.64%,
106/09/27,-2535,0,-295,-2830,4494894,41805,13124,4549823,44.13%,44.67%,
106/09/26,-2549,0,-401,-2950,4501652,41805,13419,4556876,44.19%,44.73%,
106/09/25,-3320,84,2,-3234,4504318,41805,13820,4559943,44.22%,44.77%,
106/09/22,802,110,-373,539,4507638,41721,13818,4563177,44.25%,44.80%,
106/09/21,-7122,283,-2,-6841,4506824,41611,14191,4562626,44.24%,44.79%,
106/09/20,-1991,0,-1112,-3103,4513936,41328,14193,4569457,44.31%,44.86%,
106/09/19,-2711,117,-1634,-4228,4515918,41328,15305,4572551,44.33%,44.89%,
106/09/18,-2446,581,-57,-1922,4518629,41211,16939,4576779,44.36%,44.93%,
106/09/15,-2327,46,-400,-2681,4521075,40630,16996,4578701,44.38%,44.95%,
106/09/14,-7591,15,-253,-7829,4523402,40584,17396,4581382,44.41%,44.98%,
106/09/13,-2860,47,-65,-2878,4530992,40569,17649,4589210,44.48%,45.05%,
106/09/12,-4378,145,-243,-4476,4533852,40522,17713,4592087,44.51%,45.08%,
106/09/11,-6796,0,-40,-6836,4538230,40376,17957,4596563,44.55%,45.12%,
106/09/08,1218,14,-812,420,4545011,40376,17997,4603384,44.62%,45.19%,
106/09/07,-4012,97,-398,-4313,4539105,40362,18809,4598276,44.56%,45.14%,
106/09/06,-187,-71,-1461,-1719,4543117,40265,19207,4602589,44.60%,45.18%,
106/09/05,-2121,2,-554,-2673,4542091,40337,20668,4603096,44.59%,45.19%,
106/09/04,-1567,0,-100,-1667,4544201,40335,21222,4605758,44.61%,45.22%,
106/09/01,-1152,-7,-20,-1179,4545759,40335,21322,4607416,44.62%,45.23%,
106/08/31,2305,49,-509,1845,4241487,40342,21342,4303171,44.81%,45.42%,
106/08/30,11339,0,-175,11164,4239183,40293,21851,4301327,44.78%,45.39%,
106/08/29,-2168,-9,-87,-2264,4227844,40293,22026,4290163,44.66%,45.27%,
106/08/28,2988,-6,-24,2958,4230012,40302,22113,4292427,44.68%,45.29%,
106/08/25,4960,-85,-259,4616,4227153,40308,22137,4289598,44.65%,45.26%,
106/08/24,3587,42,152,3781,4222418,40393,22396,4285207,44.60%,45.22%,
106/08/23,-1267,148,-912,-2031,4218830,40351,22244,4281425,44.57%,45.19%,
106/08/22,1083,0,-723,360,4227873,40203,23156,4291232,44.66%,45.28%,
106/08/21,-3549,68,-622,-4103,4226657,40203,23879,4290739,44.65%,45.28%,
106/08/18,20,0,-1038,-1018,4230182,40135,24501,4294818,44.69%,45.33%,
106/08/17,6493,1,1366,7860,4222216,40135,25539,4287890,44.60%,45.25%,
106/08/16,-7662,739,-3053,-9976,4215700,40134,24173,4280007,44.53%,45.16%,
106/08/15,-1528,-618,-540,-2686,4223142,39395,27226,4289763,44.61%,45.27%,
106/08/14,-8947,-73,-1434,-10454,4224612,40013,27766,4292391,44.63%,45.30%,
106/08/11,-10471,-44,-444,-10959,4233549,40086,29200,4302835,44.72%,45.40%,
106/08/10,-11563,17,-7610,-19156,4244020,40130,29643,4313793,44.83%,45.52%,
106/08/09,-6621,242,-22395,-28774,4255584,40113,37253,4332950,44.95%,45.71%,
106/08/08,-444,317,11910,11783,4262205,39871,59648,4361724,45.02%,46.07%,
106/08/07,2591,318,5552,8461,4262669,39554,47739,4349962,45.03%,45.95%,
106/08/04,8962,23,7120,16105,4260555,39236,42187,4341978,45.01%,45.87%,
106/08/03,-3537,18,2714,-805,4251379,39213,35067,4325659,44.91%,45.69%,
106/08/02,228,-2,2633,2859,4254843,39195,32353,4326391,44.95%,45.71%,
106/08/01,4169,-8,2603,6764,4254545,39197,29719,4323461,44.94%,45.67%,
106/07/31,-6296,17,1256,-5023,4250333,39205,27116,4316654,44.90%,45.60%,
106/07/28,-3462,-119,173,-3408,4256608,39188,25860,4321656,44.97%,45.66%,
106/07/27,-2226,0,1233,-993,4259598,39307,25687,4324592,45.00%,45.69%,
106/07/26,-1354,-16,767,-603,4260341,39307,24454,4324102,45.00%,45.67%,
106/07/25,-268,4,117,-147,4258055,39323,23687,4321065,44.98%,45.65%,
106/07/24,-3325,163,1564,-1598,4256899,39319,23570,4319788,44.97%,45.63%,
106/07/21,2328,99,705,3132,4260065,39156,22006,4321227,45.00%,45.65%,
106/07/20,2376,257,30,2663,4257625,39057,21301,4317983,44.98%,45.62%,
106/07/19,-735,857,-350,-228,4254928,38800,21271,4314999,44.95%,45.58%,
106/07/18,5358,31,877,6266,4255663,37943,21621,4315227,44.96%,45.59%,
106/07/17,-1285,-2,-601,-1888,4250305,37912,20744,4308961,44.90%,45.52%,
106/07/14,-5148,-19,-1032,-6199,4251590,37914,21345,4310849,44.91%,45.54%,
106/07/13,-3277,-19,-1247,-4543,4256738,37933,22377,4317048,44.97%,45.61%,
106/07/12,-1809,-18,-620,-2447,4260015,37952,23624,4321591,45.00%,45.65%,
106/07/11,-926,0,589,-337,4261824,37970,24244,4324038,45.02%,45.68%,
106/07/10,-6531,-9,-31,-6571,4262751,37970,23655,4324376,45.03%,45.68%,
106/07/07,-10042,0,-1,-10043,4269282,37979,23686,4330947,45.10%,45.75%,
106/07/06,-9737,0,-98,-9835,4279323,37979,23687,4340989,45.21%,45.86%,
106/07/05,334,0,723,1057,4289061,37979,23785,4350825,45.31%,45.96%,
106/07/04,-1855,138,199,-1518,4288726,37979,23062,4349767,45.30%,45.94%,
106/07/03,-1500,-33,-113,-1646,4290581,37841,22863,4351285,45.32%,45.96%,
106/06/30,5951,-1,130,6080,4292081,37874,22976,4352931,45.34%,45.98%,
106/06/29,5080,-5,141,5216,4286130,28577,22846,4337553,45.28%,45.82%,
106/06/28,-4524,0,169,-4355,4281050,28582,22705,4332337,45.22%,45.76%,
106/06/27,2547,-9,302,2840,4285574,28582,22536,4336692,45.27%,45.81%,
106/06/26,4718,-13,3551,8256,4283027,28591,22234,4333852,45.24%,45.78%,
106/06/23,-4818,-10,3277,-1551,4280550,28604,18683,4327837,45.22%,45.72%,
106/06/22,-24294,0,534,-23760,4286907,28614,15406,4330927,45.29%,45.76%,
106/06/21,-13723,-349,1192,-12880,4302519,28614,14872,4346005,45.45%,45.91%,
106/06/20,-3089,-25,-4,-3118,4316791,28963,13680,4359434,45.60%,46.05%,
106/06/19,835,-10,-60,765,4320275,28988,13684,4362947,45.64%,46.09%,
106/06/16,-6476,971,195,-5310,4319440,28998,13744,4362182,45.63%,46.08%,
106/06/15,1160,0,-355,805,4328375,28027,13549,4369951,45.72%,46.16%,
106/06/14,-10984,-3,388,-10599,4332203,28027,13904,4374134,45.76%,46.20%,
106/06/13,-4683,0,-197,-4880,4345818,28030,13516,4387364,45.91%,46.35%,
106/06/12,-8450,-13,1736,-6727,4352617,28030,13713,4394360,45.98%,46.42%,
106/06/09,-11198,-13,1576,-9635,4361538,28043,11977,4401558,46.07%,46.49%,
106/06/08,-4930,-6,682,-4254,4372736,28056,10401,4411193,46.19%,46.60%,
106/06/07,-7849,-13,-157,-8019,4377666,28062,9719,4415447,46.24%,46.64%,
106/06/06,-5930,-39,-313,-6282,4385165,28075,9876,4423116,46.32%,46.72%,
106/06/05,510,-42,-95,373,4391124,28114,10189,4429427,46.39%,46.79%,
106/06/03,-180,-14,-840,-1034,4390615,28156,10284,4429055,46.38%,46.79%,
106/06/02,-577,-37,-4,-618,4390795,28170,11124,4430089,46.38%,46.80%,
106/06/01,-3140,0,2051,-1089,4391372,28207,11128,4430707,46.39%,46.81%,
106/05/31,-5421,13,41,-5367,4394512,28207,9077,4431796,46.42%,46.81%,
106/05/26,3011,-51,-1,2959,4399932,28194,9036,4437162,46.48%,46.87%,
106/05/25,-2972,-9,828,-2153,4397621,28245,9037,4434903,46.45%,46.84%,
106/05/24,-1081,0,250,-831,4400593,28254,8209,4437056,46.49%,46.88%,
106/05/23,5616,0,-139,5477,4401674,28254,7959,4437887,46.50%,46.88%,
106/05/22,-563,-3,80,-486,4396058,28254,8098,4432410,46.44%,46.82%,
106/05/19,-371,0,-59,-430,4396621,28257,8018,4432896,46.44%,46.82%,
106/05/18,6625,-10,1341,7956,4396992,28257,8077,4433326,46.45%,46.83%,
106/05/17,8086,0,290,8376,4393367,28267,6736,4428370,46.41%,46.78%,
106/05/16,2241,1076,68,3385,4385238,28267,6446,4419951,46.32%,46.69%,
106/05/15,-10435,373,-60,-10122,4383283,27191,6378,4416852,46.30%,46.65%,
106/05/12,-4512,0,-194,-4706,4392078,26818,6438,4425334,46.40%,46.75%,
106/05/11,-2870,0,-78,-2948,4396748,26818,6632,4430198,46.45%,46.80%,
106/05/10,-19415,0,2227,-17188,4399697,26818,6710,4433225,46.48%,46.83%,
106/05/09,-8053,0,-355,-8408,4418508,26818,4483,4449809,46.68%,47.01%,
106/05/08,1347,0,-143,1204,4426560,26818,4838,4458216,46.76%,47.09%,
106/05/05,-1528,0,-305,-1833,4184051,26818,4981,4215850,47.73%,48.07%,
106/05/04,-5394,0,-43,-5437,4185579,26818,5286,4217683,47.75%,48.09%,
106/05/03,1038,0,-38,1000,4190973,26818,5329,4223120,47.81%,48.15%,
106/05/02,-1344,5,-194,-1533,4189935,26818,5367,4222120,47.80%,48.14%,
106/04/28,-10288,-20,2727,-7581,4191279,26813,5561,4223653,47.81%,48.15%,
106/04/27,672,-88,-448,136,4201567,26833,2834,4231234,47.93%,48.24%,
106/04/26,-3786,3,-155,-3938,4174096,26921,3282,4204299,47.62%,47.94%,
106/04/25,1280,-409,-317,554,4177882,26918,3437,4208237,47.66%,47.98%,
106/04/24,-7751,0,-32,-7783,4176581,27327,3754,4207662,47.64%,47.97%,
106/04/21,1141,0,-218,923,4184796,27327,3786,4215909,47.74%,48.07%,
106/04/20,516,-136,-62,318,4183656,27327,4004,4214987,47.72%,48.05%,
106/04/19,-7556,0,-505,-8061,4183246,27463,4066,4214775,47.72%,48.05%,
106/04/18,-3700,3,-19,-3716,4187802,27463,4571,4219836,47.77%,48.11%,
106/04/17,-2634,0,134,-2500,4195156,27460,4590,4227206,47.86%,48.20%,
106/04/14,78,-16,29,91,4188790,27460,4456,4220706,47.78%,48.12%,
106/04/13,-1551,80,78,-1393,4188712,27476,4427,4220615,47.78%,48.14%,
106/04/12,-3046,-48,-28,-3122,4193263,27396,4349,4225008,47.83%,48.19%,
106/04/11,-2686,0,-110,-2796,4201774,27444,4377,4233595,47.93%,48.29%,
106/04/10,-235,4,-29,-260,4204459,27444,4487,4236390,47.96%,48.32%,
106/04/07,-14067,-664,716,-14015,4204694,27440,4516,4236650,47.96%,48.32%,
106/04/06,9021,0,862,9883,4220138,28104,3800,4252042,48.14%,48.50%,
106/04/05,-4385,0,158,-4227,4211023,28104,2938,4242065,48.04%,48.39%,
106/03/31,-16741,-1855,94,-18502,4215408,28104,2780,4246292,48.09%,48.44%,
106/03/30,-3840,0,1074,-2766,4231249,31335,2686,4265270,48.27%,48.66%,
106/03/29,-7456,-2315,209,-9562,4235031,31335,1612,4267978,48.31%,48.69%,
106/03/28,-498,0,131,-367,4242487,33650,1403,4277540,48.40%,48.80%,
106/03/27,-29930,0,-46,-29976,4242985,33650,1272,4277907,48.40%,48.80%,
106/03/24,-16386,2,-43,-16427,4272860,33650,1318,4307828,48.74%,49.14%,
106/03/23,-9020,0,-109,-9129,4289193,33648,1361,4324202,48.93%,49.33%,
106/03/22,-10057,0,-280,-10337,4298198,33648,1470,4333316,49.03%,49.43%,
106/03/21,-423,-1824,-36,-2283,4308696,33648,1750,4344094,49.15%,49.55%,
106/03/20,-16724,-10,-44,-16778,4309118,35472,1786,4346376,49.16%,49.59%,
106/03/17,-10242,-241,-68,-10551,4325642,35482,1830,4362954,49.34%,49.77%,
106/03/16,-18855,0,90,-18765,4335884,35723,1898,4373505,49.46%,49.89%,
106/03/15,-16036,-95,421,-15710,4354740,35723,1808,4392271,49.68%,50.11%,
106/03/14,-67511,-35,-204,-67750,4370551,35818,1387,4407756,49.86%,50.28%,
106/03/13,-15150,0,230,-14920,4438052,35853,1591,4475496,50.63%,51.06%,
106/03/10,-15099,0,36,-15063,4453170,35853,1361,4490384,50.80%,51.22%,
106/03/09,-15556,-22,-66,-15644,4468269,35853,1325,4505447,50.97%,51.39%,
106/03/08,-8683,-601,401,-8883,4483722,35875,1391,4520988,51.15%,51.58%,
106/03/07,-6707,355,115,-6237,4492404,36476,990,4529870,51.25%,51.68%,
106/03/06,-38705,-2962,194,-41473,4499111,36121,875,4536107,51.32%,51.74%,
106/03/03,-74121,-295,-1178,-75594,4537716,39083,681,4577480,51.76%,52.21%,
106/03/02,-88613,-106,1748,-86971,4610438,39378,1859,4651675,52.59%,53.06%,
106/03/01,-6047,0,-25,-6072,4698525,39484,111,4738120,53.60%,54.05%,
106/02/24,-4314,1,-138,-4451,4704299,39484,136,4743919,53.66%,54.11%,
106/02/23,-11427,2,-405,-11830,4708282,39483,274,4748039,53.71%,54.16%,
106/02/22,-4484,-391,130,-4745,4719634,39481,679,4759794,53.84%,54.30%,
106/02/21,-6459,0,-691,-7150,4728236,39872,549,4768657,53.94%,54.40%,
106/02/20,-5138,-660,-30,-5828,4734676,39872,1240,4775788,54.01%,54.48%,
106/02/18,-829,0,-44,-873,4739743,40532,1270,4781545,54.07%,54.55%,
106/02/17,-16407,3,-897,-17301,4739339,40532,1314,4781185,54.06%,54.54%,
106/02/16,-15086,0,-962,-16048,4755615,40529,2211,4798355,54.25%,54.74%,
106/02/15,-32179,-912,2927,-30164,4770401,40529,3173,4814103,54.42%,54.92%,
106/02/14,720,3,47,770,4802333,41441,246,4844020,54.78%,55.26%,
106/02/13,1562,-213,26,1375,4801604,41438,199,4843241,54.77%,55.25%,
106/02/10,5316,-85,173,5404,4800041,41651,173,4841865,54.76%,55.24%,
106/02/09,-5179,-1278,-132,-6589,4794726,41736,0,4836462,54.70%,55.18%,
106/02/08,-6581,-352,-105,-7038,4799905,43014,0,4842919,54.75%,55.24%,
106/02/07,-5811,-726,100,-6437,4806486,43365,100,4849951,54.83%,55.33%,
106/02/06,552,-733,-61,-242,4811966,44091,0,4856057,54.89%,55.39%,
106/02/03,-6527,-504,53,-6978,4811385,44824,53,4856262,54.89%,55.40%,
106/02/02,-8383,0,-134,-8517,4817876,45328,0,4863204,54.96%,55.48%,
106/01/24,-147,-136,-30,-313,4825648,45328,0,4870976,55.05%,55.57%,
106/01/23,3898,-142,-10,3746,4826083,45464,0,4871547,55.05%,55.57%,
106/01/20,-17808,0,-63,-17871,4822134,45607,0,4867741,55.01%,55.53%,
106/01/19,-4240,1,-19,-4258,4839722,45607,0,4885329,55.21%,55.73%,
106/01/18,2673,0,-119,2554,4843895,45606,0,4889501,55.26%,55.78%,
106/01/17,-15581,-130,-160,-15871,4841036,45606,0,4886642,55.22%,55.74%,
106/01/16,-3651,-231,-154,-4036,4856961,45736,0,4902697,55.41%,55.93%,
106/01/13,1576,0,-193,1383,4860612,45967,0,4906579,55.45%,55.97%,
106/01/12,4915,0,-215,4700,4859014,45967,156,4905137,55.43%,55.96%,
106/01/11,-296,0,-333,-629,4854098,45967,371,4900436,55.37%,55.90%,
106/01/10,-2868,-210,40,-3038,4854394,45967,704,4901065,55.38%,55.91%,
106/01/09,-1467,-480,-70,-2017,4855912,46177,664,4902753,55.39%,55.92%,
106/01/06,1714,-148,-77,1489,4857379,46657,734,4904770,55.41%,55.95%,
106/01/05,1346,11,100,1457,4855664,46805,811,4903280,55.39%,55.93%,
106/01/04,1305,-371,-38,896,4854318,46794,711,4901823,55.38%,55.92%,
106/01/03,256,0,-43,213,4852967,47165,749,4900881,55.36%,55.91%,
105/12/30,3102,0,4,3106,4852637,47165,792,4900594,55.36%,55.91%,
105/12/29,-4191,0,3,-4188,4849292,47165,788,4897245,55.32%,55.87%,
105/12/28,-360,0,-1764,-2124,4852505,47165,785,4900455,55.35%,55.90%,
105/12/27,-1993,0,-38,-2031,4852386,47165,2549,4902100,55.35%,55.92%,
105/12/26,-405,0,38,-367,4854315,47165,2587,4904067,55.38%,55.95%,
105/12/23,-4873,0,149,-4724,4854720,47165,2549,4904434,55.38%,55.95%,
105/12/22,-2535,0,-41,-2576,4859548,47165,2400,4909113,55.44%,56.01%,
105/12/21,283,0,181,464,4862083,47165,2441,4911689,55.46%,56.03%,
105/12/20,-782,0,473,-309,4861790,47165,2260,4911215,55.46%,56.02%,
105/12/19,-5045,0,155,-4890,4861942,47165,1787,4910894,55.46%,56.02%,
105/12/16,-458,0,-13,-471,4866960,47165,1632,4915757,55.52%,56.08%,
105/12/15,-9,0,311,302,4867386,47165,1645,4916196,55.52%,56.08%,
105/12/14,-9119,179,82,-8858,4867395,47165,1334,4915894,55.52%,56.07%,
105/12/13,-1641,0,23,-1618,4876731,46986,1252,4924969,55.63%,56.18%,
105/12/12,7448,0,-192,7256,4878343,46986,1229,4926558,55.65%,56.20%,
105/12/09,4434,400,-132,4702,4870823,46986,1421,4919230,55.56%,56.11%,
105/12/08,16178,65,440,16683,4866343,46586,1553,4914482,55.51%,56.06%,
105/12/07,-430,158,50,-222,4850165,46521,1113,4897799,55.33%,55.87%,
105/12/06,-1400,0,61,-1339,4850594,46363,1063,4898020,55.33%,55.87%,
105/12/05,-6123,0,-8,-6131,4851994,46363,1002,4899359,55.35%,55.89%,
105/12/02,-2684,0,0,-2684,4858107,46363,1010,4905480,55.42%,55.96%,
105/12/01,-1032,82,-42,-992,4860781,46363,1010,4908154,55.45%,55.99%,
105/11/30,-2351,295,-146,-2202,4861763,46281,1052,4909096,55.46%,56.00%,
105/11/29,-5547,-91,-282,-5920,4864104,45986,1198,4911288,55.49%,56.03%,
105/11/28,5302,0,-1568,3734,4869966,46077,1480,4917523,55.55%,56.09%,
105/11/25,1449,-193,175,1431,4864664,46077,3048,4913789,55.49%,56.05%,
105/11/24,-3741,0,147,-3594,4863215,46270,2873,4912358,55.48%,56.04%,
105/11/23,2537,433,15,2985,4866956,46270,2726,4915952,55.52%,56.08%,
105/11/22,4475,0,72,4547,4864404,45837,2711,4912952,55.49%,56.04%,
105/11/21,3155,536,-22,3669,4859933,45837,2639,4908409,55.44%,55.99%,
105/11/18,4783,0,-143,4640,4856759,45301,2662,4904722,55.40%,55.95%,
105/11/17,1055,0,-274,781,4851917,45301,2804,4900022,55.35%,55.90%,
105/11/16,17934,477,0,18411,4850841,45301,3078,4899220,55.34%,55.89%,
105/11/15,9075,0,60,9135,4833360,44824,3078,4881262,55.14%,55.69%,
105/11/14,132,194,-14,312,4823560,44824,3018,4871402,55.02%,55.57%,
105/11/11,-9823,352,-100,-9571,4823427,44630,3032,4871089,55.02%,55.56%,
105/11/10,-303,206,-84,-181,4833171,44278,3132,4880581,55.13%,55.67%,
105/11/09,-8113,206,-109,-8016,4833766,44071,3216,4881053,55.14%,55.68%,
105/11/08,4579,0,-18,4561,4841869,43865,3325,4889059,55.23%,55.77%,
105/11/07,-1897,43,11,-1843,4837290,43865,3343,4884498,55.18%,55.72%,
105/11/04,-5472,127,-44,-5389,4839187,43822,3332,4886341,55.20%,55.74%,
105/11/03,-1672,150,61,-1461,4844618,43695,3376,4891689,55.26%,55.80%,
105/11/02,-535,334,70,-131,4846209,43545,3315,4893069,55.28%,55.81%,
105/11/01,586,-3,-29,554,4846733,43211,3245,4893189,55.29%,55.82%,
105/10/31,-852,0,-1890,-2742,4846120,43214,3274,4892608,55.28%,55.81%,
105/10/28,1375,176,49,1600,4846941,43214,5164,4895319,55.29%,55.84%,
105/10/27,-6620,0,-36,-6656,4845566,43038,5115,4893719,55.28%,55.83%,
105/10/26,-2929,0,-84,-3013,4852157,43038,5151,4900346,55.35%,55.90%,
105/10/25,853,0,118,971,4853478,43038,5235,4901751,55.37%,55.92%,
105/10/24,-1361,0,-27,-1388,4852877,43038,5117,4901032,55.36%,55.91%,
105/10/21,-518,-34,58,-494,4854228,43038,5144,4902410,55.37%,55.92%,
105/10/20,1377,-24,-35,1318,4854317,43072,5086,4902475,55.38%,55.93%,
105/10/19,6129,0,-227,5902,4852037,43096,5121,4900254,55.35%,55.90%,
105/10/18,6708,0,29,6737,4846184,43096,5348,4894628,55.28%,55.83%,
105/10/17,-7204,-877,-222,-8303,4839102,43096,5319,4887517,55.20%,55.75%,
105/10/14,3765,0,-198,3567,4846307,43973,5541,4895821,55.28%,55.84%,
105/10/13,-2673,3,-63,-2733,4842542,43973,5739,4892254,55.24%,55.81%,
105/10/12,1879,-2,88,1965,4845215,43970,5802,4894987,55.27%,55.84%,
105/10/11,-988,4,39,-945,4843556,43972,5714,4893242,55.25%,55.82%,
105/10/07,2983,0,0,2983,4845122,43968,5675,4894765,55.27%,55.84%,
105/10/06,1051,0,-44,1007,4842045,43968,5675,4891688,55.24%,55.81%,
105/10/05,2928,0,-31,2897,4840941,43968,5719,4890628,55.22%,55.79%,
105/10/04,1739,0,-28,1711,4837910,43968,5750,4887628,55.19%,55.76%,
105/10/03,6590,0,38,6628,4836042,43968,5778,4885788,55.17%,55.74%,
105/09/30,-2966,106,-94,-2954,4829452,43968,5740,4879160,55.09%,55.66%,
105/09/29,8336,0,1,8337,4828178,62392,5834,4896404,55.08%,55.86%,
105/09/26,-4166,0,-3,-4169,4819990,62392,5833,4888215,54.98%,55.76%,
105/09/23,5856,0,7,5863,4824141,62392,5836,4892369,55.03%,55.81%,
105/09/22,-3333,0,-22,-3355,4818244,62392,5829,4886465,54.96%,55.74%,
105/09/21,-3186,0,-311,-3497,4821577,62392,5851,4889820,55.00%,55.78%,
105/09/20,-3725,0,-52,-3777,4824763,62392,6162,4893317,55.04%,55.82%,
105/09/19,4070,0,100,4170,4828473,62392,6214,4897079,55.08%,55.86%,
105/09/14,-8735,134,195,-8406,4824403,62392,6114,4892909,55.03%,55.81%,
105/09/13,-14976,6,-122,-15092,4833128,62258,5919,4901305,55.13%,55.91%,
105/09/12,-5025,-482,128,-5379,4848794,62252,6041,4917087,55.31%,56.09%,
105/09/10,-1659,0,-453,-2112,4853648,62734,5913,4922295,55.37%,56.15%,
105/09/09,714,0,-128,586,4855307,62734,6366,4924407,55.39%,56.18%,
105/09/08,-1252,-12,-173,-1437,4854347,62734,6494,4923575,55.38%,56.17%,
105/09/07,8170,18,-40,8148,4854521,62745,6667,4923933,55.38%,56.17%,
105/09/06,3096,0,-27,3069,4845727,62727,6707,4915161,55.28%,56.07%,
105/09/05,3750,-47,-41,3662,4842319,62727,6734,4911780,55.24%,56.03%,
105/09/02,-1632,-163,-59,-1854,4838688,62774,6775,4908237,55.20%,55.99%,
105/09/01,-367,173,-67,-261,4839777,62937,6834,4909548,55.21%,56.01%,
105/08/31,-9834,-380,195,-10019,4840118,62764,6902,4909784,55.21%,56.00%,
105/08/30,-3669,305,-12,-3376,4850679,63144,6707,4920530,55.33%,56.13%,
105/08/29,-613,64,-13,-562,4854283,62839,6718,4923840,55.38%,56.17%,
105/08/26,5362,2,5,5369,4853209,62775,6731,4922715,55.36%,56.15%,
105/08/25,2327,-2,-17,2308,4847837,62773,6726,4917336,55.30%,56.09%,
105/08/24,-869,-9,-68,-946,4845408,62775,6743,4914926,55.27%,56.06%,
105/08/23,2474,-2,-22,2450,4846185,62784,6811,4915780,55.28%,56.08%,
105/08/22,-1092,-23,-20,-1135,4843585,62786,6833,4913204,55.25%,56.05%,
105/08/19,-6593,-219,19,-6793,4844659,62809,6853,4914321,55.27%,56.07%,
105/08/18,1482,-4,-124,1354,4851172,63028,6834,4921034,55.34%,56.14%,
105/08/17,1088,5,-1446,-353,4413312,63032,6958,4483302,55.50%,56.30%,
105/08/16,-296,-11,-422,-729,4412191,63027,8404,4483622,55.48%,56.30%,
105/08/15,98,20,23,141,4412477,63038,8826,4484341,55.49%,56.31%,
105/08/12,3473,-62,-492,2919,4412379,63018,8803,4484200,55.48%,56.30%,
105/08/11,8241,-307,121,8055,4408777,63080,9295,4481152,55.44%,56.27%,
105/08/10,-481,1,91,-389,4400900,63387,9174,4473461,55.34%,56.17%,
105/08/09,5606,-1,-1235,4370,4401380,63386,9083,4473849,55.35%,56.18%,
105/08/08,343,-486,-788,-931,4395774,63387,10318,4469479,55.28%,56.12%,
105/08/05,6597,-4,692,7285,4395425,63873,11106,4470404,55.27%,56.13%,
105/08/04,486,38,-19,505,4388531,63877,10414,4462822,55.18%,56.03%,
105/08/03,-1556,13,-374,-1917,4388024,63839,10433,4462296,55.18%,56.03%,
105/08/02,-4644,-546,-412,-5602,4389238,63826,10807,4463871,55.19%,56.04%,
105/08/01,729,-171,-665,-107,4395193,64372,11219,4470784,55.27%,56.13%,
105/07/29,-14547,-56,-1144,-15747,4395506,64543,11884,4471933,55.27%,56.14%,
105/07/28,-4976,5,-11344,-16315,4411285,64598,13028,4488911,55.47%,56.36%,
105/07/27,753,-2,5990,6741,4417378,64593,24372,4506343,55.55%,56.67%,
105/07/26,5801,-93,8283,13991,4416625,64595,18382,4499602,55.54%,56.58%,
105/07/25,850,-1878,1478,450,4404817,64688,10099,4479604,55.39%,56.33%,
105/07/22,-3132,-770,499,-3403,4402394,66566,8621,4477581,55.36%,56.31%,
105/07/21,1510,-18,248,1740,4400469,67336,8122,4475927,55.33%,56.28%,
105/07/20,1087,-195,623,1515,4397373,67354,7874,4472601,55.30%,56.25%,
105/07/19,4181,-404,260,4037,4394158,67549,7251,4468958,55.26%,56.20%,
105/07/18,1752,-914,387,1225,4389206,67953,6990,4464149,55.19%,56.13%,
105/07/15,5473,-130,476,5819,4385204,68867,6603,4460674,55.14%,56.09%,
105/07/14,-1607,27,-38,-1618,4379581,68997,6127,4454705,55.07%,56.01%,
105/07/13,3890,0,-169,3721,4382390,68970,6165,4457525,55.11%,56.05%,
105/07/12,3811,0,-106,3705,4378267,68970,6334,4453571,55.06%,56.01%,
105/07/11,3285,345,227,3857,4373460,68970,6440,4448870,55.00%,55.95%,
105/07/07,-17252,-907,-128,-18287,4369235,68625,6213,4444073,54.94%,55.88%,
105/07/06,-14912,-287,42,-15157,4386487,69532,6341,4462360,55.16%,56.11%,
105/07/05,-39,-64,-36,-139,4400420,69819,6299,4476538,55.33%,56.29%,
105/07/04,3478,0,2488,5966,4400590,69883,6335,4476808,55.34%,56.30%,
105/07/01,3666,0,2450,6116,4397112,69883,3847,4470842,55.29%,56.22%,
105/06/30,7144,1,91,7236,4393445,69883,1397,4464725,55.25%,56.15%,
105/06/29,-691,0,-108,-799,4386311,69835,1306,4457452,55.16%,56.05%,
105/06/28,-6036,-447,44,-6439,4387224,69835,1414,4458473,55.17%,56.07%,
105/06/27,-2947,3,19,-2925,4393261,70282,1370,4464913,55.24%,56.14%,
105/06/24,7215,-21,-148,7046,4396081,70279,1351,4467711,55.28%,56.18%,
105/06/23,2057,0,-220,1837,4388402,70300,1499,4460201,55.18%,56.08%,
105/06/22,7858,0,-21,7837,4386102,70300,1719,4458121,55.15%,56.06%,
105/06/21,1670,34,-47,1657,4378429,70300,1740,4450469,55.06%,55.97%,
105/06/20,5097,-623,13,4487,4372263,70266,1787,4444316,54.98%,55.89%,
105/06/17,5503,-85,76,5494,4367074,70889,1774,4439737,54.92%,55.83%,
105/06/16,-3817,-29,-300,-4146,4362235,70974,1698,4434907,54.85%,55.76%,
105/06/15,1229,0,39,1268,4366642,71003,1998,4439643,54.91%,55.83%,
105/06/14,4045,0,227,4272,4365930,71003,1959,4438892,54.90%,55.82%,
105/06/13,-746,202,-230,-774,4362346,71003,1732,4435081,54.86%,55.77%,
105/06/08,11306,0,-245,11061,4363479,70801,1962,4436242,54.87%,55.79%,
105/06/07,4023,0,464,4487,4352560,70801,2207,4425568,54.73%,55.65%,
105/06/06,231,0,-218,13,4349293,70801,1743,4421837,54.69%,55.60%,
105/06/04,-1322,0,-8,-1330,4349062,70801,1961,4421824,54.69%,55.61%,
105/06/03,9956,1,-144,9813,4350772,70801,1969,4423542,54.71%,55.63%,
105/06/02,7816,0,-92,7724,4334633,70800,2113,4407546,54.51%,55.43%,
105/06/01,93,0,-601,-508,4327734,70800,2205,4400739,54.42%,55.34%,
105/05/31,2189,-40,-499,1650,4328010,70800,2806,4401616,54.42%,55.35%,
105/05/30,6412,315,907,7634,4327644,70840,3305,4401789,54.42%,55.35%,
105/05/27,-4794,0,-83,-4877,4321232,70525,2398,4394155,54.34%,55.26%,
105/05/26,-2194,-3,-598,-2795,4325997,70525,2481,4399003,54.40%,55.32%,
105/05/25,3705,0,298,4003,4328062,70528,3079,4401669,54.42%,55.35%,
105/05/24,-10852,0,-1226,-12078,4324347,70528,2781,4397656,54.38%,55.30%,
105/05/23,5515,1139,1826,8480,4335058,70528,4007,4409593,54.51%,55.45%,
105/05/20,-3168,0,-245,-3413,4329046,69389,2181,4400616,54.44%,55.34%,
105/05/19,-6424,0,-390,-6814,4332243,69389,2426,4404058,54.48%,55.38%,
105/05/18,-4900,0,-369,-5269,4338920,69389,2816,4411125,54.56%,55.47%,
105/05/17,8356,0,-407,7949,4343714,69389,3185,4416288,54.62%,55.53%,
105/05/16,4107,30,341,4478,4335115,69389,3592,4408096,54.51%,55.43%,
105/05/13,-10265,1,-320,-10584,4330564,69359,3251,4403174,54.46%,55.37%,
105/05/12,-3639,0,158,-3481,4340812,69358,3571,4413741,54.58%,55.50%,
105/05/11,-17772,0,-255,-18027,4344629,69358,3413,4417400,54.63%,55.55%,
105/05/10,-8073,578,434,-7061,4362171,69358,3668,4435197,54.85%,55.77%,
105/05/09,-7577,0,445,-7132,4370917,68780,3234,4442931,54.96%,55.87%,
105/05/06,-37922,0,290,-37632,4378864,68780,2789,4450433,55.06%,55.96%,
105/05/05,-20472,3,364,-20105,4417140,68780,2499,4488419,55.54%,56.44%,
105/05/04,-10203,101,100,-10002,4437594,68777,2135,4508506,55.80%,56.69%,
105/05/03,-5988,67,102,-5819,4447807,68676,2035,4518518,55.93%,56.82%,
105/04/29,-4974,89,-156,-5041,4453795,68609,1933,4524337,56.01%,56.90%,
105/04/28,-5207,829,-174,-4552,4458769,68520,2089,4529378,56.07%,56.96%,
105/04/27,2804,0,313,3117,4463975,67691,2263,4533929,56.13%,57.01%,
105/04/26,1638,0,-60,1578,4461171,67691,1950,4530812,56.10%,56.98%,
105/04/25,2147,501,-154,2494,4459534,67691,2010,4529235,56.08%,56.96%,
105/04/22,-1385,0,-1613,-2998,4457386,67190,2164,4526740,56.05%,56.92%,
105/04/21,-9002,0,-5,-9007,4458772,67190,3777,4529739,56.07%,56.96%,
105/04/20,-4080,1,-35,-4114,4467774,67190,3782,4538746,56.18%,57.07%,
105/04/19,-4774,75,292,-4407,4471707,67189,3817,4542713,56.23%,57.12%,
105/04/18,507,0,-8,499,4476481,67114,3525,4547120,56.29%,57.18%,
105/04/15,-187,-38,-354,-579,4475964,67114,3533,4546611,56.28%,57.17%,
105/04/14,-501,0,2053,1552,4476151,67152,3887,4547190,56.29%,57.18%,
105/04/13,3483,-76,-31,3376,4477345,67152,1834,4546331,56.30%,57.17%,
105/04/12,-7855,1,115,-7739,4473863,67228,1865,4542956,56.26%,57.13%,
105/04/11,-2217,-357,4,-2570,4482311,67227,1750,4551288,56.36%,57.23%,
105/04/08,-4996,350,-37,-4683,4484528,67584,1746,4553858,56.39%,57.26%,
105/04/07,-7922,393,-172,-7701,4488822,67234,1783,4557839,56.45%,57.32%,
105/04/06,-11503,198,95,-11210,4496744,66841,1955,4565540,56.55%,57.42%,
105/04/01,-4417,0,-68,-4485,4505602,66643,1860,4574105,56.66%,57.52%,
105/03/31,-4944,0,21,-4923,4509069,66643,1928,4577640,56.70%,57.56%,
105/03/30,-1070,0,67,-1003,4513687,68896,1907,4584490,56.76%,57.65%,
105/03/29,-7568,0,-56,-7624,4514156,68896,1840,4584892,56.76%,57.65%,
105/03/28,-561,2,-9,-568,4521562,68896,1896,4592354,56.86%,57.75%,
105/03/25,-515,0,-172,-687,4521104,68894,1905,4591903,56.85%,57.74%,
105/03/24,4100,-483,258,3875,4520930,68894,2077,4591901,56.85%,57.74%,
105/03/23,-6289,-385,-127,-6801,4516264,69377,1819,4587460,56.79%,57.69%,
105/03/22,-8391,0,-87,-8478,4522543,69762,1946,4594251,56.87%,57.77%,
105/03/21,-17361,67,-191,-17485,4530272,69762,2033,4602067,56.97%,57.87%,
105/03/18,24,174,-477,-279,4547633,69695,2224,4619552,57.19%,58.09%,
105/03/17,4157,0,168,4325,4546761,69521,2701,4618983,57.17%,58.08%,
105/03/16,2810,0,265,3075,4542067,69521,2533,4614121,57.12%,58.03%,
105/03/15,4891,189,-1124,3956,4539771,69521,2268,4611560,57.09%,57.99%,
105/03/14,1305,1367,465,3137,4534585,69332,3392,4607309,57.02%,57.93%,
105/03/11,5177,0,-23,5154,4533225,67965,2927,4604117,57.00%,57.89%,
105/03/10,-4381,0,-211,-4592,4528328,67965,2950,4599243,56.94%,57.83%,
105/03/09,-1167,-50,165,-1052,4532635,67965,3161,4603761,57.00%,57.89%,
105/03/08,-726,639,-687,-774,4533505,68015,2996,4604516,57.01%,57.90%,
105/03/07,5715,0,-576,5139,4534140,67376,3683,4605199,57.02%,57.91%,
105/03/04,10942,520,-1499,9963,4528238,67376,4259,4599873,56.94%,57.84%,
105/03/03,8543,0,1067,9610,4516843,66856,5758,4589457,56.80%,57.71%,
105/03/02,885,-36,233,1082,4508166,66856,4691,4579713,56.69%,57.59%,
105/03/01,-10843,-300,397,-10746,4506930,66892,4458,4578280,56.67%,57.57%,
105/02/26,-8172,-9,-341,-8522,4517643,67192,4061,4588896,56.81%,57.71%,
105/02/25,-18824,0,415,-18409,4525465,67201,4402,4597068,56.91%,57.81%,
105/02/24,-1974,0,-72,-2046,4544135,67201,3987,4615323,57.14%,58.04%,
105/02/23,-7896,0,-292,-8188,4546966,67201,4059,4618226,57.18%,58.08%,
105/02/22,-3163,0,248,-2915,4554485,67201,4351,4626037,57.27%,58.17%,
105/02/19,5546,12,-419,5139,4557253,67201,4103,4628557,57.31%,58.21%,
105/02/18,4049,1160,122,5331,4551544,67189,4522,4623255,57.23%,58.13%,
105/02/17,-8736,2,-100,-8834,4547670,66029,4400,4618099,57.19%,58.08%,
105/02/16,-15558,0,586,-14972,4559272,66027,4500,4629799,57.33%,58.22%,
105/02/15,-5970,295,1036,-4639,4574543,66027,3914,4644484,57.52%,58.40%,
105/02/03,-12749,-600,-94,-13443,4580513,65732,2878,4649123,57.60%,58.46%,
105/02/02,-10982,-700,57,-11625,4593529,66332,2972,4662833,57.76%,58.63%,
105/02/01,-16262,-329,-344,-16935,4604749,67032,2915,4674696,57.90%,58.78%,
105/01/30,2071,49,-744,1376,4621126,67361,3259,4691746,58.11%,59.00%,
105/01/29,3134,-249,1215,4100,4619055,67312,4003,4690370,58.08%,58.98%,
105/01/28,-9128,-257,347,-9038,4615537,67561,2788,4685886,58.04%,58.92%,
105/01/27,-1498,-254,-579,-2331,4624318,67818,2441,4694577,58.15%,59.03%,
105/01/26,-6375,1,-404,-6778,4625036,68072,3020,4696128,58.16%,59.05%,
105/01/25,5172,-7,1307,6472,4631062,68071,3424,4702557,58.23%,59.13%,
105/01/22,-3175,-200,1311,-2064,4625459,68078,2117,4695654,58.16%,59.04%,
105/01/21,-5970,32,675,-5263,4628060,68278,806,4697144,58.20%,59.07%,
105/01/20,-14065,-405,-531,-15001,4631496,68246,131,4699873,58.24%,59.10%,
105/01/19,-1231,-3792,335,-4688,4645561,68651,662,4714874,58.42%,59.29%,
105/01/18,-11746,0,96,-11650,4647818,72443,327,4720588,58.45%,59.37%,
105/01/15,-9351,-39,-802,-10192,4660559,72443,231,4733233,58.61%,59.52%,
105/01/14,-10547,-338,142,-10743,4669711,72482,1033,4743226,58.72%,59.64%,
105/01/13,-13810,-4,-3,-13817,4680225,72820,891,4753936,58.85%,59.78%,
105/01/12,-7211,-1209,-924,-9344,4693458,72824,894,4767176,59.02%,59.95%,
105/01/11,-15794,-1033,-481,-17308,4701327,74033,1818,4777178,59.12%,60.07%,
105/01/08,-12334,-716,-51,-13101,4716853,75066,2299,4794218,59.31%,60.28%,
105/01/07,-9859,-7,354,-9512,4729722,75782,2350,4807854,59.48%,60.46%,
105/01/06,1617,1,-532,1086,4740309,75789,1996,4818094,59.61%,60.59%,
105/01/05,-290,-487,260,-517,4738669,75788,2528,4816985,59.59%,60.57%,
105/01/04,-12758,0,-539,-13297,4738949,76275,2268,4817492,59.59%,60.58%,
104/12/31,-408,0,-59,-467,4751406,76275,2807,4830488,59.75%,60.74%,
104/12/30,-4520,0,269,-4251,4751814,75620,2866,4830300,59.75%,60.74%,
104/12/29,-2227,-93,25,-2295,4756436,75620,2597,4834653,59.81%,60.79%,
104/12/28,3494,-65,84,3513,4759576,75713,2572,4837861,59.85%,60.83%,
104/12/25,1129,0,-33,1096,4756061,75778,2488,4834327,59.81%,60.79%,
104/12/24,-2332,0,-38,-2370,4754912,75778,2521,4833211,59.79%,60.77%,
104/12/23,-94,0,-167,-261,4758835,75778,2559,4837172,59.84%,60.83%,
104/12/22,425,0,-238,187,4758887,75778,2726,4837391,59.84%,60.83%,
104/12/21,-9047,-656,959,-8744,4758971,75778,2964,4837713,59.84%,60.83%,
104/12/18,-4717,-491,-187,-5395,4768276,76434,2005,4846715,59.96%,60.95%,
104/12/17,1646,0,180,1826,4772919,76925,2192,4852036,60.02%,61.01%,
104/12/16,-4400,-5,-50,-4455,4771760,76925,2012,4850697,60.00%,60.99%,
104/12/15,-4835,0,355,-4480,4776160,76930,2062,4855152,60.06%,61.05%,
104/12/14,-10770,-150,388,-10532,4781962,76930,1707,4860599,60.13%,61.12%,
104/12/11,-8767,0,-798,-9565,4792028,77080,1319,4870427,60.26%,61.25%,
104/12/10,-7607,0,-124,-7731,4800383,77080,2117,4879580,60.36%,61.36%,
104/12/09,-8186,1,-203,-8388,4807520,77080,2241,4886841,60.45%,61.45%,
104/12/08,-9687,0,-63,-9750,4815696,77079,2444,4895219,60.56%,61.56%,
104/12/07,4329,113,-4,4438,4824846,77079,2507,4904432,60.67%,61.67%,
104/12/04,-7654,0,267,-7387,4820362,76966,2511,4899839,60.62%,61.62%,
104/12/03,7702,-59,-38,7605,4827623,76966,2244,4906833,60.71%,61.71%,
104/12/02,4442,0,-18,4424,4820156,77025,2282,4899463,60.61%,61.61%,
104/12/01,10208,0,217,10425,4815618,77025,2299,4894942,60.56%,61.56%,
104/11/30,-7239,0,80,-7159,4805398,77025,2082,4884505,60.43%,61.42%,
104/11/27,3067,-441,-161,2465,4812612,77025,2002,4891639,60.52%,61.51%,
104/11/26,3317,0,297,3614,4809545,77466,2163,4889174,60.48%,61.48%,
104/11/25,1613,0,23,1636,4806066,77466,1866,4885398,60.44%,61.44%,
104/11/24,-883,0,177,-706,4804453,77466,1843,4883762,60.42%,61.42%,
104/11/23,766,7,-54,719,4805336,77466,1666,4884468,60.43%,61.43%,
104/11/20,-1297,0,-163,-1460,4804571,77459,1720,4883750,60.42%,61.42%,
104/11/19,-3398,-50,-382,-3830,4805858,77459,1883,4885200,60.43%,61.43%,
104/11/18,-913,-365,-77,-1355,4809168,77509,2265,4888942,60.47%,61.47%,
104/11/17,-196,-22,21,-197,4809941,77874,2342,4890157,60.48%,61.49%,
104/11/16,-5123,-63,-87,-5273,4810658,77896,2321,4890875,60.49%,61.50%,
104/11/13,5399,0,-184,5215,4815994,77959,2408,4896361,60.56%,61.57%,
104/11/12,1321,0,-357,964,4810912,77959,2592,4891463,60.50%,61.51%,
104/11/11,-2335,0,183,-2152,4809530,77959,2949,4890438,60.48%,61.50%,
104/11/10,-9099,0,10,-9089,4812045,77959,2766,4892770,60.51%,61.53%,
104/11/09,-165,53,-151,-263,4821544,77959,2756,4902259,60.63%,61.65%,
104/11/06,-4890,0,-312,-5202,4821671,77906,2907,4902484,60.63%,61.65%,
104/11/05,4805,1,-155,4651,4826519,77906,3219,4907644,60.69%,61.71%,
104/11/04,12495,85,872,13452,4821611,77905,3374,4902890,60.63%,61.65%,
104/11/03,3483,15,350,3848,4809106,77820,2502,4889428,60.47%,61.48%,
104/11/02,681,-65,-67,549,4805940,77805,2152,4885897,60.43%,61.44%,
104/10/30,-3223,-513,84,-3652,4805259,77870,2219,4885348,60.43%,61.44%,
104/10/29,-6123,-154,-100,-6377,4809156,78383,2135,4889674,60.47%,61.48%,
104/10/28,-4517,0,-15,-4532,4815261,78537,2235,4896033,60.55%,61.57%,
104/10/27,5637,0,-15,5622,4821273,78537,2250,4902060,60.63%,61.65%,
104/10/26,5964,0,89,6053,4815086,78537,2265,4895888,60.55%,61.57%,
104/10/23,5506,-115,-7,5384,4808957,78537,2176,4889670,60.47%,61.49%,
104/10/22,-409,0,-58,-467,4804724,78652,2183,4885559,60.42%,61.44%,
104/10/21,6766,600,-194,7172,4805120,78652,2241,4886013,60.42%,61.44%,
104/10/20,5603,-32,22,5593,4796844,78052,2435,4877331,60.32%,61.33%,
104/10/19,6408,0,158,6566,4791397,78084,2413,4871894,60.25%,61.26%,
104/10/16,-1335,117,234,-984,4784102,78084,2255,4864441,60.16%,61.17%,
104/10/15,699,13,250,962,4786182,77967,2021,4866170,60.19%,61.20%,
104/10/14,4362,655,-426,4591,4783213,77954,1771,4862938,60.15%,61.15%,
104/10/13,-13500,0,581,-12919,4778787,77299,2197,4858283,60.09%,61.09%,
104/10/12,3807,0,109,3916,4792224,77299,1616,4871139,60.26%,61.25%,
104/10/08,1092,477,-151,1418,4788064,77299,1507,4866870,60.21%,61.20%,
104/10/07,-647,8,438,-201,4786947,76822,1658,4865427,60.20%,61.19%,
104/10/06,12114,1703,68,13885,4787086,76814,1220,4865120,60.20%,61.18%,
104/10/05,6455,357,-93,6719,4774546,75111,1152,4850809,60.04%,61.00%,
104/10/02,8578,71,-386,8263,4768067,74754,1245,4844066,59.96%,60.92%,
104/10/01,1623,-47,260,1836,4759278,74683,1631,4835592,59.85%,60.81%,
104/09/30,13642,-576,284,13350,4758935,74730,1371,4835036,59.84%,60.80%,
104/09/25,-11718,-1889,125,-13482,4745061,108608,1086,4854755,59.67%,61.05%,
104/09/24,-8378,0,-19,-8397,4755233,110497,961,4866691,59.80%,61.20%,
104/09/23,-4305,0,-33,-4338,4763379,110497,980,4874856,59.90%,61.30%,
104/09/22,4737,-983,-338,3416,4765944,110497,1013,4877454,59.93%,61.33%,
104/09/21,-20578,394,-299,-20483,4761207,111480,1351,4874038,59.87%,61.29%,
104/09/18,2098,1282,-186,3194,4781785,111086,1650,4894521,60.13%,61.55%,
104/09/17,-540,0,1301,761,4779314,109804,1836,4890954,60.10%,61.50%,
104/09/16,331,2,-55,278,4779848,109804,535,4890187,60.11%,61.50%,
104/09/15,231,14,99,344,4779517,109802,590,4889909,60.10%,61.49%,
104/09/14,-46,12,-46,-80,4778915,109788,491,4889194,60.09%,61.48%,
104/09/11,70,25,-119,-24,4779011,109776,537,4889324,60.10%,61.49%,
104/09/10,11202,0,-131,11071,4779000,109751,656,4889407,60.10%,61.49%,
104/09/09,10803,1,787,11591,4767748,109751,787,4878286,59.95%,61.34%,
104/09/08,-5033,28,-213,-5218,4757145,109750,0,4866895,59.82%,61.20%,
104/09/07,-583,374,-176,-385,4762177,109722,0,4871899,59.88%,61.26%,
104/09/04,-1673,301,-610,-1982,4762182,109348,0,4871530,59.88%,61.26%,
104/09/03,-496,426,-720,-790,4759860,109047,0,4868907,59.85%,61.22%,
104/09/02,1876,320,253,2449,4763246,108621,253,4872120,59.90%,61.27%,
104/09/01,6142,126,-450,5818,4760891,108302,0,4869193,59.87%,61.23%,
104/08/31,-3292,386,-1180,-4086,4753710,108176,0,4861886,59.78%,61.14%,
104/08/28,5251,-2,-302,4947,4756071,107790,372,4864233,59.81%,61.17%,
104/08/27,938,268,-468,738,4751372,107792,674,4859838,59.75%,61.12%,
104/08/26,8618,-187,1142,9573,4750346,107524,1142,4859012,59.74%,61.11%,
104/08/25,6551,1,-285,6267,4365927,107711,0,4473638,59.79%,61.15%,
104/08/24,-9359,0,-673,-10032,4358944,107709,0,4466653,59.69%,61.05%,
104/08/21,5221,64,-486,4799,4367907,107709,0,4475616,59.82%,61.18%,
104/08/20,1913,4,56,1973,4362094,107645,336,4470075,59.74%,61.10%,
104/08/19,-8051,-13,37,-8027,4359201,107641,280,4467122,59.70%,61.06%,
104/08/18,-1232,-19,-411,-1662,4367170,107654,243,4475067,59.81%,61.17%,
104/08/17,-1158,6,-417,-1569,4368307,107673,654,4476634,59.82%,61.18%,
104/08/14,2579,0,960,3539,4365601,107667,1071,4474339,59.78%,61.15%,
104/08/13,-8991,19,-147,-9119,4356091,107667,111,4463869,59.65%,61.01%,
104/08/12,-8165,157,-411,-8419,4366013,107648,258,4473919,59.79%,61.15%,
104/08/11,-5371,8,-300,-5663,4374088,107491,669,4482248,59.90%,61.26%,
104/08/10,-1074,715,77,-282,4378545,107483,969,4486997,59.96%,61.33%,
104/08/07,-149,330,-40,141,4378605,106768,892,4486265,59.96%,61.32%,
104/08/06,5803,809,-718,5894,4378781,106438,932,4486151,59.96%,61.31%,
104/08/05,14047,2490,-923,15614,4374327,105629,1650,4481606,59.90%,61.25%,
104/08/04,3460,98,427,3985,4360512,103139,2573,4466224,59.71%,61.04%,
104/08/03,20160,182,-430,19912,4355990,103041,2146,4461177,59.65%,60.98%,
104/07/31,-210,923,-2243,-1530,4332231,102859,2576,4437666,59.33%,60.66%,
104/07/30,621,214,-4192,-3357,4332441,101936,4819,4439196,59.33%,60.68%,
104/07/29,-4175,206,3684,-285,4330724,101722,9011,4441457,59.31%,60.83%,
104/07/28,-7905,242,1769,-5894,4332196,101516,5328,4439040,59.33%,60.79%,
104/07/27,-4037,14,-626,-4649,4339675,101274,3559,4444508,59.43%,60.87%,
104/07/24,-1451,1131,344,24,4343841,101260,4185,4449286,59.49%,60.93%,
104/07/23,-4771,58,847,-3866,4344618,100129,3841,4448588,59.50%,60.92%,
104/07/22,-243,0,-54,-297,4348849,100071,2994,4451914,59.55%,60.96%,
104/07/21,-6105,3,19,-6083,4349379,100071,3048,4452498,59.56%,60.97%,
104/07/20,-166,-2615,169,-2612,4357127,100068,3029,4460224,59.67%,61.08%,
104/07/17,-5368,447,-1655,-6576,4357187,102683,2860,4462730,59.67%,61.12%,
104/07/16,11147,262,2917,14326,4362360,102236,4515,4469111,59.74%,61.20%,
104/07/15,3545,-121,-948,2476,4351090,101974,1598,4454662,59.59%,61.01%,
104/07/14,9133,100,598,9831,4347873,102095,2546,4452514,59.54%,60.97%,
104/07/13,-1600,8,36,-1556,4336993,101995,1948,4440936,59.39%,60.81%,
104/07/09,-9098,-15,-585,-9698,4337002,101987,1912,4440901,59.39%,60.81%,
104/07/08,-5347,599,-1141,-5889,4349081,102002,2497,4453580,59.56%,60.99%,
104/07/07,5839,0,970,6809,4354419,101403,3638,4459460,59.63%,61.07%,
104/07/06,-3923,155,284,-3484,4348580,101403,2668,4452651,59.55%,60.98%,
104/07/03,588,-1,-158,429,4352502,101248,2384,4456134,59.60%,61.02%,
104/07/02,-2675,0,-27,-2702,4352380,101249,2542,4456171,59.60%,61.02%,
104/07/01,-1427,-3,401,-1029,4355055,101249,2569,4458873,59.64%,61.06%,
104/06/30,-4465,-5,-105,-4575,4354200,101252,2168,4457620,59.63%,61.05%,
104/06/29,767,-46,-728,-7,4357043,46844,2273,4406160,59.67%,60.34%,
104/06/26,3197,-29,583,3751,4359049,46890,3001,4408940,59.69%,60.37%,
104/06/25,8019,-8,157,8168,4364139,46919,2418,4413476,59.76%,60.44%,
104/06/24,1223,-59,-166,998,4363163,46927,2261,4412351,59.75%,60.42%,
104/06/23,-2440,14,-192,-2618,4371097,46986,2427,4420510,59.86%,60.54%,
104/06/22,1520,-29,63,1554,4380197,46972,2619,4429788,59.98%,60.66%,
104/06/18,-3983,190,161,-3632,4380312,47001,2556,4429869,59.99%,60.67%,
104/06/17,-4869,0,169,-4700,4383838,46811,2395,4433044,60.03%,60.70%,
104/06/16,-2581,4,52,-2525,4388541,46811,2226,4437578,60.10%,60.77%,
104/06/15,-3067,108,-59,-3018,4391122,46807,2174,4440103,60.13%,60.80%,
104/06/12,3538,-13,-141,3384,4399760,46699,2233,4448692,60.25%,60.92%,
104/06/11,-2961,0,-452,-3413,4398806,46712,2374,4447892,60.24%,60.91%,
104/06/10,-741,-416,-191,-1348,4402094,46712,2826,4451632,60.28%,60.96%,
104/06/09,3942,7,132,4081,4403430,47128,3017,4453575,60.30%,60.99%,
104/06/08,-3208,0,-68,-3276,4399818,47121,2885,4449824,60.25%,60.93%,
104/06/05,-3322,-6,-95,-3423,4403038,47121,2953,4453112,60.30%,60.99%,
104/06/04,2696,1,-839,1858,4406360,47127,3048,4456535,60.34%,61.03%,
104/06/03,2063,32,-111,1984,4402260,47126,3887,4453273,60.29%,60.99%,
104/06/02,232,0,-193,39,4400197,47094,3998,4451289,60.26%,60.98%,
104/06/01,-1674,-6,-16,-1696,4399965,47094,4191,4451250,60.25%,60.98%,
104/05/29,-310,-17,17,-310,4401639,47100,4207,4452946,60.28%,61.01%,
104/05/28,2470,6,-1079,1397,4401950,47117,4190,4453257,60.28%,61.01%,
104/05/27,7396,0,796,8192,4399480,47111,5269,4451860,60.25%,60.99%,
104/05/26,5038,0,-22,5016,4392084,47111,4473,4443668,60.15%,60.88%,
104/05/25,-2618,0,-309,-2927,4138161,47111,4495,4189767,58.67%,59.40%,
104/05/22,5228,-1636,55,3647,4140767,47111,4804,4192682,58.70%,59.44%,
104/05/21,-557,0,-894,-1451,4135539,48747,4749,4189035,58.63%,59.39%,
104/05/20,-3676,8,55,-3613,4136096,48747,5643,4190486,58.64%,59.41%,
104/05/19,604,-69,167,702,4139772,48739,5588,4194099,58.69%,59.46%,
104/05/18,-2249,-153,-449,-2851,4139168,48808,5421,4193397,58.68%,59.45%,
104/05/15,-2690,-5,-454,-3149,4141748,48961,5870,4196579,58.72%,59.50%,
104/05/14,-3577,4,-1344,-4917,4144438,48966,6324,4199728,58.76%,59.54%,
104/05/13,-326,-2,113,-215,4148014,48962,7668,4204644,58.81%,59.61%,
104/05/12,-1310,-293,223,-1380,4148340,48964,7555,4204859,58.81%,59.61%,
104/05/11,249,-413,-96,-260,4149650,49257,7332,4206239,58.83%,59.63%,
104/05/08,967,0,-137,830,4149401,49670,7428,4206499,58.83%,59.64%,
104/05/07,6500,-24,-781,5695,4148434,49670,7565,4205669,58.81%,59.62%,
104/05/06,734,1024,-180,1578,4141935,49694,8346,4199975,58.72%,59.54%,
104/05/05,1863,1536,-519,2880,4141677,48670,8526,4198873,58.72%,59.53%,
104/05/04,5066,-298,740,5508,4139814,47134,9045,4195993,58.69%,59.49%,
104/04/30,13355,398,415,14168,4134748,47432,8305,4190485,58.62%,59.41%,
104/04/29,11337,-35,-581,10721,4121365,47034,7890,4176289,58.43%,59.21%,
104/04/28,19616,1482,-1807,19291,4110028,47069,8471,4165568,58.27%,59.06%,
104/04/27,38354,-105,4969,43218,4089975,45587,10278,4145840,57.98%,58.77%,
104/04/24,51930,-4,-132,51794,4051621,45692,5309,4102622,57.44%,58.16%,
104/04/23,9820,0,5397,15217,4000021,45696,5441,4051158,56.71%,57.44%,
104/04/22,2404,-61,44,2387,3990201,45696,44,4035941,56.57%,57.22%,
104/04/21,-2240,-143,-123,-2506,3987797,45757,0,4033554,56.54%,57.19%,
104/04/20,702,-146,68,624,3990037,45900,68,4036005,56.57%,57.22%,
104/04/17,3244,0,-115,3129,3989335,46046,0,4035381,56.56%,57.21%,
104/04/16,-10585,-130,-125,-10840,3986083,46046,6,4032135,56.51%,57.16%,
104/04/15,-11771,-22,131,-11662,3996668,46176,131,4042975,56.66%,57.32%,
104/04/14,-5918,-76,-241,-6235,4008439,46198,0,4054637,56.83%,57.49%,
104/04/13,-7340,0,-28,-7368,4014357,46274,181,4060812,56.91%,57.57%,
104/04/10,-6657,-395,68,-6984,4021881,46274,209,4068364,57.02%,57.68%,
104/04/09,3933,0,-288,3645,4028539,46669,141,4075349,57.11%,57.77%,
104/04/08,-1060,0,-51,-1111,4024606,46669,429,4071704,57.06%,57.73%,
104/04/07,5539,0,269,5808,4025666,46669,480,4072815,57.07%,57.74%,
104/04/02,1079,0,0,1079,4020610,46669,211,4067490,57.00%,57.66%,
104/04/01,4258,0,-16,4242,4019579,46669,211,4066459,56.99%,57.65%,
104/03/31,-1950,0,-115,-2065,4015320,46669,227,4062216,56.93%,57.59%,
104/03/30,365,0,60,425,4017223,63185,342,4080750,56.95%,57.85%,
104/03/27,-5732,-62,-384,-6178,4016858,63185,282,4080325,56.95%,57.85%,
104/03/26,-7133,0,-39,-7172,4022850,63247,666,4086763,57.03%,57.94%,
104/03/25,-5850,-28,41,-5837,4033273,63247,705,4097225,57.18%,58.09%,
104/03/24,-6601,-5,6,-6600,4043207,63275,664,4107146,57.32%,58.23%,
104/03/23,-5018,-64,-31,-5113,4049808,63280,658,4113746,57.41%,58.32%,
104/03/20,2436,-52,-79,2305,4056980,63344,689,4121013,57.52%,58.43%,
104/03/19,-391,-3,-57,-451,4053258,63396,768,4117422,57.46%,58.37%,
104/03/18,-7023,0,-46,-7069,4052806,63399,825,4117030,57.46%,58.37%,
104/03/17,-22151,155,-15,-22011,4056215,63399,871,4120485,57.51%,58.42%,
104/03/16,7118,-1072,659,6705,4077774,63244,886,4141904,57.81%,58.72%,
104/03/13,4868,0,14,4882,4068040,64316,227,4132583,57.67%,58.59%,
104/03/12,82,-29,-64,-11,4061631,64316,213,4126160,57.58%,58.49%,
104/03/11,-7044,0,-376,-7420,4061502,64344,277,4126123,57.58%,58.50%,
104/03/10,-9215,-141,-7,-9363,4068505,64344,653,4133502,57.68%,58.60%,
104/03/09,-9271,-97,-82,-9450,4076065,64485,660,4141210,57.79%,58.71%,
104/03/06,-1593,-49,97,-1545,4085391,64582,742,4150715,57.92%,58.85%,
104/03/05,-4956,-4,-210,-5170,4086537,64631,645,4151813,57.94%,58.87%,
104/03/04,2790,-88,-54,2648,4091493,64635,856,4156984,58.01%,58.94%,
104/03/03,-7153,-2,516,-6639,4088647,64723,910,4154280,57.97%,58.90%,
104/03/02,990,0,58,1048,4095800,64725,394,4160919,58.07%,58.99%,
104/02/26,4666,-30,63,4699,4094799,64725,336,4159860,58.05%,58.97%,
104/02/25,5487,862,-110,6239,4090133,64755,273,4155161,57.99%,58.91%,
104/02/24,2700,0,383,3083,4084122,63893,383,4148398,57.90%,58.81%,
104/02/13,7191,-411,-1361,5419,4081422,63893,0,4145315,57.86%,58.77%,
104/02/12,1492,-6,-66,1420,4074287,64304,1206,4139797,57.76%,58.69%,
104/02/11,2798,0,-24,2774,4072795,64310,1272,4138377,57.74%,58.67%,
104/02/10,4109,-325,-174,3610,4070546,64310,1296,4136152,57.71%,58.64%,
104/02/09,606,269,6,881,4066437,64635,1470,4132542,57.65%,58.59%,
104/02/06,-700,0,15,-685,4065831,64366,1464,4131661,57.64%,58.57%,
104/02/05,384,0,53,437,4066512,64366,1449,4132327,57.65%,58.58%,
104/02/04,5646,0,96,5742,4066091,64366,1396,4131853,57.65%,58.58%,
104/02/03,4339,-11,-84,4244,4060097,64366,1300,4125763,57.56%,58.49%,
104/02/02,886,-105,338,1119,4055832,64377,1384,4121593,57.50%,58.43%,
104/01/30,5941,-24,-111,5806,4054354,64482,1046,4119882,57.48%,58.41%,
104/01/29,-569,0,51,-518,4048339,64506,1157,4114002,57.39%,58.32%,
104/01/28,2641,0,44,2685,4048994,64506,1106,4114606,57.40%,58.33%,
104/01/27,2599,-501,28,2126,4046353,64506,1062,4111921,57.37%,58.30%,
104/01/26,-2902,-176,-48,-3126,4045079,65007,1034,4111120,57.35%,58.29%,
104/01/23,-1140,-8,201,-947,4047650,65183,1082,4113915,57.38%,58.32%,
104/01/22,-3273,0,266,-3007,4048457,65191,881,4114529,57.40%,58.34%,
104/01/21,-86,0,-178,-264,4051230,65191,615,4117036,57.43%,58.36%,
104/01/20,-3758,-850,200,-4408,4050850,65191,793,4116834,57.43%,58.37%,
104/01/19,-4382,-52,-10,-4444,4053941,66041,593,4120575,57.47%,58.41%,
104/01/16,-8927,-63,-216,-9206,4058323,66093,603,4125019,57.54%,58.49%,
104/01/15,-936,0,-10,-946,4067250,66156,820,4134226,57.66%,58.61%,
104/01/14,2322,-6,-192,2124,4068185,66156,830,4135171,57.68%,58.63%,
104/01/13,2158,0,130,2288,4065597,66162,1022,4132781,57.64%,58.59%,
104/01/12,503,-61,-50,392,4063206,66162,892,4130260,57.60%,58.55%,
104/01/09,1479,0,140,1619,4062693,66223,942,4129858,57.60%,58.55%,
104/01/08,2940,-358,-83,2499,4061214,66223,802,4128239,57.58%,58.53%,
104/01/07,-2102,34,-50,-2118,4058273,66581,885,4125739,57.53%,58.49%,
104/01/06,-1868,-76,-91,-2035,4060375,66547,935,4127857,57.56%,58.52%,
104/01/05,-1693,212,-153,-1634,4062243,66623,1026,4129892,57.59%,58.55%,
