日期,外資買賣超,投信買賣超,自營商買賣超,單日合計買賣超,外資估計持股,投信估計持股,自營商估計持股,單日合計估計持股,外資持股比重,三大法人持股比重,
107/03/31,0,0,6,6,3518,454,1492,5464,1.28%,1.99%,
107/03/30,500,0,51,551,3518,454,1486,5458,1.28%,1.99%,
107/03/29,226,0,130,356,3017,454,1435,4906,1.09%,1.78%,
107/03/28,68,0,-93,-25,2791,454,1305,4550,1.01%,1.65%,
107/03/27,42,0,12,54,3053,454,1398,4905,1.11%,1.78%,
107/03/26,294,0,-68,226,3110,454,1386,4950,1.13%,1.80%,
107/03/23,-106,0,119,13,3422,454,1454,5330,1.24%,1.94%,
107/03/22,753,0,212,965,3519,454,1335,5308,1.28%,1.93%,
107/03/21,-89,0,695,606,2822,454,1123,4399,1.02%,1.59%,
107/03/20,872,91,-225,738,2917,454,428,3799,1.06%,1.38%,
107/03/19,841,363,-90,1114,2107,363,653,3123,0.76%,1.13%,
107/03/16,49,0,280,329,1391,0,743,2134,0.50%,0.77%,
107/03/15,309,0,1,310,1342,0,463,1805,0.48%,0.65%,
107/03/14,-401,0,-80,-481,1033,0,462,1495,0.37%,0.54%,
107/03/13,697,0,-401,296,1475,0,542,2017,0.53%,0.73%,
107/03/12,124,0,368,492,847,0,943,1790,0.30%,0.64%,
107/03/09,-1448,0,231,-1217,723,0,575,1298,0.26%,0.47%,
107/03/08,1392,0,155,1547,2184,0,344,2528,0.79%,0.92%,
107/03/07,-57,0,114,57,792,0,189,981,0.28%,0.35%,
107/03/06,59,0,75,134,849,0,75,924,0.30%,0.33%,
107/03/05,-95,0,-68,-163,962,0,0,962,0.35%,0.35%,
107/03/02,-5,0,-2,-7,882,0,61,943,0.32%,0.34%,
107/03/01,36,0,-13,23,887,0,63,950,0.32%,0.34%,
107/02/27,-30,0,-11,-41,885,0,76,961,0.32%,0.35%,
107/02/26,84,0,7,91,938,0,87,1025,0.34%,0.37%,
107/02/23,-29,0,-19,-48,831,0,80,911,0.30%,0.33%,
107/02/22,177,0,-16,161,885,0,99,984,0.32%,0.36%,
107/02/21,-172,0,115,-57,708,0,115,823,0.25%,0.29%,
107/02/12,-333,0,-30,-363,666,0,0,666,0.24%,0.24%,
107/02/09,182,0,-2,180,999,0,0,999,0.36%,0.36%,
107/02/08,-217,0,-195,-412,612,0,0,612,0.22%,0.22%,
107/02/07,70,0,166,236,729,0,168,897,0.26%,0.32%,
107/02/06,-238,0,-97,-335,680,0,2,682,0.24%,0.24%,
107/02/05,285,0,-30,255,897,0,99,996,0.32%,0.36%,
107/02/02,-204,0,-121,-325,612,0,129,741,0.22%,0.27%,
107/02/01,-185,0,-1,-186,622,0,250,872,0.22%,0.31%,
107/01/31,22,0,-203,-181,643,0,251,894,0.23%,0.32%,
107/01/30,69,0,216,285,621,0,454,1075,0.22%,0.39%,
107/01/29,-164,0,-95,-259,589,0,238,827,0.21%,0.30%,
107/01/26,-64,0,8,-56,663,0,333,996,0.24%,0.36%,
107/01/25,-466,0,-106,-572,577,0,325,902,0.21%,0.33%,
107/01/24,-60,0,-35,-95,943,0,431,1374,0.34%,0.50%,
107/01/23,-2305,0,-321,-2626,990,0,466,1456,0.36%,0.53%,
107/01/22,2375,0,-344,2031,3355,0,787,4142,1.22%,1.51%,
107/01/19,-49,0,-46,-95,930,0,1131,2061,0.33%,0.74%,
107/01/18,97,0,513,610,992,0,1177,2169,0.36%,0.79%,
107/01/17,110,0,-42,68,945,0,664,1609,0.34%,0.58%,
107/01/16,-194,0,14,-180,835,0,706,1541,0.30%,0.56%,
107/01/15,110,0,115,225,984,0,692,1676,0.35%,0.60%,
107/01/12,83,0,3,86,873,0,577,1450,0.31%,0.52%,
107/01/11,45,0,-10,35,790,0,574,1364,0.28%,0.49%,
107/01/10,-76,0,32,-44,751,0,584,1335,0.27%,0.48%,
107/01/09,102,0,-19,83,903,0,552,1455,0.32%,0.52%,
107/01/08,-61,0,36,-25,809,0,571,1380,0.29%,0.50%,
107/01/05,-206,0,-24,-230,1006,0,535,1541,0.36%,0.55%,
107/01/04,333,0,-96,237,1481,0,559,2040,0.53%,0.73%,
107/01/03,-108,0,-49,-157,1148,0,655,1803,0.41%,0.65%,
107/01/02,457,0,25,482,1120,0,704,1824,0.45%,0.71%,
106/12/29,-138,0,0,-138,663,0,679,1342,0.27%,0.52%,
106/12/28,98,0,0,98,636,0,679,1315,0.26%,0.51%,
106/12/27,-78,0,-2,-80,484,0,679,1163,0.19%,0.44%,
106/12/26,-239,0,-12,-251,471,0,681,1152,0.19%,0.44%,
106/12/25,-248,0,-1,-249,501,0,693,1194,0.20%,0.45%,
106/12/22,0,0,0,0,484,0,694,1178,0.19%,0.44%,
106/12/21,-504,0,0,-504,614,0,694,1308,0.25%,0.50%,
106/12/20,139,0,0,139,942,0,694,1636,0.38%,0.63%,
106/12/19,-37,0,-1,-38,803,0,694,1497,0.32%,0.57%,
106/12/18,-73,0,-32,-105,751,0,695,1446,0.30%,0.55%,
106/12/15,-130,0,-50,-180,803,0,727,1530,0.32%,0.58%,
106/12/14,-518,0,-8,-526,767,0,777,1544,0.31%,0.59%,
106/12/13,-164,0,0,-164,1110,0,785,1895,0.45%,0.74%,
106/12/12,-750,0,-10,-760,899,0,785,1684,0.36%,0.65%,
106/12/11,254,0,-3,251,1309,0,795,2104,0.53%,0.82%,
106/12/08,-57,0,-110,-167,1050,0,798,1848,0.42%,0.71%,
106/12/07,-674,0,-12,-686,1107,0,908,2015,0.45%,0.82%,
106/12/06,698,0,-7,691,1781,0,920,2701,0.72%,1.10%,
106/12/05,-412,0,-76,-488,1083,0,927,2010,0.44%,0.82%,
106/12/04,-72,0,12,-60,1571,0,1003,2574,0.64%,1.05%,
106/12/01,27,0,84,111,2331,0,991,3322,0.95%,1.36%,
106/11/30,-2021,0,39,-1982,4428,0,907,5335,1.81%,2.18%,
106/11/29,3582,0,23,3605,7209,0,868,8077,2.94%,3.30%,
106/11/28,1644,0,0,1644,4257,0,845,5102,1.74%,2.09%,
106/11/27,642,0,0,642,2633,0,845,3478,1.07%,1.42%,
106/11/24,224,0,-35,189,2331,0,845,3176,0.95%,1.30%,
106/11/23,-58,0,-1,-59,2334,0,880,3214,0.95%,1.31%,
106/11/22,-546,0,79,-467,2392,0,881,3273,0.97%,1.33%,
106/11/21,1125,0,256,1381,2938,0,802,3740,1.20%,1.53%,
106/11/20,-18,0,-300,-318,1813,0,546,2359,0.74%,0.96%,
106/11/17,701,0,-105,596,1831,0,846,2677,0.74%,1.09%,
106/11/16,-295,0,164,-131,1130,0,951,2081,0.46%,0.85%,
106/11/15,385,0,-19,366,1425,0,787,2212,0.58%,0.90%,
106/11/14,-42,0,-22,-64,1290,0,806,2096,0.52%,0.85%,
106/11/13,-600,0,69,-531,1152,0,828,1980,0.47%,0.81%,
106/11/10,18,0,16,34,1804,0,759,2563,0.73%,1.04%,
106/11/09,251,0,-31,220,1795,0,743,2538,0.73%,1.03%,
106/11/08,-449,0,171,-278,1553,0,774,2327,0.63%,0.95%,
106/11/07,-176,0,27,-149,2014,0,603,2617,0.82%,1.07%,
106/11/06,-100,0,-1,-101,2190,0,576,2766,0.89%,1.13%,
106/11/03,782,0,-75,707,2290,0,577,2867,0.93%,1.17%,
106/11/02,-119,0,224,105,1578,0,652,2230,0.64%,0.91%,
106/11/01,-361,0,37,-324,1517,0,428,1945,0.62%,0.80%,
106/10/31,-490,0,-172,-662,1978,0,391,2369,0.80%,0.96%,
106/10/30,530,0,-104,426,2368,0,563,2931,0.96%,1.19%,
106/10/27,19,0,-347,-328,1738,0,667,2405,0.71%,0.98%,
106/10/26,-160,0,194,34,1700,0,1014,2714,0.69%,1.10%,
106/10/25,32,0,15,47,1560,0,820,2380,0.63%,0.97%,
106/10/24,-213,0,91,-122,1528,0,805,2333,0.62%,0.95%,
106/10/23,-83,0,550,467,1731,0,714,2445,0.70%,0.99%,
106/10/20,-193,0,1,-192,1910,0,164,2074,0.78%,0.85%,
106/10/19,84,0,7,91,2003,0,163,2166,0.81%,0.88%,
106/10/18,-34,0,2,-32,1919,0,156,2075,0.78%,0.84%,
106/10/17,-298,0,-56,-354,1953,0,154,2107,0.79%,0.85%,
106/10/16,1120,0,10,1130,2251,0,210,2461,0.92%,1.01%,
106/10/13,-66,0,-50,-116,1131,0,200,1331,0.46%,0.54%,
106/10/12,402,0,80,482,1197,0,250,1447,0.48%,0.58%,
106/10/11,-34,0,-2,-36,755,0,170,925,0.30%,0.37%,
106/10/06,-135,0,3,-132,769,0,172,941,0.31%,0.38%,
106/10/05,-7,0,-29,-36,904,0,169,1073,0.36%,0.43%,
106/10/03,91,0,-34,57,911,0,198,1109,0.37%,0.45%,
106/10/02,98,0,53,151,820,0,232,1052,0.33%,0.42%,
106/09/30,2,0,56,58,713,0,179,892,0.29%,0.36%,
106/09/29,-41,0,-3,-44,711,0,123,834,0.29%,0.34%,
106/09/28,-118,0,39,-79,752,0,126,878,0.30%,0.35%,
106/09/27,-42,0,0,-42,870,0,87,957,0.35%,0.39%,
106/09/26,88,0,-2,86,912,0,87,999,0.37%,0.41%,
106/09/25,-90,0,0,-90,824,0,89,913,0.33%,0.37%,
106/09/22,-35,0,0,-35,914,0,89,1003,0.37%,0.41%,
106/09/21,8,0,-13,-5,949,0,89,1038,0.38%,0.42%,
106/09/20,5,0,0,5,941,0,102,1043,0.38%,0.42%,
106/09/19,6,0,0,6,936,0,102,1038,0.38%,0.42%,
106/09/18,24,0,0,24,930,0,102,1032,0.38%,0.42%,
106/09/15,-20,0,-32,-52,906,0,102,1008,0.37%,0.41%,
106/09/14,-162,0,0,-162,926,0,134,1060,0.37%,0.42%,
106/09/13,248,0,-10,238,1088,0,134,1222,0.44%,0.49%,
106/09/12,-14,0,91,77,820,0,144,964,0.33%,0.39%,
106/09/11,-19,0,0,-19,834,0,53,887,0.34%,0.36%,
106/09/08,-12,0,0,-12,853,0,53,906,0.34%,0.36%,
106/09/07,70,0,0,70,865,0,53,918,0.35%,0.37%,
106/09/06,-130,0,-1,-131,795,0,53,848,0.32%,0.34%,
106/09/05,145,0,-2,143,925,0,54,979,0.37%,0.39%,
106/09/04,-24,0,0,-24,883,0,56,939,0.36%,0.38%,
106/09/01,83,0,0,83,907,0,56,963,0.37%,0.39%,
106/08/31,31,0,0,31,824,0,56,880,0.33%,0.35%,
106/08/30,12,0,0,12,793,0,56,849,0.32%,0.34%,
106/08/29,-11,0,0,-11,781,0,56,837,0.31%,0.33%,
106/08/28,15,0,0,15,731,0,56,787,0.29%,0.31%,
106/08/25,-5,0,-6,-11,716,0,56,772,0.29%,0.31%,
106/08/24,-14,0,0,-14,721,0,62,783,0.29%,0.32%,
106/08/23,-5,0,0,-5,735,0,62,797,0.30%,0.33%,
106/08/22,-8,0,0,-8,740,0,62,802,0.30%,0.33%,
106/08/21,9,0,0,9,748,0,62,810,0.30%,0.33%,
106/08/18,-29,0,0,-29,736,0,62,798,0.30%,0.33%,
106/08/17,-28,0,-6,-34,765,0,62,827,0.31%,0.34%,
106/08/16,-111,0,0,-111,793,0,68,861,0.32%,0.35%,
106/08/15,-7,0,-2,-9,864,0,68,932,0.35%,0.38%,
106/08/14,-50,0,4,-46,871,0,70,941,0.35%,0.38%,
106/08/11,16,0,-1,15,917,0,66,983,0.37%,0.40%,
106/08/10,-39,0,0,-39,901,0,67,968,0.36%,0.39%,
106/08/09,-44,0,0,-44,940,0,67,1007,0.38%,0.41%,
106/08/08,-96,0,0,-96,984,0,67,1051,0.40%,0.43%,
106/08/07,46,0,0,46,1080,0,67,1147,0.44%,0.47%,
106/08/04,-150,0,-1,-151,1014,0,67,1081,0.41%,0.44%,
106/08/03,2,0,-1,1,1164,0,68,1232,0.47%,0.50%,
106/08/02,-253,0,0,-253,1036,0,69,1105,0.42%,0.45%,
106/08/01,-2,0,0,-2,1066,0,69,1135,0.43%,0.46%,
106/07/31,-57,0,0,-57,973,0,69,1042,0.39%,0.42%,
106/07/28,47,0,0,47,1027,0,69,1096,0.42%,0.45%,
106/07/27,133,0,0,133,977,0,69,1046,0.39%,0.42%,
106/07/26,-180,0,1,-179,704,0,69,773,0.28%,0.31%,
106/07/25,21,0,-1,20,881,0,68,949,0.36%,0.39%,
106/07/24,-26,0,0,-26,857,0,69,926,0.35%,0.38%,
106/07/21,-45,0,0,-45,865,0,69,934,0.35%,0.38%,
106/07/20,59,0,0,59,910,0,69,979,0.37%,0.40%,
106/07/19,50,0,1,51,851,0,69,920,0.34%,0.37%,
106/07/18,-34,0,0,-34,801,0,68,869,0.32%,0.35%,
106/07/17,-64,0,1,-63,835,0,68,903,0.34%,0.37%,
106/07/14,40,0,0,40,839,0,67,906,0.34%,0.37%,
106/07/13,144,0,-4,140,798,0,67,865,0.32%,0.35%,
106/07/12,-3,0,-6,-9,641,0,71,712,0.26%,0.29%,
106/07/11,-26,0,3,-23,634,0,77,711,0.25%,0.28%,
106/07/10,-34,0,-1,-35,660,0,74,734,0.26%,0.29%,
106/07/07,12,0,-4,8,679,0,75,754,0.27%,0.30%,
106/07/06,6,0,0,6,651,0,79,730,0.26%,0.29%,
106/07/05,-26,0,1,-25,639,0,79,718,0.26%,0.29%,
106/07/04,7,0,-3,4,659,0,78,737,0.26%,0.29%,
106/07/03,-44,0,0,-44,644,0,81,725,0.26%,0.29%,
106/06/30,-4,0,0,-4,684,0,81,765,0.27%,0.30%,
106/06/29,15,0,0,15,683,0,81,764,0.27%,0.30%,
106/06/28,16,0,0,16,666,0,81,747,0.27%,0.30%,
106/06/27,83,0,0,83,639,0,81,720,0.26%,0.29%,
106/06/26,-5,0,9,4,549,0,81,630,0.22%,0.25%,
106/06/23,-35,0,0,-35,547,0,72,619,0.22%,0.25%,
106/06/22,23,0,0,23,572,0,72,644,0.23%,0.26%,
106/06/21,46,0,14,60,549,0,72,621,0.22%,0.25%,
106/06/20,-84,0,4,-80,502,0,58,560,0.20%,0.22%,
106/06/19,-23,0,0,-23,584,0,54,638,0.23%,0.25%,
106/06/16,-15,0,0,-15,607,0,54,661,0.24%,0.26%,
106/06/15,-110,0,0,-110,621,0,54,675,0.25%,0.27%,
106/06/14,-47,0,0,-47,613,0,54,667,0.25%,0.27%,
106/06/13,-66,0,0,-66,660,0,54,714,0.27%,0.29%,
106/06/12,-37,0,0,-37,725,0,54,779,0.29%,0.31%,
106/06/09,25,0,0,25,750,0,54,804,0.30%,0.32%,
106/06/08,26,0,0,26,807,0,54,861,0.33%,0.35%,
106/06/07,-238,0,0,-238,681,0,54,735,0.27%,0.29%,
106/06/06,95,-29,0,66,689,0,54,743,0.28%,0.30%,
106/06/05,-69,-20,0,-89,574,0,54,628,0.23%,0.25%,
106/06/03,0,0,-2,-2,531,0,54,585,0.21%,0.23%,
106/06/02,4,0,0,4,541,0,56,597,0.22%,0.24%,
106/06/01,-135,0,-59,-194,530,0,56,586,0.21%,0.23%,
106/05/31,-137,0,0,-137,654,0,115,769,0.26%,0.31%,
106/05/26,26,0,4,30,690,0,115,805,0.28%,0.33%,
106/05/25,-178,0,0,-178,514,0,111,625,0.21%,0.26%,
106/05/24,-143,0,-2,-145,596,0,111,707,0.24%,0.29%,
106/05/23,-359,0,54,-305,513,0,113,626,0.21%,0.26%,
106/05/22,-178,0,-1,-179,636,0,59,695,0.26%,0.28%,
106/05/19,-88,0,1,-87,606,0,60,666,0.24%,0.26%,
106/05/18,19,0,-1,18,641,0,59,700,0.26%,0.28%,
106/05/17,3,0,0,3,617,0,60,677,0.25%,0.27%,
106/05/16,-60,0,1,-59,614,0,60,674,0.25%,0.27%,
106/05/15,-58,0,0,-58,669,0,59,728,0.27%,0.29%,
106/05/12,-54,0,0,-54,577,0,59,636,0.23%,0.25%,
106/05/11,-212,0,0,-212,608,0,59,667,0.24%,0.26%,
106/05/10,-5,0,0,-5,820,0,59,879,0.33%,0.35%,
106/05/09,-71,0,-51,-122,1082,0,59,1141,0.44%,0.46%,
106/05/08,-60,0,0,-60,1153,0,110,1263,0.47%,0.52%,
106/05/05,-8,0,0,-8,1217,0,110,1327,0.49%,0.54%,
106/05/04,-21,0,0,-21,1214,0,110,1324,0.49%,0.54%,
106/05/03,-375,0,0,-375,1231,0,110,1341,0.50%,0.55%,
106/05/02,-40,0,0,-40,1237,0,110,1347,0.50%,0.55%,
106/04/28,-437,0,0,-437,1277,0,110,1387,0.52%,0.57%,
106/04/27,-557,0,0,-557,1457,0,110,1567,0.59%,0.64%,
106/04/26,-473,0,-6,-479,1944,0,110,2054,0.79%,0.84%,
106/04/25,-161,0,0,-161,2092,0,116,2208,0.85%,0.90%,
106/04/24,62,0,1,63,2253,0,116,2369,0.92%,0.97%,
106/04/21,-174,0,-11,-185,2191,0,115,2306,0.89%,0.94%,
106/04/20,269,0,-19,250,2365,0,126,2491,0.96%,1.01%,
106/04/19,-422,0,0,-422,1896,0,145,2041,0.77%,0.83%,
106/04/18,-399,0,0,-399,1818,0,145,1963,0.74%,0.80%,
106/04/17,-78,0,0,-78,1917,0,145,2062,0.78%,0.84%,
106/04/14,547,-1,-60,486,1995,0,145,2140,0.81%,0.87%,
106/04/13,23,0,-75,-52,1448,0,205,1653,0.59%,0.67%,
106/04/12,40,-170,0,-130,1425,0,280,1705,0.58%,0.69%,
106/04/11,-413,0,-63,-476,1385,170,280,1835,0.56%,0.74%,
106/04/10,-383,0,-2,-385,1818,170,343,2331,0.74%,0.95%,
106/04/07,624,0,0,624,2361,170,345,2876,0.96%,1.17%,
106/04/06,20,0,1,21,1981,170,345,2496,0.81%,1.02%,
106/04/05,270,0,30,300,1961,170,344,2475,0.80%,1.01%,
106/03/31,-216,60,-451,-607,2638,170,314,3122,1.07%,1.27%,
106/03/30,1912,0,136,2048,3795,160,765,4720,1.55%,1.93%,
106/03/29,173,0,168,341,1883,160,629,2672,0.77%,1.09%,
106/03/28,-74,0,130,56,1710,160,461,2331,0.70%,0.95%,
106/03/27,57,0,272,329,1784,160,331,2275,0.73%,0.93%,
106/03/24,-158,0,0,-158,1727,160,59,1946,0.70%,0.79%,
106/03/23,1078,110,1,1189,2010,160,59,2229,0.82%,0.91%,
106/03/22,177,0,0,177,932,50,58,1040,0.38%,0.42%,
106/03/21,-14,-59,1,-72,755,50,58,863,0.30%,0.34%,
106/03/20,-199,-60,0,-259,799,109,57,965,0.32%,0.39%,
106/03/17,258,0,-1,257,998,169,57,1224,0.40%,0.49%,
106/03/16,3,0,4,7,740,169,58,967,0.30%,0.39%,
106/03/15,-1,0,3,2,737,169,54,960,0.30%,0.39%,
106/03/14,1,0,-2,-1,738,169,51,958,0.30%,0.39%,
106/03/13,-1,0,-2,-3,737,169,53,959,0.30%,0.39%,
106/03/10,-42,0,1,-41,738,169,55,962,0.30%,0.39%,
106/03/09,-61,0,0,-61,747,169,54,970,0.30%,0.39%,
106/03/08,-34,0,0,-34,808,169,54,1031,0.33%,0.42%,
106/03/07,-3,0,0,-3,777,169,54,1000,0.31%,0.40%,
106/03/06,-19,0,0,-19,780,169,54,1003,0.31%,0.40%,
106/03/03,0,0,-1,-1,799,169,54,1022,0.32%,0.41%,
106/03/02,4,0,-55,-51,799,169,55,1023,0.32%,0.41%,
106/03/01,3,0,1,4,795,169,110,1074,0.32%,0.43%,
106/02/24,-3,0,-5,-8,792,169,109,1070,0.32%,0.43%,
106/02/23,9,0,2,11,795,169,114,1078,0.32%,0.44%,
106/02/22,4,0,3,7,853,169,112,1134,0.34%,0.46%,
106/02/21,151,0,-3,148,901,169,109,1179,0.36%,0.47%,
106/02/20,7,0,0,7,750,169,112,1031,0.30%,0.42%,
106/02/18,0,0,6,6,743,169,112,1024,0.30%,0.42%,
106/02/17,-68,0,0,-68,743,169,106,1018,0.30%,0.41%,
106/02/16,-18,0,0,-18,780,169,106,1055,0.31%,0.42%,
106/02/15,-11,0,0,-11,766,169,106,1041,0.31%,0.42%,
106/02/14,-2,0,49,47,873,169,106,1148,0.35%,0.46%,
106/02/13,-53,0,7,-46,748,169,57,974,0.30%,0.39%,
106/02/10,-71,0,0,-71,771,169,50,990,0.31%,0.40%,
106/02/09,12,0,0,12,821,169,50,1040,0.33%,0.42%,
106/02/08,-139,0,-2,-141,823,169,50,1042,0.33%,0.42%,
106/02/07,-6,0,0,-6,962,169,52,1183,0.39%,0.48%,
106/02/06,-3,0,-1,-4,968,169,52,1189,0.39%,0.48%,
106/02/03,-167,14,2,-151,975,169,53,1197,0.39%,0.48%,
106/02/02,42,0,1,43,1102,155,51,1308,0.45%,0.53%,
106/01/24,36,0,0,36,1060,155,50,1265,0.43%,0.51%,
106/01/23,-6,0,0,-6,1024,155,50,1229,0.41%,0.49%,
106/01/20,-24,0,1,-23,1008,155,50,1213,0.41%,0.49%,
106/01/19,22,0,-10,12,1032,155,49,1236,0.42%,0.50%,
106/01/18,10,0,-9,1,1010,155,59,1224,0.41%,0.50%,
106/01/17,0,0,-58,-58,951,155,68,1174,0.38%,0.47%,
106/01/16,-18,0,0,-18,951,155,126,1232,0.38%,0.50%,
106/01/13,-8,0,0,-8,969,155,126,1250,0.39%,0.51%,
106/01/12,257,0,6,263,1057,155,126,1338,0.43%,0.55%,
106/01/11,22,0,-25,-3,800,155,120,1075,0.32%,0.43%,
106/01/10,-53,0,57,4,778,155,145,1078,0.31%,0.43%,
106/01/09,-30,0,-1,-31,831,155,88,1074,0.34%,0.44%,
106/01/06,119,8,0,127,861,155,89,1105,0.35%,0.45%,
106/01/05,-26,-10,-2,-38,728,147,89,964,0.29%,0.39%,
106/01/04,-8,0,0,-8,743,157,91,991,0.30%,0.40%,
106/01/03,-25,0,0,-25,741,157,91,989,0.30%,0.40%,
105/12/30,5,0,0,5,766,157,91,1014,0.31%,0.41%,
105/12/29,10,0,0,10,761,157,91,1009,0.31%,0.41%,
105/12/28,45,0,0,45,751,157,91,999,0.30%,0.40%,
105/12/27,-20,0,0,-20,706,157,91,954,0.28%,0.38%,
105/12/26,-29,0,-7,-36,973,157,91,1221,0.39%,0.49%,
105/12/23,-9,0,3,-6,1002,157,98,1257,0.41%,0.51%,
105/12/22,0,0,1,1,906,157,95,1158,0.37%,0.47%,
105/12/21,10,0,54,64,906,157,94,1157,0.37%,0.47%,
105/12/20,84,0,15,99,896,157,40,1093,0.36%,0.44%,
105/12/19,-1,0,5,4,812,157,25,994,0.33%,0.40%,
105/12/16,47,0,6,53,813,157,20,990,0.33%,0.40%,
105/12/15,86,0,2,88,766,157,14,937,0.31%,0.38%,
105/12/14,7,0,0,7,680,157,12,849,0.27%,0.34%,
105/12/13,27,0,0,27,673,157,12,842,0.27%,0.34%,
105/12/12,-28,0,2,-26,646,157,12,815,0.26%,0.33%,
105/12/09,-114,0,8,-106,674,157,10,841,0.27%,0.34%,
105/12/08,131,0,2,133,788,157,2,947,0.32%,0.39%,
105/12/07,5,0,-1,4,577,157,0,734,0.23%,0.29%,
105/12/06,8,0,0,8,542,157,0,699,0.22%,0.28%,
105/12/05,-8,0,-1,-9,534,157,0,691,0.21%,0.27%,
105/12/02,-2,0,-8,-10,527,157,0,684,0.21%,0.27%,
105/12/01,-52,0,1,-51,529,157,8,694,0.21%,0.28%,
105/11/30,-55,0,0,-55,581,157,7,745,0.23%,0.30%,
105/11/29,22,0,0,22,636,157,7,800,0.26%,0.33%,
105/11/28,-23,0,2,-21,514,157,7,678,0.21%,0.28%,
105/11/25,-35,0,0,-35,537,157,5,699,0.21%,0.28%,
105/11/24,-51,0,0,-51,572,157,5,734,0.23%,0.30%,
105/11/23,-138,0,0,-138,623,157,5,785,0.25%,0.32%,
105/11/22,-73,0,1,-72,711,157,5,873,0.29%,0.36%,
105/11/21,-2,0,0,-2,758,157,4,919,0.31%,0.38%,
105/11/18,-9,0,1,-8,760,157,4,921,0.31%,0.38%,
105/11/17,-64,0,-11,-75,769,157,3,929,0.31%,0.38%,
105/11/16,5,0,4,9,833,157,14,1004,0.34%,0.41%,
105/11/15,60,0,0,60,748,157,10,915,0.30%,0.37%,
105/11/14,87,0,0,87,688,157,10,855,0.28%,0.35%,
105/11/11,-45,0,3,-42,601,157,10,768,0.24%,0.31%,
105/11/10,58,0,0,58,646,157,7,810,0.26%,0.33%,
105/11/09,8,0,-22,-14,588,157,7,752,0.24%,0.31%,
105/11/08,2,0,0,2,580,157,29,766,0.23%,0.31%,
105/11/07,-30,0,2,-28,578,157,29,764,0.23%,0.31%,
105/11/04,-2,0,0,-2,608,157,27,792,0.24%,0.32%,
105/11/03,14,0,10,24,610,157,27,794,0.24%,0.32%,
105/11/02,51,0,8,59,596,157,17,770,0.24%,0.31%,
105/11/01,-11,0,0,-11,511,157,9,677,0.20%,0.27%,
105/10/31,-10,0,-11,-21,522,157,9,688,0.21%,0.28%,
105/10/28,-22,0,0,-22,526,157,20,703,0.21%,0.28%,
105/10/27,-21,0,0,-21,548,157,20,725,0.22%,0.29%,
105/10/26,9,0,-3,6,556,157,20,733,0.22%,0.29%,
105/10/25,-3,0,6,3,547,157,23,727,0.22%,0.29%,
105/10/24,14,0,0,14,550,157,17,724,0.22%,0.29%,
105/10/21,-5,33,-7,21,536,157,17,710,0.21%,0.28%,
105/10/20,-28,35,-5,2,541,124,24,689,0.22%,0.28%,
105/10/19,-10,0,-9,-19,569,89,29,687,0.23%,0.28%,
105/10/18,74,0,1,75,574,89,38,701,0.23%,0.28%,
105/10/17,20,0,7,27,500,89,37,626,0.20%,0.25%,
105/10/14,-31,0,6,-25,480,89,30,599,0.19%,0.24%,
105/10/13,-11,0,0,-11,511,89,24,624,0.20%,0.25%,
105/10/12,-20,0,16,-4,522,89,24,635,0.21%,0.26%,
105/10/11,-22,0,3,-19,542,89,8,639,0.22%,0.26%,
105/10/07,-13,0,2,-11,524,89,5,618,0.21%,0.25%,
105/10/06,43,0,0,43,507,89,3,599,0.20%,0.24%,
105/10/05,3,0,0,3,464,89,3,556,0.18%,0.22%,
105/10/04,3,0,3,6,461,89,3,553,0.18%,0.22%,
105/10/03,-4,0,-1,-5,458,89,0,547,0.18%,0.22%,
105/09/30,19,0,-1,18,462,89,1,552,0.18%,0.22%,
105/09/29,-32,0,0,-32,443,89,2,534,0.18%,0.22%,
105/09/26,-31,0,0,-31,475,89,2,566,0.19%,0.23%,
105/09/23,-5,0,2,-3,456,89,2,547,0.18%,0.22%,
105/09/22,-18,0,-1,-19,461,89,0,550,0.18%,0.22%,
105/09/21,12,0,-24,-12,479,89,0,568,0.19%,0.23%,
105/09/20,-8,0,11,3,467,89,15,571,0.19%,0.23%,
105/09/19,-24,0,4,-20,475,89,4,568,0.19%,0.23%,
105/09/14,-25,0,0,-25,504,89,0,593,0.20%,0.24%,
105/09/13,-90,0,0,-90,529,89,0,618,0.21%,0.25%,
105/09/12,-135,0,0,-135,619,89,0,708,0.25%,0.29%,
105/09/10,0,0,-15,-15,754,89,0,843,0.30%,0.34%,
105/09/09,-96,0,-8,-104,754,89,9,852,0.30%,0.34%,
105/09/08,-31,0,0,-31,770,89,17,876,0.31%,0.35%,
105/09/07,73,0,0,73,801,89,17,907,0.32%,0.36%,
105/09/06,11,0,17,28,678,89,17,784,0.27%,0.31%,
105/09/05,3,0,0,3,809,89,0,898,0.33%,0.37%,
105/09/02,-45,0,0,-45,806,89,0,895,0.32%,0.36%,
105/09/01,27,0,-1,26,851,89,0,940,0.34%,0.38%,
105/08/31,25,0,-26,-1,824,89,0,913,0.33%,0.37%,
105/08/30,4,0,8,12,799,89,12,900,0.32%,0.36%,
105/08/29,-11,0,-8,-19,795,89,4,888,0.32%,0.36%,
105/08/26,5,0,6,11,806,89,12,907,0.32%,0.36%,
105/08/25,-16,0,2,-14,801,89,6,896,0.32%,0.36%,
105/08/24,-2,-1,0,-3,817,89,4,910,0.33%,0.37%,
105/08/23,-65,0,0,-65,819,90,4,913,0.33%,0.37%,
105/08/22,11,0,-4,7,884,90,4,978,0.36%,0.40%,
105/08/19,-30,0,-2,-32,873,90,8,971,0.35%,0.39%,
105/08/18,-54,-1,-2,-57,903,90,10,1003,0.36%,0.40%,
105/08/17,-408,0,-9,-417,957,91,12,1060,0.39%,0.43%,
105/08/16,432,-2,-2,428,1364,91,21,1476,0.55%,0.60%,
105/08/15,43,0,-1,42,932,93,23,1048,0.38%,0.43%,
105/08/12,104,-1,3,106,889,93,24,1006,0.36%,0.41%,
105/08/11,-35,0,-4,-39,813,94,21,928,0.33%,0.38%,
105/08/10,12,0,2,14,862,94,25,981,0.35%,0.40%,
105/08/09,-2,0,2,0,850,94,23,967,0.34%,0.39%,
105/08/08,-7,-1,4,-4,851,94,21,966,0.34%,0.39%,
105/08/05,13,-1,1,13,858,95,17,970,0.35%,0.40%,
105/08/04,15,0,-8,7,819,96,16,931,0.33%,0.38%,
105/08/03,-34,-2,-7,-43,804,96,24,924,0.32%,0.37%,
105/08/02,-31,0,0,-31,868,98,31,997,0.35%,0.40%,
105/08/01,-149,0,-7,-156,899,98,31,1028,0.36%,0.41%,
105/07/29,-27,-3,-3,-33,936,98,38,1072,0.38%,0.44%,
105/07/28,-53,0,0,-53,929,101,41,1071,0.38%,0.44%,
105/07/27,-58,-1,0,-59,982,101,41,1124,0.40%,0.46%,
105/07/26,-73,0,0,-73,1027,102,41,1170,0.42%,0.48%,
105/07/25,-146,0,-2,-148,1084,102,41,1227,0.44%,0.50%,
105/07/22,-61,-4,0,-65,1205,102,43,1350,0.49%,0.55%,
105/07/21,28,-3,13,38,1256,106,43,1405,0.51%,0.57%,
105/07/20,-85,-3,14,-74,1347,109,30,1486,0.55%,0.61%,
105/07/19,-96,0,2,-94,1560,112,16,1688,0.63%,0.68%,
105/07/18,-166,0,0,-166,1358,112,14,1484,0.55%,0.60%,
105/07/15,1,0,-6,-5,1447,112,14,1573,0.59%,0.64%,
105/07/14,88,0,0,88,1446,112,20,1578,0.59%,0.64%,
105/07/13,110,0,-3,107,1366,112,20,1498,0.55%,0.60%,
105/07/12,-50,0,0,-50,1256,112,23,1391,0.51%,0.57%,
105/07/11,-48,0,0,-48,1120,112,23,1255,0.45%,0.51%,
105/07/07,-82,0,0,-82,1028,112,23,1163,0.42%,0.48%,
105/07/06,-21,0,0,-21,1110,112,23,1245,0.45%,0.51%,
105/07/05,-209,0,-1,-210,1037,112,23,1172,0.42%,0.48%,
105/07/04,-13,0,6,-7,1144,112,24,1280,0.46%,0.52%,
105/07/01,60,0,-2,58,1157,112,18,1287,0.47%,0.52%,
105/06/30,-8,0,0,-8,1128,112,20,1260,0.46%,0.51%,
105/06/29,-65,0,0,-65,1126,112,20,1258,0.46%,0.51%,
105/06/28,-46,0,0,-46,1191,112,20,1323,0.48%,0.53%,
105/06/27,-102,55,0,-47,1237,112,20,1369,0.50%,0.55%,
105/06/24,31,57,-13,75,1268,57,20,1345,0.51%,0.54%,
105/06/23,-56,0,-2,-58,1237,0,33,1270,0.50%,0.51%,
105/06/22,75,0,0,75,1293,0,35,1328,0.52%,0.53%,
105/06/21,-330,0,1,-329,1219,0,35,1254,0.49%,0.50%,
105/06/20,-54,0,9,-45,1207,0,34,1241,0.49%,0.50%,
105/06/17,-229,0,2,-227,1261,0,25,1286,0.51%,0.52%,
105/06/16,-11,0,-2,-13,1467,0,23,1490,0.60%,0.61%,
105/06/15,-271,0,1,-270,1593,0,25,1618,0.65%,0.66%,
105/06/14,-110,0,2,-108,1487,0,24,1511,0.60%,0.61%,
105/06/13,-258,0,5,-253,1533,0,22,1555,0.62%,0.63%,
105/06/08,-760,0,-1,-761,2029,0,17,2046,0.83%,0.84%,
105/06/07,507,0,2,509,2780,0,18,2798,1.14%,1.15%,
105/06/06,92,0,-4,88,2263,0,16,2279,0.92%,0.93%,
105/06/04,0,0,1,1,2021,0,20,2041,0.82%,0.83%,
105/06/03,177,0,1,178,2021,0,19,2040,0.82%,0.83%,
105/06/02,-81,0,-2,-83,1844,0,18,1862,0.75%,0.76%,
105/06/01,132,0,0,132,1925,0,20,1945,0.79%,0.80%,
105/05/31,11,0,-1,10,2138,0,20,2158,0.87%,0.88%,
105/05/30,85,0,-2,83,2117,0,21,2138,0.86%,0.87%,
105/05/27,58,0,0,58,2032,0,23,2055,0.83%,0.84%,
105/05/26,239,0,14,253,1974,0,23,1997,0.81%,0.82%,
105/05/25,-494,0,-1,-495,1725,0,9,1734,0.70%,0.70%,
105/05/24,88,0,-1,87,2129,0,10,2139,0.87%,0.87%,
105/05/23,259,0,2,261,2031,0,11,2042,0.83%,0.83%,
105/05/20,-31,0,-1,-32,1762,0,9,1771,0.72%,0.72%,
105/05/19,-56,0,-1,-57,1755,0,10,1765,0.72%,0.72%,
105/05/18,-239,0,2,-237,1806,0,11,1817,0.74%,0.74%,
105/05/17,-277,0,0,-277,2026,0,9,2035,0.83%,0.83%,
105/05/16,98,0,2,100,2353,0,9,2362,0.96%,0.96%,
105/05/13,349,0,-12,337,2255,0,7,2262,0.92%,0.92%,
105/05/12,240,0,-1,239,1906,0,19,1925,0.78%,0.79%,
105/05/11,-172,0,0,-172,1578,0,20,1598,0.64%,0.65%,
105/05/10,-47,0,16,-31,1579,0,20,1599,0.64%,0.65%,
105/05/09,-118,0,-5,-123,1626,0,4,1630,0.66%,0.66%,
105/05/06,-107,0,-3,-110,1574,0,9,1583,0.64%,0.64%,
105/05/05,-68,0,0,-68,1476,0,12,1488,0.60%,0.60%,
105/05/04,78,0,7,85,1457,0,12,1469,0.59%,0.59%,
105/05/03,-55,0,4,-51,1379,0,5,1384,0.56%,0.56%,
105/04/29,-192,0,1,-191,1434,0,1,1435,0.58%,0.58%,
105/04/28,-124,0,-4,-128,1626,0,0,1626,0.66%,0.66%,
105/04/27,-106,0,-1,-107,1750,0,0,1750,0.71%,0.71%,
105/04/26,-845,0,-5,-850,1856,0,0,1856,0.76%,0.76%,
105/04/25,64,0,0,64,2701,0,1,2702,1.10%,1.10%,
105/04/22,494,0,1,495,2582,0,1,2583,1.06%,1.06%,
105/04/21,19,0,-8,11,2088,0,0,2088,0.85%,0.85%,
105/04/20,146,0,-22,124,2069,0,3,2072,0.84%,0.84%,
105/04/19,-186,0,0,-186,1923,0,25,1948,0.78%,0.79%,
105/04/18,236,0,-4,232,2098,0,25,2123,0.86%,0.87%,
105/04/15,198,0,1,199,1851,0,29,1880,0.75%,0.76%,
105/04/14,-82,0,0,-82,1653,0,28,1681,0.67%,0.68%,
105/04/13,193,0,-1,192,1725,0,28,1753,0.70%,0.71%,
105/04/12,-4,0,1,-3,1689,0,29,1718,0.69%,0.70%,
105/04/11,184,0,0,184,1663,0,28,1691,0.68%,0.69%,
105/04/08,-62,0,0,-62,1479,0,28,1507,0.60%,0.61%,
105/04/07,-255,0,0,-255,1675,0,28,1703,0.68%,0.69%,
105/04/06,151,0,-1,150,2004,0,28,2032,0.82%,0.83%,
105/04/01,-148,0,5,-143,1853,0,29,1882,0.76%,0.77%,
105/03/31,42,0,1,43,2001,0,24,2025,0.82%,0.83%,
105/03/30,-96,0,2,-94,1984,0,23,2007,0.81%,0.82%,
105/03/29,-176,0,10,-166,2080,0,21,2101,0.85%,0.86%,
105/03/28,153,0,4,157,2256,0,11,2267,0.92%,0.92%,
105/03/25,254,0,-6,248,2123,0,7,2130,0.87%,0.87%,
105/03/24,63,0,4,67,1869,0,13,1882,0.76%,0.77%,
105/03/23,-64,0,0,-64,1806,0,9,1815,0.74%,0.74%,
105/03/22,-284,0,-12,-296,1870,0,9,1879,0.76%,0.76%,
105/03/21,-79,0,16,-63,2067,0,21,2088,0.84%,0.85%,
105/03/18,-121,0,-7,-128,2112,0,5,2117,0.86%,0.86%,
105/03/17,0,0,0,0,2186,0,12,2198,0.89%,0.89%,
105/03/16,14,0,4,18,2186,0,12,2198,0.89%,0.89%,
105/03/15,119,0,8,127,2172,0,8,2180,0.89%,0.89%,
105/03/14,-75,0,-2,-77,2053,0,0,2053,0.84%,0.84%,
105/03/11,104,0,0,104,2006,0,1,2007,0.82%,0.82%,
105/03/10,161,0,1,162,1892,0,1,1893,0.77%,0.77%,
105/03/09,29,0,0,29,1731,0,0,1731,0.71%,0.71%,
105/03/08,29,0,0,29,1702,0,0,1702,0.69%,0.69%,
105/03/07,32,0,0,32,1673,0,0,1673,0.68%,0.68%,
105/03/04,41,0,-27,14,1641,0,0,1641,0.67%,0.67%,
105/03/03,38,0,0,38,1600,0,27,1627,0.65%,0.66%,
105/03/02,40,0,0,40,1587,0,27,1614,0.65%,0.66%,
105/03/01,24,0,0,24,1547,0,27,1574,0.63%,0.64%,
105/02/26,56,0,0,56,1523,0,27,1550,0.62%,0.63%,
105/02/25,31,0,0,31,1467,0,27,1494,0.60%,0.61%,
105/02/24,29,0,0,29,1436,0,27,1463,0.58%,0.59%,
105/02/23,48,0,24,72,1407,0,27,1434,0.57%,0.58%,
105/02/22,53,0,1,54,1376,0,3,1379,0.56%,0.56%,
105/02/19,53,0,0,53,1323,0,2,1325,0.54%,0.54%,
105/02/18,334,0,2,336,1270,0,2,1272,0.52%,0.52%,
105/02/17,0,0,0,0,936,0,0,936,0.38%,0.38%,
105/02/16,-23,0,-1,-24,911,0,0,911,0.37%,0.37%,
105/02/15,23,0,0,23,934,0,0,934,0.38%,0.38%,
105/02/03,-6,0,0,-6,911,0,0,911,0.37%,0.37%,
105/02/02,9,0,-5,4,942,0,0,942,0.38%,0.38%,
105/02/01,5,0,-1,4,933,0,1,934,0.38%,0.38%,
105/01/30,0,0,0,0,903,0,2,905,0.37%,0.37%,
105/01/29,9,0,-1,8,903,0,2,905,0.37%,0.37%,
105/01/28,7,0,0,7,894,0,3,897,0.36%,0.36%,
105/01/27,0,0,0,0,887,0,3,890,0.36%,0.36%,
105/01/26,-3,0,0,-3,887,0,3,890,0.36%,0.36%,
105/01/25,24,0,0,24,890,0,3,893,0.36%,0.36%,
105/01/22,-10,0,0,-10,866,0,3,869,0.35%,0.35%,
105/01/21,0,0,0,0,876,0,3,879,0.35%,0.35%,
105/01/20,-5,0,-2,-7,876,0,3,879,0.35%,0.35%,
105/01/19,-6,0,-1,-7,881,0,5,886,0.36%,0.36%,
105/01/18,25,0,5,30,887,0,6,893,0.36%,0.36%,
105/01/15,-5,0,-9,-14,862,0,1,863,0.35%,0.35%,
105/01/14,-10,0,-5,-15,867,0,10,877,0.35%,0.35%,
105/01/13,0,0,-4,-4,885,0,15,900,0.36%,0.37%,
105/01/12,-21,0,5,-16,885,0,19,904,0.36%,0.37%,
105/01/11,-18,0,0,-18,906,0,14,920,0.37%,0.38%,
105/01/08,4,0,-4,0,924,0,14,938,0.37%,0.38%,
105/01/07,-12,0,4,-8,920,0,18,938,0.37%,0.39%,
105/01/06,-14,0,0,-14,932,0,14,946,0.38%,0.39%,
105/01/05,-10,0,0,-10,946,0,14,960,0.38%,0.39%,
105/01/04,-20,0,0,-20,956,0,14,970,0.39%,0.40%,
104/12/31,-5,0,0,-5,976,0,14,990,0.40%,0.41%,
104/12/30,0,0,0,0,1006,0,14,1020,0.41%,0.42%,
104/12/29,-20,0,-5,-25,981,0,14,995,0.40%,0.41%,
104/12/28,-2,0,0,-2,1001,0,19,1020,0.41%,0.43%,
104/12/25,53,0,0,53,1003,0,19,1022,0.41%,0.43%,
104/12/24,-6,0,3,-3,950,0,19,969,0.39%,0.41%,
104/12/23,-7,0,0,-7,956,0,16,972,0.39%,0.41%,
104/12/22,-4,0,0,-4,963,0,16,979,0.39%,0.41%,
104/12/21,-7,0,0,-7,967,0,16,983,0.39%,0.41%,
104/12/18,-15,0,0,-15,974,0,16,990,0.39%,0.41%,
104/12/17,28,0,1,29,989,0,16,1005,0.40%,0.42%,
104/12/16,-16,0,-3,-19,961,0,15,976,0.39%,0.41%,
104/12/15,4,0,0,4,977,0,18,995,0.40%,0.42%,
104/12/14,3,0,0,3,973,0,18,991,0.39%,0.41%,
104/12/11,-103,0,-4,-107,970,0,18,988,0.39%,0.41%,
104/12/10,-45,0,0,-45,1073,0,22,1095,0.44%,0.46%,
104/12/09,-26,0,0,-26,965,0,22,987,1.02%,1.04%,
104/12/08,85,0,0,85,991,0,22,1013,1.05%,1.07%,
104/12/07,70,0,0,70,906,0,22,928,0.96%,0.98%,
104/12/04,71,0,0,71,836,0,22,858,0.88%,0.90%,
104/12/03,78,0,0,78,765,0,22,787,0.81%,0.83%,
104/12/02,61,0,0,61,687,0,22,709,0.73%,0.75%,
104/12/01,25,0,0,25,626,0,22,648,0.66%,0.68%,
104/11/30,41,0,0,41,601,0,22,623,0.63%,0.65%,
104/11/27,4,0,0,4,560,0,22,582,0.59%,0.61%,
104/11/26,25,0,0,25,556,0,22,578,0.59%,0.61%,
104/11/25,6,0,0,6,531,0,22,553,0.56%,0.58%,
104/11/24,-46,0,0,-46,525,0,22,547,0.55%,0.57%,
104/11/23,34,0,0,34,571,0,22,593,0.60%,0.62%,
104/11/20,13,0,0,13,537,0,22,559,0.57%,0.59%,
104/11/19,-11,0,0,-11,524,0,22,546,0.55%,0.57%,
104/11/18,20,0,0,20,535,0,22,557,0.56%,0.58%,
104/11/17,-12,0,0,-12,515,0,22,537,0.54%,0.56%,
104/11/16,28,0,0,28,527,0,22,549,0.55%,0.57%,
104/11/13,4,0,0,4,499,0,22,521,0.53%,0.55%,
104/11/12,13,0,0,13,495,0,22,517,0.52%,0.54%,
104/11/11,11,0,0,11,482,0,22,504,0.51%,0.53%,
104/11/10,13,0,0,13,471,0,22,493,0.50%,0.52%,
104/11/09,-25,0,0,-25,458,0,22,480,0.48%,0.50%,
104/11/06,-2,0,0,-2,483,0,22,505,0.51%,0.53%,
104/11/05,-83,0,0,-83,485,0,22,507,0.51%,0.53%,
104/11/04,0,0,0,0,568,0,22,590,0.60%,0.62%,
104/11/03,-14,0,0,-14,568,0,22,590,0.60%,0.62%,
104/11/02,12,0,0,12,582,0,22,604,0.61%,0.63%,
104/10/30,-27,0,0,-27,570,0,22,592,0.60%,0.62%,
104/10/29,8,0,0,8,547,0,22,569,0.58%,0.60%,
104/10/28,-11,0,0,-11,539,0,22,561,0.57%,0.59%,
104/10/27,-160,0,0,-160,550,0,22,572,0.58%,0.60%,
104/10/26,-82,0,0,-82,710,0,22,732,0.75%,0.77%,
104/10/23,-127,0,0,-127,792,0,22,814,0.84%,0.86%,
104/10/22,245,0,0,245,919,0,22,941,0.97%,0.99%,
104/10/21,-15,0,0,-15,674,0,22,696,0.71%,0.73%,
104/10/20,31,0,0,31,689,0,22,711,0.73%,0.75%,
104/10/19,16,0,0,16,658,0,22,680,0.69%,0.71%,
104/10/16,4,0,0,4,642,0,22,664,0.68%,0.70%,
104/10/15,6,0,0,6,638,0,22,660,0.67%,0.69%,
104/10/14,11,0,0,11,632,0,22,654,0.67%,0.69%,
104/10/13,8,0,0,8,621,0,22,643,0.65%,0.67%,
104/10/12,-8,0,0,-8,613,0,22,635,0.65%,0.67%,
104/10/08,-22,0,0,-22,621,0,22,643,0.65%,0.67%,
104/10/07,17,0,0,17,643,0,22,665,0.68%,0.70%,
104/10/06,-6,0,0,-6,626,0,22,648,0.66%,0.68%,
104/10/05,50,0,0,50,632,0,22,654,0.67%,0.69%,
104/10/02,7,0,0,7,582,0,22,604,0.61%,0.63%,
104/10/01,32,0,0,32,575,0,22,597,0.61%,0.63%,
104/09/30,-2,0,0,-2,543,0,22,565,0.57%,0.59%,
104/09/25,-10,0,0,-10,545,0,22,567,0.57%,0.59%,
104/09/24,-45,0,0,-45,555,0,22,577,0.58%,0.60%,
104/09/23,-34,0,0,-34,600,0,22,622,0.63%,0.65%,
104/09/22,-31,0,0,-31,634,0,22,656,0.67%,0.69%,
104/09/21,-60,0,0,-60,665,0,22,687,0.70%,0.72%,
104/09/18,18,0,0,18,725,0,22,747,0.77%,0.79%,
104/09/17,15,0,0,15,707,0,22,729,0.75%,0.77%,
104/09/16,-4,0,0,-4,692,0,22,714,0.73%,0.75%,
104/09/15,-15,0,0,-15,696,0,22,718,0.73%,0.75%,
104/09/14,12,0,0,12,711,0,22,733,0.75%,0.77%,
104/09/11,-4,0,0,-4,699,0,22,721,0.74%,0.76%,
104/09/10,9,0,0,9,703,0,22,725,0.74%,0.76%,
104/09/09,-6,0,0,-6,694,0,22,716,0.73%,0.75%,
104/09/08,10,0,0,10,700,0,22,722,0.74%,0.76%,
104/09/07,33,0,0,33,690,0,22,712,0.73%,0.75%,
104/09/04,10,0,0,10,657,0,22,679,0.69%,0.71%,
104/09/03,-63,0,0,-63,647,0,22,669,0.68%,0.70%,
104/09/02,1,0,0,1,710,0,22,732,0.75%,0.77%,
104/09/01,11,0,0,11,709,0,22,731,0.75%,0.77%,
104/08/31,9,0,0,9,698,0,22,720,0.74%,0.76%,
104/08/28,26,0,-1,25,689,0,22,711,0.73%,0.75%,
104/08/27,-12,0,-4,-16,663,0,23,686,0.70%,0.72%,
104/08/26,7,0,0,7,675,0,27,702,0.71%,0.74%,
104/08/25,-32,0,-1,-33,668,0,27,695,0.70%,0.73%,
104/08/24,39,0,0,39,700,0,28,728,0.74%,0.77%,
104/08/21,-55,0,0,-55,661,0,28,689,0.70%,0.73%,
104/08/20,11,0,-1,10,1025,0,28,1053,1.08%,1.11%,
104/08/19,-28,0,-2,-30,1014,0,29,1043,1.07%,1.10%,
104/08/18,5,0,0,5,1042,0,31,1073,1.10%,1.13%,
104/08/17,5,0,-8,-3,1037,0,31,1068,1.10%,1.13%,
104/08/14,24,0,4,28,1032,0,39,1071,1.09%,1.13%,
104/08/13,62,0,0,62,974,0,35,1009,1.03%,1.07%,
104/08/12,-23,0,13,-10,912,0,35,947,0.96%,1.00%,
104/08/11,-109,0,-5,-114,935,0,22,957,0.99%,1.01%,
104/08/10,-62,0,0,-62,1044,0,27,1071,1.10%,1.13%,
104/08/07,342,0,-7,335,1106,0,27,1133,1.17%,1.20%,
104/08/06,-14,0,2,-12,464,0,34,498,0.49%,0.53%,
104/08/05,14,0,0,14,478,0,32,510,0.50%,0.53%,
104/08/04,-22,0,6,-16,464,0,32,496,0.49%,0.52%,
104/08/03,-13,0,-4,-17,486,0,26,512,0.51%,0.54%,
104/07/31,3,0,-1,2,499,0,30,529,0.53%,0.56%,
104/07/30,9,0,0,9,496,0,31,527,0.52%,0.55%,
104/07/29,-6,0,0,-6,487,0,31,518,0.51%,0.54%,
104/07/28,3,0,3,6,493,0,31,524,0.52%,0.55%,
104/07/27,-15,0,3,-12,490,0,28,518,0.52%,0.55%,
104/07/24,-5,0,1,-4,505,0,25,530,0.53%,0.56%,
104/07/23,-12,0,1,-11,510,0,24,534,0.54%,0.57%,
104/07/22,-5,0,1,-4,522,0,23,545,0.55%,0.57%,
104/07/21,-139,0,0,-139,527,0,22,549,0.55%,0.57%,
104/07/20,-1,0,0,-1,666,0,22,688,0.70%,0.72%,
104/07/17,5,0,0,5,667,0,22,689,0.70%,0.72%,
104/07/16,16,0,0,16,662,0,22,684,0.70%,0.72%,
104/07/15,-6,0,0,-6,646,0,22,668,0.68%,0.70%,
104/07/14,120,0,-1,119,652,0,22,674,0.69%,0.71%,
104/07/13,5,0,-1,4,532,0,23,555,0.56%,0.58%,
104/07/09,18,0,1,19,527,0,24,551,0.55%,0.58%,
104/07/08,-7,0,1,-6,509,0,23,532,0.54%,0.56%,
104/07/07,16,0,-8,8,516,0,22,538,0.54%,0.56%,
104/07/06,-20,0,8,-12,500,0,30,530,0.53%,0.56%,
104/07/03,-16,0,0,-16,520,0,22,542,0.55%,0.57%,
104/07/02,-11,0,0,-11,536,0,22,558,0.56%,0.58%,
104/07/01,-6,0,0,-6,547,0,22,569,0.58%,0.60%,
104/06/30,-12,0,0,-12,553,0,22,575,0.58%,0.60%,
104/06/29,-54,0,0,-54,565,0,22,587,0.60%,0.62%,
104/06/26,-13,0,0,-13,619,0,22,641,0.65%,0.67%,
104/06/25,5,0,6,11,632,0,22,654,0.67%,0.69%,
104/06/24,-31,0,-1,-32,627,0,16,643,0.66%,0.68%,
104/06/23,-9,0,0,-9,658,0,17,675,0.69%,0.71%,
104/06/22,-33,0,1,-32,685,0,17,702,0.72%,0.74%,
104/06/18,-12,0,0,-12,718,0,16,734,0.76%,0.78%,
104/06/17,-11,0,0,-11,730,0,16,746,0.77%,0.79%,
104/06/16,-9,0,0,-9,741,0,16,757,0.78%,0.80%,
104/06/15,18,0,0,18,750,0,16,766,0.79%,0.81%,
104/06/12,14,0,0,14,732,0,16,748,0.77%,0.79%,
104/06/11,-9,0,-2,-11,718,0,16,734,0.76%,0.78%,
104/06/10,68,0,-5,63,717,0,18,735,0.76%,0.78%,
104/06/09,26,0,7,33,649,0,23,672,0.68%,0.70%,
104/06/08,-9,0,-1,-10,623,0,16,639,0.66%,0.68%,
104/06/05,-19,0,-4,-23,632,0,17,649,0.67%,0.69%,
104/06/04,-7,0,-3,-10,651,0,21,672,0.69%,0.71%,
104/06/03,-9,0,0,-9,673,0,24,697,0.71%,0.74%,
104/06/02,3,0,2,5,682,0,24,706,0.72%,0.75%,
104/06/01,-22,0,6,-16,679,0,22,701,0.72%,0.74%,
104/05/29,4,0,0,4,701,0,16,717,0.74%,0.76%,
104/05/28,16,0,0,16,697,0,16,713,0.74%,0.76%,
104/05/27,-7,0,0,-7,681,0,16,697,0.72%,0.74%,
104/05/26,-7,0,0,-7,688,0,16,704,0.73%,0.75%,
104/05/25,-21,0,0,-21,695,0,16,711,0.74%,0.76%,
104/05/22,1,0,-3,-2,716,0,16,732,0.76%,0.78%,
104/05/21,1,0,-11,-10,715,0,19,734,0.76%,0.78%,
104/05/20,26,0,2,28,714,0,30,744,0.76%,0.79%,
104/05/19,10,0,-3,7,688,0,28,716,0.73%,0.76%,
104/05/18,17,0,1,18,670,0,31,701,0.71%,0.74%,
104/05/15,-1,0,-2,-3,653,0,30,683,0.69%,0.72%,
104/05/14,0,0,-2,-2,654,0,32,686,0.69%,0.72%,
104/05/13,-2,0,5,3,654,0,34,688,0.69%,0.73%,
104/05/12,13,0,-4,9,656,0,29,685,0.69%,0.72%,
104/05/11,32,0,5,37,643,0,33,676,0.68%,0.72%,
104/05/08,12,0,0,12,611,0,28,639,0.65%,0.68%,
104/05/07,10,0,-1,9,599,0,28,627,0.63%,0.66%,
104/05/06,28,0,0,28,589,0,29,618,0.62%,0.65%,
104/05/05,8,0,-16,-8,561,0,29,590,0.59%,0.62%,
104/05/04,0,0,-9,-9,553,0,45,598,0.58%,0.63%,
104/04/30,22,0,0,22,553,0,54,607,0.58%,0.64%,
104/04/29,24,0,3,27,531,0,54,585,0.56%,0.62%,
104/04/28,12,0,4,16,507,0,51,558,0.53%,0.58%,
104/04/27,6,0,1,7,495,0,47,542,0.52%,0.57%,
104/04/24,11,0,2,13,489,0,46,535,0.52%,0.57%,
104/04/23,3,0,0,3,478,0,44,522,0.50%,0.55%,
104/04/22,-2,0,0,-2,475,0,44,519,0.50%,0.55%,
104/04/21,-4,0,1,-3,477,0,44,521,0.50%,0.55%,
104/04/20,-30,0,0,-30,481,0,43,524,0.51%,0.56%,
104/04/17,-11,0,0,-11,509,0,43,552,0.54%,0.59%,
104/04/16,23,0,-6,17,520,0,43,563,0.55%,0.60%,
104/04/15,-1,0,-3,-4,497,0,49,546,0.52%,0.57%,
104/04/14,12,0,0,12,498,0,52,550,0.53%,0.59%,
104/04/13,-17,0,0,-17,486,0,52,538,0.51%,0.57%,
104/04/10,-6,0,2,-4,503,0,52,555,0.53%,0.59%,
104/04/09,0,0,0,0,653,0,50,703,0.69%,0.74%,
104/04/08,5,0,0,5,640,0,50,690,0.68%,0.73%,
104/04/07,72,0,0,72,643,0,50,693,0.68%,0.73%,
104/04/02,75,0,0,75,571,0,50,621,0.60%,0.65%,
104/04/01,22,0,4,26,656,0,50,706,0.69%,0.74%,
104/03/31,-8,0,0,-8,641,0,46,687,0.68%,0.73%,
104/03/30,-25,0,0,-25,650,0,46,696,0.69%,0.74%,
104/03/27,-10,0,0,-10,675,0,46,721,0.71%,0.76%,
104/03/26,-1,0,1,0,685,0,46,731,0.72%,0.77%,
104/03/25,-12,0,5,-7,700,0,45,745,0.74%,0.79%,
104/03/24,-2,0,0,-2,712,0,40,752,0.75%,0.79%,
104/03/23,-1,0,-3,-4,714,0,40,754,0.76%,0.80%,
104/03/20,3,0,0,3,715,0,43,758,0.76%,0.81%,
104/03/19,-7,0,0,-7,712,0,43,755,0.75%,0.80%,
104/03/18,4,0,0,4,711,0,43,754,0.75%,0.80%,
104/03/17,-3,0,3,0,707,0,43,750,0.75%,0.80%,
104/03/16,1,0,2,3,710,0,40,750,0.75%,0.79%,
104/03/13,8,0,0,8,709,0,38,747,0.75%,0.79%,
104/03/12,0,0,0,0,701,0,38,739,0.74%,0.78%,
104/03/11,-12,0,0,-12,701,0,38,739,0.74%,0.78%,
104/03/10,-7,0,-2,-9,779,0,38,817,0.82%,0.86%,
104/03/09,16,0,-4,12,786,0,40,826,0.83%,0.87%,
104/03/06,30,0,-2,28,770,0,44,814,0.82%,0.87%,
104/03/05,24,0,2,26,740,0,46,786,0.78%,0.83%,
104/03/04,15,0,0,15,716,0,44,760,0.76%,0.81%,
104/03/03,20,0,0,20,701,0,44,745,0.74%,0.79%,
104/03/02,10,0,-4,6,681,0,44,725,0.72%,0.77%,
104/02/26,26,0,0,26,685,0,48,733,0.72%,0.77%,
104/02/25,15,0,0,15,659,0,48,707,0.70%,0.75%,
104/02/24,10,0,0,10,672,0,48,720,0.71%,0.76%,
104/02/13,4,0,2,6,662,0,48,710,0.70%,0.75%,
104/02/12,4,0,0,4,658,0,46,704,0.70%,0.75%,
104/02/11,-1,0,0,-1,654,0,46,700,0.69%,0.74%,
104/02/10,-16,0,4,-12,655,0,46,701,0.69%,0.74%,
104/02/09,-2,0,4,2,671,0,42,713,0.71%,0.75%,
104/02/06,0,0,0,0,673,0,38,711,0.71%,0.75%,
104/02/05,-4,0,0,-4,673,0,38,711,0.71%,0.75%,
104/02/04,9,0,0,9,677,0,38,715,0.72%,0.76%,
104/02/03,7,0,0,7,668,0,38,706,0.71%,0.75%,
104/02/02,-4,0,0,-4,676,0,38,714,0.71%,0.75%,
104/01/30,-4,0,0,-4,680,0,38,718,0.72%,0.76%,
104/01/29,1,0,1,2,684,0,38,722,0.72%,0.76%,
104/01/28,3,0,-4,-1,683,0,37,720,0.72%,0.76%,
104/01/27,1,0,0,1,680,0,41,721,0.72%,0.76%,
104/01/26,-4,0,0,-4,679,0,41,720,0.72%,0.76%,
104/01/23,-3,0,0,-3,683,0,41,724,0.72%,0.76%,
104/01/22,8,0,0,8,686,0,41,727,0.73%,0.77%,
104/01/21,-23,0,0,-23,678,0,41,719,0.72%,0.76%,
104/01/20,9,0,-3,6,691,0,41,732,0.73%,0.77%,
104/01/19,-4,0,0,-4,672,0,44,716,0.71%,0.76%,
104/01/16,-39,0,-1,-40,676,0,44,720,0.71%,0.76%,
104/01/15,1,0,0,1,715,0,45,760,0.76%,0.81%,
104/01/14,2,0,-1,1,742,0,45,787,0.79%,0.84%,
104/01/13,55,0,1,56,740,0,46,786,0.78%,0.83%,
104/01/12,-1,0,0,-1,685,0,45,730,0.72%,0.77%,
104/01/09,0,0,0,0,686,0,45,731,0.73%,0.78%,
104/01/08,-21,0,3,-18,686,0,45,731,0.73%,0.78%,
104/01/07,47,0,-1,46,707,0,42,749,0.75%,0.79%,
