日期,外資買賣超,投信買賣超,自營商買賣超,單日合計買賣超,外資估計持股,投信估計持股,自營商估計持股,單日合計估計持股,外資持股比重,三大法人持股比重,
107/03/31,-141,0,127,-14,45132,3131,510,48773,20.41%,22.06%,
107/03/30,-59,-1,-5,-65,45273,3131,383,48787,20.47%,22.06%,
107/03/29,-69,0,0,-69,45332,3132,388,48852,20.50%,22.09%,
107/03/28,-207,0,0,-207,45401,3132,388,48921,20.53%,22.12%,
107/03/27,-247,0,0,-247,45608,3132,388,49128,20.62%,22.21%,
107/03/26,-97,0,0,-97,45855,3132,388,49375,20.73%,22.32%,
107/03/23,-64,0,0,-64,45952,3132,388,49472,20.78%,22.37%,
107/03/22,-162,-45,-3,-210,46016,3132,388,49536,20.81%,22.40%,
107/03/21,-613,-20,-1,-634,46178,3177,391,49746,20.88%,22.49%,
107/03/20,-464,-3,-1,-468,46791,3197,392,50380,21.16%,22.78%,
107/03/19,-56,-49,0,-105,47255,3200,393,50848,21.37%,22.99%,
107/03/16,-60,0,-3,-63,47311,3249,393,50953,21.39%,23.04%,
107/03/15,-39,-40,0,-79,47371,3249,396,51016,21.42%,23.07%,
107/03/14,-23,0,-2,-25,47410,3289,396,51095,21.44%,23.11%,
107/03/13,-30,-3,0,-33,47433,3289,398,51120,21.45%,23.12%,
107/03/12,11,0,1,12,47463,3292,398,51153,21.46%,23.13%,
107/03/09,-17,0,0,-17,47452,3292,397,51141,21.45%,23.12%,
107/03/08,17,0,0,17,47469,3292,397,51158,21.46%,23.13%,
107/03/07,19,0,-2,17,47452,3292,397,51141,21.45%,23.12%,
107/03/06,-57,-159,0,-216,47433,3292,399,51124,21.45%,23.12%,
107/03/05,34,-59,-2,-27,47490,3451,399,51340,21.47%,23.21%,
107/03/02,-22,0,-4,-26,47456,3510,401,51367,21.46%,23.23%,
107/03/01,-41,-50,0,-91,47478,3510,405,51393,21.47%,23.24%,
107/02/27,-32,-82,0,-114,47519,3560,405,51484,21.49%,23.28%,
107/02/26,14,-20,0,-6,47551,3642,405,51598,21.50%,23.33%,
107/02/23,-109,0,0,-109,47537,3662,405,51604,21.49%,23.33%,
107/02/22,1,-1,0,0,47646,3662,405,51713,21.54%,23.38%,
107/02/21,24,0,1,25,47645,3663,405,51713,21.54%,23.38%,
107/02/12,-367,0,-2,-369,47621,3663,404,51688,21.53%,23.37%,
107/02/09,-30,0,-3,-33,47988,3663,406,52057,21.70%,23.54%,
107/02/08,-99,0,-4,-103,48064,3663,409,52136,21.73%,23.57%,
107/02/07,-279,0,-5,-284,48163,3663,413,52239,21.78%,23.62%,
107/02/06,-353,0,-52,-405,48442,3663,418,52523,21.90%,23.75%,
107/02/05,-147,0,-40,-187,48881,3663,470,53014,22.10%,23.97%,
107/02/02,-156,-30,-99,-285,49028,3663,510,53201,22.17%,24.06%,
107/02/01,-379,0,101,-278,49184,3693,609,53486,22.24%,24.19%,
107/01/31,1532,-120,122,1534,49563,3693,508,53764,22.41%,24.31%,
107/01/30,593,-92,-34,467,48027,3813,386,52226,21.71%,23.61%,
107/01/29,-29,0,0,-29,47434,3905,420,51759,21.45%,23.41%,
107/01/26,-92,0,0,-92,47463,3905,420,51788,21.46%,23.42%,
107/01/25,-248,0,0,-248,47555,3905,420,51880,21.50%,23.46%,
107/01/24,-260,-50,0,-310,47803,3905,420,52128,21.61%,23.57%,
107/01/23,-253,0,0,-253,48063,3955,420,52438,21.73%,23.71%,
107/01/22,-45,0,0,-45,48316,3955,420,52691,21.85%,23.83%,
107/01/19,-2,0,0,-2,48361,3955,420,52736,21.87%,23.85%,
107/01/18,-88,0,0,-88,48363,3955,420,52738,21.87%,23.85%,
107/01/17,-70,0,1,-69,48461,3955,420,52836,21.91%,23.89%,
107/01/16,-23,-60,0,-83,48531,3955,419,52905,21.94%,23.92%,
107/01/15,-1,-65,0,-66,48554,4015,419,52988,21.95%,23.96%,
107/01/12,-184,0,-3,-187,48555,4080,419,53054,21.95%,23.98%,
107/01/11,-65,0,1,-64,48739,4080,422,53241,22.04%,24.08%,
107/01/10,-201,0,30,-171,48804,4080,421,53305,22.07%,24.11%,
107/01/09,-87,0,0,-87,49005,4080,391,53476,22.16%,24.18%,
107/01/08,-71,0,0,-71,49092,4080,391,53563,22.20%,24.22%,
107/01/05,-14,0,0,-14,49163,4080,391,53634,22.23%,24.25%,
107/01/04,6,-52,0,-46,49199,4080,391,53670,22.24%,24.26%,
107/01/03,-11,0,0,-11,49193,4132,391,53716,22.24%,24.29%,
107/01/02,-53,0,0,-53,49204,4132,391,53727,22.25%,24.30%,
106/12/29,-20,0,0,-20,49257,4132,391,53780,22.27%,24.32%,
106/12/28,-65,0,2,-63,49277,5452,391,55120,22.28%,24.92%,
106/12/27,29,0,0,29,49342,5452,389,55183,22.31%,24.95%,
106/12/26,6,0,-1,5,49313,5452,389,55154,22.30%,24.94%,
106/12/25,3,0,0,3,49307,5452,390,55149,22.29%,24.93%,
106/12/22,9,0,0,9,49304,5452,390,55146,22.29%,24.93%,
106/12/21,-17,0,1,-16,49295,5452,390,55137,22.29%,24.93%,
106/12/20,31,0,0,31,49312,5452,389,55153,22.30%,24.94%,
106/12/19,16,-33,0,-17,49281,5452,389,55122,22.28%,24.92%,
106/12/18,-57,0,0,-57,49265,5485,389,55139,22.27%,24.93%,
106/12/15,-3,0,0,-3,49322,5485,389,55196,22.30%,24.96%,
106/12/14,-0,-122,0,-122,49325,5485,389,55199,22.30%,24.96%,
106/12/13,-71,0,0,-71,49325,5607,389,55321,22.30%,25.01%,
106/12/12,-8,0,0,-8,49396,5607,389,55392,22.33%,25.04%,
106/12/11,4,0,0,4,49404,5607,389,55400,22.34%,25.05%,
106/12/08,8,0,0,8,49400,5607,389,55396,22.34%,25.05%,
106/12/07,23,-43,0,-20,49485,5607,389,55481,22.37%,25.08%,
106/12/06,-73,0,-3,-76,49462,5650,389,55501,22.36%,25.09%,
106/12/05,22,0,0,22,49535,5650,392,55577,22.40%,25.13%,
106/12/04,31,-20,0,11,49513,5650,392,55555,22.39%,25.12%,
106/12/01,-18,0,-3,-21,49482,5670,392,55544,22.37%,25.11%,
106/11/30,74,0,0,74,49500,5670,395,55565,22.38%,25.12%,
106/11/29,-3,-35,-1,-39,49426,5670,395,55491,22.35%,25.09%,
106/11/28,95,-106,0,-11,49429,5705,396,55530,22.35%,25.11%,
106/11/27,-7,0,-22,-29,49334,5811,396,55541,22.31%,25.12%,
106/11/24,15,-80,-3,-68,49341,5811,418,55570,22.31%,25.13%,
106/11/23,31,0,20,51,49326,5891,421,55638,22.30%,25.15%,
106/11/22,19,0,1,20,49295,5891,401,55587,22.29%,25.14%,
106/11/21,18,0,-1,17,49276,5891,400,55567,22.28%,25.13%,
106/11/20,80,0,1,81,49262,5891,401,55554,22.27%,25.12%,
106/11/17,35,-30,-9,-4,49182,5891,400,55473,22.24%,25.09%,
106/11/16,13,0,-3,10,49147,5921,409,55477,22.22%,25.08%,
106/11/15,69,0,0,69,49134,5921,412,55467,22.22%,25.08%,
106/11/14,11,0,13,24,49065,5921,412,55398,22.18%,25.04%,
106/11/13,-10,0,0,-10,49054,5921,399,55374,22.18%,25.04%,
106/11/10,-59,0,-2,-61,49088,5921,399,55408,22.19%,25.05%,
106/11/09,-255,0,-1,-256,49147,5921,401,55469,22.22%,25.08%,
106/11/08,-38,-33,-11,-82,49402,5921,402,55725,22.34%,25.20%,
106/11/07,-63,0,0,-63,49427,5954,413,55794,22.35%,25.23%,
106/11/06,-33,0,-18,-51,49490,5954,413,55857,22.38%,25.26%,
106/11/03,1,-42,0,-41,49523,5954,431,55908,22.39%,25.28%,
106/11/02,71,-257,-6,-192,49522,5996,431,55949,22.39%,25.30%,
106/11/01,-39,-120,-3,-162,49451,6253,437,56141,22.36%,25.39%,
106/10/31,-29,-150,0,-179,49490,6373,440,56303,22.38%,25.46%,
106/10/30,33,0,0,33,49519,6523,440,56482,22.39%,25.54%,
106/10/27,78,-194,-1,-117,49491,6523,440,56454,22.38%,25.53%,
106/10/26,-157,-36,0,-193,49408,6717,441,56566,22.34%,25.58%,
106/10/25,224,-56,-13,155,49549,6753,441,56743,22.40%,25.65%,
106/10/24,26,-224,-5,-203,49325,6809,454,56588,22.30%,25.58%,
106/10/23,-84,-13,25,-72,49299,7033,459,56791,22.29%,25.68%,
106/10/20,787,-103,1,685,49377,7046,434,56857,22.33%,25.71%,
106/10/19,45,-26,0,19,48509,7149,433,56091,21.93%,25.36%,
106/10/18,41,-41,-13,-13,48464,7175,433,56072,21.91%,25.35%,
106/10/17,36,50,-3,83,48423,7216,446,56085,21.89%,25.36%,
106/10/16,26,-30,0,-4,48387,7166,449,56002,21.88%,25.32%,
106/10/13,101,-40,0,61,48361,7196,449,56006,21.87%,25.33%,
106/10/12,-2,-27,0,-29,48260,7236,449,55945,21.82%,25.30%,
106/10/11,205,0,22,227,48262,7263,449,55974,21.82%,25.31%,
106/10/06,31,0,0,31,48057,7263,427,55747,21.73%,25.21%,
106/10/05,83,-110,0,-27,48026,7263,427,55716,21.71%,25.19%,
106/10/03,0,-5,0,-5,47943,7373,427,55743,21.68%,25.21%,
106/10/02,56,-20,-1,35,47943,7378,427,55748,21.68%,25.21%,
106/09/30,0,30,0,30,47887,7398,428,55713,21.65%,25.19%,
106/09/29,12,0,0,12,47887,7702,428,56017,21.65%,25.33%,
106/09/28,4,-1,-1,2,47875,7702,428,56005,21.65%,25.33%,
106/09/27,-9,80,0,71,47871,7703,429,56003,21.64%,25.32%,
106/09/26,67,0,1,68,47879,7623,429,55931,21.65%,25.29%,
106/09/25,135,0,-55,80,47812,7623,428,55863,21.62%,25.26%,
106/09/22,65,0,0,65,47676,7623,483,55782,21.56%,25.23%,
106/09/21,24,0,0,24,47607,7623,483,55713,21.52%,25.19%,
106/09/20,123,0,-1,122,47579,7623,483,55685,21.51%,25.18%,
106/09/19,86,-25,0,61,47456,7623,484,55563,21.46%,25.13%,
106/09/18,233,-48,-36,149,47370,7648,484,55502,21.42%,25.10%,
106/09/15,132,0,-3,129,47137,7696,520,55353,21.31%,25.03%,
106/09/14,13,0,0,13,47002,7696,523,55221,21.25%,24.97%,
106/09/13,299,-182,-9,108,46984,7696,523,55203,21.24%,24.96%,
106/09/12,55,0,-10,45,46686,7878,532,55096,21.11%,24.91%,
106/09/11,46,0,0,46,46623,7878,542,55043,21.08%,24.89%,
106/09/08,121,-117,0,4,46565,7878,542,54985,21.05%,24.86%,
106/09/07,75,-67,0,8,46435,7995,542,54972,20.99%,24.85%,
106/09/06,120,-60,0,60,46352,8062,542,54956,20.96%,24.85%,
106/09/05,183,-26,0,157,46222,8122,542,54886,20.90%,24.82%,
106/09/04,116,0,0,116,46039,8148,542,54729,20.82%,24.75%,
106/09/01,143,-56,0,87,45919,8148,542,54609,20.76%,24.69%,
106/08/31,270,-137,0,133,45764,8204,542,54510,20.69%,24.65%,
106/08/30,815,-275,30,570,45480,8341,542,54363,20.56%,24.58%,
106/08/29,29,0,0,29,44652,8616,512,53780,20.19%,24.32%,
106/08/28,40,0,0,40,44609,8616,512,53737,20.17%,24.30%,
106/08/25,45,0,0,45,44569,8616,512,53697,20.15%,24.28%,
106/08/24,15,0,0,15,44524,8616,512,53652,20.13%,24.26%,
106/08/23,44,0,0,44,44506,8616,512,53634,20.12%,24.25%,
106/08/22,-97,0,0,-97,44462,8616,512,53590,20.10%,24.23%,
106/08/21,226,0,0,226,44532,8616,512,53660,20.13%,24.26%,
106/08/18,57,-28,8,37,44280,8616,512,53408,20.02%,24.15%,
106/08/17,38,0,2,40,44215,8644,504,53363,19.99%,24.13%,
106/08/16,48,0,10,58,44173,8644,502,53319,19.97%,24.11%,
106/08/15,146,0,0,146,44108,8644,492,53244,19.94%,24.07%,
106/08/14,109,-124,0,-15,43962,8644,492,53098,19.88%,24.01%,
106/08/11,145,-227,0,-82,43846,8768,492,53106,19.82%,24.01%,
106/08/10,152,-8,0,144,43701,8995,492,53188,19.76%,24.05%,
106/08/09,422,-429,0,-7,43544,9003,492,53039,19.69%,23.98%,
106/08/08,356,10,-3,363,43119,9432,492,53043,19.49%,23.98%,
106/08/07,593,-133,-6,454,42752,9422,495,52669,19.33%,23.81%,
106/08/04,155,69,-12,212,42155,9555,501,52211,19.06%,23.61%,
106/08/03,161,0,-7,154,42000,9486,513,51999,18.99%,23.51%,
106/08/02,120,0,0,120,41839,9486,520,51845,18.92%,23.45%,
106/08/01,110,0,1,111,41719,9486,520,51725,18.86%,23.39%,
106/07/31,164,0,-30,134,41609,9486,519,51614,18.81%,23.33%,
106/07/28,707,-380,-18,309,41432,9486,549,51467,18.73%,23.27%,
106/07/27,432,0,-27,405,40711,9866,567,51144,18.41%,23.13%,
106/07/26,1739,0,12,1751,40279,9866,594,50739,18.21%,22.94%,
106/07/25,587,-62,42,567,38541,9866,582,48989,17.42%,22.15%,
106/07/24,663,0,-33,630,37954,9928,540,48422,17.16%,21.89%,
106/07/21,370,105,17,492,37291,9928,573,47792,16.86%,21.61%,
106/07/20,767,0,-21,746,36921,9823,556,47300,16.69%,21.38%,
106/07/19,218,-80,13,151,36154,9823,577,46554,16.35%,21.05%,
106/07/18,192,0,-62,130,35936,9903,564,46403,16.25%,20.98%,
106/07/17,213,-13,-7,193,35744,9903,626,46273,16.16%,20.92%,
106/07/14,230,0,-1,229,35531,9916,633,46080,16.06%,20.83%,
106/07/13,14,0,-5,9,35301,9916,634,45851,15.96%,20.73%,
106/07/12,42,-50,-32,-40,35287,9916,639,45842,15.95%,20.72%,
106/07/11,30,-11,-8,11,35245,9966,671,45882,15.93%,20.74%,
106/07/10,66,0,-24,42,35215,9977,679,45871,15.92%,20.74%,
106/07/07,-56,0,-1,-57,35149,9977,703,45829,15.89%,20.72%,
106/07/06,59,-44,-26,-11,35205,9977,704,45886,15.92%,20.75%,
106/07/05,137,-58,-154,-75,35146,10021,730,45897,15.89%,20.75%,
106/07/04,656,-174,-325,157,35009,10079,884,45972,15.83%,20.79%,
106/07/03,4,-71,588,521,34353,10253,1209,45815,15.53%,20.71%,
106/06/30,-7,-146,14,-139,34349,10324,621,45294,15.53%,20.48%,
106/06/29,-18,-314,1,-331,34356,9453,607,44416,15.53%,20.08%,
106/06/28,199,-379,-35,-215,34374,9767,606,44747,15.54%,20.23%,
106/06/27,176,-34,-21,121,34175,10146,641,44962,15.45%,20.33%,
106/06/26,333,0,-27,306,33999,10180,662,44841,15.37%,20.27%,
106/06/23,16,-112,-21,-117,33673,10180,689,44542,15.22%,20.14%,
106/06/22,119,-145,11,-15,33781,10292,710,44783,15.27%,20.25%,
106/06/21,274,0,-241,33,33538,10437,699,44674,15.16%,20.20%,
106/06/20,97,-387,-93,-383,33264,10437,940,44641,15.04%,20.19%,
106/06/19,566,0,-143,423,33167,10824,1033,45024,14.99%,20.35%,
106/06/16,118,-125,61,54,32601,10824,1176,44601,14.74%,20.17%,
106/06/15,366,-2,48,412,32483,10949,1115,44547,14.69%,20.15%,
106/06/14,53,-100,8,-39,32117,10951,1067,44135,14.52%,19.96%,
106/06/13,61,-50,7,18,32064,11051,1059,44174,14.50%,19.98%,
106/06/12,-20,-98,13,-105,32003,11101,1052,44156,14.47%,19.97%,
106/06/09,-8,-23,10,-21,32023,11199,1039,44261,14.48%,20.01%,
106/06/08,-3,-29,4,-28,32031,11222,1029,44282,14.48%,20.02%,
106/06/07,1,0,7,8,32034,11251,1025,44310,14.48%,20.03%,
106/06/06,98,-38,0,60,32033,11251,1018,44302,14.48%,20.03%,
106/06/05,37,-26,2,13,31935,11289,1018,44242,14.44%,20.01%,
106/06/03,0,-20,-1,-21,31898,11315,1016,44229,14.42%,20.00%,
106/06/02,39,-101,2,-60,31898,11335,1017,44250,14.42%,20.01%,
106/06/01,78,-75,-1,2,31859,11436,1015,44310,14.40%,20.03%,
106/05/31,13,-66,0,-53,31781,11511,1016,44308,14.37%,20.04%,
106/05/26,6,-50,0,-44,31768,11577,1016,44361,14.36%,20.06%,
106/05/25,39,-50,0,-11,31827,11627,1016,44470,14.39%,20.11%,
106/05/24,43,-50,2,-5,31788,11677,1016,44481,14.37%,20.11%,
106/05/23,-6,-30,8,-28,31745,11727,1015,44487,14.35%,20.11%,
106/05/22,22,-80,-1,-59,31751,11757,1007,44515,14.35%,20.12%,
106/05/19,-9,-50,21,-38,31729,11837,1008,44574,14.34%,20.15%,
106/05/18,86,-50,5,41,31738,11887,986,44611,14.35%,20.17%,
106/05/17,89,-175,5,-81,31652,11937,981,44570,14.31%,20.15%,
106/05/16,-8,0,0,-8,31563,12112,976,44651,14.27%,20.19%,
106/05/15,-1,0,-28,-29,31571,12112,976,44659,14.27%,20.19%,
106/05/12,21,-100,5,-74,31572,12112,1004,44688,14.27%,20.20%,
106/05/11,46,-250,77,-127,31551,12212,999,44762,14.26%,20.23%,
106/05/10,7,-70,79,16,31495,12462,922,44879,14.24%,20.29%,
106/05/09,68,-117,259,210,31488,12532,843,44863,14.24%,20.29%,
106/05/08,38,-34,-47,-43,31420,12649,584,44653,14.20%,20.18%,
106/05/05,-25,189,-5,159,31382,12683,631,44696,14.19%,20.21%,
106/05/04,-85,0,-24,-109,31407,12494,636,44537,14.20%,20.14%,
106/05/03,-10,0,180,170,31492,12494,660,44646,14.24%,20.19%,
106/05/02,-32,0,0,-32,31502,12494,480,44476,14.24%,20.11%,
106/04/28,56,0,0,56,31534,12494,480,44508,14.26%,20.13%,
106/04/27,259,-20,5,244,31478,12494,480,44452,14.23%,20.10%,
106/04/26,-8,0,0,-8,31218,12514,475,44207,14.11%,19.98%,
106/04/25,7,0,-19,-12,31226,12514,475,44215,14.12%,19.99%,
106/04/24,-39,0,15,-24,31219,12514,494,44227,14.11%,19.99%,
106/04/21,-109,47,0,-62,31258,12514,479,44251,14.13%,20.01%,
106/04/20,-33,0,-7,-40,31367,12467,479,44313,14.18%,20.03%,
106/04/19,8,0,-12,-4,31400,12467,486,44353,14.20%,20.06%,
106/04/18,-139,-143,-24,-306,31392,12467,498,44357,14.19%,20.05%,
106/04/17,-71,-22,-7,-100,31531,12610,522,44663,14.25%,20.19%,
106/04/14,96,-104,-10,-18,31602,12632,529,44763,14.29%,20.24%,
106/04/13,-896,-21,-3,-920,31506,12736,539,44781,14.24%,20.24%,
106/04/12,-575,-19,-1,-595,32401,12757,542,45700,14.65%,20.66%,
106/04/11,-138,-100,-3,-241,32976,12776,543,46295,14.91%,20.93%,
106/04/10,146,-100,-5,41,33114,12876,546,46536,14.97%,21.04%,
106/04/07,211,-40,-57,114,32968,12976,551,46495,14.90%,21.02%,
106/04/06,-114,0,-69,-183,32757,13016,608,46381,14.81%,20.97%,
106/04/05,248,0,40,288,32871,13016,677,46564,14.86%,21.05%,
106/03/31,39,0,-6,33,32623,13016,637,46276,14.75%,20.92%,
106/03/30,118,-50,-5,63,32584,16391,643,49618,14.73%,22.43%,
106/03/29,69,-18,-8,43,32466,16441,648,49555,14.68%,22.41%,
106/03/28,227,-106,9,130,32397,16459,656,49512,14.65%,22.39%,
106/03/27,250,-50,-42,158,32170,16565,647,49382,14.54%,22.32%,
106/03/24,104,0,-52,52,31921,16615,689,49225,14.43%,22.26%,
106/03/23,-126,-30,-44,-200,31835,16615,741,49191,14.39%,22.24%,
106/03/22,342,-171,57,228,31961,16645,785,49391,14.45%,22.33%,
106/03/21,113,0,-156,-43,31619,16816,728,49163,14.29%,22.22%,
106/03/20,80,0,-15,65,31504,16816,884,49204,14.24%,22.24%,
106/03/17,-10,0,-21,-31,31420,16816,899,49135,14.20%,22.21%,
106/03/16,47,0,-35,12,31418,16816,920,49154,14.20%,22.22%,
106/03/15,43,0,-25,18,31366,16816,955,49137,14.18%,22.22%,
106/03/14,5,0,-60,-55,31321,16816,980,49117,14.16%,22.21%,
106/03/13,32,20,-54,-2,31316,16816,1040,49172,14.16%,22.24%,
106/03/10,-19,30,-66,-55,31284,16796,1094,49174,14.14%,22.23%,
106/03/09,68,0,-95,-27,31293,16766,1160,49219,14.15%,22.26%,
106/03/08,101,20,-111,10,31228,16766,1255,49249,14.12%,22.27%,
106/03/07,215,0,-58,157,31225,16746,1366,49337,14.12%,22.31%,
106/03/06,440,0,140,580,30998,16746,1424,49168,14.01%,22.23%,
106/03/03,356,-209,-6,141,30552,16746,1284,48582,13.81%,21.96%,
106/03/02,122,-16,20,126,30194,16955,1290,48439,13.65%,21.90%,
106/03/01,23,0,-66,-43,30064,16971,1270,48305,13.59%,21.84%,
106/02/24,148,-118,-34,-4,30041,16971,1336,48348,13.58%,21.86%,
106/02/23,673,218,113,1004,29893,17089,1370,48352,13.51%,21.86%,
106/02/22,43,0,5,48,29220,16871,1257,47348,13.21%,21.41%,
106/02/21,128,0,1,129,29177,16871,1252,47300,13.19%,21.39%,
106/02/20,106,-44,-45,17,29049,16871,1251,47171,13.13%,21.33%,
106/02/18,195,-60,21,156,28943,16915,1296,47154,13.08%,21.32%,
106/02/17,-58,-45,-50,-153,28748,16975,1275,46998,13.00%,21.25%,
106/02/16,-81,-55,-79,-215,28807,17020,1325,47152,13.02%,21.32%,
106/02/15,-212,-60,-171,-443,28888,17075,1404,47367,13.06%,21.42%,
106/02/14,1268,203,101,1572,29100,17135,1575,47810,13.16%,21.62%,
106/02/13,1398,-8,111,1501,27832,16932,1474,46238,12.58%,20.90%,
106/02/10,-87,-73,-8,-168,26434,16940,1363,44737,11.95%,20.23%,
106/02/09,-317,0,39,-278,26521,17013,1371,44905,11.99%,20.30%,
106/02/08,-92,-41,66,-67,26838,17013,1332,45183,12.13%,20.43%,
106/02/07,-276,0,-25,-301,26930,17054,1266,45250,12.17%,20.46%,
106/02/06,242,100,80,422,27206,17054,1291,45551,12.30%,20.60%,
106/02/03,67,295,-15,347,27003,16954,1211,45168,12.21%,20.42%,
106/02/02,173,122,-152,143,26936,16659,1226,44821,12.18%,20.27%,
106/01/24,-107,-387,29,-465,26763,16537,1378,44678,12.10%,20.20%,
106/01/23,-511,-17,-5,-533,26871,16924,1349,45144,12.15%,20.41%,
106/01/20,-975,-219,42,-1152,27381,16941,1354,45676,12.38%,20.65%,
106/01/19,-467,-264,5,-726,28356,17160,1312,46828,12.82%,21.17%,
106/01/18,-275,-204,-40,-519,28823,17424,1307,47554,13.03%,21.50%,
106/01/17,-477,41,-268,-704,29047,17628,1347,48022,13.13%,21.71%,
106/01/16,95,-322,59,-168,29524,17587,1615,48726,13.35%,22.03%,
106/01/13,-277,-207,63,-421,29429,17909,1556,48894,13.30%,22.10%,
106/01/12,-100,0,0,-100,29706,18116,1493,49315,13.43%,22.30%,
106/01/11,-380,-131,-20,-531,29806,18116,1493,49415,13.47%,22.34%,
106/01/10,-368,-672,10,-1030,30186,18247,1513,49946,13.65%,22.59%,
106/01/09,-525,-268,2,-791,30554,18919,1503,50976,13.81%,23.05%,
106/01/06,33,128,-1,160,31079,19187,1501,51767,14.05%,23.41%,
106/01/05,232,0,55,287,31046,19059,1502,51607,14.04%,23.34%,
106/01/04,-116,-250,25,-341,30814,19059,1447,51320,13.93%,23.20%,
106/01/03,21,0,63,84,30930,19309,1422,51661,13.98%,23.36%,
105/12/30,-130,165,151,186,30909,19309,1359,51577,13.97%,23.32%,
105/12/29,-246,155,68,-23,31039,19144,1208,51391,14.03%,23.23%,
105/12/28,-288,121,0,-167,31285,18989,1140,51414,14.14%,23.24%,
105/12/27,-81,-474,34,-521,31573,18868,1140,51581,14.27%,23.32%,
105/12/26,59,-481,-85,-507,31654,19342,1106,52102,14.31%,23.56%,
105/12/23,-458,0,14,-444,31595,19823,1191,52609,14.28%,23.78%,
105/12/22,-104,0,-55,-159,32053,19823,1177,53053,14.49%,23.99%,
105/12/21,-43,0,0,-43,32157,19823,1232,53212,14.54%,24.06%,
105/12/20,65,-10,-5,50,32200,19823,1232,53255,14.56%,24.08%,
105/12/19,-47,-110,61,-96,32135,19833,1237,53205,14.53%,24.06%,
105/12/16,112,0,-18,94,32182,19943,1176,53301,14.55%,24.10%,
105/12/15,-129,10,-2,-121,32020,19943,1194,53157,14.48%,24.04%,
105/12/14,139,15,7,161,32109,19933,1196,53238,14.52%,24.08%,
105/12/13,-3,20,16,33,31970,19918,1189,53077,14.45%,24.00%,
105/12/12,22,0,-15,7,31973,19898,1173,53044,14.45%,23.98%,
105/12/09,6,0,9,15,31951,19898,1188,53037,14.44%,23.98%,
105/12/08,-100,-102,-46,-248,31945,19898,1179,53022,14.44%,23.97%,
105/12/07,-229,0,-222,-451,32045,20000,1225,53270,14.49%,24.09%,
105/12/06,90,0,-7,83,32252,20000,1447,53699,14.58%,24.28%,
105/12/05,-48,0,-13,-61,32147,20000,1454,53601,14.53%,24.23%,
105/12/02,-129,24,-2,-107,32195,20000,1467,53662,14.55%,24.26%,
105/12/01,48,0,289,337,32324,19976,1469,53769,14.61%,24.31%,
105/11/30,3,0,1,4,32276,19976,1180,53432,14.59%,24.16%,
105/11/29,67,20,-38,49,32273,19976,1179,53428,14.59%,24.16%,
105/11/28,-114,10,18,-86,32206,19956,1217,53379,14.56%,24.14%,
105/11/25,34,0,22,56,32320,19946,1199,53465,14.61%,24.17%,
105/11/24,-147,0,45,-102,32286,19946,1177,53409,14.60%,24.15%,
105/11/23,13,30,-31,12,32433,19946,1132,53511,14.66%,24.19%,
105/11/22,-289,50,-192,-431,32420,19916,1163,53499,14.66%,24.19%,
105/11/21,431,41,-19,453,32709,19866,1355,53930,14.79%,24.39%,
105/11/18,160,88,0,248,32278,19825,1374,53477,14.59%,24.18%,
105/11/17,-258,40,-80,-298,32211,19737,1374,53322,14.56%,24.11%,
105/11/16,-15,98,-1,82,32469,19697,1454,53620,14.68%,24.25%,
105/11/15,-478,185,95,-198,32484,19599,1455,53538,14.69%,24.21%,
105/11/14,-473,723,-13,237,32962,19414,1360,53736,14.90%,24.29%,
105/11/11,-858,805,-125,-178,33435,18691,1373,53499,15.12%,24.19%,
105/11/10,-224,300,237,313,34293,17886,1498,53677,15.50%,24.27%,
105/11/09,159,-160,-112,-113,34423,17586,1261,53270,15.56%,24.08%,
105/11/08,-518,682,35,199,34261,17746,1373,53380,15.49%,24.14%,
105/11/07,-684,-94,145,-633,34780,17064,1338,53182,15.72%,24.04%,
105/11/04,-1785,163,-86,-1708,35463,17158,1193,53814,16.03%,24.33%,
105/11/03,0,0,0,0,37249,16995,1279,55523,16.84%,23.45%,
105/11/02,0,0,0,0,37249,16995,1279,55523,16.84%,23.45%,
105/11/01,0,0,0,0,46561,16995,1279,64835,16.84%,23.45%,
105/10/31,0,0,0,0,46561,16995,1279,64835,16.84%,23.45%,
105/10/28,0,0,0,0,46561,16995,1279,64835,16.84%,23.45%,
105/10/27,0,0,0,0,46561,16995,1279,64835,16.84%,23.45%,
105/10/26,0,0,0,0,46561,16995,1279,64835,16.84%,23.45%,
105/10/25,0,0,0,0,46561,16995,1279,64835,16.84%,23.45%,
105/10/24,0,0,0,0,46561,16995,1279,64835,16.84%,23.45%,
105/10/21,0,0,0,0,46561,16995,1279,64835,16.84%,23.45%,
105/10/20,-271,-406,537,-140,46561,16995,1279,64835,16.84%,23.45%,
105/10/19,-82,-99,234,53,46832,17401,742,64975,16.94%,23.50%,
105/10/18,-184,-213,-106,-503,46914,17500,508,64922,16.97%,23.49%,
105/10/17,653,211,56,920,47098,17713,614,65425,17.03%,23.66%,
105/10/14,156,-107,-175,-126,46445,17502,558,64505,16.80%,23.33%,
105/10/13,-168,0,-35,-203,46289,17609,733,64631,16.74%,23.38%,
105/10/12,-214,60,-27,-181,46457,17609,768,64834,16.80%,23.45%,
105/10/11,-665,-18,-148,-831,46671,17549,795,65015,16.88%,23.52%,
105/10/07,3465,551,470,4486,47536,17567,943,66046,17.19%,23.89%,
105/10/06,723,0,272,995,44071,17016,473,61560,15.94%,22.27%,
105/10/05,-58,-100,36,-122,43348,17016,201,60565,15.68%,21.91%,
105/10/04,369,237,1,607,43406,17116,165,60687,15.70%,21.95%,
105/10/03,-12,0,0,-12,43037,16879,164,60080,15.57%,21.74%,
105/09/30,-285,0,12,-273,43049,16879,164,60092,15.57%,21.74%,
105/09/29,576,0,11,587,43334,18261,152,61747,15.67%,22.33%,
105/09/26,-174,20,-1,-155,42758,18261,141,61160,15.46%,22.12%,
105/09/23,-13,30,-40,-23,42932,18241,142,61315,15.53%,22.18%,
105/09/22,-220,-200,-20,-440,42945,18211,182,61338,15.53%,22.18%,
105/09/21,-8,0,-60,-68,43165,18411,202,61778,15.61%,22.34%,
105/09/20,272,0,85,357,43173,18411,262,61846,15.61%,22.37%,
105/09/19,280,0,-28,252,42901,18411,177,61489,15.52%,22.25%,
105/09/14,58,39,-44,53,42621,18411,205,61237,15.41%,22.15%,
105/09/13,-296,241,42,-13,42563,18372,249,61184,15.39%,22.13%,
105/09/12,210,-14,52,248,42859,18131,207,61197,15.50%,22.13%,
105/09/10,0,-125,11,-114,42649,18145,155,60949,15.43%,22.05%,
105/09/09,70,-243,-107,-280,42649,18270,144,61063,15.43%,22.09%,
105/09/08,-15,-140,-21,-176,42589,18513,251,61353,15.40%,22.19%,
105/09/07,-24,-347,-16,-387,42604,18653,272,61529,15.41%,22.26%,
105/09/06,210,0,-30,180,42628,19000,288,61916,15.42%,22.40%,
105/09/05,-128,68,6,-54,42418,19000,318,61736,15.34%,22.33%,
105/09/02,124,211,-17,318,42546,18932,312,61790,15.39%,22.35%,
105/09/01,302,-204,-30,68,42422,18721,329,61472,15.34%,22.23%,
105/08/31,424,-80,-56,288,42120,18925,359,61404,15.23%,22.21%,
105/08/30,150,-493,0,-343,41696,19005,415,61116,15.08%,22.11%,
105/08/29,-13,0,82,69,41546,19498,415,61459,15.03%,22.23%,
105/08/26,102,0,-14,88,41549,19498,333,61380,15.03%,22.20%,
105/08/25,-57,150,0,93,41447,19498,347,61292,14.99%,22.17%,
105/08/24,13,187,0,200,41304,19348,347,60999,14.94%,22.07%,
105/08/23,784,182,-6,960,41291,19161,347,60799,14.93%,21.99%,
105/08/22,401,-33,-40,328,40507,18979,353,59839,14.65%,21.64%,
105/08/19,637,-130,-359,148,40106,19012,393,59511,14.50%,21.52%,
105/08/18,463,145,465,1073,39469,19142,752,59363,14.27%,21.47%,
105/08/17,801,355,-27,1129,39006,18997,287,58290,14.11%,21.09%,
105/08/16,146,-255,-31,-140,38205,18642,314,57161,13.82%,20.68%,
105/08/15,39,257,28,324,38068,18897,345,57310,13.77%,20.73%,
105/08/12,680,492,-210,962,38028,18640,317,56985,13.75%,20.61%,
105/08/11,413,1167,106,1686,37348,18148,527,56023,13.51%,20.27%,
105/08/10,999,2311,-84,3226,36935,16981,421,54337,13.36%,19.66%,
105/08/09,619,1050,-247,1422,35936,14670,505,51111,13.00%,18.49%,
105/08/08,-510,-3,0,-513,35372,13620,752,49744,12.79%,17.99%,
105/08/05,-24,632,127,735,35882,13623,752,50257,12.98%,18.18%,
105/08/04,381,50,65,496,35906,12991,625,49522,12.99%,17.92%,
105/08/03,-139,45,96,2,35525,12941,560,49026,12.85%,17.73%,
105/08/02,72,0,5,77,35664,12896,464,49024,12.90%,17.73%,
105/08/01,-528,0,203,-325,35592,12896,459,48947,12.87%,17.70%,
105/07/29,-491,105,1,-385,36107,12896,256,49259,13.06%,17.82%,
105/07/28,685,0,-107,578,36598,12791,255,49644,13.24%,17.96%,
105/07/27,414,-2,-142,270,35902,12791,362,49055,12.98%,17.74%,
105/07/26,197,100,-113,184,35488,12793,504,48785,12.83%,17.64%,
105/07/25,1440,30,-51,1419,35291,12693,617,48601,12.76%,17.58%,
105/07/22,143,-10,-64,69,33851,12663,668,47182,12.24%,17.06%,
105/07/21,159,112,73,344,33708,12673,732,47113,12.19%,17.04%,
105/07/20,278,73,34,385,33549,12561,659,46769,12.13%,16.91%,
105/07/19,813,600,-108,1305,33271,12488,625,46384,12.03%,16.77%,
105/07/18,110,1678,-72,1716,32448,11888,733,45069,11.73%,16.30%,
105/07/15,1412,481,129,2022,32328,10210,805,43343,11.69%,15.68%,
105/07/14,531,1163,-198,1496,30916,9729,676,41321,11.18%,14.94%,
105/07/13,-372,897,-198,327,30375,8566,874,39815,10.98%,14.40%,
105/07/12,467,1134,-505,1096,30747,7669,1072,39488,11.12%,14.28%,
105/07/11,-56,0,-97,-153,30270,6535,1577,38382,10.95%,13.88%,
105/07/07,-43,0,50,7,30326,6535,1674,38535,10.97%,13.94%,
105/07/06,-418,303,61,-54,30369,6535,1624,38528,10.98%,13.93%,
105/07/05,-408,420,134,146,30800,6232,1563,38595,11.14%,13.96%,
105/07/04,-126,200,25,99,31208,5812,1429,38449,11.29%,13.91%,
105/07/01,173,0,0,173,31334,5612,1404,38350,11.33%,13.87%,
105/06/30,315,0,0,315,31161,5612,1404,38177,11.27%,13.81%,
105/06/29,107,0,-89,18,30846,5834,1404,38084,11.15%,13.77%,
105/06/28,126,0,-99,27,30829,5834,1493,38156,11.15%,13.80%,
105/06/27,99,74,13,186,30703,5834,1592,38129,11.10%,13.79%,
105/06/24,310,51,45,406,30604,5760,1579,37943,11.07%,13.73%,
105/06/23,-240,0,29,-211,30294,5709,1534,37537,10.96%,13.58%,
105/06/22,197,70,45,312,30534,5709,1505,37748,11.04%,13.65%,
105/06/21,140,91,-127,104,30337,5639,1460,37436,10.97%,13.54%,
105/06/20,-246,208,312,274,30197,5548,1587,37332,10.92%,13.50%,
105/06/17,829,85,216,1130,30430,5340,1275,37045,11.00%,13.39%,
105/06/16,517,0,30,547,29601,5255,1059,35915,10.70%,12.98%,
105/06/15,204,140,-275,69,29094,5255,1029,35378,10.52%,12.79%,
105/06/14,686,25,100,811,28890,5115,1304,35309,10.45%,12.77%,
105/06/13,168,9,40,217,28194,5090,1204,34488,10.20%,12.48%,
105/06/08,802,320,30,1152,28026,5081,1164,34271,10.13%,12.39%,
105/06/07,977,530,10,1517,27224,4761,1134,33119,9.84%,11.97%,
105/06/06,-107,1042,18,953,26247,4231,1124,31602,9.49%,11.43%,
105/06/04,0,425,81,506,26354,3189,1106,30649,9.53%,11.08%,
105/06/03,-9,0,38,29,26354,2764,1025,30143,9.53%,10.90%,
105/06/02,129,0,30,159,26373,2764,987,30124,9.54%,10.90%,
105/06/01,-131,250,190,309,26244,2764,957,29965,9.49%,10.84%,
105/05/31,140,250,60,450,26375,2514,767,29656,9.54%,10.73%,
105/05/30,68,250,0,318,26235,2264,707,29206,9.49%,10.56%,
105/05/27,-161,0,0,-161,26167,2014,707,28888,9.46%,10.44%,
105/05/26,128,0,2,130,26328,2014,707,29049,9.52%,10.50%,
105/05/25,62,0,15,77,26200,2014,705,28919,9.47%,10.45%,
105/05/24,16,0,1,17,26138,2014,690,28842,9.45%,10.43%,
105/05/23,314,0,104,418,26122,2014,689,28825,9.45%,10.43%,
105/05/20,96,0,0,96,25808,2014,585,28407,9.33%,10.27%,
105/05/19,-51,0,0,-51,25702,2014,585,28301,9.29%,10.23%,
105/05/18,729,0,30,759,25753,2014,585,28352,9.31%,10.25%,
105/05/17,18,0,0,18,25043,2014,555,27612,9.06%,9.99%,
105/05/16,-27,0,64,37,25025,2014,555,27594,9.05%,9.98%,
105/05/13,-102,332,40,270,25052,2014,491,27557,9.06%,9.97%,
105/05/12,12,790,390,1192,25153,1682,451,27286,9.10%,9.87%,
105/05/11,255,800,-2,1053,25141,892,61,26094,9.09%,9.43%,
105/05/10,42,0,2,44,24886,92,63,25041,9.00%,9.06%,
105/05/09,-95,0,0,-95,24844,92,61,24997,8.98%,9.04%,
105/05/06,-23,0,0,-23,24939,92,61,25092,9.02%,9.08%,
105/05/05,160,0,4,164,24962,92,61,25115,9.03%,9.09%,
105/05/04,-129,0,-8,-137,24802,92,57,24951,8.97%,9.02%,
105/05/03,-106,0,-48,-154,24931,92,65,25088,9.01%,9.07%,
105/04/29,95,0,-25,70,25037,92,113,25242,9.05%,9.12%,
105/04/28,0,0,0,0,24942,92,138,25172,9.02%,9.10%,
105/04/27,-81,0,0,-81,24942,92,138,25172,9.02%,9.10%,
105/04/26,10,0,3,13,25023,92,138,25253,9.05%,9.13%,
105/04/25,22,0,0,22,25013,92,135,25240,9.04%,9.12%,
105/04/22,32,0,0,32,24991,92,135,25218,9.04%,9.12%,
105/04/21,12,0,-5,7,24869,92,135,25096,8.99%,9.07%,
105/04/20,5,0,0,5,24857,92,140,25089,8.99%,9.07%,
105/04/19,5,0,0,5,24852,92,140,25084,8.99%,9.07%,
105/04/18,4,0,-4,0,24847,92,140,25079,8.98%,9.06%,
105/04/15,-61,-37,0,-98,24843,92,144,25079,8.98%,9.07%,
105/04/14,51,0,0,51,24904,129,144,25177,9.01%,9.11%,
105/04/13,-14,0,0,-14,24853,129,144,25126,8.99%,9.09%,
105/04/12,-377,0,0,-377,24867,129,144,25140,8.99%,9.09%,
105/04/11,-23,0,0,-23,25244,129,144,25517,9.13%,9.23%,
105/04/08,132,0,0,132,25267,129,144,25540,9.14%,9.24%,
105/04/07,-17,0,-1,-18,25135,129,144,25408,9.09%,9.19%,
105/04/06,-15,0,1,-14,25152,129,145,25426,9.09%,9.19%,
105/04/01,-29,0,-3,-32,25167,129,144,25440,9.10%,9.20%,
105/03/31,24,0,0,24,25196,129,147,25472,9.11%,9.21%,
105/03/30,-51,0,0,-51,25196,129,147,25472,9.11%,9.21%,
105/03/29,-38,0,0,-38,25247,129,147,25523,9.13%,9.23%,
105/03/28,1,0,1,2,25285,129,147,25561,9.14%,9.24%,
105/03/25,-5,0,0,-5,25284,129,146,25559,9.14%,9.24%,
105/03/24,-13,0,0,-13,25289,129,146,25564,9.14%,9.24%,
105/03/23,-24,0,0,-24,25302,129,146,25577,9.15%,9.25%,
105/03/22,-5,0,-2,-7,25326,129,146,25601,9.16%,9.26%,
105/03/21,-7,0,0,-7,25331,129,148,25608,9.16%,9.26%,
105/03/18,-6,0,0,-6,25338,129,148,25615,9.16%,9.26%,
105/03/17,19,0,20,39,25344,129,148,25621,9.16%,9.26%,
105/03/16,27,0,10,37,25325,129,128,25582,9.16%,9.25%,
105/03/15,-12,0,0,-12,25298,129,118,25545,9.15%,9.24%,
105/03/14,9,0,1,10,25310,129,118,25557,9.15%,9.24%,
105/03/11,5,0,1,6,25301,129,117,25547,9.15%,9.24%,
105/03/10,79,0,-3,76,25296,129,116,25541,9.15%,9.24%,
105/03/09,135,0,2,137,25217,129,119,25465,9.12%,9.21%,
105/03/08,24,0,-6,18,25082,129,117,25328,9.07%,9.16%,
105/03/07,6,0,0,6,25058,129,123,25310,9.06%,9.15%,
105/03/04,42,0,0,42,25052,129,123,25304,9.06%,9.15%,
105/03/03,43,0,0,43,25020,129,123,25272,9.05%,9.14%,
105/03/02,81,0,0,81,24977,129,123,25229,9.03%,9.12%,
105/03/01,29,0,0,29,24896,129,123,25148,9.00%,9.09%,
105/02/26,14,0,0,14,24867,129,123,25119,8.99%,9.08%,
105/02/25,17,0,0,17,24853,129,123,25105,8.99%,9.08%,
105/02/24,9,0,0,9,24836,129,123,25088,8.98%,9.07%,
105/02/23,24,0,-1,23,24827,129,123,25079,8.98%,9.07%,
105/02/22,29,0,-1,28,24803,129,124,25056,8.97%,9.06%,
105/02/19,4,0,0,4,24774,129,125,25028,8.96%,9.05%,
105/02/18,-52,0,5,-47,24770,129,125,25024,8.96%,9.05%,
105/02/17,13,0,0,13,24822,129,120,25071,8.98%,9.07%,
105/02/16,51,0,2,53,24809,129,120,25058,8.97%,9.06%,
105/02/15,7,0,95,102,24758,129,118,25005,8.95%,9.04%,
105/02/03,66,0,0,66,24751,129,23,24903,8.95%,9.00%,
105/02/02,19,0,0,19,24675,129,23,24827,8.92%,8.97%,
105/02/01,45,0,-9,36,24656,129,23,24808,8.92%,8.97%,
105/01/30,0,17,0,17,24611,129,32,24772,8.90%,8.96%,
105/01/29,8,0,0,8,24611,112,32,24755,8.90%,8.95%,
105/01/28,-15,0,0,-15,24603,112,32,24747,8.90%,8.95%,
105/01/27,7,0,0,7,24618,112,32,24762,8.90%,8.95%,
105/01/26,6,0,0,6,24611,112,32,24755,8.90%,8.95%,
105/01/25,-25,0,11,-14,24605,112,32,24749,8.90%,8.95%,
105/01/22,-80,0,0,-80,24630,112,21,24763,8.91%,8.96%,
105/01/21,-22,0,0,-22,24710,112,21,24843,8.94%,8.99%,
105/01/20,-60,-15,0,-75,24732,112,21,24865,8.94%,8.99%,
105/01/19,-8,0,9,1,24792,127,21,24940,8.96%,9.01%,
105/01/18,37,0,-5,32,24800,127,12,24939,8.97%,9.02%,
105/01/15,-51,-15,0,-66,24763,127,17,24907,8.95%,9.00%,
105/01/14,-100,0,0,-100,24814,142,17,24973,8.97%,9.03%,
105/01/13,-3,0,0,-3,24914,142,17,25073,9.01%,9.07%,
105/01/12,-54,0,0,-54,24917,142,17,25076,9.01%,9.07%,
105/01/11,-45,0,0,-45,24971,142,17,25130,9.03%,9.09%,
105/01/08,-28,0,1,-27,25016,142,17,25175,9.05%,9.11%,
105/01/07,-44,0,0,-44,25044,142,16,25202,9.06%,9.12%,
105/01/06,-13,0,0,-13,25088,142,16,25246,9.07%,9.13%,
105/01/05,-18,0,-2,-20,25101,142,16,25259,9.08%,9.14%,
105/01/04,-17,0,10,-7,25119,142,18,25279,9.08%,9.14%,
104/12/31,-4,0,2,-2,25136,142,8,25286,9.09%,9.14%,
104/12/30,-18,0,1,-17,25140,142,6,25288,9.09%,9.14%,
104/12/29,-15,53,-8,30,25158,142,5,25305,9.10%,9.15%,
104/12/28,4,66,0,70,25173,89,13,25275,9.10%,9.14%,
104/12/25,7,0,0,7,25169,23,13,25205,9.10%,9.11%,
104/12/24,2,0,0,2,25162,23,13,25198,9.10%,9.11%,
104/12/23,-4,0,3,-1,25160,23,13,25196,9.10%,9.11%,
104/12/22,-14,0,0,-14,25164,23,10,25197,9.10%,9.11%,
104/12/21,-2,0,0,-2,25178,23,10,25211,9.10%,9.11%,
104/12/18,40,0,0,40,25180,23,10,25213,9.11%,9.12%,
104/12/17,6,0,0,6,25159,23,10,25192,9.10%,9.11%,
104/12/16,25,0,0,25,25153,23,10,25186,9.10%,9.11%,
104/12/15,24,0,2,26,25128,23,10,25161,9.09%,9.10%,
104/12/14,39,0,0,39,25104,23,8,25135,9.08%,9.09%,
104/12/11,-15,0,0,-15,25065,23,8,25096,9.06%,9.07%,
104/12/10,-63,0,0,-63,25080,23,8,25111,9.07%,9.08%,
104/12/09,-43,0,0,-43,25143,23,8,25174,9.09%,9.10%,
104/12/08,-25,0,0,-25,25186,23,8,25217,9.11%,9.12%,
104/12/07,4,0,0,4,25212,23,8,25243,9.12%,9.13%,
104/12/04,-8,0,-2,-10,25208,23,8,25239,9.11%,9.12%,
104/12/03,-15,0,2,-13,25216,23,10,25249,9.12%,9.13%,
104/12/02,-23,0,0,-23,25231,23,8,25262,9.12%,9.13%,
104/12/01,-26,0,-1,-27,25254,23,8,25285,9.13%,9.14%,
104/11/30,-39,0,0,-39,25280,23,9,25312,9.14%,9.15%,
104/11/27,2,0,0,2,25319,23,9,25351,9.16%,9.17%,
104/11/26,-3,0,0,-3,25317,23,9,25349,9.15%,9.16%,
104/11/25,-2,0,0,-2,25320,23,9,25352,9.16%,9.17%,
104/11/24,8,0,0,8,25322,23,9,25354,9.16%,9.17%,
104/11/23,5,0,-1,4,25314,23,9,25346,9.15%,9.16%,
104/11/20,6,0,0,6,25309,23,10,25342,9.15%,9.16%,
104/11/19,-8,0,0,-8,25303,23,10,25336,9.15%,9.16%,
104/11/18,18,0,0,18,25311,23,10,25344,9.15%,9.16%,
104/11/17,17,0,1,18,25293,23,10,25326,9.15%,9.16%,
104/11/16,-32,0,-2,-34,25276,23,9,25308,9.14%,9.15%,
104/11/13,-72,0,1,-71,25308,23,11,25342,9.15%,9.16%,
104/11/12,-6,0,0,-6,25380,23,10,25413,9.18%,9.19%,
104/11/11,-32,0,0,-32,25386,23,10,25419,9.18%,9.19%,
104/11/10,20,0,0,20,25418,23,10,25451,9.19%,9.20%,
104/11/09,-48,0,-1,-49,25398,23,10,25431,9.18%,9.19%,
104/11/06,-18,0,0,-18,25446,23,11,25480,9.20%,9.21%,
104/11/05,25,0,0,25,25464,23,11,25498,9.21%,9.22%,
104/11/04,187,13,1,201,25439,23,11,25473,9.20%,9.21%,
104/11/03,11,0,7,18,25252,10,10,25272,9.13%,9.14%,
104/11/02,-2,0,0,-2,25241,10,3,25254,9.13%,9.13%,
104/10/30,-48,0,0,-48,25243,10,3,25256,9.13%,9.13%,
104/10/29,-38,0,0,-38,25291,10,3,25304,9.14%,9.14%,
104/10/28,-3,0,0,-3,25329,10,3,25342,9.16%,9.16%,
104/10/27,-15,0,0,-15,25332,10,3,25345,9.16%,9.16%,
104/10/26,-19,0,0,-19,25347,10,3,25360,9.17%,9.17%,
104/10/23,-8,0,0,-8,25366,10,3,25379,9.17%,9.17%,
104/10/22,-1,0,0,-1,25374,10,3,25387,9.17%,9.17%,
104/10/21,-27,0,0,-27,25375,10,3,25388,9.18%,9.18%,
104/10/20,43,0,-5,38,25402,10,3,25415,9.19%,9.19%,
104/10/19,-11,0,0,-11,25359,10,8,25377,9.17%,9.18%,
104/10/16,3,0,0,3,25370,10,8,25388,9.17%,9.18%,
104/10/15,36,0,0,36,25367,10,8,25385,9.17%,9.18%,
104/10/14,12,0,0,12,25331,10,8,25349,9.16%,9.17%,
104/10/13,41,0,0,41,25319,10,8,25337,9.16%,9.17%,
104/10/12,20,0,0,20,25278,10,8,25296,9.14%,9.15%,
104/10/08,1,0,0,1,25258,10,8,25276,9.13%,9.14%,
104/10/07,-2,0,0,-2,25257,10,8,25275,9.13%,9.14%,
104/10/06,-15,0,0,-15,25259,10,8,25277,9.13%,9.14%,
104/10/05,11,0,5,16,25274,10,8,25292,9.14%,9.15%,
104/10/02,9,10,0,19,25263,10,3,25276,9.13%,9.13%,
104/10/01,144,0,0,144,25254,0,3,25257,9.13%,9.13%,
104/09/30,18,0,0,18,25110,0,3,25113,9.08%,9.08%,
104/09/25,-19,0,-1,-20,25092,0,3,25095,9.07%,9.07%,
104/09/24,-46,0,1,-45,25111,0,4,25115,9.08%,9.08%,
104/09/23,-37,0,0,-37,25157,0,3,25160,9.10%,9.10%,
104/09/22,-21,0,0,-21,25194,0,3,25197,9.11%,9.11%,
104/09/21,-23,-136,-1,-160,25215,0,3,25218,9.12%,9.12%,
104/09/18,12,0,0,12,25214,0,4,25218,9.12%,9.12%,
104/09/17,-15,0,1,-14,25202,0,4,25206,9.11%,9.11%,
104/09/16,59,0,0,59,25217,0,3,25220,9.12%,9.12%,
104/09/15,13,0,0,13,25158,0,3,25161,9.10%,9.10%,
104/09/14,6,0,0,6,25145,0,3,25148,9.09%,9.09%,
104/09/11,-8,0,-1,-9,25139,0,3,25142,9.09%,9.09%,
104/09/10,9,0,0,9,25147,0,4,25151,9.09%,9.09%,
104/09/09,79,0,-49,30,25138,0,4,25142,9.09%,9.09%,
104/09/08,3,-90,0,-87,25059,0,53,25112,9.06%,9.08%,
104/09/07,5,-150,16,-129,25056,0,53,25109,9.06%,9.08%,
104/09/04,19,-120,-2,-103,25051,0,37,25088,9.06%,9.07%,
104/09/03,-12,-140,34,-118,25032,0,39,25071,9.05%,9.06%,
104/09/02,20,-125,1,-104,25044,0,5,25049,9.06%,9.06%,
104/09/01,65,-173,-3,-111,25024,0,4,25028,9.05%,9.05%,
104/08/31,38,-20,-1,17,24959,0,7,24966,9.02%,9.02%,
104/08/28,93,0,-2,91,24921,0,8,24929,9.01%,9.01%,
104/08/27,23,0,-3,20,24828,0,10,24838,8.98%,8.98%,
104/08/26,10,0,-6,4,24805,0,13,24818,8.97%,8.97%,
104/08/25,93,0,2,95,24795,0,19,24814,8.97%,8.98%,
104/08/24,10,0,-2,8,24702,0,17,24719,8.93%,8.94%,
104/08/21,26,-45,-1,-20,24692,0,19,24711,8.93%,8.94%,
104/08/20,37,-90,0,-53,24666,0,20,24686,8.92%,8.93%,
104/08/19,-66,0,-7,-73,24629,63,20,24712,8.91%,8.94%,
104/08/18,-31,-150,-10,-191,24695,63,27,24785,8.93%,8.96%,
104/08/17,-211,0,-3,-214,24726,213,37,24976,8.94%,9.03%,
104/08/14,7,0,6,13,24937,213,40,25190,9.02%,9.11%,
104/08/13,-34,0,1,-33,24911,213,34,25158,9.01%,9.10%,
104/08/12,-2,0,8,6,24945,213,33,25191,9.02%,9.11%,
104/08/11,-35,0,-15,-50,24947,213,25,25185,9.02%,9.11%,
104/08/10,16,0,-3,13,24982,213,40,25235,9.03%,9.12%,
104/08/07,19,0,0,19,24966,213,43,25222,9.03%,9.12%,
104/08/06,2,0,0,2,24947,213,43,25203,9.02%,9.11%,
104/08/05,7,0,7,14,24945,213,43,25201,9.02%,9.11%,
104/08/04,-2,0,8,6,24938,213,36,25187,9.02%,9.11%,
104/08/03,-8,0,-3,-11,24940,213,28,25181,9.02%,9.11%,
104/07/31,12,0,-10,2,24948,213,31,25192,9.02%,9.11%,
104/07/30,1,0,0,1,24936,213,41,25190,9.02%,9.11%,
104/07/29,-7,0,0,-7,24935,213,41,25189,9.02%,9.11%,
104/07/28,17,5,6,28,24942,213,41,25196,9.02%,9.11%,
104/07/27,-43,0,15,-28,24925,208,35,25168,9.01%,9.10%,
104/07/24,-11,4,1,-6,24968,208,20,25196,9.03%,9.11%,
104/07/23,-5,0,4,-1,24979,204,19,25202,9.03%,9.11%,
104/07/22,-91,0,5,-86,24984,204,15,25203,9.03%,9.11%,
104/07/21,17,0,0,17,25075,204,10,25289,9.07%,9.15%,
104/07/20,-5,0,0,-5,25058,204,10,25272,9.06%,9.14%,
104/07/17,-93,51,0,-42,25063,204,10,25277,9.06%,9.14%,
104/07/16,-1,0,0,-1,25156,153,10,25319,9.10%,9.16%,
104/07/15,-38,3,-1,-36,25157,153,10,25320,9.10%,9.16%,
104/07/14,-80,0,-3,-83,25195,150,11,25356,9.11%,9.17%,
104/07/13,-62,0,-3,-65,25275,150,14,25439,9.14%,9.20%,
104/07/09,-140,0,4,-136,25337,150,17,25504,9.16%,9.22%,
104/07/08,-73,0,4,-69,25477,150,13,25640,9.21%,9.27%,
104/07/07,-13,0,0,-13,25550,150,9,25709,9.24%,9.30%,
104/07/06,-77,0,-53,-130,25563,150,9,25722,9.24%,9.30%,
104/07/03,-46,0,43,-3,25640,150,62,25852,9.27%,9.35%,
104/07/02,-84,0,10,-74,25686,150,19,25855,9.29%,9.35%,
104/07/01,-17,0,0,-17,25770,150,9,25929,9.32%,9.38%,
104/06/30,-25,0,0,-25,25787,150,9,25946,9.32%,9.38%,
104/06/29,-55,0,0,-55,25812,1148,9,26969,9.33%,9.75%,
104/06/26,-27,0,0,-27,25867,1148,9,27024,9.35%,9.77%,
104/06/25,-36,0,3,-33,25894,1148,9,27051,9.36%,9.78%,
104/06/24,-11,0,0,-11,25930,1148,6,27084,9.38%,9.80%,
104/06/23,-32,0,4,-28,25941,1148,6,27095,9.38%,9.80%,
104/06/22,-65,19,2,-44,25973,1148,2,27123,9.39%,9.81%,
104/06/18,-97,0,0,-97,26038,1129,0,27167,9.42%,9.83%,
104/06/17,-139,0,-2,-141,26135,1129,0,27264,9.45%,9.86%,
104/06/16,-116,0,0,-116,26274,1129,1,27404,9.50%,9.91%,
104/06/15,48,0,1,49,26390,1129,1,27520,9.54%,9.95%,
104/06/12,-18,0,-6,-24,26342,1129,0,27471,9.53%,9.94%,
104/06/11,-40,0,0,-40,26360,1129,5,27494,9.53%,9.94%,
104/06/10,-9,0,1,-8,26400,1129,5,27534,9.55%,9.96%,
104/06/09,-47,0,0,-47,26409,1129,4,27542,9.55%,9.96%,
104/06/08,-60,0,3,-57,26456,1129,4,27589,9.57%,9.98%,
104/06/05,-99,-1,0,-100,26516,1129,1,27646,9.59%,10.00%,
104/06/04,-89,-1,-3,-93,26615,1130,1,27746,9.62%,10.03%,
104/06/03,-64,0,0,-64,26704,1131,4,27839,9.66%,10.07%,
104/06/02,0,0,-1,-1,26768,1131,4,27903,9.68%,10.09%,
104/06/01,-133,0,1,-132,26768,1131,5,27904,9.68%,10.09%,
104/05/29,-20,0,1,-19,26901,1131,4,28036,9.73%,10.14%,
104/05/28,-15,1,0,-14,26921,1131,3,28055,9.73%,10.14%,
104/05/27,-83,0,0,-83,26936,1130,3,28069,9.74%,10.15%,
104/05/26,-61,0,0,-61,27019,1130,3,28152,9.77%,10.18%,
104/05/25,-52,0,-1,-53,27080,1130,3,28213,9.79%,10.20%,
104/05/22,-74,0,-2,-76,27132,1130,4,28266,9.81%,10.22%,
104/05/21,-62,-3,-14,-79,27206,1130,6,28342,9.84%,10.25%,
104/05/20,0,0,-2,-2,27268,1133,20,28421,9.86%,10.28%,
104/05/19,21,0,-3,18,27268,1133,22,28423,9.86%,10.28%,
104/05/18,-43,0,0,-43,27224,1133,25,28382,9.84%,10.26%,
104/05/15,0,-49,-1,-50,27267,1133,25,28425,9.86%,10.28%,
104/05/14,72,-48,-10,14,27267,1182,26,28475,9.86%,10.30%,
104/05/13,-4,-70,-4,-78,27195,1230,36,28461,9.83%,10.29%,
104/05/12,135,-70,3,68,27199,1300,40,28539,9.84%,10.32%,
104/05/11,0,-69,4,-65,27064,1370,37,28471,9.79%,10.30%,
104/05/08,178,-70,-280,-172,27064,1439,33,28536,9.79%,10.32%,
104/05/07,63,0,0,63,26886,1509,313,28708,9.72%,10.38%,
104/05/06,276,-2,0,274,26823,1509,313,28645,9.70%,10.36%,
104/05/05,347,0,2,349,26547,1511,313,28371,9.60%,10.26%,
104/05/04,31,0,75,106,26200,1511,311,28022,9.47%,10.13%,
104/04/30,213,-1,0,212,26169,1511,236,27916,9.46%,10.09%,
104/04/29,163,-70,12,105,25956,1512,236,27704,9.39%,10.02%,
104/04/28,70,-72,-1,-3,25793,1582,224,27599,9.33%,9.98%,
104/04/27,251,-70,6,187,25723,1654,225,27602,9.30%,9.98%,
104/04/24,210,150,208,568,25472,1724,219,27415,9.21%,9.91%,
104/04/23,74,0,1,75,25262,1574,11,26847,9.13%,9.70%,
104/04/22,-11,0,0,-11,25188,1574,10,26772,9.11%,9.68%,
104/04/21,10,0,0,10,25199,1574,10,26783,9.11%,9.68%,
104/04/20,3,0,3,6,25189,1574,10,26773,9.11%,9.68%,
104/04/17,32,0,0,32,25186,1574,7,26767,9.11%,9.68%,
104/04/16,-64,0,-19,-83,25154,1574,7,26735,9.10%,9.67%,
104/04/15,-18,84,0,66,25218,1574,26,26818,9.12%,9.70%,
104/04/14,51,0,0,51,25236,1490,26,26752,9.13%,9.68%,
104/04/13,7,0,0,7,25185,1490,26,26701,9.11%,9.66%,
104/04/10,7,0,0,7,25178,1490,26,26694,9.10%,9.65%,
104/04/09,65,0,-2,63,25171,1490,26,26687,9.10%,9.65%,
104/04/08,28,100,4,132,25106,1490,28,26624,9.08%,9.63%,
104/04/07,36,0,0,36,25078,1390,24,26492,9.07%,9.58%,
104/04/02,9,100,0,109,25042,1390,24,26456,9.05%,9.56%,
104/04/01,-3,-44,0,-47,25033,1290,24,26347,9.05%,9.53%,
104/03/31,4,-89,0,-85,25036,1334,24,26394,9.05%,9.54%,
104/03/30,-79,80,2,3,25032,1404,24,26460,9.05%,9.57%,
104/03/27,26,60,1,87,25111,1324,22,26457,9.08%,9.57%,
104/03/26,20,-55,3,-32,25085,1264,21,26370,9.07%,9.53%,
104/03/25,-28,49,5,26,25065,1319,18,26402,9.06%,9.54%,
104/03/24,-2,-1,0,-3,25093,1270,13,26376,9.07%,9.53%,
104/03/23,-3,-1,0,-4,25095,1271,13,26379,9.07%,9.53%,
104/03/20,8,-66,0,-58,25098,1272,13,26383,9.08%,9.54%,
104/03/19,-3,-1,0,-4,25090,1338,13,26441,9.07%,9.56%,
104/03/18,-32,-70,0,-102,25093,1339,13,26445,9.07%,9.56%,
104/03/17,-18,-75,2,-91,25125,1409,13,26547,9.08%,9.59%,
104/03/16,14,33,6,53,25143,1484,11,26638,9.09%,9.63%,
104/03/13,-5,-45,2,-48,25129,1451,5,26585,9.09%,9.62%,
104/03/12,-9,0,0,-9,25134,1496,3,26633,9.09%,9.63%,
104/03/11,-40,0,-1,-41,25143,1496,3,26642,9.09%,9.63%,
104/03/10,8,0,-2,6,25183,1496,4,26683,9.11%,9.65%,
104/03/09,23,-2,0,21,25175,1496,6,26677,9.10%,9.64%,
104/03/06,-2,0,0,-2,25152,1498,6,26656,9.09%,9.63%,
104/03/05,-1,-1,-2,-4,25154,1498,6,26658,9.10%,9.64%,
104/03/04,-12,-2,0,-14,25155,1499,8,26662,9.10%,9.65%,
104/03/03,-8,49,0,41,25167,1501,8,26676,9.10%,9.65%,
104/03/02,-40,0,1,-39,25205,1452,8,26665,9.11%,9.64%,
104/02/26,3,-7,0,-4,25245,1452,7,26704,9.13%,9.66%,
104/02/25,15,0,-1,14,25242,1459,7,26708,9.13%,9.66%,
104/02/24,6,0,0,6,25227,1459,8,26694,9.12%,9.65%,
104/02/13,12,-3,-4,5,25221,1459,8,26688,9.12%,9.65%,
104/02/12,18,0,0,18,25209,1462,12,26683,9.12%,9.65%,
104/02/11,-9,0,0,-9,25191,1462,12,26665,9.11%,9.64%,
104/02/10,-8,0,9,1,25200,1462,12,26674,9.11%,9.64%,
104/02/09,-24,0,0,-24,25208,1462,3,26673,9.11%,9.64%,
104/02/06,-14,0,0,-14,25232,1462,3,26697,9.12%,9.65%,
104/02/05,-11,0,0,-11,25246,1462,3,26711,9.13%,9.66%,
104/02/04,-38,50,0,12,25257,1462,3,26722,9.13%,9.66%,
104/02/03,-11,50,0,39,25295,1412,3,26710,9.15%,9.66%,
104/02/02,-38,0,1,-37,25306,1362,3,26671,9.15%,9.64%,
104/01/30,6,-71,0,-65,25344,1362,2,26708,9.16%,9.65%,
104/01/29,-4,-86,1,-89,25338,1433,2,26773,9.16%,9.68%,
104/01/28,-3,-53,0,-56,25342,1519,1,26862,9.16%,9.71%,
104/01/27,-10,-219,0,-229,25345,1572,1,26918,9.16%,9.73%,
104/01/26,-8,-134,0,-142,25355,1791,1,27147,9.17%,9.82%,
104/01/23,-45,-49,0,-94,25363,1925,1,27289,9.17%,9.87%,
104/01/22,-86,-134,0,-220,25408,1974,1,27383,9.19%,9.90%,
104/01/21,0,-115,0,-115,25494,2108,1,27603,9.22%,9.98%,
104/01/20,9,-118,0,-109,25494,2223,1,27718,9.22%,10.02%,
104/01/19,-20,-1,0,-21,25485,2341,1,27827,9.22%,10.07%,
104/01/16,-99,0,-3,-102,25505,2342,1,27848,9.22%,10.07%,
104/01/15,-37,0,-1,-38,25604,2342,4,27950,9.26%,10.11%,
104/01/14,-29,0,0,-29,25641,2342,5,27988,9.27%,10.12%,
104/01/13,-35,-3,2,-36,25670,2342,5,28017,9.28%,10.13%,
104/01/12,1,0,0,1,25705,2345,3,28053,9.29%,10.14%,
104/01/09,-16,0,1,-15,25704,2345,3,28052,9.29%,10.14%,
104/01/08,-31,0,0,-31,25830,2345,2,28177,9.34%,10.19%,
104/01/07,-22,30,-20,-12,25861,2345,2,28208,9.35%,10.20%,
104/01/06,-124,0,0,-124,25883,2315,22,28220,9.36%,10.21%,
104/01/05,-77,0,0,-77,26007,2315,22,28344,9.40%,10.25%,
