日期,外資買賣超,投信買賣超,自營商買賣超,單日合計買賣超,外資估計持股,投信估計持股,自營商估計持股,單日合計估計持股,外資持股比重,三大法人持股比重,
107/03/31,0,0,-4,-4,289238,126,1334,290698,35.02%,35.20%,
107/03/30,-68,0,1,-67,289238,126,1338,290702,35.02%,35.20%,
107/03/29,-247,0,0,-247,289303,126,1337,290766,35.03%,35.21%,
107/03/28,122,0,-7,115,289549,126,1337,291012,35.06%,35.24%,
107/03/27,-305,1,-6,-310,289424,126,1344,290894,35.05%,35.23%,
107/03/26,-130,0,-34,-164,289597,125,1350,291072,35.07%,35.25%,
107/03/23,-852,0,-75,-927,289718,125,1384,291227,35.08%,35.26%,
107/03/22,-582,0,0,-582,290504,125,1459,292088,35.18%,35.37%,
107/03/21,-815,0,4,-811,290946,125,1459,292530,35.23%,35.42%,
107/03/20,-893,0,-1,-894,291557,125,1455,293137,35.30%,35.49%,
107/03/19,-460,2,-16,-474,292417,125,1456,293998,35.41%,35.60%,
107/03/16,-732,0,31,-701,292814,123,1472,294409,35.46%,35.65%,
107/03/15,62,0,3,65,293529,123,1441,295093,35.54%,35.73%,
107/03/14,202,0,31,233,293447,123,1438,295008,35.53%,35.72%,
107/03/13,-29,-79,-7,-115,293334,123,1407,294864,35.52%,35.71%,
107/03/12,-51,0,-3,-54,293182,202,1414,294798,35.50%,35.70%,
107/03/09,-8,0,0,-8,293233,202,1417,294852,35.51%,35.71%,
107/03/08,-147,0,0,-147,293241,202,1417,294860,35.51%,35.71%,
107/03/07,-62,-171,6,-227,293383,202,1417,295002,35.53%,35.73%,
107/03/06,-246,0,0,-246,293391,373,1411,295175,35.53%,35.75%,
107/03/05,51,0,-12,39,293631,373,1411,295415,35.56%,35.78%,
107/03/02,-551,0,-2,-553,293617,373,1423,295413,35.55%,35.77%,
107/03/01,-156,0,0,-156,294227,373,1425,296025,35.63%,35.85%,
107/02/27,171,0,-2,169,294363,373,1425,296161,35.64%,35.86%,
107/02/26,103,0,6,109,294124,373,1427,295924,35.62%,35.84%,
107/02/23,0,0,-2,-2,294039,373,1421,295833,35.61%,35.83%,
107/02/22,121,0,-40,81,294055,373,1423,295851,35.61%,35.83%,
107/02/21,714,0,-36,678,294316,373,1463,296152,35.64%,35.86%,
107/02/12,486,-1,-3,482,293686,373,1499,295558,35.56%,35.79%,
107/02/09,331,0,0,331,293193,374,1502,295069,35.50%,35.73%,
107/02/08,140,0,0,140,292796,374,1502,294672,35.45%,35.68%,
107/02/07,-302,0,0,-302,292742,374,1502,294618,35.45%,35.68%,
107/02/06,-394,0,-196,-590,293045,374,1502,294921,35.49%,35.72%,
107/02/05,-134,0,-54,-188,293452,374,1698,295524,35.53%,35.78%,
107/02/02,-45,0,-1,-46,293529,374,1752,295655,35.54%,35.80%,
107/02/01,328,0,-14,314,293417,374,1753,295544,35.53%,35.79%,
107/01/31,604,0,5,609,293444,374,1767,295585,35.53%,35.79%,
107/01/30,190,0,-113,77,292967,374,1762,295103,35.48%,35.74%,
107/01/29,337,0,-29,308,292777,374,1875,295026,35.45%,35.72%,
107/01/26,121,0,-1,120,292440,374,1904,294718,35.41%,35.69%,
107/01/25,450,0,-10,440,292331,374,1905,294610,35.40%,35.68%,
107/01/24,637,0,-21,616,292044,374,1915,294333,35.36%,35.64%,
107/01/23,170,0,-73,97,291418,374,1936,293728,35.29%,35.57%,
107/01/22,225,0,-54,171,292209,374,2009,294592,35.38%,35.67%,
107/01/19,-207,0,-33,-240,291994,374,2063,294431,35.36%,35.66%,
107/01/18,328,0,0,328,292201,374,2096,294671,35.38%,35.68%,
107/01/17,211,0,-1,210,291681,374,2096,294151,35.32%,35.62%,
107/01/16,575,0,6,581,291481,374,2097,293952,35.30%,35.60%,
107/01/15,271,0,4,275,290918,374,2091,293383,35.23%,35.53%,
107/01/12,384,0,6,390,290479,374,2087,292940,35.17%,35.47%,
107/01/11,565,0,-7,558,290114,374,2081,292569,35.13%,35.43%,
107/01/10,-544,0,-13,-557,289589,374,2088,292051,35.07%,35.37%,
107/01/09,580,0,103,683,290135,374,2101,292610,35.13%,35.43%,
107/01/08,0,0,-5,-5,290099,374,1998,292471,35.13%,35.42%,
107/01/05,28,0,4,32,290212,374,2003,292589,35.14%,35.43%,
107/01/04,-724,0,27,-697,290171,374,1999,292544,35.14%,35.43%,
107/01/03,217,0,32,249,291239,374,1972,293585,35.27%,35.55%,
107/01/02,113,0,6,119,291022,374,1940,293336,35.24%,35.52%,
106/12/29,1053,0,-272,781,290950,374,1934,293258,35.23%,35.51%,
106/12/28,114,0,-303,-189,289897,372,2206,292475,35.10%,35.41%,
106/12/27,807,0,-358,449,289812,372,2509,292693,35.09%,35.44%,
106/12/26,434,-2,-97,335,289005,372,2867,292244,35.00%,35.39%,
106/12/25,206,0,-330,-124,288721,374,2964,292059,34.96%,35.36%,
106/12/22,90,0,-264,-174,288415,374,3294,292083,34.92%,35.36%,
106/12/21,95,0,-320,-225,288325,374,3558,292257,34.91%,35.39%,
106/12/20,481,0,-292,189,288290,374,3878,292542,34.91%,35.42%,
106/12/19,-58,0,-306,-364,287909,374,4170,292453,34.86%,35.41%,
106/12/18,397,0,-300,97,287952,374,4476,292802,34.87%,35.46%,
106/12/15,674,-1,-278,395,287618,374,4776,292768,34.83%,35.45%,
106/12/14,52,0,-284,-232,286938,375,5054,292367,34.75%,35.41%,
106/12/13,366,0,-211,155,286900,375,5338,292613,34.74%,35.43%,
106/12/12,407,0,-300,107,286723,375,5549,292647,34.72%,35.44%,
106/12/11,106,0,-301,-195,286401,375,5849,292625,34.68%,35.43%,
106/12/08,514,0,-337,177,286295,375,6150,292820,34.67%,35.46%,
106/12/07,209,0,-25,184,285924,375,6487,292786,34.62%,35.45%,
106/12/06,285,0,-355,-70,285723,375,6512,292610,34.60%,35.43%,
106/12/05,584,0,-460,124,285668,375,6867,292910,34.59%,35.47%,
106/12/04,751,0,-348,403,285123,375,7327,292825,34.53%,35.46%,
106/12/01,305,0,-274,31,284677,375,7675,292727,34.47%,35.44%,
106/11/30,553,0,95,648,284362,375,7949,292686,34.43%,35.44%,
106/11/29,-216,0,-156,-372,283756,375,7854,291985,34.36%,35.36%,
106/11/28,3923,0,88,4011,283958,375,8010,292343,34.38%,35.40%,
106/11/27,348,0,40,388,280025,375,7922,288322,33.91%,34.91%,
106/11/24,167,0,15,182,279677,375,7882,287934,33.87%,34.87%,
106/11/23,666,0,1,667,279510,375,7867,287752,33.85%,34.85%,
106/11/22,639,0,0,639,278844,375,7866,287085,33.77%,34.77%,
106/11/21,484,0,21,505,278205,375,7866,286446,33.69%,34.69%,
106/11/20,246,0,0,246,277824,375,7845,286044,33.64%,34.64%,
106/11/17,182,-1,-192,-11,277578,375,7845,285798,33.61%,34.61%,
106/11/16,287,0,-10,277,277326,376,8037,285739,33.58%,34.60%,
106/11/15,-576,0,186,-390,277039,376,8047,285462,33.55%,34.57%,
106/11/14,978,0,-305,673,277605,376,7861,285842,33.62%,34.62%,
106/11/13,212,0,279,491,276627,376,8166,285169,33.50%,34.53%,
106/11/10,63,0,67,130,276331,376,7887,284594,33.46%,34.46%,
106/11/09,28,0,-2,26,276117,376,7820,284313,33.43%,34.42%,
106/11/08,175,0,-41,134,276003,376,7822,284201,33.42%,34.41%,
106/11/07,365,0,-272,93,275771,376,7863,284010,33.39%,34.39%,
106/11/06,147,0,-29,118,275360,376,8135,283871,33.34%,34.37%,
106/11/03,-59,0,-27,-86,275213,376,8164,283753,33.33%,34.36%,
106/11/02,-14,0,-31,-45,275220,376,8191,283787,33.33%,34.37%,
106/11/01,-205,0,0,-205,275377,376,8222,283975,33.35%,34.39%,
106/10/31,317,0,0,317,275543,376,8222,284141,33.37%,34.41%,
106/10/30,75,0,-5,70,275189,376,8222,283787,33.32%,34.36%,
106/10/27,64,0,4,68,275077,376,8227,283680,33.31%,34.35%,
106/10/26,144,0,153,297,274913,376,8223,283512,33.29%,34.33%,
106/10/25,147,0,24,171,274732,376,8070,283178,33.27%,34.29%,
106/10/24,-147,0,-31,-178,274585,376,8046,283007,33.25%,34.27%,
106/10/23,54,0,-22,32,274782,376,8077,283235,33.27%,34.29%,
106/10/20,-284,0,-8,-292,274708,376,8099,283183,33.26%,34.29%,
106/10/19,0,0,-7,-7,275045,376,8107,283528,33.31%,34.34%,
106/10/18,-430,0,12,-418,275045,376,8114,283535,33.31%,34.34%,
106/10/17,-287,0,33,-254,275375,376,8102,283853,33.35%,34.38%,
106/10/16,-309,0,57,-252,275662,376,8069,284107,33.38%,34.40%,
106/10/13,-557,0,13,-544,275837,376,8012,284225,33.40%,34.42%,
106/10/12,-432,0,96,-336,276543,376,7999,284918,33.49%,34.50%,
106/10/11,1061,0,178,1239,276944,376,7903,285223,33.54%,34.54%,
106/10/06,185,0,2,187,275852,376,7725,283953,33.40%,34.38%,
106/10/05,222,0,1,223,275487,376,7723,283586,33.36%,34.34%,
106/10/03,-182,2,0,-180,275265,376,7722,283363,33.33%,34.31%,
106/10/02,50,0,8,58,275437,374,7722,283533,33.35%,34.33%,
106/09/30,0,0,0,0,275377,374,7714,283465,33.35%,34.33%,
106/09/29,-130,0,-19,-149,275377,478,7714,283569,33.35%,34.34%,
106/09/28,-394,0,-6,-400,275493,478,7733,283704,33.36%,34.35%,
106/09/27,193,0,-8,185,275704,478,7739,283921,33.38%,34.38%,
106/09/26,-28,0,0,-28,275668,478,7747,283893,33.38%,34.38%,
106/09/25,-240,0,-3,-243,275727,478,7747,283952,33.39%,34.39%,
106/09/22,-268,0,-70,-338,276020,478,7750,284248,33.42%,34.42%,
106/09/21,-280,0,4,-276,276158,478,7820,284456,33.44%,34.44%,
106/09/20,-106,0,0,-106,276438,478,7816,284732,33.47%,34.47%,
106/09/19,-390,1,14,-375,276156,478,7816,284450,33.44%,34.44%,
106/09/18,-194,0,-15,-209,276467,477,7802,284746,33.48%,34.48%,
106/09/15,-169,0,6,-163,276661,477,7817,284955,33.50%,34.50%,
106/09/14,-314,0,4,-310,276760,477,7811,285048,33.51%,34.51%,
106/09/13,-170,0,-3,-173,277074,477,7807,285358,33.55%,34.55%,
106/09/12,-190,0,27,-163,277134,477,7810,285421,33.56%,34.56%,
106/09/11,-416,0,-17,-433,277059,477,7783,285319,33.55%,34.55%,
106/09/08,-556,0,13,-543,277402,477,7800,285679,33.59%,34.59%,
106/09/07,-458,0,50,-408,277808,477,7787,286072,33.64%,34.64%,
106/09/06,-475,0,113,-362,277723,477,7737,285937,33.63%,34.62%,
106/09/05,-170,0,150,-20,278219,477,7624,286320,33.69%,34.67%,
106/09/04,-103,0,11,-92,278536,477,7474,286487,33.73%,34.69%,
106/09/01,-343,0,-25,-368,278479,477,7463,286419,33.72%,34.68%,
106/08/31,-418,0,6,-412,278893,477,7488,286858,33.77%,34.73%,
106/08/30,-79,0,0,-79,279076,477,7482,287035,33.79%,34.75%,
106/08/29,-67,0,-20,-87,278817,477,7482,286776,33.76%,34.72%,
106/08/28,-246,0,-72,-318,278884,477,7502,286863,33.77%,34.74%,
106/08/25,-397,0,-16,-413,279186,477,7574,287237,33.81%,34.79%,
106/08/24,-235,-17,0,-252,279239,477,7590,287306,33.81%,34.79%,
106/08/23,30,-18,-102,-90,279727,494,7590,287811,33.87%,34.85%,
106/08/22,-387,0,-102,-489,279697,512,7692,287901,33.87%,34.86%,
106/08/21,-147,0,-184,-331,280016,512,7794,288322,33.91%,34.92%,
106/08/18,-593,0,-9,-602,280152,512,7978,288642,33.92%,34.95%,
106/08/17,-566,0,-53,-619,280164,512,7987,288663,33.93%,34.96%,
106/08/16,-764,0,-38,-802,280549,512,8040,289101,33.97%,35.01%,
106/08/15,-557,0,-52,-609,281098,512,8078,289688,34.04%,35.08%,
106/08/14,471,0,-36,435,281577,512,8130,290219,34.10%,35.15%,
106/08/11,-327,1,-38,-364,280882,512,8166,289560,34.01%,35.06%,
106/08/10,-328,0,-177,-505,281155,511,8204,289870,34.05%,35.11%,
106/08/09,-514,0,-101,-615,281039,511,8381,289931,34.03%,35.11%,
106/08/08,-670,0,-88,-758,281478,511,8482,290471,34.08%,35.17%,
106/08/07,-477,0,-76,-553,281775,511,8570,290856,34.12%,35.22%,
106/08/04,71,0,-356,-285,281782,511,8646,290939,34.12%,35.23%,
106/08/03,-287,0,119,-168,281687,511,9002,291200,34.11%,35.26%,
106/08/02,-244,0,-61,-305,281816,511,8883,291210,34.13%,35.27%,
106/08/01,-64,-1,-230,-295,281849,511,8944,291304,34.13%,35.28%,
106/07/31,-110,0,-322,-432,280134,512,9174,289820,33.92%,35.09%,
106/07/28,152,0,-1493,-1341,280513,512,9496,290521,33.97%,35.18%,
106/07/27,372,0,1324,1696,280797,512,10989,292298,34.00%,35.39%,
106/07/26,-462,0,433,-29,280503,512,9665,290680,33.97%,35.20%,
106/07/25,354,0,-235,119,281160,512,9232,290904,34.05%,35.23%,
106/07/24,237,0,-112,125,280806,512,9467,290785,34.00%,35.21%,
106/07/21,459,0,-310,149,281434,512,9579,291525,34.08%,35.30%,
106/07/20,1044,106,68,1218,281555,512,9889,291956,34.09%,35.35%,
106/07/19,124,0,-53,71,280511,406,9821,290738,33.97%,35.21%,
106/07/18,161,0,-97,64,281235,406,9874,291515,34.05%,35.29%,
106/07/17,-15,0,-70,-85,281303,406,9971,291680,34.06%,35.32%,
106/07/14,284,0,-27,257,281715,406,10041,292162,34.11%,35.38%,
106/07/13,-101,0,79,-22,281941,406,10068,292415,34.14%,35.41%,
106/07/12,-168,0,-36,-204,281963,406,9989,292358,34.14%,35.40%,
106/07/11,156,0,36,192,282031,406,10025,292462,34.15%,35.41%,
106/07/10,-83,0,20,-63,281875,406,9989,292270,34.13%,35.39%,
106/07/07,152,0,15,167,281799,406,9969,292174,34.12%,35.38%,
106/07/06,-21,0,-49,-70,281631,406,9954,291991,34.10%,35.35%,
106/07/05,-69,0,84,15,281580,406,10003,291989,34.10%,35.36%,
106/07/04,335,0,-52,283,281643,406,9919,291968,34.10%,35.35%,
106/07/03,830,0,221,1051,281298,406,9971,291675,34.06%,35.32%,
106/06/30,401,0,-8,393,280498,406,9750,290654,33.97%,35.20%,
106/06/29,469,0,-5,464,280161,1,9758,289920,33.92%,35.10%,
106/06/28,283,0,9,292,280292,1,9763,290056,33.94%,35.12%,
106/06/27,212,0,134,346,280007,1,9754,289762,33.91%,35.09%,
106/06/26,177,0,49,226,279844,1,9620,289465,33.89%,35.06%,
106/06/23,-322,0,-14,-336,279667,1,9571,289239,33.86%,35.02%,
106/06/22,623,0,-59,564,279989,1,9585,289575,33.90%,35.06%,
106/06/21,756,0,209,965,279349,1,9644,288994,33.83%,35.00%,
106/06/20,3,1,16,20,278600,1,9435,288036,33.74%,34.88%,
106/06/19,-329,0,0,-329,278597,0,9419,288016,33.74%,34.88%,
106/06/16,-133,-4,-10,-147,278911,0,9419,288330,33.77%,34.91%,
106/06/15,211,0,56,267,279192,0,9429,288621,33.81%,34.95%,
106/06/14,-582,0,-23,-605,278993,0,9373,288366,33.78%,34.92%,
106/06/13,327,0,6,333,279543,0,9396,288939,33.85%,34.99%,
106/06/12,-179,-88,77,-190,279209,0,9390,288599,33.81%,34.95%,
106/06/09,-437,0,-30,-467,279327,0,9313,288640,33.82%,34.95%,
106/06/08,-566,0,25,-541,279854,0,9343,289197,33.89%,35.02%,
106/06/07,-667,0,-42,-709,280420,0,9318,289738,33.96%,35.09%,
106/06/06,-562,-61,-24,-647,281010,0,9360,290370,34.03%,35.16%,
106/06/05,-467,-724,154,-1037,281614,18,9384,291016,34.10%,35.24%,
106/06/03,0,-400,-13,-413,281975,742,9230,291947,34.14%,35.35%,
106/06/02,-854,0,-2,-856,281975,1142,9243,292360,34.14%,35.40%,
106/06/01,-771,0,-148,-919,282606,1142,9245,292993,34.22%,35.48%,
106/05/31,-797,0,-48,-845,283031,1142,9393,293566,34.27%,35.55%,
106/05/26,-240,0,-387,-627,283695,1142,9441,294278,34.35%,35.63%,
106/05/25,-690,-36,688,-38,283885,1142,9828,294855,34.38%,35.71%,
106/05/24,179,0,-49,130,284125,1178,9140,294443,34.40%,35.65%,
106/05/23,-143,-671,-106,-920,283936,1178,9189,294303,34.38%,35.64%,
106/05/22,14,0,158,172,283804,1849,9295,294948,34.37%,35.72%,
106/05/19,-345,5,-2,-342,283760,1849,9137,294746,34.36%,35.69%,
106/05/18,-526,-649,-20,-1195,283961,1844,9139,294944,34.38%,35.71%,
106/05/17,-594,0,-30,-624,284775,2493,9159,296427,34.48%,35.89%,
106/05/16,178,0,-3,175,285091,2493,9189,296773,34.52%,35.93%,
106/05/15,-376,-60,26,-410,284968,2493,9192,296653,34.51%,35.93%,
106/05/12,-652,-340,-18,-1010,285415,2553,9166,297134,34.56%,35.98%,
106/05/11,606,-60,-28,518,286058,2893,9184,298135,34.64%,36.10%,
106/05/10,-1180,-744,55,-1869,285442,2953,9212,297607,34.56%,36.03%,
106/05/09,-1654,0,-19,-1673,286422,3697,9157,299276,34.68%,36.24%,
106/05/08,20,0,-37,-17,288076,3697,9176,300949,34.88%,36.44%,
106/05/05,48,0,-21,27,287887,3697,9213,300797,34.86%,36.42%,
106/05/04,111,0,-6,105,287776,3697,9234,300707,34.85%,36.42%,
106/05/03,-190,0,-42,-232,287665,3697,9240,300602,34.83%,36.40%,
106/05/02,128,0,9,137,287766,3697,9282,300745,34.85%,36.42%,
106/04/28,-15,0,34,19,287560,3697,9273,300530,34.82%,36.39%,
106/04/27,1124,0,-21,1103,287565,3697,9239,300501,34.82%,36.39%,
106/04/26,-58,0,38,-20,286441,3697,9260,299398,34.69%,36.26%,
106/04/25,112,0,-5,107,286099,3697,9222,299018,34.64%,36.20%,
106/04/24,459,0,20,479,285987,3697,9227,298911,34.63%,36.20%,
106/04/21,196,0,-57,139,285528,3697,9207,298432,34.57%,36.13%,
106/04/20,93,0,-13,80,285332,3697,9264,298293,34.55%,36.12%,
106/04/19,-116,0,-54,-170,285239,3697,9277,298213,34.54%,36.11%,
106/04/18,-71,0,3,-68,285355,3697,9331,298383,34.55%,36.13%,
106/04/17,160,0,10,170,285361,3697,9328,298386,34.55%,36.13%,
106/04/14,259,-4,-80,175,285151,3697,9318,298166,34.53%,36.11%,
106/04/13,243,0,-9,234,284947,3701,9398,298046,34.50%,36.09%,
106/04/12,-259,0,2,-257,284704,3701,9407,297812,34.47%,36.06%,
106/04/11,251,0,-30,221,284863,3701,9405,297969,34.49%,36.08%,
106/04/10,80,0,27,107,284612,3701,9435,297748,34.46%,36.05%,
106/04/07,-65,0,16,-49,284532,3701,9408,297641,34.45%,36.04%,
106/04/06,108,0,-27,81,284577,3701,9392,297670,34.46%,36.05%,
106/04/05,-104,0,-13,-117,284469,3701,9419,297589,34.45%,36.04%,
106/03/31,-55,0,45,-10,284573,3701,9432,297706,34.46%,36.05%,
106/03/30,263,-250,-158,-145,284729,3951,9387,298067,34.48%,36.10%,
106/03/29,-159,0,48,-111,284466,4201,9545,298212,34.45%,36.11%,
106/03/28,1006,-965,48,89,284625,4201,9497,298323,34.47%,36.13%,
106/03/27,744,0,3,747,283619,5166,9449,298234,34.34%,36.11%,
106/03/24,-532,0,-53,-585,283155,5166,9446,297767,34.29%,36.06%,
106/03/23,15,0,58,73,283690,5166,9499,298355,34.35%,36.13%,
106/03/22,161,0,-48,113,283675,5166,9441,298282,34.35%,36.12%,
106/03/21,172,435,41,648,283514,5166,9489,298169,34.33%,36.10%,
106/03/20,985,-79,18,924,283342,4731,9448,297521,34.31%,36.03%,
106/03/17,915,-71,-49,795,282988,4810,9430,297228,34.27%,35.99%,
106/03/16,-336,0,329,-7,282073,4881,9479,296433,34.16%,35.90%,
106/03/15,-514,-250,332,-432,282409,4881,9150,296440,34.20%,35.90%,
106/03/14,-387,0,255,-132,282923,5131,8818,296872,34.26%,35.95%,
106/03/13,-1028,0,32,-996,283107,5131,8563,296801,34.28%,35.94%,
106/03/10,-1965,0,-73,-2038,284081,5131,8531,297743,34.40%,36.05%,
106/03/09,32,0,143,175,285888,5131,8604,299623,34.62%,36.28%,
106/03/08,444,727,-246,925,285688,5131,8461,299280,34.59%,36.24%,
106/03/07,-1332,411,169,-752,285229,4404,8707,298340,34.54%,36.13%,
106/03/06,-3331,0,60,-3271,286561,3993,8538,299092,34.70%,36.22%,
106/03/03,-917,60,-77,-934,289301,3993,8478,301772,35.03%,36.54%,
106/03/02,-682,0,13,-669,290218,3933,8555,302706,35.14%,36.65%,
106/03/01,-1121,0,4,-1117,290900,3933,8542,303375,35.23%,36.74%,
106/02/24,-1736,0,-151,-1887,292871,3933,8538,305342,35.46%,36.97%,
106/02/23,-402,0,-195,-597,294597,3933,8689,307219,35.67%,37.20%,
106/02/22,-149,0,-558,-707,294823,3933,8884,307640,35.70%,37.25%,
106/02/21,271,0,1028,1299,295321,3933,9442,308696,35.76%,37.38%,
106/02/20,282,0,102,384,295200,3933,8414,307547,35.75%,37.25%,
106/02/18,68,-1,414,481,294918,3933,8312,307163,35.71%,37.19%,
106/02/17,776,250,296,1322,294850,3934,7898,306682,35.70%,37.13%,
106/02/16,914,-500,200,614,294074,3684,7602,305360,35.61%,36.98%,
106/02/15,1743,0,35,1778,293410,4184,7402,304996,35.53%,36.93%,
106/02/14,4016,-600,559,3975,291767,4184,7367,303318,35.33%,36.73%,
106/02/13,697,-380,379,696,287641,4784,6808,299233,34.83%,36.23%,
106/02/10,-598,0,127,-471,287144,5164,6429,298737,34.77%,36.17%,
106/02/09,1049,-400,461,1110,287732,5164,6302,299198,34.84%,36.23%,
106/02/08,-1306,-396,-74,-1776,286333,5564,5841,297738,34.67%,36.05%,
106/02/07,-963,0,55,-908,287439,5960,5915,299314,34.81%,36.25%,
106/02/06,-449,0,106,-343,288256,5960,5860,300076,34.91%,36.34%,
106/02/03,-1690,4,-145,-1831,288696,5960,5754,300410,34.96%,36.38%,
106/02/02,2142,70,198,2410,290287,5956,5899,302142,35.15%,36.59%,
106/01/24,740,0,-219,521,288315,5886,5701,299902,34.91%,36.31%,
106/01/23,357,-0,-47,310,287871,5886,5920,299677,34.86%,36.29%,
106/01/20,-899,-34,73,-860,287339,5887,5967,299193,34.79%,36.23%,
106/01/19,514,0,114,628,288227,5921,5894,300042,34.90%,36.33%,
106/01/18,2901,-1650,-528,723,287703,5921,5780,299404,34.84%,36.26%,
106/01/17,2454,0,-1285,1169,284144,7571,6308,298023,34.41%,36.09%,
106/01/16,4473,303,641,5417,281690,7571,7593,296854,34.11%,35.95%,
106/01/13,423,0,-118,305,277426,7268,6952,291646,33.59%,35.31%,
106/01/12,-86,436,-327,23,277003,7268,7070,291341,33.54%,35.28%,
106/01/11,1259,1030,2100,4389,277089,6832,7397,291318,33.55%,35.27%,
106/01/10,1475,0,412,1887,275830,5802,5297,286929,33.40%,34.74%,
106/01/09,1049,0,486,1535,274355,5802,4885,285042,33.22%,34.51%,
106/01/06,206,198,93,497,273306,5802,4399,283507,33.09%,34.33%,
106/01/05,224,770,410,1404,273100,5604,4306,283010,33.07%,34.27%,
106/01/04,891,400,602,1893,273017,4834,3896,281747,33.06%,34.12%,
106/01/03,744,95,59,898,272126,4434,3293,279853,32.95%,33.89%,
105/12/30,204,318,270,792,271382,4339,3234,278955,32.86%,33.78%,
105/12/29,-61,0,247,186,271178,4021,2964,278163,32.84%,33.69%,
105/12/28,-59,0,310,251,271239,4021,2717,277977,32.84%,33.66%,
105/12/27,43,0,300,343,271298,4021,2407,277726,32.85%,33.63%,
105/12/26,-142,0,307,165,271255,4021,2107,277383,32.85%,33.59%,
105/12/23,-919,0,-36,-955,271397,4021,1800,277218,32.86%,33.56%,
105/12/22,-157,0,-36,-193,272316,4021,1836,278173,32.97%,33.68%,
105/12/21,-182,0,-31,-213,272473,4021,1872,278366,32.99%,33.70%,
105/12/20,552,0,-173,379,272655,4021,1903,278579,33.02%,33.74%,
105/12/19,411,-75,-435,-99,272104,4021,2076,278201,32.95%,33.69%,
105/12/16,213,-1,-704,-492,271693,4096,2511,278300,32.90%,33.70%,
105/12/15,-10,0,-123,-133,271480,4097,3215,278792,32.87%,33.76%,
105/12/14,-456,1500,3,1047,271490,4097,3338,278925,32.87%,33.77%,
105/12/13,652,0,94,746,271946,2597,3335,277878,32.93%,33.65%,
105/12/12,-1015,0,-77,-1092,271294,2597,3241,277132,32.85%,33.56%,
105/12/09,57,0,258,315,272308,2597,3318,278223,32.97%,33.69%,
105/12/08,465,0,136,601,272251,2597,3060,277908,32.97%,33.66%,
105/12/07,547,0,107,654,271641,2597,2924,277162,32.89%,33.56%,
105/12/06,-195,280,-620,-535,271094,2597,2817,276508,32.83%,33.49%,
105/12/05,-46,250,974,1178,271169,2317,3437,276923,32.84%,33.54%,
105/12/02,-41,70,356,385,271215,2067,2463,275745,32.84%,33.39%,
105/12/01,1214,650,-166,1698,271256,1997,2107,275360,32.85%,33.35%,
105/11/30,-72,0,-64,-136,270042,1347,2273,273662,32.70%,33.14%,
105/11/29,277,4,-324,-43,269954,1347,2337,273638,32.69%,33.14%,
105/11/28,641,0,-147,494,269677,1343,2661,273681,32.66%,33.14%,
105/11/25,360,0,235,595,268986,1343,2808,273137,32.57%,33.07%,
105/11/24,386,69,57,512,268626,1343,2573,272542,32.53%,33.00%,
105/11/23,1234,75,-518,791,268240,1274,2516,272030,32.48%,32.94%,
105/11/22,-578,1,653,76,267006,1199,3035,271240,32.33%,32.84%,
105/11/21,291,0,336,627,267480,1198,2382,271060,32.39%,32.82%,
105/11/18,-1537,149,35,-1353,267159,1198,2046,270403,32.35%,32.74%,
105/11/17,19,0,307,326,268696,1049,2011,271756,32.54%,32.91%,
105/11/16,133,0,-7,126,268677,1049,1704,271430,32.53%,32.86%,
105/11/15,-1708,0,14,-1694,268544,1049,1711,271304,32.52%,32.85%,
105/11/14,-2496,0,-86,-2582,270141,1049,1697,272887,32.71%,33.04%,
105/11/11,-886,0,123,-763,272627,1049,1783,275459,33.01%,33.35%,
105/11/10,-550,0,-83,-633,273363,1049,1660,276072,33.10%,33.43%,
105/11/09,-898,0,-380,-1278,273913,1049,1743,276705,33.17%,33.51%,
105/11/08,-1117,0,18,-1099,274811,1049,2123,277983,33.28%,33.66%,
105/11/07,-817,0,137,-680,276128,1049,2105,279282,33.44%,33.82%,
105/11/04,107,0,12,119,276945,1049,1968,279962,33.54%,33.91%,
105/11/03,428,65,-157,336,276838,1049,1956,279843,33.52%,33.88%,
105/11/02,112,-0,113,225,276511,984,2113,279608,33.48%,33.86%,
105/11/01,195,-576,40,-341,276399,984,2000,279383,33.47%,33.83%,
105/10/31,-9,0,-68,-77,276204,1560,1960,279724,33.45%,33.88%,
105/10/28,414,0,-92,322,275770,1560,2028,279358,33.39%,33.82%,
105/10/27,349,0,-626,-277,275386,1560,2120,279066,33.35%,33.80%,
105/10/26,-840,-60,121,-779,275123,1560,2746,279429,33.31%,33.83%,
105/10/25,201,0,-107,94,275963,1620,2625,280208,33.42%,33.93%,
105/10/24,59,0,-424,-365,275261,1620,2732,279613,33.33%,33.86%,
105/10/21,1381,-11,-156,1214,275202,1620,3156,279978,33.32%,33.90%,
105/10/20,-609,15,251,-343,273821,1631,3312,278764,33.16%,33.76%,
105/10/19,2649,76,-876,1849,273430,1616,3061,278107,33.11%,33.68%,
105/10/18,491,50,1228,1769,270781,1540,3937,276258,32.79%,33.45%,
105/10/17,1629,200,7,1836,270290,1490,2709,274489,32.73%,33.24%,
105/10/14,6346,-331,367,6382,268661,1290,2702,272653,32.53%,33.01%,
105/10/13,421,0,523,944,261415,1621,2335,265371,31.65%,32.13%,
105/10/12,-179,0,-45,-224,260893,1621,1812,264326,31.59%,32.01%,
105/10/11,-257,0,-49,-306,260962,1621,1857,264440,31.60%,32.02%,
105/10/07,-240,0,2,-238,261219,1621,1906,264746,31.63%,32.06%,
105/10/06,-60,0,-13,-73,261459,1621,1904,264984,31.66%,32.09%,
105/10/05,0,0,0,0,261519,1621,1917,265057,31.67%,32.10%,
105/10/04,265,-200,-22,43,261519,1621,1917,265057,31.67%,32.10%,
105/10/03,14,-338,34,-290,261246,1821,1939,265006,31.63%,32.09%,
105/09/30,118,-267,-3,-152,261232,2159,1905,265296,31.63%,32.12%,
105/09/29,175,-215,-16,-56,261112,2908,1908,265928,31.62%,32.20%,
105/09/26,-322,0,0,-322,260937,3123,1924,265984,31.60%,32.21%,
105/09/23,-150,0,26,-124,261259,3123,1924,266306,31.64%,32.25%,
105/09/22,-4,-65,42,-27,261409,3123,1898,266430,31.65%,32.26%,
105/09/21,327,-200,0,127,261413,3188,1856,266457,31.65%,32.26%,
105/09/20,141,0,-30,111,261086,3388,1856,266330,31.61%,32.25%,
105/09/19,-99,0,80,-19,260945,3388,1886,266219,31.60%,32.24%,
105/09/14,168,-1,-11,156,261044,3388,1806,266238,31.61%,32.24%,
105/09/13,-236,0,-95,-331,260876,3389,1817,266082,31.59%,32.22%,
105/09/12,-444,0,47,-397,261112,3389,1912,266413,31.62%,32.26%,
105/09/10,0,0,-115,-115,261556,3389,1865,266810,31.67%,32.31%,
105/09/09,43,0,89,132,261556,3389,1980,266925,31.67%,32.32%,
105/09/08,676,0,1,677,261513,3389,1891,266793,31.67%,32.31%,
105/09/07,686,0,59,745,260837,3389,1890,266116,31.58%,32.22%,
105/09/06,818,0,61,879,260151,3389,1831,265371,31.50%,32.13%,
105/09/05,1074,55,7,1136,259333,3389,1770,264492,31.40%,32.02%,
105/09/02,91,1,50,142,258259,3334,1763,263356,31.27%,31.89%,
105/09/01,-43,0,110,67,258168,3333,1713,263214,31.26%,31.87%,
105/08/31,343,0,-23,320,258211,3333,1603,263147,31.27%,31.87%,
105/08/30,369,0,-8,361,257868,3333,1626,262827,31.22%,31.82%,
105/08/29,210,0,-220,-10,257489,3333,1634,262456,31.18%,31.78%,
105/08/26,412,0,-12,400,257279,3333,1854,262466,31.15%,31.78%,
105/08/25,1174,0,-592,582,256867,3333,1866,262066,31.10%,31.73%,
105/08/24,330,0,641,971,255693,3333,2458,261484,30.96%,31.66%,
105/08/23,599,0,149,748,255563,3333,1817,260713,30.95%,31.57%,
105/08/22,-278,0,-29,-307,254964,3333,1668,259965,30.87%,31.48%,
105/08/19,-237,-1,-5,-243,255242,3333,1697,260272,30.91%,31.52%,
105/08/18,995,0,16,1011,255479,3334,1702,260515,30.94%,31.55%,
105/08/17,468,0,-11,457,254484,3334,1686,259504,30.82%,31.43%,
105/08/16,221,0,-43,178,254016,3334,1697,259047,30.76%,31.37%,
105/08/15,-131,0,35,-96,254473,3334,1740,259547,30.81%,31.42%,
105/08/12,643,0,-75,568,254604,3334,1705,259643,30.83%,31.44%,
105/08/11,242,-3,-67,172,253961,3334,1780,259075,30.75%,31.37%,
105/08/10,1175,0,8,1183,253719,3337,1847,258903,30.72%,31.35%,
105/08/09,998,0,-152,846,252560,3337,1839,257736,30.58%,31.21%,
105/08/08,483,-1,-65,417,251562,3337,1991,256890,30.46%,31.11%,
105/08/05,1802,0,543,2345,251079,3338,2056,256473,30.40%,31.05%,
105/08/04,126,0,-42,84,249323,3338,1513,254174,30.19%,30.78%,
105/08/03,-111,1,-38,-148,249197,3338,1555,254090,30.17%,30.76%,
105/08/02,71,0,35,106,249308,3337,1593,254238,30.19%,30.79%,
105/08/01,188,0,-6,182,249237,3337,1558,254132,30.18%,30.77%,
105/07/29,95,1,0,96,249049,3337,1564,253950,30.16%,30.75%,
105/07/28,-27,0,-2,-29,248954,3336,1564,253854,30.15%,30.74%,
105/07/27,81,0,40,121,248981,3336,1566,253883,30.15%,30.74%,
105/07/26,232,0,0,232,248900,3336,1526,253762,30.14%,30.73%,
105/07/25,183,0,-7,176,248652,3336,1526,253514,30.11%,30.70%,
105/07/22,212,0,-1,211,248469,3336,1533,253338,30.09%,30.68%,
105/07/21,69,-26,8,51,248257,3336,1534,253127,30.06%,30.65%,
105/07/20,-104,-180,-8,-292,248263,3362,1526,253151,30.06%,30.65%,
105/07/19,-85,-1,-134,-220,248367,3542,1534,253443,30.07%,30.68%,
105/07/18,-284,0,173,-111,248252,3543,1668,253463,30.06%,30.69%,
105/07/15,-213,0,-194,-407,248526,3543,1495,253564,30.09%,30.70%,
105/07/14,-127,0,-135,-262,248739,3543,1689,253971,30.12%,30.75%,
105/07/13,203,0,-108,95,248866,3543,1824,254233,30.13%,30.78%,
105/07/12,-706,0,65,-641,248663,3543,1932,254138,30.11%,30.77%,
105/07/11,-151,-45,7,-189,249369,3543,1867,254779,30.20%,30.86%,
105/07/07,-152,0,20,-132,249520,3588,1860,254968,30.21%,30.87%,
105/07/06,-122,0,23,-99,249672,3588,1840,255100,30.23%,30.89%,
105/07/05,-177,-100,-2,-279,249817,3588,1817,255222,30.25%,30.90%,
105/07/04,678,0,2,680,249994,3688,1819,255501,30.27%,30.94%,
105/07/01,-478,-150,14,-614,249306,3688,1817,254811,30.19%,30.86%,
105/06/30,300,0,261,561,249709,3838,1803,255350,30.24%,30.92%,
105/06/29,-1114,100,102,-912,249383,3047,1542,253972,30.20%,30.76%,
105/06/28,1819,-250,-4,1565,250497,2947,1440,254884,30.33%,30.86%,
105/06/27,468,0,-46,422,248668,3197,1444,253309,30.11%,30.67%,
105/06/24,278,0,-23,255,248200,3197,1490,252887,30.05%,30.62%,
105/06/23,86,48,-8,126,247922,3197,1513,252632,30.02%,30.59%,
105/06/22,1679,0,-30,1649,247836,3149,1521,252506,30.01%,30.58%,
105/06/21,458,0,-17,441,246144,3149,1551,250844,29.80%,30.37%,
105/06/20,1274,0,-3,1271,245686,3149,1568,250403,29.75%,30.32%,
105/06/17,135,138,0,273,244412,3149,1571,249132,29.60%,30.17%,
105/06/16,306,0,-8,298,244277,3011,1571,248859,29.58%,30.13%,
105/06/15,-193,-110,3,-300,243971,3011,1579,248561,29.54%,30.10%,
105/06/14,-380,0,5,-375,244164,3121,1576,248861,29.57%,30.14%,
105/06/13,-312,0,-2,-314,244544,3121,1571,249236,29.61%,30.18%,
105/06/08,314,0,-1,313,244856,3121,1573,249550,29.65%,30.22%,
105/06/07,-110,76,4,-30,244542,3121,1574,249237,29.61%,30.18%,
105/06/06,-267,0,-2,-269,244652,3045,1570,249267,29.62%,30.18%,
105/06/04,0,0,-3,-3,244919,3045,1572,249536,29.66%,30.22%,
105/06/03,322,0,-2,320,244919,3045,1575,249539,29.66%,30.22%,
105/06/02,-514,-100,-15,-629,244597,3045,1577,249219,29.62%,30.18%,
105/06/01,383,0,14,397,245111,3145,1592,249848,29.68%,30.25%,
105/05/31,39,0,-10,29,244728,3145,1578,249451,29.63%,30.20%,
105/05/30,-189,0,5,-184,244689,3145,1588,249422,29.63%,30.20%,
105/05/27,-137,0,9,-128,244878,3145,1583,249606,29.65%,30.22%,
105/05/26,205,0,13,218,245074,3145,1574,249793,29.68%,30.25%,
105/05/25,460,0,-15,445,244869,3145,1561,249575,29.65%,30.22%,
105/05/24,215,0,0,215,244409,3145,1576,249130,29.59%,30.16%,
105/05/23,423,0,-2,421,244194,3145,1576,248915,29.57%,30.14%,
105/05/20,1254,-1,-5,1248,243771,3145,1578,248494,29.52%,30.09%,
105/05/19,-403,-390,-57,-850,242517,3146,1583,247246,29.37%,29.94%,
105/05/18,754,0,-36,718,243003,3536,1640,248179,29.42%,30.05%,
105/05/17,1068,-26,-32,1010,242479,3536,1676,247691,29.36%,29.99%,
105/05/16,930,-90,-97,743,241411,3562,1708,246681,29.23%,29.87%,
105/05/13,340,0,-102,238,240481,3652,1805,245938,29.12%,29.78%,
105/05/12,651,-170,7,488,240141,3652,1907,245700,29.08%,29.75%,
105/05/11,135,0,-182,-47,239490,3822,1900,245212,29.00%,29.69%,
105/05/10,512,-3,-157,352,239442,3822,2082,245346,28.99%,29.71%,
105/05/09,792,0,-139,653,238990,3825,2239,245054,28.94%,29.67%,
105/05/06,-457,0,-3,-460,238198,3825,2378,244401,28.84%,29.59%,
105/05/05,1150,-151,-175,824,238645,3825,2381,244851,28.90%,29.65%,
105/05/04,685,139,-484,340,237412,3976,2556,243944,28.75%,29.54%,
105/05/03,-82,-161,-523,-766,236727,3837,3040,243604,28.66%,29.49%,
105/04/29,212,200,-178,234,236809,3998,3563,244370,28.67%,29.59%,
105/04/28,-332,-86,-16,-434,236597,3798,3741,244136,28.65%,29.56%,
105/04/27,-278,0,150,-128,236842,3884,3757,244483,28.68%,29.61%,
105/04/26,1838,0,227,2065,237120,3884,3607,244611,28.71%,29.62%,
105/04/25,240,0,29,269,235282,3884,3380,242546,28.49%,29.37%,
105/04/22,-179,0,136,-43,235042,3884,3351,242277,28.46%,29.34%,
105/04/21,-293,886,72,665,235221,3884,3215,242320,28.48%,29.34%,
105/04/20,1424,0,357,1781,235514,2998,3143,241655,28.52%,29.26%,
105/04/19,2157,245,22,2424,234090,2998,2786,239874,28.35%,29.05%,
105/04/18,-1408,250,10,-1148,231933,2753,2764,237450,28.08%,28.75%,
105/04/15,5044,261,381,5686,233341,2503,2754,238598,28.25%,28.89%,
105/04/14,2250,357,-97,2510,228297,2242,2373,232912,27.64%,28.20%,
105/04/13,1257,0,95,1352,226005,1885,2470,230360,27.37%,27.90%,
105/04/12,614,350,15,979,224748,1885,2375,229008,27.21%,27.73%,
105/04/11,-66,0,604,538,224134,1535,2360,228029,27.14%,27.61%,
105/04/08,402,0,-5,397,224200,1535,1756,227491,27.15%,27.55%,
105/04/07,57,55,6,118,223798,1535,1761,227094,27.10%,27.50%,
105/04/06,-135,0,-18,-153,223741,1480,1755,226976,27.09%,27.48%,
105/04/01,95,0,-39,56,223963,1480,1773,227216,27.12%,27.51%,
105/03/31,219,0,10,229,223868,1480,1812,227160,27.11%,27.51%,
105/03/30,764,6,28,798,223810,2311,1802,227923,27.10%,27.60%,
105/03/29,1018,0,-24,994,223046,2305,1774,227125,27.01%,27.50%,
105/03/28,564,0,-13,551,221867,2305,1798,225970,26.86%,27.36%,
105/03/25,-100,0,-46,-146,221263,2305,1811,225379,26.79%,27.29%,
105/03/24,-228,0,-31,-259,221395,2305,1857,225557,26.81%,27.31%,
105/03/23,-869,0,45,-824,221608,2305,1888,225801,26.83%,27.34%,
105/03/22,913,0,20,933,222463,2305,1843,226611,26.94%,27.44%,
105/03/21,-1207,0,-10,-1217,221550,2305,1823,225678,26.83%,27.33%,
105/03/18,-249,0,4,-245,223299,2305,1833,227437,27.04%,27.54%,
105/03/17,-416,200,-36,-252,223685,2305,1829,227819,27.09%,27.59%,
105/03/16,-1123,0,33,-1090,224101,2105,1865,228071,27.14%,27.62%,
105/03/15,-935,1400,148,613,225259,2105,1832,229196,27.28%,27.76%,
105/03/14,-1323,0,5,-1318,226194,705,1684,228583,27.39%,27.68%,
105/03/11,-1073,0,-22,-1095,227501,705,1679,229885,27.55%,27.84%,
105/03/10,-187,0,-3,-190,228574,705,1701,230980,27.68%,27.97%,
105/03/09,289,0,-28,261,228023,705,1704,230432,27.61%,27.90%,
105/03/08,-2072,135,14,-1923,227734,705,1732,230171,27.58%,27.88%,
105/03/07,-195,0,-162,-357,229668,570,1718,231956,27.81%,28.09%,
105/03/04,-16,0,100,84,229863,570,1880,232313,27.83%,28.13%,
105/03/03,226,0,-75,151,230021,570,1780,232371,27.85%,28.13%,
105/03/02,643,-1,-234,408,229755,570,1855,232180,27.82%,28.11%,
105/03/01,1214,0,422,1636,229112,571,2089,231772,27.74%,28.06%,
105/02/26,676,0,-108,568,227898,571,1667,230136,27.60%,27.87%,
105/02/25,107,0,-58,49,227222,571,1775,229568,27.51%,27.79%,
105/02/24,-44,0,-1,-45,227103,571,1833,229507,27.50%,27.79%,
105/02/23,-189,0,49,-140,227147,571,1834,229552,27.50%,27.79%,
105/02/22,-65,0,-130,-195,227332,571,1785,229688,27.53%,27.82%,
105/02/19,260,-2,16,274,227387,571,1915,229873,27.53%,27.83%,
105/02/18,277,0,16,293,227127,573,1899,229599,27.50%,27.80%,
105/02/17,71,0,-307,-236,226850,573,1883,229306,27.47%,27.77%,
105/02/16,1819,0,567,2386,226779,573,2190,229542,27.46%,27.79%,
105/02/15,514,-1,24,537,224960,573,1623,227156,27.24%,27.51%,
105/02/03,-175,0,-60,-235,224446,574,1599,226619,27.18%,27.44%,
105/02/02,309,0,-85,224,224740,574,1659,226973,27.21%,27.48%,
105/02/01,284,0,-247,37,224431,574,1744,226749,27.18%,27.46%,
105/01/30,0,156,-72,84,224147,574,1991,226712,27.14%,27.45%,
105/01/29,378,44,-56,366,224147,418,2063,226628,27.14%,27.44%,
105/01/28,282,293,88,663,223971,374,2119,226464,27.12%,27.42%,
105/01/27,459,0,-278,181,223679,81,2031,225791,27.08%,27.34%,
105/01/26,293,0,-585,-292,223922,81,2309,226312,27.11%,27.40%,
105/01/25,651,0,1342,1993,223629,81,2894,226604,27.08%,27.44%,
105/01/22,444,0,-36,408,222978,81,1552,224611,27.00%,27.20%,
105/01/21,119,0,-25,94,222595,81,1588,224264,26.95%,27.15%,
105/01/20,889,0,-94,795,222537,81,1613,224231,26.95%,27.16%,
105/01/19,351,0,-35,316,222115,81,1707,223903,26.89%,27.11%,
105/01/18,420,0,77,497,221764,81,1742,223587,26.85%,27.07%,
105/01/15,630,0,71,701,221288,81,1665,223034,26.79%,27.00%,
105/01/14,300,0,-19,281,220648,81,1594,222323,26.72%,26.92%,
105/01/13,-340,0,17,-323,220330,81,1613,222024,26.68%,26.89%,
105/01/12,157,0,-92,65,220702,81,1596,222379,26.72%,26.92%,
105/01/11,-185,0,-94,-279,220535,81,1688,222304,26.70%,26.91%,
105/01/08,-20,0,-51,-71,220710,81,1782,222573,26.72%,26.95%,
105/01/07,-242,0,-27,-269,220730,81,1833,222644,26.73%,26.96%,
105/01/06,206,0,-51,155,220972,81,1860,222913,26.76%,27.00%,
105/01/05,20,0,-42,-22,220756,81,1911,222748,26.73%,26.97%,
105/01/04,426,0,-93,333,220803,81,1953,222837,26.74%,26.99%,
104/12/31,82,0,-225,-143,220494,81,2046,222621,26.70%,26.96%,
104/12/30,248,0,-336,-88,220402,16,2271,222689,26.69%,26.97%,
104/12/29,224,-26,3,201,220112,16,2607,222735,26.65%,26.97%,
104/12/28,533,-24,74,583,219888,42,2604,222534,26.63%,26.95%,
104/12/25,260,0,-104,156,219616,66,2530,222212,26.59%,26.90%,
104/12/24,367,0,-217,150,219344,66,2634,222044,26.56%,26.89%,
104/12/23,452,0,-71,381,219456,66,2851,222373,26.57%,26.92%,
104/12/22,107,0,246,353,219059,66,2922,222047,26.52%,26.88%,
104/12/21,401,0,290,691,219003,66,2676,221745,26.52%,26.85%,
104/12/18,431,-136,-18,277,218602,66,2386,221054,26.47%,26.77%,
104/12/17,520,0,-23,497,218171,203,2404,220778,26.42%,26.74%,
104/12/16,167,0,-7,160,217921,203,2427,220551,26.39%,26.71%,
104/12/15,277,0,141,418,217754,203,2434,220391,26.37%,26.69%,
104/12/14,592,2,-131,463,217460,203,2293,219956,26.33%,26.63%,
104/12/11,58,0,-51,7,216849,201,2424,219474,26.26%,26.58%,
104/12/10,-82,0,-99,-181,216781,201,2475,219457,26.25%,26.57%,
104/12/09,81,0,-102,-21,216853,201,2574,219628,26.26%,26.60%,
104/12/08,-207,0,131,-76,216762,201,2676,219639,26.25%,26.60%,
104/12/07,-185,0,3,-182,216959,201,2545,219705,26.27%,26.60%,
104/12/04,-25,0,-201,-226,216990,201,2542,219733,26.27%,26.60%,
104/12/03,-654,0,-54,-708,217123,201,2743,220067,26.29%,26.65%,
104/12/02,-443,0,-69,-512,217767,201,2797,220765,26.37%,26.73%,
104/12/01,-192,0,2,-190,218368,201,2866,221435,26.44%,26.81%,
104/11/30,-503,0,-34,-537,218402,201,2864,221467,26.45%,26.82%,
104/11/27,-390,0,-218,-608,218905,201,2898,222004,26.51%,26.89%,
104/11/26,-193,0,-338,-531,219610,201,3116,222927,26.59%,26.99%,
104/11/25,-220,0,-18,-238,219802,201,3454,223457,26.61%,27.05%,
104/11/24,-82,0,-364,-446,220022,201,3472,223695,26.64%,27.08%,
104/11/23,-61,0,1036,975,220094,201,3836,224131,26.65%,27.14%,
104/11/20,-74,0,-31,-105,220111,201,2800,223112,26.65%,27.01%,
104/11/19,156,0,11,167,220175,201,2831,223207,26.66%,27.03%,
104/11/18,-224,0,35,-189,220019,201,2820,223040,26.64%,27.01%,
104/11/17,-369,0,202,-167,219652,201,2785,222638,26.60%,26.96%,
104/11/16,217,0,5,222,219587,201,2583,222371,26.59%,26.93%,
104/11/13,-824,0,-822,-1646,219377,201,2578,222156,26.56%,26.90%,
104/11/12,-154,0,159,5,219296,201,3400,222897,26.55%,26.99%,
104/11/11,358,0,-51,307,220296,201,3241,223738,26.67%,27.09%,
104/11/10,676,0,-93,583,219710,201,3292,223203,26.60%,27.02%,
104/11/09,-60,0,15,-45,219023,201,3385,222609,26.52%,26.95%,
104/11/06,32,0,283,315,218911,201,3370,222482,26.51%,26.94%,
104/11/05,634,0,26,660,219189,201,3087,222477,26.54%,26.94%,
104/11/04,183,5,80,268,218617,201,3061,221879,26.47%,26.87%,
104/11/03,-424,0,197,-227,218184,196,2981,221361,26.42%,26.80%,
104/11/02,364,0,106,470,218608,196,2784,221588,26.47%,26.83%,
104/10/30,-428,0,33,-395,218244,196,2678,221118,26.43%,26.78%,
104/10/29,-457,0,-93,-550,218672,196,2645,221513,26.48%,26.82%,
104/10/28,-324,0,-69,-393,218547,196,2738,221481,26.46%,26.82%,
104/10/27,-60,0,263,203,218700,196,2807,221703,26.48%,26.84%,
104/10/26,-108,0,41,-67,218560,196,2544,221300,26.46%,26.79%,
104/10/23,-590,0,264,-326,218596,196,2503,221295,26.47%,26.80%,
104/10/22,-519,0,-64,-583,219247,196,2239,221682,26.55%,26.84%,
104/10/21,-721,0,140,-581,219766,196,2303,222265,26.61%,26.91%,
104/10/20,-605,0,-282,-887,220473,196,2163,222832,26.70%,26.99%,
104/10/19,-480,0,97,-383,220919,196,2445,223560,26.75%,27.07%,
104/10/16,130,0,-39,91,221399,196,2348,223943,26.81%,27.12%,
104/10/15,50,0,-201,-151,221487,196,2387,224070,26.82%,27.13%,
104/10/14,-730,0,344,-386,221652,196,2588,224436,26.84%,27.18%,
104/10/13,-868,0,-363,-1231,222382,196,2244,224822,26.93%,27.23%,
104/10/12,-1249,0,348,-901,222950,196,2607,225753,27.00%,27.34%,
104/10/08,-850,0,173,-677,223624,196,2259,226079,27.08%,27.38%,
104/10/07,-2422,0,182,-2240,224364,196,2086,226646,27.17%,27.45%,
104/10/06,495,0,201,696,226704,196,1904,228804,27.45%,27.70%,
104/10/05,-576,0,30,-546,226388,196,1703,228287,27.41%,27.64%,
104/10/02,-147,4,3,-140,226964,196,1673,228833,27.48%,27.71%,
104/10/01,-831,0,1,-830,227111,192,1670,228973,27.50%,27.73%,
104/09/30,-409,0,-50,-459,227932,192,1669,229793,27.60%,27.83%,
104/09/25,-330,0,-42,-372,228139,276,1719,230134,27.62%,27.86%,
104/09/24,-715,0,-80,-795,228454,276,1761,230491,27.66%,27.91%,
104/09/23,-479,0,-100,-579,229024,276,1841,231141,27.73%,27.99%,
104/09/22,-45,1,0,-44,229493,276,1941,231710,27.79%,28.06%,
104/09/21,-904,18,-8,-894,229538,275,1941,231754,27.79%,28.06%,
104/09/18,-391,-1,520,128,230442,257,1949,232648,27.90%,28.17%,
104/09/17,87,0,36,123,230833,258,1429,232520,27.95%,28.15%,
104/09/16,-206,0,1,-205,230546,258,1393,232197,27.92%,28.12%,
104/09/15,-182,0,0,-182,230752,258,1392,232402,27.94%,28.14%,
104/09/14,-270,0,-9,-279,231310,258,1392,232960,28.01%,28.21%,
104/09/11,-64,0,50,-14,231580,258,1401,233239,28.04%,28.24%,
104/09/10,31,0,1,32,231644,258,1351,233253,28.05%,28.24%,
104/09/09,112,0,11,123,231063,258,1350,232671,27.98%,28.17%,
104/09/08,-488,0,-12,-500,230951,258,1339,232548,27.97%,28.16%,
104/09/07,-448,0,-11,-459,231439,258,1351,233048,28.02%,28.21%,
104/09/04,-2719,-1,0,-2720,231847,258,1362,233467,28.07%,28.27%,
104/09/03,-854,1,6,-847,234671,259,1362,236292,28.42%,28.62%,
104/09/02,-599,0,0,-599,235618,258,1356,237232,28.53%,28.73%,
104/09/01,-442,-4,-11,-457,236217,258,1356,237831,28.60%,28.80%,
104/08/31,-946,-2,-10,-958,236659,262,1367,238288,28.66%,28.86%,
104/08/28,445,2,2,449,237606,264,1377,239247,28.77%,28.97%,
104/08/27,114,0,-18,96,237160,262,1375,238797,28.72%,28.92%,
104/08/26,-207,0,-55,-262,237017,262,1393,238672,28.70%,28.90%,
104/08/25,739,3,-153,589,237388,262,1448,239098,28.74%,28.95%,
104/08/24,-1441,0,0,-1441,236649,259,1601,238509,28.66%,28.89%,
104/08/21,-497,-1,-4,-502,238291,259,1601,240151,28.85%,29.08%,
104/08/20,-489,0,8,-481,238489,260,1605,240354,28.88%,29.11%,
104/08/19,-829,0,14,-815,238994,260,1597,240851,28.94%,29.16%,
104/08/18,-213,0,-28,-241,239639,260,1583,241482,29.02%,29.24%,
104/08/17,-1001,0,10,-991,239852,260,1611,241723,29.04%,29.27%,
104/08/14,128,0,8,136,240853,260,1601,242714,29.16%,29.39%,
104/08/13,-56,0,0,-56,240709,260,1593,242562,29.15%,29.37%,
104/08/12,-124,0,35,-89,240765,260,1593,242618,29.15%,29.37%,
104/08/11,-452,0,-62,-514,240889,260,1558,242707,29.17%,29.39%,
104/08/10,-424,0,94,-330,241341,260,1620,243221,29.22%,29.45%,
104/08/07,-81,0,-50,-131,241765,260,1526,243551,29.27%,29.49%,
104/08/06,-12,0,-3,-15,241845,260,1576,243681,29.28%,29.50%,
104/08/05,272,-131,23,164,241857,260,1579,243696,29.29%,29.51%,
104/08/04,-303,-44,60,-287,241585,391,1556,243532,29.25%,29.49%,
104/08/03,287,0,-18,269,241888,435,1496,243819,29.29%,29.52%,
104/07/31,4,0,14,18,241601,435,1514,243550,29.25%,29.49%,
104/07/30,-182,0,4,-178,241703,435,1500,243638,29.27%,29.50%,
104/07/29,-586,0,-2,-588,241990,435,1496,243921,29.30%,29.53%,
104/07/28,-223,-67,45,-245,242576,435,1498,244509,29.37%,29.60%,
104/07/27,-700,0,167,-533,242799,502,1453,244754,29.40%,29.64%,
104/07/24,-158,0,1,-157,243498,502,1286,245286,29.48%,29.70%,
104/07/23,194,0,-15,179,243671,502,1285,245458,29.51%,29.73%,
104/07/22,285,0,8,293,243457,502,1300,245259,29.48%,29.70%,
104/07/21,-111,1,-20,-130,243172,502,1292,244966,29.45%,29.67%,
104/07/20,-260,0,1,-259,243283,501,1312,245096,29.46%,29.68%,
104/07/17,-520,21,14,-485,243470,501,1311,245282,29.48%,29.70%,
104/07/16,-239,0,-13,-252,244005,480,1297,245782,29.55%,29.77%,
104/07/15,-526,4,12,-510,244222,480,1310,246012,29.57%,29.79%,
104/07/14,371,0,-20,351,244748,476,1298,246522,29.64%,29.85%,
104/07/13,476,0,-10,466,244377,476,1318,246171,29.59%,29.81%,
104/07/09,97,0,15,112,243842,476,1328,245646,29.53%,29.75%,
104/07/08,512,0,-46,466,243694,476,1313,245483,29.51%,29.73%,
104/07/07,-42,0,1,-41,243261,476,1359,245096,29.46%,29.68%,
104/07/06,69,0,-6,63,243293,476,1358,245127,29.46%,29.68%,
104/07/03,-317,0,-16,-333,243224,476,1364,245064,29.45%,29.67%,
104/07/02,94,0,-31,63,243541,476,1380,245397,29.49%,29.71%,
104/07/01,195,0,-36,159,243447,476,1411,245334,29.48%,29.71%,
104/06/30,-516,0,-6,-522,243252,476,1447,245175,29.45%,29.68%,
104/06/29,-182,0,-6,-188,243768,466,1453,245687,29.52%,29.75%,
104/06/26,115,0,-1,114,243845,466,1459,245770,29.53%,29.76%,
104/06/25,-9,0,-5,-14,243730,466,1460,245656,29.51%,29.74%,
104/06/24,3,0,10,13,244089,466,1465,246020,29.56%,29.79%,
104/06/23,185,0,0,185,244148,466,1455,246069,29.56%,29.79%,
104/06/22,88,-4,-4,80,243963,466,1455,245884,29.54%,29.77%,
104/06/18,-61,-1,-31,-93,243875,469,1459,245803,29.53%,29.76%,
104/06/17,-1879,0,-11,-1890,243936,470,1490,245896,29.54%,29.78%,
104/06/16,369,0,-4,365,245754,470,1501,247725,29.76%,30.00%,
104/06/15,-277,0,-10,-287,245384,470,1505,247359,29.71%,29.95%,
104/06/12,408,0,-5,403,245884,470,1515,247869,29.77%,30.01%,
104/06/11,-1274,0,-1,-1275,245476,470,1520,247466,29.72%,29.96%,
104/06/10,-66,0,27,-39,246804,470,1521,248795,29.88%,30.12%,
104/06/09,-694,0,-170,-864,246962,470,1494,248926,29.90%,30.14%,
104/06/08,-1094,0,-191,-1285,247630,470,1664,249764,29.98%,30.24%,
104/06/05,-712,-1,-100,-813,248720,470,1855,251045,30.12%,30.40%,
104/06/04,-1456,-2,-55,-1513,249341,471,1955,251767,30.19%,30.48%,
104/06/03,-1189,0,-66,-1255,250833,474,2010,253317,30.37%,30.67%,
104/06/02,-669,0,-23,-692,252022,474,2076,254572,30.52%,30.83%,
104/06/01,-583,0,-60,-643,252697,474,2099,255270,30.60%,30.91%,
104/05/29,50,0,-85,-35,253280,474,2159,255913,30.67%,30.99%,
104/05/28,-835,0,340,-495,253163,474,2244,255881,30.65%,30.98%,
104/05/27,143,0,-46,97,254020,474,1904,256398,30.76%,31.05%,
104/05/26,-136,0,7,-129,253877,474,1950,256301,30.74%,31.03%,
104/05/25,-224,0,19,-205,254076,474,1943,256493,30.77%,31.06%,
104/05/22,-284,0,86,-198,254300,474,1924,256698,30.79%,31.08%,
104/05/21,-503,0,-41,-544,254614,474,1838,256926,30.83%,31.11%,
104/05/20,-631,0,-2,-633,255117,474,1879,257470,30.89%,31.17%,
104/05/19,-361,0,-15,-376,255748,474,1881,258103,30.97%,31.26%,
104/05/18,159,0,-36,123,256572,474,1896,258942,31.07%,31.36%,
104/05/15,599,114,8,721,256413,474,1932,258819,31.05%,31.34%,
104/05/14,164,130,-166,128,255814,360,1924,258098,30.98%,31.26%,
104/05/13,598,0,-206,392,255350,230,2090,257670,30.92%,31.20%,
104/05/12,-512,0,70,-442,254752,230,2296,257278,30.85%,31.16%,
104/05/11,-94,0,90,-4,255254,230,2226,257710,30.91%,31.21%,
104/05/08,141,0,-56,85,255352,230,2136,257718,30.92%,31.21%,
104/05/07,769,0,-127,642,255210,230,2192,257632,30.90%,31.19%,
104/05/06,-1107,0,-187,-1294,254442,230,2319,256991,30.81%,31.12%,
104/05/05,478,0,382,860,255549,230,2506,258285,30.94%,31.27%,
104/05/04,-234,0,28,-206,255070,230,2124,257424,30.89%,31.18%,
104/04/30,88,0,149,237,255304,230,2096,257630,30.91%,31.19%,
104/04/29,310,-1,46,355,255216,230,1947,257393,30.90%,31.16%,
104/04/28,-523,0,53,-470,254924,231,1901,257056,30.87%,31.13%,
104/04/27,1240,0,-117,1123,255447,231,1848,257526,30.93%,31.18%,
104/04/24,1010,0,-162,848,254197,231,1965,256393,30.78%,31.05%,
104/04/23,214,0,-13,201,254477,231,2127,256835,30.81%,31.10%,
104/04/22,-182,0,-287,-469,254263,231,2140,256634,30.79%,31.08%,
104/04/21,-110,0,-24,-134,254624,231,2427,257282,30.83%,31.15%,
104/04/20,1052,-1,-166,885,254734,231,2451,257416,30.85%,31.17%,
104/04/17,3005,0,-721,2284,253682,232,2617,256531,30.72%,31.07%,
104/04/16,3265,0,1293,4558,251077,232,3338,254647,30.40%,30.83%,
104/04/15,1119,-6,-1,1112,247812,232,2045,250089,30.01%,30.29%,
104/04/14,1549,0,-531,1018,246693,238,2046,248977,29.87%,30.15%,
104/04/13,5132,0,1124,6256,245144,238,2577,247959,29.68%,30.02%,
104/04/10,115,0,0,115,240012,238,1453,241703,29.06%,29.26%,
104/04/09,185,0,8,193,239897,238,1453,241588,29.05%,29.25%,
104/04/08,-453,0,6,-447,239712,238,1445,241395,29.03%,29.23%,
104/04/07,143,0,0,143,240165,238,1439,241842,29.08%,29.28%,
104/04/02,-1231,0,0,-1231,240022,238,1439,241699,29.06%,29.26%,
104/04/01,-125,-28,-8,-161,239822,238,1439,241499,29.04%,29.24%,
104/03/31,-460,0,0,-460,239997,266,1447,241710,29.06%,29.27%,
104/03/30,-331,0,-155,-486,240457,388,1447,242292,29.12%,29.34%,
104/03/27,-788,0,-29,-817,240788,388,1602,242778,29.16%,29.40%,
104/03/26,157,0,9,166,241576,388,1631,243595,29.25%,29.49%,
104/03/25,-905,0,16,-889,241419,388,1622,243429,29.23%,29.47%,
104/03/24,-176,0,27,-149,245324,388,1606,247318,29.71%,29.95%,
104/03/23,1320,-32,39,1327,245500,388,1579,247467,29.73%,29.97%,
104/03/20,-1580,-2091,-2715,-6386,244810,420,1540,246770,29.64%,29.88%,
104/03/19,-444,0,-827,-1271,246390,2511,4255,253156,29.83%,30.65%,
104/03/18,-430,0,-58,-488,246834,2511,5082,254427,29.89%,30.81%,
104/03/17,-740,0,-1218,-1958,247264,2511,5140,254915,29.94%,30.87%,
104/03/16,-1451,0,50,-1401,248004,2511,6358,256873,30.03%,31.10%,
104/03/13,880,-50,32,862,249455,2511,6308,258274,30.21%,31.28%,
104/03/12,239,-20,-0,219,248574,2561,6276,257411,30.10%,31.17%,
104/03/11,-2611,-115,-3,-2729,249335,2581,6276,258192,30.19%,31.26%,
104/03/10,4111,-92,-605,3414,251757,2696,6279,260732,30.48%,31.57%,
104/03/09,-1532,0,-84,-1616,247762,2788,6884,257434,30.00%,31.17%,
104/03/06,-1514,0,-67,-1581,249295,2788,6968,259051,30.19%,31.37%,
104/03/05,-792,0,-173,-965,250808,2788,7035,260631,30.37%,31.56%,
104/03/04,-1591,0,-144,-1735,251600,2788,7208,261596,30.47%,31.68%,
104/03/03,-1699,0,-165,-1864,256784,2788,7352,266924,31.09%,32.32%,
104/03/02,-2258,91,-433,-2600,258791,2788,7517,269096,31.34%,32.59%,
104/02/26,-12758,157,1537,-11064,263931,2697,7950,274578,31.96%,33.25%,
104/02/25,-1365,0,25,-1340,279119,2540,6413,288072,33.80%,34.88%,
104/02/24,-2124,0,-6,-2130,282512,2540,6388,291440,34.21%,35.29%,
104/02/13,-2873,0,-23,-2896,283073,2540,6394,292007,34.28%,35.36%,
104/02/12,-2503,0,-430,-2933,280949,2540,6417,289906,34.02%,35.10%,
104/02/11,-1322,0,4,-1318,275326,2540,6847,284713,33.34%,34.48%,
104/02/10,-679,0,894,215,276612,2540,6843,285995,33.49%,34.63%,
104/02/09,-519,0,29,-490,277291,2540,5949,285780,33.58%,34.61%,
104/02/06,364,-1,135,498,277188,2540,5920,285648,33.56%,34.58%,
104/02/05,311,0,15,326,276776,2541,5785,285102,33.51%,34.52%,
104/02/04,-787,0,49,-738,276465,2541,5771,284777,33.48%,34.49%,
104/02/03,129,0,617,746,277212,2541,5722,285475,33.57%,34.57%,
104/02/02,1248,0,-39,1209,278083,2541,5105,285729,33.67%,34.60%,
104/01/30,-1110,0,82,-1028,276835,2541,5144,284520,33.52%,34.45%,
104/01/29,-289,0,23,-266,277945,2541,5062,285548,33.66%,34.58%,
104/01/28,965,0,-26,939,277734,2541,5039,285314,33.63%,34.55%,
104/01/27,-1,0,-18,-19,276742,2541,5065,284348,33.51%,34.43%,
104/01/26,235,0,-14,221,276343,2541,5083,283967,33.46%,34.38%,
104/01/23,96,0,1491,1587,276108,2541,5097,283746,33.43%,34.36%,
104/01/22,587,-7,1241,1821,276012,2541,3606,282159,33.42%,34.16%,
104/01/21,-90,0,50,-40,275275,2548,2365,280188,33.33%,33.93%,
104/01/20,-290,0,-18,-308,275375,2548,2315,280238,33.35%,33.94%,
104/01/19,-230,-1,-72,-303,275537,2548,2333,280418,33.36%,33.95%,
104/01/16,-561,0,-31,-592,275563,2549,2405,280517,33.37%,33.97%,
104/01/15,-22,0,47,25,278198,2549,2436,283183,33.69%,34.29%,
104/01/14,-384,0,126,-258,278199,2549,2389,283137,33.69%,34.29%,
104/01/13,43,28,439,510,278583,2549,2263,283395,33.73%,34.31%,
104/01/12,-238,0,38,-200,275540,2521,1824,279885,33.37%,33.90%,
104/01/09,-437,0,60,-377,275776,2521,1786,280083,33.39%,33.91%,
104/01/08,-245,0,40,-205,276097,2521,1726,280344,33.43%,33.94%,
104/01/07,-952,0,0,-952,278510,2521,1686,282717,33.72%,34.23%,
104/01/06,-756,0,60,-696,279466,2521,1686,283673,33.84%,34.35%,
104/01/05,-296,0,-6,-302,280255,2521,1626,284402,33.94%,34.44%,
