日期,外資買賣超,投信買賣超,自營商買賣超,單日合計買賣超,外資估計持股,投信估計持股,自營商估計持股,單日合計估計持股,外資持股比重,三大法人持股比重,
107/03/31,-1,0,-18,-19,32344,1223,1444,35011,16.54%,17.90%,
107/03/30,-33,-1,6,-28,32345,1223,1462,35030,16.54%,17.91%,
107/03/29,-852,0,-40,-892,32378,1224,1456,35058,16.55%,17.92%,
107/03/28,-5,0,-20,-25,33229,1224,1496,35949,16.99%,18.38%,
107/03/27,-3,0,27,24,33234,1224,1516,35974,16.99%,18.39%,
107/03/26,-356,-82,-42,-480,33287,1224,1489,36000,17.02%,18.41%,
107/03/23,215,0,-128,87,33538,1306,1531,36375,17.15%,18.60%,
107/03/22,-274,0,-80,-354,33324,1306,1659,36289,17.04%,18.56%,
107/03/21,-586,0,-20,-606,33597,1306,1739,36642,17.18%,18.74%,
107/03/20,-92,-2,-25,-119,34200,1306,1759,37265,17.49%,19.06%,
107/03/19,-315,-3,85,-233,34292,1308,1784,37384,17.53%,19.11%,
107/03/16,65,-124,4,-55,34607,1311,1699,37617,17.69%,19.23%,
107/03/15,-783,-718,-8,-1509,34531,1435,1695,37661,17.66%,19.26%,
107/03/14,-205,-1026,-304,-1535,35263,2153,1703,39119,18.03%,20.00%,
107/03/13,-433,-674,-50,-1157,35460,3179,2007,40646,18.13%,20.78%,
107/03/12,-91,-380,-8,-479,35918,3853,2057,41828,18.36%,21.38%,
107/03/09,558,-800,55,-187,36037,4233,2065,42335,18.43%,21.65%,
107/03/08,-90,-247,-119,-456,35706,5033,2010,42749,18.26%,21.86%,
107/03/07,-175,0,-108,-283,35836,5280,2129,43245,18.32%,22.11%,
107/03/06,122,-130,-51,-59,36011,5280,2237,43528,18.41%,22.25%,
107/03/05,-213,57,-171,-327,35877,5410,2288,43575,18.34%,22.28%,
107/03/02,-9,0,-122,-131,36090,5353,2459,43902,18.45%,22.45%,
107/03/01,-195,-383,101,-477,36099,5353,2581,44033,18.46%,22.52%,
107/02/27,-269,-171,-18,-458,36280,5736,2480,44496,18.55%,22.75%,
107/02/26,342,-234,8,116,36549,5907,2498,44954,18.69%,22.99%,
107/02/23,-171,0,-7,-178,36206,6141,2490,44837,18.51%,22.92%,
107/02/22,-114,50,39,-25,36359,6141,2497,44997,18.59%,23.01%,
107/02/21,951,0,44,995,36473,6091,2458,45022,18.65%,23.02%,
107/02/12,-1364,120,-96,-1340,35522,6091,2414,44027,18.16%,22.51%,
107/02/09,-757,0,-81,-838,36873,5971,2510,45354,18.85%,23.19%,
107/02/08,67,303,209,579,37619,5971,2591,46181,19.23%,23.61%,
107/02/07,1298,0,196,1494,37552,5668,2382,45602,19.20%,23.32%,
107/02/06,-318,0,-595,-913,36255,5668,2186,44109,18.54%,22.56%,
107/02/05,253,0,-105,148,36559,5668,2781,45008,18.69%,23.01%,
107/02/02,227,0,40,267,36496,5668,2886,45050,18.66%,23.03%,
107/02/01,60,0,-60,0,36545,5668,2846,45059,18.68%,23.03%,
107/01/31,439,0,285,724,36485,5668,2906,45059,18.65%,23.03%,
107/01/30,712,0,-130,582,36046,5668,2621,44335,18.43%,22.67%,
107/01/29,-1638,70,-436,-2004,35334,5668,2751,43753,18.07%,22.38%,
107/01/26,26,0,286,312,36802,5598,3187,45587,18.82%,23.31%,
107/01/25,-426,727,49,350,36915,5598,2901,45414,18.87%,23.22%,
107/01/24,1036,585,105,1726,37301,4871,2852,45024,19.07%,23.02%,
107/01/23,-1911,-28,116,-1823,36123,4286,2747,43156,18.47%,22.07%,
107/01/22,2291,0,38,2329,38034,4314,2631,44979,19.45%,23.00%,
107/01/19,-328,148,-378,-558,35713,4314,2593,42620,18.26%,21.79%,
107/01/18,1556,68,-430,1194,36031,4166,2971,43168,18.42%,22.07%,
107/01/17,5,352,-125,232,34475,4098,3401,41974,17.63%,21.47%,
107/01/16,445,0,-631,-186,34461,3746,3526,41733,17.62%,21.34%,
107/01/15,-129,0,-491,-620,34016,3746,4157,41919,17.39%,21.43%,
107/01/12,-677,1289,141,753,34138,3746,4648,42532,17.45%,21.74%,
107/01/11,1381,1000,151,2532,35115,2457,4507,42079,17.95%,21.51%,
107/01/10,-1128,401,403,-324,33523,1457,4356,39336,17.14%,20.11%,
107/01/09,83,0,-47,36,34607,1056,3953,39616,17.69%,20.25%,
107/01/08,305,0,87,392,34826,1056,4000,39882,17.81%,20.40%,
107/01/05,614,0,17,631,34521,1056,3913,39490,17.65%,20.19%,
107/01/04,98,-293,-205,-400,33885,1056,3896,38837,17.32%,19.85%,
107/01/03,370,310,102,782,33785,1349,4101,39235,17.27%,20.06%,
107/01/02,-115,0,613,498,33415,1039,3999,38453,17.08%,19.66%,
106/12/29,323,0,42,365,33530,1039,3386,37955,17.14%,19.40%,
106/12/28,1301,-2,303,1602,33208,599,3344,37151,16.98%,19.00%,
106/12/27,798,3,-299,502,32212,601,3041,35854,16.47%,18.33%,
106/12/26,960,-2,-188,770,31414,598,3340,35352,16.06%,18.07%,
106/12/25,350,600,536,1486,30454,600,3528,34582,15.57%,17.68%,
106/12/22,1376,0,337,1713,30102,0,2992,33094,15.39%,16.92%,
106/12/21,152,0,36,188,28726,0,2655,31381,14.69%,16.05%,
106/12/20,974,0,1077,2051,28570,0,2619,31189,14.61%,15.95%,
106/12/19,33,0,23,56,27700,0,1542,29242,14.16%,14.95%,
106/12/18,251,0,8,259,27662,0,1519,29181,14.14%,14.92%,
106/12/15,-56,0,0,-56,27601,0,1511,29112,14.11%,14.88%,
106/12/14,124,0,1,125,27657,0,1511,29168,14.14%,14.91%,
106/12/13,144,0,0,144,27533,0,1510,29043,14.08%,14.85%,
106/12/12,75,0,-8,67,27389,0,1510,28899,14.00%,14.77%,
106/12/11,-168,0,-18,-186,27314,0,1518,28832,13.96%,14.74%,
106/12/08,444,-41,-40,363,27482,0,1536,29018,14.05%,14.84%,
106/12/07,-108,-259,-79,-446,27038,0,1576,28614,13.82%,14.63%,
106/12/06,82,-756,-42,-716,27146,220,1655,29021,13.88%,14.84%,
106/12/05,440,-338,97,199,27064,976,1697,29737,13.84%,15.21%,
106/12/04,229,-225,-134,-130,26624,1314,1600,29538,13.61%,15.10%,
106/12/01,200,0,86,286,26395,1539,1734,29668,13.49%,15.16%,
106/11/30,599,0,5,604,26195,1539,1648,29382,13.39%,15.02%,
106/11/29,130,0,3,133,25596,1539,1643,28778,13.09%,14.72%,
106/11/28,280,0,-3,277,25463,1539,1640,28642,13.02%,14.65%,
106/11/27,18,0,-21,-3,25123,1539,1643,28305,12.84%,14.47%,
106/11/24,490,0,-7,483,25064,1539,1664,28267,12.81%,14.45%,
106/11/23,-51,0,-14,-65,24574,1539,1671,27784,12.56%,14.20%,
106/11/22,-237,0,2,-235,24606,1539,1685,27830,12.58%,14.23%,
106/11/21,25,0,8,33,24710,1539,1683,27932,12.63%,14.28%,
106/11/20,434,0,-63,371,24592,1539,1675,27806,12.57%,14.21%,
106/11/17,-12,0,-40,-52,24101,1539,1738,27378,12.32%,14.00%,
106/11/16,-6,0,9,3,24021,1539,1778,27338,12.28%,13.98%,
106/11/15,61,-37,-50,-26,23954,1539,1769,27262,12.25%,13.94%,
106/11/14,-332,0,-138,-470,23893,1575,1819,27287,12.21%,13.95%,
106/11/13,-499,0,-734,-1233,24177,1575,1957,27709,12.36%,14.17%,
106/11/10,305,0,-20,285,24675,1575,2691,28941,12.61%,14.79%,
106/11/09,-230,0,-55,-285,24370,1575,2711,28656,12.46%,14.65%,
106/11/08,182,0,28,210,24579,1575,2766,28920,12.57%,14.79%,
106/11/07,138,-90,-58,-10,24397,1575,2738,28710,12.47%,14.68%,
106/11/06,-1460,-90,-346,-1896,24174,1665,2796,28635,12.36%,14.64%,
106/11/03,62,0,291,353,25634,1755,3142,30531,13.10%,15.60%,
106/11/02,-257,0,-148,-405,25572,1755,2851,30178,13.07%,15.43%,
106/11/01,78,0,-21,57,25829,1755,2999,30583,13.20%,15.63%,
106/10/31,-259,-100,149,-210,25751,1755,3020,30526,13.16%,15.60%,
106/10/30,-554,-15,-47,-616,26010,1855,2871,30736,13.30%,15.72%,
106/10/27,429,-180,-95,154,26564,1870,2918,31352,13.58%,16.03%,
106/10/26,185,-1049,138,-726,26135,2050,3013,31198,13.36%,15.95%,
106/10/25,1734,40,1328,3102,25950,3099,2875,31924,13.27%,16.33%,
106/10/24,1615,-12,233,1836,24216,3059,1547,28822,12.38%,14.74%,
106/10/23,496,-15,-40,441,22601,3071,1314,26986,11.55%,13.79%,
106/10/20,572,0,-37,535,22115,3086,1354,26555,11.31%,13.58%,
106/10/19,356,-5,-5,346,21543,3086,1391,26020,11.01%,13.30%,
106/10/18,663,0,186,849,21187,3091,1396,25674,10.83%,13.12%,
106/10/17,801,0,51,852,20503,3091,1210,24804,10.48%,12.68%,
106/10/16,16,467,15,498,19292,3091,1159,23542,9.86%,12.03%,
106/10/13,336,292,146,774,19262,2624,1144,23030,9.85%,11.78%,
106/10/12,-153,409,12,268,19140,2332,998,22470,9.78%,11.48%,
106/10/11,212,0,11,223,19322,1923,986,22231,9.88%,11.37%,
106/10/06,123,0,0,123,19095,1923,975,21993,9.76%,11.24%,
106/10/05,-12,-1,0,-13,18972,1923,975,21870,9.70%,11.18%,
106/10/03,-14,0,0,-14,18906,1924,975,21805,9.66%,11.14%,
106/10/02,148,0,-4,144,18885,1924,975,21784,9.65%,11.13%,
106/09/30,112,0,0,112,18694,1924,979,21597,9.56%,11.04%,
106/09/29,133,0,-1,132,18582,2779,979,22340,9.50%,11.42%,
106/09/28,80,0,-1,79,18678,2779,980,22437,9.55%,11.47%,
106/09/27,550,0,-2,548,18598,2779,981,22358,9.51%,11.43%,
106/09/26,-71,0,-256,-327,18048,2779,983,21810,9.23%,11.15%,
106/09/25,-240,0,1,-239,18119,2779,1239,22137,9.26%,11.31%,
106/09/22,203,0,-62,141,18359,2779,1238,22376,9.38%,11.43%,
106/09/21,697,0,-140,557,18156,2779,1300,22235,9.28%,11.37%,
106/09/20,327,0,-74,253,17459,2779,1440,21678,8.92%,11.08%,
106/09/19,170,0,-39,131,17132,2779,1514,21425,8.76%,10.96%,
106/09/18,239,0,13,252,16962,2779,1553,21294,8.67%,10.89%,
106/09/15,211,0,5,216,16747,2779,1540,21066,8.56%,10.77%,
106/09/14,107,0,155,262,16582,2779,1535,20896,8.48%,10.69%,
106/09/13,561,0,-5,556,16383,2779,1380,20542,8.37%,10.50%,
106/09/12,242,0,21,263,15822,2779,1385,19986,8.09%,10.22%,
106/09/11,-104,0,-47,-151,15580,2779,1364,19723,7.96%,10.08%,
106/09/08,85,-5,-8,72,15684,2779,1411,19874,8.02%,10.16%,
106/09/07,87,0,69,156,14779,2784,1419,18982,7.55%,9.70%,
106/09/06,202,-30,-73,99,14692,2784,1350,18826,7.51%,9.62%,
106/09/05,50,0,5,55,14491,2814,1423,18728,7.41%,9.58%,
106/09/04,-102,395,51,344,14441,2814,1418,18673,7.38%,9.54%,
106/09/01,21,755,-91,685,14499,2419,1367,18285,7.41%,9.35%,
106/08/31,-59,-30,100,11,14572,1664,1458,17694,7.45%,9.05%,
106/08/30,29,0,-45,-16,14591,1694,1358,17643,7.46%,9.02%,
106/08/29,42,0,-114,-72,14561,1694,1403,17658,7.44%,9.02%,
106/08/28,-454,0,-87,-541,14519,1694,1517,17730,7.42%,9.06%,
106/08/25,-87,0,0,-87,14973,1694,1604,18271,7.65%,9.34%,
106/08/24,-1003,-547,172,-1378,15060,1694,1604,18358,7.70%,9.39%,
106/08/23,469,12,121,602,15934,2241,1432,19607,8.14%,10.02%,
106/08/22,-779,-545,-252,-1576,15457,2229,1311,18997,7.90%,9.71%,
106/08/21,569,-5,-51,513,16086,2774,1563,20423,8.22%,10.44%,
106/08/18,618,180,-166,632,15517,2779,1614,19910,7.93%,10.18%,
106/08/17,-146,0,-116,-262,14899,2599,1780,19278,7.62%,9.86%,
106/08/16,236,0,25,261,15046,2599,1896,19541,7.69%,9.99%,
106/08/15,144,0,-6,138,14810,2599,1871,19280,7.57%,9.86%,
106/08/14,-1,-35,74,38,14747,2599,1877,19223,7.54%,9.83%,
106/08/11,-473,-65,161,-377,14764,2634,1803,19201,7.55%,9.82%,
106/08/10,-57,0,-39,-96,15364,2699,1642,19705,8.01%,10.23%,
106/08/09,64,0,103,167,15428,2699,1681,19808,8.04%,10.28%,
106/08/08,70,0,-4,66,15371,2699,1578,19648,8.01%,10.20%,
106/08/07,264,0,-6,258,15364,2699,1582,19645,8.01%,10.20%,
106/08/04,22,50,-100,-28,15100,2699,1588,19387,7.87%,10.06%,
106/08/03,110,0,-63,47,14831,2649,1688,19168,7.73%,9.95%,
106/08/02,117,0,-107,10,14721,2649,1751,19121,7.67%,9.92%,
106/08/01,-135,0,-10,-145,14604,2649,1858,19111,7.61%,9.92%,
106/07/31,57,230,-180,107,14739,2649,1868,19256,7.68%,9.99%,
106/07/28,-124,220,-110,-14,14682,2419,2048,19149,7.65%,9.93%,
106/07/27,-60,0,-11,-71,14696,2199,2158,19053,7.66%,9.89%,
106/07/26,-341,0,-173,-514,14804,2199,2169,19172,7.72%,9.95%,
106/07/25,12,0,267,279,15146,2199,2342,19687,7.90%,10.27%,
106/07/24,-8,0,0,-8,15134,2199,2075,19408,7.89%,10.12%,
106/07/21,175,0,-246,-71,15142,2199,2075,19416,7.89%,10.12%,
106/07/20,16,0,14,30,14967,2199,2321,19487,7.80%,10.16%,
106/07/19,5,0,-27,-22,15771,2199,2307,20277,8.22%,10.57%,
106/07/18,49,0,-129,-80,15766,2199,2334,20299,8.22%,10.58%,
106/07/17,57,0,-72,-15,15717,2199,2463,20379,8.19%,10.62%,
106/07/14,89,0,0,89,15436,2199,2535,20170,8.05%,10.52%,
106/07/13,-24,0,0,-24,15347,2199,2535,20081,8.00%,10.47%,
106/07/12,-41,0,-5,-46,15405,2199,2535,20139,8.03%,10.50%,
106/07/11,139,0,19,158,15889,2199,2540,20628,8.28%,10.75%,
106/07/10,11,0,-3,8,15750,2199,2521,20470,8.21%,10.67%,
106/07/07,-187,0,-2,-189,15739,2199,2524,20462,8.21%,10.67%,
106/07/06,-91,0,15,-76,15926,2199,2526,20651,8.30%,10.76%,
106/07/05,106,0,27,133,16017,2199,2511,20727,8.35%,10.81%,
106/07/04,-286,0,-30,-316,16175,2199,2484,20858,8.43%,10.87%,
106/07/03,-151,0,-136,-287,16461,2199,2514,21174,8.58%,11.04%,
106/06/30,552,0,-428,124,16812,2199,2650,21661,8.77%,11.30%,
106/06/29,188,0,-14,174,16260,2197,3078,21535,8.48%,11.23%,
106/06/28,258,0,-33,225,16072,2197,3092,21361,8.38%,11.14%,
106/06/27,383,0,-82,301,15814,2197,3125,21136,8.24%,11.02%,
106/06/26,671,0,-188,483,15571,2197,3207,20975,8.12%,10.94%,
106/06/23,258,0,-31,227,14900,2197,3395,20492,7.77%,10.69%,
106/06/22,218,0,16,234,14642,2197,3426,20265,7.63%,10.56%,
106/06/21,133,0,-62,71,14424,2197,3410,20031,7.52%,10.44%,
106/06/20,327,0,6,333,14243,2197,3472,19912,7.42%,10.38%,
106/06/19,301,0,16,317,13916,2197,3466,19579,7.25%,10.20%,
106/06/16,2093,-172,-47,1874,13847,2197,3450,19494,7.22%,10.17%,
106/06/15,105,-200,4,-91,11346,2369,3497,17212,5.91%,8.97%,
106/06/14,-51,-200,-64,-315,11241,2569,3493,17303,5.86%,9.02%,
106/06/13,10,-200,-4,-194,11292,2769,3557,17618,5.89%,9.19%,
106/06/12,1,0,0,1,11651,2969,3561,18181,6.07%,9.48%,
106/06/09,146,-380,-2,-236,11650,2969,3561,18180,6.07%,9.48%,
106/06/08,195,0,-13,182,11504,3349,3563,18416,6.00%,9.61%,
106/06/07,52,0,-18,34,11309,3349,3576,18234,5.89%,9.50%,
106/06/06,78,0,-5,73,11257,3349,3594,18200,5.87%,9.49%,
106/06/05,391,0,-55,336,11366,3349,3599,18314,5.92%,9.54%,
106/06/03,0,0,0,0,10975,3349,3654,17978,5.72%,9.37%,
106/06/02,240,0,0,240,10975,3349,3654,17978,5.72%,9.37%,
106/06/01,207,45,-11,241,10735,3349,3654,17738,5.59%,9.24%,
106/05/31,186,0,-27,159,10528,3304,3665,17497,5.49%,9.13%,
106/05/26,70,0,0,70,10218,3304,3692,17214,5.33%,8.98%,
106/05/25,43,150,1,194,10148,3304,3692,17144,5.29%,8.94%,
106/05/24,28,0,-12,16,10095,3154,3691,16940,5.26%,8.83%,
106/05/23,90,200,0,290,10331,3154,3703,17188,5.38%,8.96%,
106/05/22,7,0,5,12,10241,2954,3703,16898,5.34%,8.81%,
106/05/19,-72,0,-11,-83,10234,2954,3698,16886,5.33%,8.80%,
106/05/18,28,0,89,117,10306,2954,3709,16969,5.37%,8.85%,
106/05/17,-34,0,-11,-45,10278,2954,3620,16852,5.36%,8.79%,
106/05/16,-7,0,-6,-13,10297,2954,3631,16882,5.37%,8.81%,
106/05/15,42,0,16,58,10314,2954,3637,16905,5.38%,8.82%,
106/05/12,-174,200,-50,-24,10656,2954,3621,17231,5.55%,8.98%,
106/05/11,-95,422,-15,312,10933,2754,3671,17358,5.70%,9.05%,
106/05/10,87,0,78,165,10998,2332,3686,17016,5.73%,8.87%,
106/05/09,-107,-250,-166,-523,11037,2332,3608,16977,5.75%,8.85%,
106/05/08,-79,0,29,-50,11101,2582,3774,17457,5.79%,9.11%,
106/05/05,247,0,-55,192,11674,2582,3745,18001,6.08%,9.38%,
106/05/04,158,0,-140,18,11449,2582,3800,17831,5.97%,9.30%,
106/05/03,184,0,329,513,11283,2582,3940,17805,5.88%,9.28%,
106/05/02,86,0,-2,84,11266,2582,3611,17459,5.87%,9.10%,
106/04/28,79,0,8,87,11180,2582,3613,17375,5.83%,9.06%,
106/04/27,46,0,15,61,10602,2582,3605,16789,5.53%,8.76%,
106/04/26,180,0,2,182,10425,2582,3590,16597,5.43%,8.65%,
106/04/25,151,0,4,155,10245,2582,3588,16415,5.34%,8.56%,
106/04/24,-31,0,-47,-78,10094,2582,3584,16260,5.26%,8.48%,
106/04/21,184,0,-36,148,10125,2582,3631,16338,5.28%,8.52%,
106/04/20,10,0,-58,-48,9941,2582,3667,16190,5.18%,8.44%,
106/04/19,29,0,11,40,9790,2582,3725,16097,5.10%,8.39%,
106/04/18,462,0,19,481,9982,2582,3714,16278,5.20%,8.48%,
106/04/17,-14,0,-15,-29,9163,2582,3695,15440,4.77%,8.04%,
106/04/14,14,0,-72,-58,9177,2582,3710,15469,4.78%,8.06%,
106/04/13,109,0,31,140,9085,2582,3782,15449,4.73%,8.05%,
106/04/12,29,0,-153,-124,8897,2582,3751,15230,4.64%,7.94%,
106/04/11,218,0,-41,177,8944,2582,3904,15430,4.66%,8.04%,
106/04/10,122,0,180,302,9063,2582,3945,15590,4.72%,8.12%,
106/04/07,281,0,-528,-247,9921,2582,3765,16268,5.17%,8.48%,
106/04/06,580,0,411,991,10278,2582,4293,17153,5.36%,8.95%,
106/04/05,744,0,-80,664,10180,2582,3882,16644,5.31%,8.68%,
106/03/31,244,0,-190,54,10296,2582,3962,16840,5.37%,8.78%,
106/03/30,1303,0,396,1699,10232,930,4152,15314,5.33%,7.98%,
106/03/29,33,0,-66,-33,8929,930,3756,13615,4.65%,7.09%,
106/03/28,10,0,42,52,8995,930,3822,13747,4.69%,7.17%,
106/03/27,84,-7,-242,-165,8985,930,3780,13695,4.68%,7.14%,
106/03/24,15,0,-14,1,8866,937,4022,13825,4.62%,7.21%,
106/03/23,-38,0,1,-37,8808,937,4036,13781,4.59%,7.18%,
106/03/22,188,25,-231,-18,9868,937,4035,14840,5.14%,7.73%,
106/03/21,-44,220,135,311,9858,912,4266,15036,5.14%,7.84%,
106/03/20,-321,-1,-514,-836,9902,692,4131,14725,5.16%,7.68%,
106/03/17,253,97,83,433,10368,693,4645,15706,5.40%,8.18%,
106/03/16,1842,41,165,2048,10126,596,4562,15284,5.28%,7.97%,
106/03/15,1153,37,546,1736,8273,555,4397,13225,4.31%,6.89%,
106/03/14,-468,70,-312,-710,7120,518,3851,11489,3.71%,5.99%,
106/03/13,-5,32,310,337,7593,448,4163,12204,3.96%,6.37%,
106/03/10,-178,0,-119,-297,7598,416,3853,11867,3.96%,6.19%,
106/03/09,-497,0,-101,-598,7726,416,3972,12114,4.03%,6.32%,
106/03/08,-29,0,-59,-88,8205,416,4073,12694,4.28%,6.62%,
106/03/07,-152,0,103,-49,8224,416,4132,12772,4.29%,6.66%,
106/03/06,-339,0,-41,-380,8495,416,4029,12940,4.43%,6.75%,
106/03/03,-194,0,160,-34,8742,416,4070,13228,4.56%,6.90%,
106/03/02,-461,0,-133,-594,8916,416,3910,13242,4.65%,6.91%,
106/03/01,-1190,0,-236,-1426,9299,416,4043,13758,4.85%,7.18%,
106/02/24,-650,-143,356,-437,10511,416,4279,15206,5.48%,7.93%,
106/02/23,-128,0,-70,-198,11214,559,3923,15696,5.84%,8.18%,
106/02/22,57,50,-1158,-1051,11364,559,3993,15916,5.92%,8.29%,
106/02/21,0,80,1564,1644,11358,509,5151,17018,5.92%,8.87%,
106/02/20,166,0,-12,154,11359,429,3587,15375,5.92%,8.01%,
106/02/18,0,0,33,33,11837,429,3599,15865,6.17%,8.27%,
106/02/17,88,40,-179,-51,11837,429,3566,15832,6.17%,8.25%,
106/02/16,32,0,68,100,11749,389,3745,15883,6.12%,8.28%,
106/02/15,93,0,113,206,11817,389,3677,15883,6.16%,8.28%,
106/02/14,-138,0,-46,-184,11724,389,3564,15677,6.11%,8.17%,
106/02/13,-49,-192,-540,-781,11918,389,3610,15917,6.21%,8.30%,
106/02/10,229,-200,669,698,11967,581,4150,16698,6.24%,8.71%,
106/02/09,-21,-200,-13,-234,11855,781,3481,16117,6.18%,8.40%,
106/02/08,22,-170,-12,-160,11859,981,3494,16334,6.18%,8.51%,
106/02/07,35,-170,32,-103,11809,1151,3506,16466,6.16%,8.59%,
106/02/06,-140,-168,60,-248,11774,1321,3474,16569,6.14%,8.64%,
106/02/03,105,30,12,147,11915,1489,3414,16818,6.21%,8.77%,
106/02/02,69,-120,-14,-65,11728,1459,3402,16589,6.11%,8.65%,
106/01/24,108,0,-36,72,11659,1579,3416,16654,6.08%,8.69%,
106/01/23,-36,30,-17,-23,11693,1579,3452,16724,6.09%,8.71%,
106/01/20,29,0,14,43,11729,1549,3469,16747,6.11%,8.73%,
106/01/19,109,0,-40,69,11700,1549,3455,16704,6.10%,8.71%,
106/01/18,115,0,-6,109,11564,1549,3495,16608,6.03%,8.66%,
106/01/17,-101,70,-25,-56,11432,1549,3501,16482,5.96%,8.59%,
106/01/16,-6,20,-52,-38,11533,1479,3526,16538,6.01%,8.62%,
106/01/13,188,0,-81,107,11539,1459,3578,16576,6.01%,8.64%,
106/01/12,-59,0,59,0,11351,1459,3659,16469,5.92%,8.59%,
106/01/11,9,0,-71,-62,11410,1459,3600,16469,5.95%,8.59%,
106/01/10,18,0,127,145,11505,1459,3671,16635,6.00%,8.68%,
106/01/09,8,0,-184,-176,11477,1459,3544,16480,5.98%,8.59%,
106/01/06,-321,429,-123,-15,11469,1459,3728,16656,5.98%,8.69%,
106/01/05,203,600,83,886,11780,1030,3851,16661,6.14%,8.69%,
106/01/04,-15,0,-221,-236,11497,430,3768,15695,5.99%,8.18%,
106/01/03,57,0,486,543,11460,430,3989,15879,5.97%,8.28%,
105/12/30,67,0,-361,-294,11373,430,3503,15306,5.93%,7.98%,
105/12/29,46,0,43,89,11296,430,3864,15590,5.89%,8.13%,
105/12/28,17,0,-7,10,11250,430,3821,15501,5.86%,8.08%,
105/12/27,38,0,-115,-77,11430,430,3828,15688,5.96%,8.18%,
105/12/26,-48,0,-93,-141,11392,430,3943,15765,5.94%,8.22%,
105/12/23,47,0,-51,-4,11421,430,4036,15887,5.95%,8.28%,
105/12/22,5,-140,-65,-200,11288,430,4087,15805,5.88%,8.24%,
105/12/21,9,-137,31,-97,11273,570,4152,15995,5.88%,8.34%,
105/12/20,-40,0,-38,-78,11234,707,4121,16062,5.86%,8.38%,
105/12/19,-120,0,2,-118,11249,707,4159,16115,5.86%,8.40%,
105/12/16,88,-35,-55,-2,11339,707,4157,16203,5.91%,8.45%,
105/12/15,-205,0,62,-143,11244,742,4212,16198,5.86%,8.44%,
105/12/14,121,0,31,152,11369,742,4150,16261,5.93%,8.48%,
105/12/13,122,-69,-12,41,11231,742,4119,16092,5.85%,8.39%,
105/12/12,155,0,11,166,10908,811,4131,15850,5.69%,8.27%,
105/12/09,291,-209,-156,-74,10753,811,4120,15684,5.60%,8.17%,
105/12/08,675,-235,17,457,10462,1020,4276,15758,5.45%,8.21%,
105/12/07,-147,-481,-208,-836,9777,1255,4259,15291,5.10%,7.98%,
105/12/06,-150,-166,45,-271,9924,1736,4467,16127,5.17%,8.41%,
105/12/05,-97,-106,127,-76,10024,1902,4422,16348,5.22%,8.52%,
105/12/02,-34,0,-69,-103,10091,2008,4295,16394,5.26%,8.55%,
105/12/01,-203,0,-39,-242,10125,2008,4364,16497,5.28%,8.60%,
105/11/30,-88,0,48,-40,10267,2008,4403,16678,5.35%,8.69%,
105/11/29,145,0,246,391,10355,2008,4355,16718,5.40%,8.72%,
105/11/28,52,-120,26,-42,10195,2008,4109,16312,5.31%,8.50%,
105/11/25,-53,-146,-97,-296,10143,2128,4083,16354,5.29%,8.53%,
105/11/24,-100,-160,22,-238,10196,2274,4180,16650,5.31%,8.68%,
105/11/23,-108,0,56,-52,10296,2434,4158,16888,5.37%,8.81%,
105/11/22,-603,0,-211,-814,10404,2434,4102,16940,5.42%,8.83%,
105/11/21,-525,0,269,-256,10930,2434,4313,17677,5.70%,9.22%,
105/11/18,54,-255,-139,-340,11440,2434,4044,17918,5.96%,9.34%,
105/11/17,-307,-125,-120,-552,11386,2689,4183,18258,5.93%,9.51%,
105/11/16,-105,0,-248,-353,11755,2814,4303,18872,6.13%,9.84%,
105/11/15,231,-215,-587,-571,11860,2814,4551,19225,6.18%,10.02%,
105/11/14,599,-145,-59,395,11526,3029,5138,19693,6.01%,10.27%,
105/11/11,459,-1038,-324,-903,10927,3174,5197,19298,5.70%,10.07%,
105/11/10,439,-1102,-19,-682,10528,4212,5521,20261,5.49%,10.57%,
105/11/09,74,-400,-140,-466,10089,5314,5540,20943,5.26%,10.92%,
105/11/08,-152,0,-9,-161,10015,5714,5680,21409,5.22%,11.16%,
105/11/07,-299,0,-67,-366,10197,5714,5689,21600,5.31%,11.26%,
105/11/04,100,-209,-86,-195,10396,5714,5756,21866,5.42%,11.40%,
105/11/03,-54,-342,-24,-420,10296,5923,5842,22061,5.37%,11.51%,
105/11/02,-77,-122,-205,-404,10350,6265,5866,22481,5.39%,11.72%,
105/11/01,-101,0,-73,-174,11054,6387,6071,23512,5.76%,12.26%,
105/10/31,3,0,-1,2,10994,6387,6144,23525,5.73%,12.27%,
105/10/28,54,-38,-76,-60,10958,6387,6145,23490,5.71%,12.25%,
105/10/27,-246,0,-248,-494,10904,6425,6221,23550,5.68%,12.28%,
105/10/26,-188,0,37,-151,11110,6425,6469,24004,5.79%,12.52%,
105/10/25,-100,0,107,7,11108,6425,6432,23965,5.79%,12.50%,
105/10/24,-141,0,-137,-278,11686,6425,6325,24436,6.09%,12.74%,
105/10/21,-160,-11,88,-83,11827,6425,6462,24714,6.16%,12.88%,
105/10/20,-349,-10,34,-325,11898,6436,6374,24708,6.20%,12.88%,
105/10/19,41,0,-69,-28,12227,6446,6340,25013,6.37%,13.04%,
105/10/18,-431,0,-50,-481,12286,6446,6409,25141,6.40%,13.11%,
105/10/17,-25,-33,-129,-187,12717,6446,6459,25622,6.63%,13.36%,
105/10/14,-254,-33,-193,-480,12725,6479,6588,25792,6.63%,13.45%,
105/10/13,-382,0,-141,-523,13113,6512,6781,26406,6.84%,13.77%,
105/10/12,895,-381,-122,392,13514,6512,6922,26948,7.04%,14.05%,
105/10/11,619,-454,-1144,-979,12619,6893,7044,26556,6.58%,13.85%,
105/10/07,-260,-837,30,-1067,12001,7347,8188,27536,6.26%,14.36%,
105/10/06,-245,-594,-90,-929,12161,8184,8158,28503,6.34%,14.86%,
105/10/05,-276,0,75,-201,12390,8778,8248,29416,6.46%,15.34%,
105/10/04,-661,-149,43,-767,12565,8778,8173,29516,6.55%,15.39%,
105/10/03,-461,-107,-61,-629,13486,8927,8130,30543,7.03%,15.93%,
105/09/30,176,101,-215,62,13543,9034,8191,30768,7.06%,16.05%,
105/09/29,-682,-326,-1,-1009,13367,9726,8406,31499,6.97%,16.43%,
105/09/26,-297,119,-65,-243,13933,10052,8407,32392,7.26%,16.89%,
105/09/23,-272,0,31,-241,14096,9933,8472,32501,7.35%,16.95%,
105/09/22,-167,0,-116,-283,14032,9933,8441,32406,7.31%,16.89%,
105/09/21,-232,161,76,5,14049,9933,8557,32539,7.32%,16.97%,
105/09/20,238,1049,51,1338,14271,9772,8481,32524,7.44%,16.96%,
105/09/19,-460,7,-59,-512,13885,8723,8430,31038,7.24%,16.19%,
105/09/14,6,-30,269,245,14205,8716,8489,31410,7.40%,16.38%,
105/09/13,-235,0,-103,-338,14443,8746,8220,31409,7.53%,16.38%,
105/09/12,-843,17,-11,-837,14131,8746,8323,31200,7.37%,16.27%,
105/09/10,-1,16,-723,-708,14574,8729,8334,31637,7.60%,16.50%,
105/09/09,-660,774,1484,1598,14575,8713,9057,32345,7.60%,16.87%,
105/09/08,-372,0,53,-319,15235,7939,7573,30747,7.94%,16.03%,
105/09/07,-496,-111,52,-555,15840,7939,7520,31299,8.26%,16.32%,
105/09/06,643,0,-170,473,16325,8050,7468,31843,8.51%,16.61%,
105/09/05,-588,0,273,-315,15710,8050,7638,31398,8.19%,16.37%,
105/09/02,-1140,-293,-166,-1599,15977,8050,7365,31392,8.33%,16.37%,
105/09/01,156,-131,230,255,17085,8343,7531,32959,8.91%,17.19%,
105/08/31,-727,-641,-668,-2036,16972,8474,7301,32747,8.85%,17.08%,
105/08/30,308,-117,-46,145,16224,9115,7969,33308,8.46%,17.37%,
105/08/29,-114,-113,586,359,15906,9232,8015,33153,8.29%,17.29%,
105/08/26,-197,532,-9,326,16109,9345,7429,32883,8.40%,17.15%,
105/08/25,-580,323,-93,-350,16306,8813,7438,32557,8.50%,16.98%,
105/08/24,309,1111,-367,1053,16286,8490,7531,32307,8.49%,16.85%,
105/08/23,-248,-25,364,91,15968,7379,7898,31245,8.32%,16.29%,
105/08/22,2033,779,1293,4105,15781,7404,7534,30719,8.23%,16.02%,
105/08/19,-466,1296,-1349,-519,13494,6625,6241,26360,7.03%,13.74%,
105/08/18,947,1602,1491,4040,13951,5329,7590,26870,7.27%,14.01%,
105/08/17,-587,731,-126,18,12886,3727,6099,22712,6.72%,11.85%,
105/08/16,-28,1100,1117,2189,13335,2996,6225,22556,6.95%,11.76%,
105/08/15,-931,0,305,-626,13440,1896,5108,20444,7.01%,10.66%,
105/08/12,512,11,133,656,14271,1896,4803,20970,7.44%,10.93%,
105/08/11,44,0,-607,-563,13759,1885,4670,20314,7.17%,10.59%,
105/08/10,-416,60,-238,-594,13510,1885,5277,20672,7.04%,10.78%,
105/08/09,497,150,-18,629,13882,1825,5515,21222,7.24%,11.07%,
105/08/08,-126,-300,-189,-615,13344,1675,5533,20552,6.96%,10.72%,
105/08/05,-183,0,31,-152,13290,1975,5722,20987,6.93%,10.95%,
105/08/04,-734,148,121,-465,13586,1975,5691,21252,7.08%,11.08%,
105/08/03,-196,155,-142,-183,13973,1827,5570,21370,7.28%,11.14%,
105/08/02,-719,248,627,156,14159,1672,5712,21543,7.38%,11.23%,
105/08/01,-804,146,-435,-1093,14728,1424,5085,21237,7.68%,11.08%,
105/07/29,-3136,-1,1682,-1455,15180,1278,5520,21978,7.91%,11.46%,
105/07/28,-2402,-20,176,-2246,18323,1279,3838,23440,9.55%,12.22%,
105/07/27,-1628,-1929,-144,-3701,20344,1299,3662,25305,10.61%,13.20%,
105/07/26,-4099,-1264,-69,-5432,21605,3228,3806,28639,11.27%,14.94%,
105/07/25,-842,4,388,-450,25383,4492,3875,33750,13.24%,17.60%,
105/07/22,657,-251,-503,-97,26024,4488,3487,33999,13.57%,17.73%,
105/07/21,-536,-180,-428,-1144,25473,4739,3990,34202,13.28%,17.83%,
105/07/20,1857,-3045,249,-939,26009,4919,4418,35346,13.56%,18.43%,
105/07/19,1598,188,-1722,64,24075,7964,4169,36208,12.55%,18.88%,
105/07/18,-1585,63,-539,-2061,22177,7776,5891,35844,11.56%,18.69%,
105/07/15,459,1566,322,2347,23411,7713,6430,37554,12.21%,19.59%,
105/07/14,-452,385,153,86,22594,6147,6108,34849,11.78%,18.17%,
105/07/13,-943,393,-949,-1499,23046,5762,5955,34763,12.02%,18.13%,
105/07/12,-734,330,966,562,24018,5369,6904,36291,12.52%,18.92%,
105/07/11,-682,1605,1082,2005,24752,5039,5938,35729,12.91%,18.64%,
105/07/07,-883,130,1020,267,25434,3434,4856,33724,13.26%,17.58%,
105/07/06,-324,-26,479,129,26317,3304,3836,33457,13.72%,17.44%,
105/07/05,-127,855,273,1001,26642,3330,3357,33329,13.89%,17.38%,
105/07/04,131,-20,405,516,26674,2475,3084,32233,13.91%,16.81%,
105/07/01,-464,0,45,-419,26543,2495,2679,31717,13.84%,16.54%,
105/06/30,-1358,30,834,-494,27077,2495,2634,32206,14.12%,16.80%,
105/06/29,-644,-7,17,-634,28430,2841,1800,33071,14.83%,17.25%,
105/06/28,-469,7,71,-391,29094,2848,1783,33725,15.17%,17.59%,
105/06/27,-449,233,36,-180,29553,2841,1712,34106,15.41%,17.79%,
105/06/24,-1414,165,466,-783,30002,2608,1676,34286,15.65%,17.88%,
105/06/23,-590,762,949,1121,31415,2443,1210,35068,16.38%,18.29%,
105/06/22,304,280,161,745,31995,1681,261,33937,16.69%,17.70%,
105/06/21,2,0,1,3,31691,1401,100,33192,16.53%,17.31%,
105/06/20,-24,0,56,32,31689,1401,99,33189,16.53%,17.31%,
105/06/17,-72,0,2,-70,31713,1401,43,33157,16.54%,17.29%,
105/06/16,-379,50,0,-329,31715,1401,41,33157,16.54%,17.29%,
105/06/15,81,0,0,81,32094,1351,41,33486,16.74%,17.47%,
105/06/14,-612,0,3,-609,32013,1351,41,33405,16.69%,17.42%,
105/06/13,-53,-20,1,-72,32625,1351,38,34014,17.01%,17.73%,
105/06/08,-245,0,0,-245,32678,1371,37,34086,17.04%,17.77%,
105/06/07,-446,0,7,-439,33088,1371,37,34496,17.26%,17.99%,
105/06/06,28,0,0,28,33535,1371,30,34936,17.49%,18.22%,
105/06/04,0,0,0,0,33507,1371,30,34908,17.47%,18.20%,
105/06/03,-63,0,0,-63,33507,1371,30,34908,17.47%,18.20%,
105/06/02,-330,0,0,-330,33570,1371,30,34971,17.51%,18.24%,
105/06/01,139,70,0,209,33900,1371,30,35301,17.68%,18.41%,
105/05/31,-206,0,0,-206,33771,1301,30,35102,17.61%,18.30%,
105/05/30,-346,0,27,-319,33862,1301,30,35193,17.66%,18.35%,
105/05/27,-281,300,0,19,34208,1301,3,35512,17.84%,18.52%,
105/05/26,-278,0,-25,-303,34201,1001,3,35205,17.84%,18.36%,
105/05/25,-983,64,-22,-941,34479,1001,28,35508,17.98%,18.52%,
105/05/24,-355,201,47,-107,35462,937,50,36449,18.49%,19.00%,
105/05/23,53,0,0,53,35817,736,3,36556,18.68%,19.07%,
105/05/20,-188,0,-2,-190,35814,736,3,36553,18.68%,19.07%,
105/05/19,-261,0,-1,-262,36002,736,5,36743,18.78%,19.17%,
105/05/18,-73,0,0,-73,36263,736,6,37005,18.91%,19.30%,
105/05/17,-585,26,0,-559,36336,736,6,37078,18.95%,19.34%,
105/05/16,-904,0,0,-904,36921,710,6,37637,19.25%,19.62%,
105/05/13,-438,0,1,-437,37824,710,6,38540,19.73%,20.10%,
105/05/12,-566,0,0,-566,38262,710,5,38977,19.95%,20.32%,
105/05/11,-468,0,0,-468,38828,710,5,39543,20.25%,20.62%,
105/05/10,-429,60,4,-365,39297,710,5,40012,20.49%,20.86%,
105/05/09,-53,60,0,7,39726,650,1,40377,20.72%,21.06%,
105/05/06,-196,0,1,-195,39779,590,1,40370,20.75%,21.06%,
105/05/05,-373,0,-31,-404,39975,590,0,40565,20.85%,21.16%,
105/05/04,227,0,-20,207,40348,590,21,40959,21.04%,21.36%,
105/05/03,-83,100,0,17,40120,590,41,40751,20.92%,21.25%,
105/04/29,-97,0,-1,-98,40203,490,41,40734,20.97%,21.25%,
105/04/28,-108,0,-5,-113,40301,490,42,40833,21.02%,21.30%,
105/04/27,-82,0,20,-62,40409,490,47,40946,21.07%,21.35%,
105/04/26,-743,0,2,-741,40481,490,27,40998,21.11%,21.38%,
105/04/25,113,0,-7,106,41174,490,25,41689,21.47%,21.74%,
105/04/22,24,0,-24,0,41061,490,32,41583,21.41%,21.68%,
105/04/21,-267,0,-179,-446,41037,490,56,41583,21.40%,21.68%,
105/04/20,-161,-300,-37,-498,41304,490,235,42029,21.54%,21.92%,
105/04/19,-201,0,-17,-218,41455,790,272,42517,21.62%,22.17%,
105/04/18,508,-26,7,489,41656,790,289,42735,21.73%,22.29%,
105/04/15,299,-316,0,-17,41148,816,282,42246,21.46%,22.03%,
105/04/14,-184,0,-52,-236,40850,1132,282,42264,21.30%,22.04%,
105/04/13,-70,-250,-21,-341,41034,1132,334,42500,21.40%,22.16%,
105/04/12,-355,-243,-233,-831,41104,1382,355,42841,21.44%,22.35%,
105/04/11,-290,0,-5,-295,41373,1625,588,43586,21.58%,22.73%,
105/04/08,-1,-40,-1,-42,41663,1625,593,43881,21.73%,22.89%,
105/04/07,-279,-30,19,-290,41664,1665,594,43923,21.73%,22.91%,
105/04/06,-108,0,-6,-114,41943,1695,575,44213,21.87%,23.05%,
105/04/01,217,-30,-5,182,42050,1695,581,44326,21.93%,23.12%,
105/03/31,-104,54,22,-28,41833,1725,586,44144,21.82%,23.03%,
105/03/30,-220,0,-1,-221,41937,1084,564,43585,21.87%,22.73%,
105/03/29,233,10,0,243,42157,1084,565,43806,21.99%,22.85%,
105/03/28,-78,-20,1,-97,41924,1074,565,43563,21.86%,22.71%,
105/03/25,-164,-20,0,-184,42012,1094,564,43670,21.91%,22.77%,
105/03/24,-77,0,0,-77,42176,1114,564,43854,22.00%,22.88%,
105/03/23,-7,0,-30,-37,42253,1114,564,43931,22.04%,22.92%,
105/03/22,-658,-136,-145,-939,42260,1114,594,43968,22.04%,22.93%,
105/03/21,128,-100,80,108,42918,1250,739,44907,22.38%,23.42%,
105/03/18,348,0,0,348,42790,1350,659,44799,22.32%,23.37%,
105/03/17,-603,0,33,-570,42442,1350,659,44451,22.14%,23.19%,
105/03/16,315,-218,-147,-50,43068,1350,626,45044,22.46%,23.49%,
105/03/15,-429,7,-30,-452,42753,1568,773,45094,22.30%,23.52%,
105/03/14,37,0,-49,-12,43182,1561,803,45546,22.52%,23.75%,
105/03/11,260,-65,-34,161,43145,1561,852,45558,22.50%,23.76%,
105/03/10,558,-523,-25,10,42885,1626,886,45397,22.37%,23.68%,
105/03/09,190,-463,11,-262,42327,2149,911,45387,22.08%,23.68%,
105/03/08,-1702,200,-40,-1542,42137,2612,900,45649,21.98%,23.81%,
105/03/07,2440,0,43,2483,44316,2412,940,47668,23.11%,24.86%,
105/03/04,1013,0,-1,1012,41776,2412,897,45085,21.79%,23.52%,
105/03/03,774,-358,23,439,40783,2412,898,44093,21.27%,23.00%,
105/03/02,1822,-150,65,1737,40009,2770,875,43654,20.87%,22.77%,
105/03/01,1321,-1,73,1393,38187,2920,810,41917,19.92%,21.87%,
105/02/26,1193,140,0,1333,36866,2921,737,40524,19.23%,21.14%,
105/02/25,1543,72,41,1656,35673,2781,737,39191,18.60%,20.44%,
105/02/24,1127,100,-12,1215,34120,2709,696,37525,17.79%,19.57%,
105/02/23,-59,166,58,165,32993,2609,708,36310,17.21%,18.94%,
105/02/22,102,113,-20,195,33052,2443,650,36145,17.24%,18.85%,
105/02/19,-243,126,237,120,32949,2330,670,35949,17.18%,18.74%,
105/02/18,-844,868,157,181,33192,2204,433,35829,17.31%,18.69%,
105/02/17,325,150,39,514,34036,1336,276,35648,17.75%,18.59%,
105/02/16,-407,74,-31,-364,33711,1186,237,35134,17.58%,18.32%,
105/02/15,-459,508,-5,44,34118,1112,268,35498,17.79%,18.51%,
105/02/03,89,0,5,94,34576,604,273,35453,18.03%,18.49%,
105/02/02,-19,0,0,-19,34487,604,268,35359,17.99%,18.44%,
105/02/01,-176,1,-15,-190,34506,604,268,35378,18.00%,18.45%,
105/01/30,-1,10,6,15,34632,603,283,35518,18.06%,18.52%,
105/01/29,22,0,36,58,34633,593,277,35503,18.06%,18.51%,
105/01/28,224,0,10,234,34611,593,241,35445,18.05%,18.49%,
105/01/27,-257,0,4,-253,34387,593,231,35211,17.93%,18.36%,
105/01/26,49,-60,-4,-15,34667,593,227,35487,18.08%,18.51%,
105/01/25,112,0,19,131,34618,653,231,35502,18.05%,18.51%,
105/01/22,-178,0,0,-178,34506,653,212,35371,18.00%,18.45%,
105/01/21,261,0,1,262,34674,653,212,35539,18.08%,18.53%,
105/01/20,-258,-99,-2,-359,34467,653,211,35331,17.97%,18.42%,
105/01/19,-257,-171,-3,-431,34725,752,213,35690,18.11%,18.61%,
105/01/18,468,0,4,472,34982,923,216,36121,18.24%,18.83%,
105/01/15,56,-9,-3,44,34460,923,212,35595,17.97%,18.56%,
105/01/14,-477,90,1,-386,34404,932,215,35551,17.94%,18.54%,
105/01/13,387,0,2,389,34881,842,214,35937,18.19%,18.74%,
105/01/12,143,10,-1,152,34494,842,212,35548,17.99%,18.54%,
105/01/11,-1205,170,7,-1028,34351,832,213,35396,17.91%,18.46%,
105/01/08,658,0,10,668,35356,662,206,36224,18.44%,18.89%,
105/01/07,-40,50,2,12,34698,662,196,35556,18.10%,18.55%,
105/01/06,638,-287,37,388,34705,612,194,35511,18.10%,18.52%,
105/01/05,-68,-333,20,-381,34067,899,157,35123,17.77%,18.32%,
105/01/04,547,-131,-3,413,34134,1232,137,35503,17.80%,18.51%,
104/12/31,-41,-152,2,-191,33587,1363,140,35090,17.52%,18.30%,
104/12/30,-278,0,4,-274,33628,2397,138,36163,17.54%,18.86%,
104/12/29,-240,54,4,-182,33906,2397,134,36437,17.68%,19.00%,
104/12/28,-815,263,10,-542,34146,2343,130,36619,17.81%,19.10%,
104/12/25,256,70,-65,261,34961,2080,120,37161,18.23%,19.38%,
104/12/24,183,0,55,238,34705,2010,185,36900,18.10%,19.25%,
104/12/23,471,0,10,481,34522,2010,130,36662,18.00%,19.12%,
104/12/22,-124,-4,77,-51,34051,2010,120,36181,17.76%,18.87%,
104/12/21,-376,0,-104,-480,34175,2014,43,36232,17.82%,18.89%,
104/12/18,-173,0,29,-144,34251,2014,147,36412,17.86%,18.99%,
104/12/17,354,0,-79,275,34424,2014,118,36556,17.95%,19.06%,
104/12/16,843,100,170,1113,34070,2014,197,36281,17.77%,18.92%,
104/12/15,78,807,14,899,33227,1914,27,35168,17.33%,18.34%,
104/12/14,-53,510,-6,451,33149,1107,13,34269,17.29%,17.87%,
104/12/11,37,140,4,181,33202,597,19,33818,17.31%,17.63%,
104/12/10,-44,0,1,-43,33165,457,15,33637,17.30%,17.55%,
104/12/09,-404,333,-70,-141,33209,457,14,33680,17.32%,17.57%,
104/12/08,101,0,65,166,33613,124,84,33821,17.53%,17.64%,
104/12/07,53,0,0,53,33512,124,19,33655,17.48%,17.55%,
104/12/04,-51,0,0,-51,33459,124,19,33602,17.45%,17.52%,
104/12/03,-187,0,0,-187,33510,124,19,33653,17.48%,17.55%,
104/12/02,-70,0,0,-70,33697,124,19,33840,17.57%,17.64%,
104/12/01,-336,0,0,-336,33767,124,19,33910,17.61%,17.68%,
104/11/30,-99,0,-1,-100,34103,124,19,34246,17.79%,17.86%,
104/11/27,31,0,0,31,34202,124,20,34346,17.84%,17.92%,
104/11/26,78,0,5,83,34171,124,20,34315,17.82%,17.90%,
104/11/25,-19,0,0,-19,34093,124,15,34232,17.78%,17.85%,
104/11/24,7,0,0,7,34112,124,15,34251,17.79%,17.86%,
104/11/23,114,0,0,114,34105,124,15,34244,17.79%,17.86%,
104/11/20,105,0,0,105,33991,124,15,34130,17.73%,17.80%,
104/11/19,98,0,0,98,33886,124,15,34025,17.67%,17.74%,
104/11/18,36,0,0,36,33788,124,15,33927,17.62%,17.69%,
104/11/17,65,0,0,65,33752,124,15,33891,17.60%,17.67%,
104/11/16,27,0,-1,26,33687,124,15,33826,17.57%,17.64%,
104/11/13,157,0,0,157,33660,124,16,33800,17.55%,17.62%,
104/11/12,11,0,0,11,33503,124,16,33643,17.47%,17.54%,
104/11/11,-23,0,0,-23,33492,124,16,33632,17.47%,17.54%,
104/11/10,366,0,0,366,33515,124,16,33655,17.48%,17.55%,
104/11/09,-5,0,0,-5,33149,124,16,33289,17.29%,17.36%,
104/11/06,145,0,0,145,33154,124,16,33294,17.29%,17.36%,
104/11/05,39,0,0,39,33009,124,16,33149,17.21%,17.28%,
104/11/04,76,4,1,81,32970,124,16,33110,17.19%,17.26%,
104/11/03,87,0,-2,85,32894,120,15,33029,17.15%,17.22%,
104/11/02,426,0,0,426,32807,120,17,32944,17.11%,17.18%,
104/10/30,-5,0,1,-4,32381,120,17,32518,16.89%,16.96%,
104/10/29,1,0,-0,1,32386,120,16,32522,16.89%,16.96%,
104/10/28,-45,0,0,-45,32385,120,16,32521,16.89%,16.96%,
104/10/27,-3,0,-0,-3,32430,120,16,32566,16.91%,16.98%,
104/10/26,120,0,0,120,32433,120,16,32569,16.91%,16.98%,
104/10/23,59,0,0,59,32313,120,16,32449,16.85%,16.92%,
104/10/22,168,0,0,168,32254,120,16,32390,16.82%,16.89%,
104/10/21,2,0,3,5,32086,120,16,32222,16.73%,16.80%,
104/10/20,56,0,0,56,32084,120,13,32217,16.73%,16.80%,
104/10/19,47,0,0,47,32028,120,13,32161,16.70%,16.77%,
104/10/16,108,0,0,108,31981,120,13,32114,16.68%,16.75%,
104/10/15,406,0,2,408,31873,120,13,32006,16.62%,16.69%,
104/10/14,119,0,0,119,31467,120,11,31598,16.41%,16.48%,
104/10/13,40,0,0,40,31348,120,11,31479,16.35%,16.42%,
104/10/12,16,0,0,16,31308,120,11,31439,16.33%,16.40%,
104/10/08,-5,0,0,-5,31292,120,11,31423,16.32%,16.39%,
104/10/07,4,0,0,4,31297,120,11,31428,16.32%,16.39%,
104/10/06,-17,0,0,-17,31293,120,11,31424,16.32%,16.39%,
104/10/05,28,14,-1,41,31310,120,11,31441,16.33%,16.40%,
104/10/02,-37,3,0,-34,31282,106,12,31400,16.31%,16.37%,
104/10/01,26,0,2,28,31319,103,12,31434,16.33%,16.39%,
104/09/30,-23,0,-1,-24,31293,103,10,31406,16.32%,16.38%,
104/09/25,65,0,0,65,31316,103,11,31430,16.33%,16.39%,
104/09/24,177,0,0,177,31251,103,11,31365,16.30%,16.36%,
104/09/23,51,0,1,52,31074,103,11,31188,16.20%,16.26%,
104/09/22,123,0,0,123,31023,103,10,31136,16.18%,16.24%,
104/09/21,11,1,-5,7,30899,103,10,31012,16.11%,16.17%,
104/09/18,-24,0,0,-24,30888,102,15,31005,16.11%,16.17%,
104/09/17,8,0,0,8,30912,102,15,31029,16.12%,16.18%,
104/09/16,-20,0,6,-14,30904,102,15,31021,16.12%,16.18%,
104/09/15,-27,0,-4,-31,30924,102,9,31035,16.13%,16.19%,
104/09/14,5,0,-2,3,30952,102,13,31067,16.14%,16.20%,
104/09/11,-10,0,-6,-16,30947,102,15,31064,16.14%,16.20%,
104/09/10,17,0,0,17,30957,102,21,31080,16.14%,16.20%,
104/09/09,41,0,0,41,30940,102,21,31063,16.13%,16.19%,
104/09/08,5,0,-1,4,30898,102,21,31021,16.11%,16.17%,
104/09/07,7,0,-1,6,30893,102,22,31017,16.11%,16.17%,
104/09/04,-32,0,-1,-33,30886,102,23,31011,16.11%,16.18%,
104/09/03,-29,0,-1,-30,30918,102,24,31044,16.12%,16.19%,
104/09/02,-14,0,0,-14,30947,102,25,31074,16.14%,16.21%,
104/09/01,-61,-5,0,-66,30961,102,25,31088,16.15%,16.22%,
104/08/31,21,-3,0,18,31022,107,25,31154,16.18%,16.25%,
104/08/28,-27,0,-1,-28,31001,110,25,31136,16.17%,16.24%,
104/08/27,14,0,-6,8,31028,110,26,31164,16.18%,16.25%,
104/08/26,68,0,-1,67,31014,110,32,31156,16.17%,16.24%,
104/08/25,115,0,0,115,30946,110,33,31089,16.14%,16.21%,
104/08/24,-32,0,-2,-34,30831,110,33,30974,16.08%,16.15%,
104/08/21,-56,0,-1,-57,30863,110,35,31008,16.09%,16.17%,
104/08/20,-4,0,0,-4,30919,110,36,31065,16.12%,16.20%,
104/08/19,-93,0,-4,-97,30923,110,36,31069,16.13%,16.21%,
104/08/18,42,0,0,42,31016,110,40,31166,16.17%,16.25%,
104/08/17,19,0,0,19,30974,110,40,31124,16.15%,16.23%,
104/08/14,27,0,-1,26,30955,110,40,31105,16.14%,16.22%,
104/08/13,126,0,0,126,30928,110,41,31079,16.13%,16.21%,
104/08/12,12,0,8,20,29201,110,41,29352,15.99%,16.07%,
104/08/11,-26,0,-12,-38,29189,110,33,29332,15.98%,16.05%,
104/08/10,58,0,-4,54,29215,110,45,29370,16.00%,16.08%,
104/08/07,-65,0,0,-65,29157,110,49,29316,15.97%,16.05%,
104/08/06,-11,0,0,-11,29222,110,49,29381,16.00%,16.08%,
104/08/05,85,0,4,89,29233,110,49,29392,16.01%,16.09%,
104/08/04,-14,0,7,-7,29148,110,45,29303,15.96%,16.04%,
104/08/03,-32,0,-2,-34,29162,110,38,29310,15.97%,16.05%,
104/07/31,-12,0,-3,-15,29194,110,40,29344,15.99%,16.07%,
104/07/30,127,0,-37,90,29206,110,43,29359,15.99%,16.07%,
104/07/29,19,0,37,56,29079,110,80,29269,15.92%,16.02%,
104/07/28,40,3,3,46,29060,110,43,29213,15.91%,15.99%,
104/07/27,240,0,10,250,29020,107,40,29167,15.89%,15.97%,
104/07/24,154,0,0,154,28780,107,30,28917,15.76%,15.84%,
104/07/23,194,0,2,196,28626,107,30,28763,15.67%,15.75%,
104/07/22,29,0,3,32,28432,107,28,28567,15.57%,15.64%,
104/07/21,135,20,0,155,28403,107,25,28535,15.55%,15.62%,
104/07/20,56,0,0,56,28268,87,25,28380,15.48%,15.54%,
104/07/17,39,-65,0,-26,28212,87,25,28324,15.45%,15.51%,
104/07/16,93,0,0,93,28173,152,25,28350,15.43%,15.53%,
104/07/15,53,2,0,55,28080,152,25,28257,15.38%,15.48%,
104/07/14,11,0,-3,8,28027,150,25,28202,15.35%,15.45%,
104/07/13,-2,0,-1,-3,28016,150,28,28194,15.34%,15.44%,
104/07/09,-58,0,2,-56,28018,150,29,28197,15.34%,15.44%,
104/07/08,-67,0,1,-66,28076,150,27,28253,15.37%,15.47%,
104/07/07,-11,0,0,-11,28143,150,26,28319,15.41%,15.51%,
104/07/06,-5,0,0,-5,28154,150,26,28330,15.42%,15.52%,
104/07/03,18,0,1,19,28159,150,26,28335,15.42%,15.52%,
104/07/02,-20,0,0,-20,28141,150,25,28316,15.41%,15.51%,
104/07/01,20,0,0,20,28161,150,25,28336,15.42%,15.52%,
104/06/30,-50,0,0,-50,28141,150,25,28316,15.41%,15.51%,
104/06/29,-28,0,0,-28,28191,150,25,28366,15.44%,15.54%,
104/06/26,-14,0,0,-14,28219,150,25,28394,15.45%,15.55%,
104/06/25,17,-150,0,-133,28233,150,25,28408,15.46%,15.56%,
104/06/24,-159,0,0,-159,28216,300,25,28541,15.45%,15.63%,
104/06/23,-154,0,1,-153,28375,300,25,28700,15.54%,15.72%,
104/06/22,-10,46,0,36,28529,300,24,28853,15.62%,15.80%,
104/06/18,-15,0,0,-15,28539,254,24,28817,15.63%,15.78%,
104/06/17,-108,0,0,-108,28554,254,24,28832,15.64%,15.79%,
104/06/16,-67,0,0,-67,28662,254,24,28940,15.69%,15.84%,
104/06/15,-1,0,0,-1,28729,254,24,29007,15.73%,15.88%,
104/06/12,-47,0,-1,-48,28730,254,24,29008,15.73%,15.88%,
104/06/11,-155,0,0,-155,28777,254,25,29056,15.76%,15.91%,
104/06/10,-37,0,0,-37,28932,254,25,29211,15.84%,15.99%,
104/06/09,-78,0,0,-78,28969,254,25,29248,15.86%,16.01%,
104/06/08,-44,0,1,-43,29047,254,25,29326,15.91%,16.06%,
104/06/05,-91,-1,0,-92,29091,254,24,29369,15.93%,16.08%,
104/06/04,-72,50,0,-22,29182,255,24,29461,15.98%,16.13%,
104/06/03,-44,0,-1,-45,29254,205,24,29483,16.02%,16.15%,
104/06/02,9,0,0,9,29298,205,25,29528,16.04%,16.17%,
104/06/01,-51,0,0,-51,29289,205,25,29519,16.04%,16.17%,
104/05/29,-10,0,0,-10,29340,205,25,29570,16.07%,16.20%,
104/05/28,-50,-51,2,-99,29350,205,25,29580,16.07%,16.20%,
104/05/27,-3,0,0,-3,29400,256,23,29679,16.10%,16.25%,
104/05/26,16,0,0,16,29403,256,23,29682,16.10%,16.25%,
104/05/25,-18,0,0,-18,29387,256,23,29666,16.09%,16.24%,
104/05/22,-14,0,0,-14,29405,256,23,29684,16.10%,16.25%,
104/05/21,-60,0,-3,-63,29419,256,23,29698,16.11%,16.26%,
104/05/20,-41,0,-3,-44,29479,256,26,29761,16.14%,16.29%,
104/05/19,-44,0,-1,-45,29518,256,29,29803,16.16%,16.32%,
104/05/18,-52,0,0,-52,29562,256,30,29848,16.19%,16.35%,
104/05/15,-27,0,-3,-30,29614,256,30,29900,16.22%,16.38%,
104/05/14,-42,1,-2,-43,29641,256,33,29930,16.23%,16.39%,
104/05/13,92,0,-1,91,29683,255,35,29973,16.25%,16.41%,
104/05/12,-11,0,1,-10,29591,255,36,29882,16.20%,16.36%,
104/05/11,-11,1,1,-9,29602,255,35,29892,16.21%,16.37%,
104/05/08,23,0,0,23,29613,254,34,29901,16.21%,16.37%,
104/05/07,45,0,0,45,29590,254,34,29878,16.20%,16.36%,
104/05/06,106,0,1,107,29545,254,34,29833,16.18%,16.34%,
104/05/05,88,0,0,88,29439,254,33,29726,16.12%,16.28%,
104/05/04,14,0,0,14,29351,254,33,29638,16.07%,16.23%,
104/04/30,156,-1,0,155,29337,254,33,29624,16.06%,16.22%,
104/04/29,196,100,5,301,29181,255,33,29469,15.98%,16.14%,
104/04/28,118,-2,1,117,28985,155,28,29168,15.87%,15.97%,
104/04/27,115,0,0,115,28867,157,27,29051,15.81%,15.91%,
104/04/24,89,0,7,96,28752,157,27,28936,15.74%,15.84%,
104/04/23,167,0,-1,166,28663,157,20,28840,15.69%,15.79%,
104/04/22,168,0,0,168,28496,157,21,28674,15.60%,15.70%,
104/04/21,84,0,0,84,28328,157,21,28506,15.51%,15.61%,
104/04/20,84,0,2,86,28244,157,21,28422,15.47%,15.57%,
104/04/17,120,0,0,120,28160,157,19,28336,15.42%,15.52%,
104/04/16,113,0,-12,101,28040,157,19,28216,15.35%,15.45%,
104/04/15,49,7,0,56,27927,157,31,28115,15.29%,15.39%,
104/04/14,155,0,-15,140,27878,150,31,28059,15.26%,15.36%,
104/04/13,121,0,-5,116,27723,150,46,27919,15.18%,15.29%,
104/04/10,82,0,0,82,27602,150,51,27803,15.11%,15.22%,
104/04/09,73,0,-5,68,27520,150,51,27721,15.07%,15.18%,
104/04/08,81,0,-5,76,27447,150,56,27653,15.03%,15.14%,
104/04/07,27,0,-5,22,27366,150,61,27577,14.98%,15.10%,
104/04/02,198,0,0,198,27339,150,66,27555,14.97%,15.09%,
104/04/01,-53,0,0,-53,27141,150,66,27357,14.86%,14.98%,
104/03/31,80,0,-5,75,27194,150,66,27410,14.89%,15.01%,
104/03/30,-9,0,-6,-15,27114,265,71,27450,14.85%,15.03%,
104/03/27,55,0,3,58,27123,265,77,27465,14.85%,15.04%,
104/03/26,95,0,3,98,27068,265,74,27407,14.82%,15.01%,
104/03/25,-21,-1,3,-19,26973,265,71,27309,14.77%,14.95%,
104/03/24,1,-1,0,0,26994,266,68,27328,14.78%,14.96%,
104/03/23,2,-1,0,1,26993,267,68,27328,14.78%,14.96%,
104/03/20,35,-1,0,34,26991,268,68,27327,14.78%,14.96%,
104/03/19,28,-1,1,28,26956,269,68,27293,14.76%,14.94%,
104/03/18,24,0,0,24,26928,270,67,27265,14.74%,14.92%,
104/03/17,-110,0,0,-110,26904,270,67,27241,14.73%,14.91%,
104/03/16,-200,-2,3,-199,27014,270,67,27351,14.79%,14.97%,
104/03/13,-53,0,0,-53,27214,272,64,27550,14.90%,15.08%,
104/03/12,-44,0,0,-44,27267,272,64,27603,14.93%,15.11%,
104/03/11,61,0,-1,60,27311,272,64,27647,14.95%,15.13%,
104/03/10,-3,0,-1,-4,27250,272,65,27587,14.92%,15.10%,
104/03/09,501,-2,0,499,27253,272,66,27591,14.92%,15.11%,
104/03/06,-8,0,-3,-11,26752,274,66,27092,14.65%,14.84%,
104/03/05,-102,-1,-1,-104,26760,274,69,27103,14.65%,14.84%,
104/03/04,-51,-4,0,-55,26862,275,70,27207,14.71%,14.90%,
104/03/03,71,-1,0,70,26913,279,70,27262,14.74%,14.93%,
104/03/02,-23,0,1,-22,26842,280,70,27192,14.70%,14.89%,
104/02/26,-115,-2,0,-117,26865,280,69,27214,14.71%,14.90%,
104/02/25,24,50,-1,73,26980,282,69,27331,14.77%,14.96%,
104/02/24,458,0,0,458,26956,232,70,27258,14.76%,14.93%,
104/02/13,-25,-4,-2,-31,26498,232,70,26800,14.51%,14.68%,
104/02/12,-26,50,0,24,26523,236,72,26831,14.52%,14.69%,
104/02/11,-9,50,0,41,26549,186,72,26807,14.54%,14.68%,
104/02/10,29,0,8,37,26558,136,72,26766,14.54%,14.65%,
104/02/09,-4,0,0,-4,26529,136,64,26729,14.53%,14.64%,
104/02/06,2,0,0,2,26533,136,64,26733,14.53%,14.64%,
104/02/05,-5,0,0,-5,26531,136,64,26731,14.53%,14.64%,
104/02/04,-20,0,0,-20,26536,136,64,26736,14.53%,14.64%,
104/02/03,-42,0,0,-42,26556,136,64,26756,14.54%,14.65%,
104/02/02,2,0,0,2,26598,136,64,26798,14.56%,14.67%,
104/01/30,17,-6,0,11,26596,136,64,26796,14.56%,14.67%,
104/01/29,-2,0,1,-1,26579,142,64,26785,14.55%,14.66%,
104/01/28,-33,0,0,-33,26581,142,63,26786,14.55%,14.66%,
104/01/27,-91,0,0,-91,26614,142,63,26819,14.57%,14.68%,
104/01/26,138,0,0,138,26705,142,63,26910,14.62%,14.73%,
104/01/23,121,0,0,121,26567,142,63,26772,14.55%,14.66%,
104/01/22,83,140,0,223,26446,142,63,26651,14.48%,14.59%,
104/01/21,-7,0,0,-7,26363,2,63,26428,14.43%,14.47%,
104/01/20,32,0,0,32,26370,2,63,26435,14.44%,14.48%,
104/01/19,56,0,0,56,26338,2,63,26403,14.42%,14.46%,
104/01/16,76,0,0,76,26282,2,63,26347,14.39%,14.43%,
104/01/15,-71,0,0,-71,26206,2,63,26271,14.35%,14.39%,
104/01/14,-49,0,0,-49,26277,2,63,26342,14.39%,14.43%,
104/01/13,-73,0,-1,-74,26326,2,63,26391,14.41%,14.45%,
104/01/12,308,0,-3,305,26399,2,64,26465,14.45%,14.49%,
104/01/09,-36,0,-4,-40,26091,2,67,26160,14.29%,14.33%,
104/01/08,5,0,0,5,26127,2,71,26200,14.31%,14.35%,
104/01/07,19,0,0,19,26122,2,71,26195,14.30%,14.34%,
104/01/06,-1,0,0,-1,26103,2,71,26176,14.29%,14.33%,
104/01/05,25,0,0,25,26104,2,71,26177,14.29%,14.33%,
