日期,外資買賣超,投信買賣超,自營商買賣超,單日合計買賣超,外資估計持股,投信估計持股,自營商估計持股,單日合計估計持股,外資持股比重,三大法人持股比重,
107/03/31,-719,0,33,-686,90442,1794,1773,94009,25.71%,26.68%,
107/03/30,-128,0,0,-128,91161,1794,1740,94695,25.91%,26.87%,
107/03/29,7,0,0,7,91289,1794,1740,94823,25.95%,26.91%,
107/03/28,-132,0,-31,-163,91282,1794,1740,94816,25.94%,26.90%,
107/03/27,-594,0,33,-561,91414,1794,1771,94979,25.98%,26.95%,
107/03/26,-679,0,-50,-729,92008,1794,1738,95540,26.15%,27.11%,
107/03/23,-192,0,112,-80,92687,1794,1788,96269,26.34%,27.32%,
107/03/22,-169,0,2,-167,92879,1794,1676,96349,26.40%,27.35%,
107/03/21,-979,0,223,-756,93048,1794,1674,96516,26.45%,27.40%,
107/03/20,-28,0,0,-28,94027,1794,1451,97272,26.72%,27.60%,
107/03/19,330,-3,0,327,94055,1794,1451,97300,26.73%,27.61%,
107/03/16,-141,0,0,-141,93725,1797,1451,96973,26.64%,27.53%,
107/03/15,-754,0,0,-754,93866,1797,1451,97114,26.68%,27.57%,
107/03/14,-312,0,-18,-330,94620,1797,1451,97868,26.89%,27.78%,
107/03/13,-754,0,187,-567,94932,1797,1469,98198,26.98%,27.87%,
107/03/12,-96,0,-55,-151,95686,1797,1282,98765,27.20%,28.04%,
107/03/09,14,0,387,401,96122,1797,1337,99256,27.32%,28.17%,
107/03/08,121,0,101,222,95760,1797,950,98507,27.22%,27.97%,
107/03/07,-158,0,49,-109,95639,1797,849,98285,27.18%,27.90%,
107/03/06,87,0,20,107,95797,1797,800,98394,27.23%,27.94%,
107/03/05,-3,0,106,103,95710,1797,780,98287,27.20%,27.90%,
107/03/02,-48,0,155,107,95713,1797,674,98184,27.20%,27.87%,
107/03/01,172,-287,22,-93,95761,1797,519,98077,27.22%,27.85%,
107/02/27,-203,-290,85,-408,95589,2084,497,98170,27.17%,27.87%,
107/02/26,-16,0,66,50,95702,2374,412,98488,27.20%,27.96%,
107/02/23,43,0,113,156,95718,2374,346,98438,27.21%,27.95%,
107/02/22,-33,0,69,36,95675,2374,233,98282,27.19%,27.90%,
107/02/21,-74,0,27,-47,95718,2374,164,98256,27.21%,27.90%,
107/02/12,-380,0,69,-311,95792,2374,137,98303,27.23%,27.91%,
107/02/09,151,0,-3,148,96168,2374,68,98610,27.33%,28.00%,
107/02/08,166,0,1,167,96017,2374,71,98462,27.29%,27.96%,
107/02/07,98,0,-2,96,95851,2374,70,98295,27.24%,27.91%,
107/02/06,-28,0,-2,-30,95747,2374,72,98193,27.21%,27.88%,
107/02/05,-53,0,1,-52,95755,2374,74,98203,27.22%,27.89%,
107/02/02,20,0,-1,19,95808,2374,73,98255,27.23%,27.90%,
107/02/01,83,0,-4,79,95788,2374,74,98236,27.23%,27.90%,
107/01/31,20,0,-3,17,95705,2374,78,98157,27.20%,27.87%,
107/01/30,-25,0,-2,-27,95835,2374,81,98290,27.24%,27.91%,
107/01/29,41,0,0,41,95860,2374,83,98317,27.25%,27.92%,
107/01/26,31,0,-5,26,95809,2374,83,98266,27.23%,27.90%,
107/01/25,75,0,-0,75,95778,2374,88,98240,27.22%,27.89%,
107/01/24,-156,-155,0,-311,95703,2374,88,98165,27.20%,27.87%,
107/01/23,40,-110,2,-68,95859,2529,88,98476,27.25%,27.96%,
107/01/22,-111,-113,0,-224,95819,2639,86,98544,27.23%,27.97%,
107/01/19,218,-10,0,208,95930,2752,86,98768,27.27%,28.04%,
107/01/18,51,0,0,51,95712,2762,86,98560,27.20%,27.98%,
107/01/17,58,-10,0,48,95661,2762,86,98509,27.19%,27.97%,
107/01/16,42,-20,1,23,95603,2772,86,98461,27.17%,27.95%,
107/01/15,-49,-10,85,26,95561,2792,85,98438,27.16%,27.94%,
107/01/12,34,-50,-1,-17,95610,2802,0,98412,27.17%,27.93%,
107/01/11,-135,-30,0,-165,95576,2852,0,98428,27.17%,27.95%,
107/01/10,0,-200,0,-200,95711,2882,0,98593,27.20%,27.99%,
107/01/09,-3,-100,-25,-128,95711,3082,0,98793,27.20%,28.04%,
107/01/08,-105,0,-6,-111,95714,3182,10,98906,27.20%,28.07%,
107/01/05,7,0,0,7,95819,3182,16,99017,27.23%,28.10%,
107/01/04,-130,0,0,-130,95812,3182,16,99010,27.23%,28.10%,
107/01/03,-136,3,0,-133,95942,3182,16,99140,27.27%,28.15%,
107/01/02,-122,50,-15,-87,96078,3179,16,99273,27.31%,28.19%,
106/12/29,115,300,0,415,96200,3129,31,99360,27.34%,28.21%,
106/12/28,-61,28,1,-32,96085,2782,31,98898,27.31%,28.08%,
106/12/27,17,27,0,44,96146,2754,30,98930,27.33%,28.09%,
106/12/26,-42,23,0,-19,96129,2727,30,98886,27.32%,28.08%,
106/12/25,-35,0,30,-5,96171,2704,30,98905,27.33%,28.08%,
106/12/22,22,0,0,22,96206,2704,0,98910,27.34%,28.08%,
106/12/21,46,0,0,46,96184,2704,0,98888,27.34%,28.08%,
106/12/20,39,0,-34,5,96138,2704,0,98842,27.32%,28.06%,
106/12/19,38,0,-5,33,96099,2704,0,98803,27.31%,28.05%,
106/12/18,127,0,-48,79,96061,2704,0,98765,27.30%,28.04%,
106/12/15,-207,0,37,-170,95934,2704,37,98675,27.27%,28.02%,
106/12/14,-53,0,-15,-68,96131,2704,0,98835,27.32%,28.06%,
106/12/13,-51,0,-3,-54,96184,2704,0,98888,27.34%,28.08%,
106/12/12,-56,0,0,-56,96235,2704,0,98939,27.35%,28.09%,
106/12/11,176,0,-9,167,96291,2704,0,98995,27.37%,28.11%,
106/12/08,440,0,0,440,96115,2704,0,98819,27.32%,28.06%,
106/12/07,232,0,0,232,95677,2704,0,98381,27.19%,27.93%,
106/12/06,515,0,-7,508,95445,2704,0,98149,27.13%,27.87%,
106/12/05,-972,300,-4,-676,94930,2704,0,97634,26.98%,27.72%,
106/12/04,1047,0,-2,1045,95902,2404,0,98306,27.26%,27.92%,
106/12/01,586,0,0,586,94855,2404,0,97259,26.96%,27.62%,
106/11/30,353,0,0,353,94269,2404,0,96673,26.79%,27.45%,
106/11/29,-358,0,0,-358,93916,2404,0,96320,26.69%,27.35%,
106/11/28,462,0,0,462,94274,2404,0,96678,26.80%,27.46%,
106/11/27,270,0,-21,249,93812,2404,0,96216,26.66%,27.32%,
106/11/24,77,0,-1,76,93542,2404,0,95946,26.59%,27.25%,
106/11/23,-277,0,-4,-281,93465,2404,0,95869,26.57%,27.23%,
106/11/22,1152,0,-8,1144,93763,2404,0,96167,26.65%,27.31%,
106/11/21,351,0,3,354,92611,2404,3,95018,26.32%,26.98%,
106/11/20,349,0,0,349,92260,2404,0,94664,26.22%,26.88%,
106/11/17,549,0,-4,545,91911,2404,0,94315,26.12%,26.78%,
106/11/16,425,0,-6,419,91362,2404,0,93766,25.97%,26.63%,
106/11/15,537,0,-232,305,90937,2404,0,93341,25.85%,26.51%,
106/11/14,224,0,-95,129,90400,2404,188,92992,25.69%,26.40%,
106/11/13,234,0,0,234,90176,2404,283,92863,25.63%,26.37%,
106/11/10,250,180,0,430,89922,2404,283,92609,25.56%,26.30%,
106/11/09,0,0,0,0,89673,2224,283,92180,25.49%,26.18%,
106/11/08,72,0,-3,69,89673,2224,283,92180,25.49%,26.18%,
106/11/07,-244,182,32,-30,89601,2224,286,92111,25.47%,26.16%,
106/11/06,-100,0,-73,-173,89845,2042,254,92141,25.54%,26.17%,
106/11/03,-159,0,-1,-160,89935,2042,327,92304,25.56%,26.21%,
106/11/02,-44,0,-4,-48,90074,2042,328,92444,25.60%,26.25%,
106/11/01,23,0,-8,15,90118,2042,332,92492,25.61%,26.26%,
106/10/31,-169,0,-45,-214,90095,2042,340,92477,25.61%,26.27%,
106/10/30,165,0,-155,10,90264,2042,385,92691,25.65%,26.32%,
106/10/27,-180,0,224,44,90099,2042,540,92681,25.61%,26.32%,
106/10/26,-57,0,49,-8,90279,2042,316,92637,25.66%,26.31%,
106/10/25,-149,0,-5,-154,90336,2042,267,92645,25.68%,26.32%,
106/10/24,74,0,32,106,90485,2042,272,92799,25.72%,26.36%,
106/10/23,-257,0,-50,-307,90414,2042,240,92696,25.70%,26.33%,
106/10/20,-341,0,-11,-352,90671,2042,290,93003,25.77%,26.41%,
106/10/19,73,0,-153,-80,90857,2042,301,93200,25.82%,26.47%,
106/10/18,34,0,179,213,90784,2042,454,93280,25.80%,26.49%,
106/10/17,20,0,0,20,90750,2042,275,93067,25.79%,26.43%,
106/10/16,-76,0,0,-76,90730,2042,275,93047,25.79%,26.43%,
106/10/13,-64,0,0,-64,90806,2042,275,93123,25.81%,26.45%,
106/10/12,86,0,0,86,90870,2042,275,93187,25.83%,26.47%,
106/10/11,48,0,0,48,90784,2042,275,93101,25.80%,26.44%,
106/10/06,-43,0,0,-43,90736,2042,275,93053,25.79%,26.43%,
106/10/05,312,-26,-5,281,90779,2042,275,93096,25.80%,26.44%,
106/10/03,-332,-101,-40,-473,90467,2068,280,92815,25.71%,26.36%,
106/10/02,-50,0,320,270,90799,2169,320,93288,25.81%,26.50%,
106/09/30,0,0,-1,-1,90849,2169,0,93018,25.82%,26.42%,
106/09/29,-46,0,-37,-83,90849,2298,0,93147,25.82%,26.45%,
106/09/28,-222,0,-4,-226,90895,2298,0,93193,25.83%,26.46%,
106/09/27,-15,0,-29,-44,91814,2298,0,94112,26.10%,26.73%,
106/09/26,121,0,-26,95,91830,2298,0,94128,26.10%,26.73%,
106/09/25,-53,0,2,-51,91717,2298,15,94030,26.07%,26.71%,
106/09/22,-114,0,-1,-115,91770,2298,13,94081,26.08%,26.72%,
106/09/21,1,0,2,3,91884,2298,14,94196,26.12%,26.76%,
106/09/20,-89,0,11,-78,91883,2298,12,94193,26.12%,26.76%,
106/09/19,63,0,1,64,91972,2298,1,94271,26.14%,26.77%,
106/09/18,-262,18,0,-244,91283,2298,0,93581,25.94%,26.57%,
106/09/15,112,71,-83,100,91545,2280,0,93825,26.02%,26.65%,
106/09/14,-9,38,-38,-9,91433,2209,0,93642,25.99%,26.60%,
106/09/13,74,0,0,74,91439,2171,31,93641,25.99%,26.60%,
106/09/12,-146,0,24,-122,91365,2171,31,93567,25.97%,26.58%,
106/09/11,104,0,0,104,91511,2171,7,93689,26.01%,26.61%,
106/09/08,-28,0,0,-28,91407,2171,7,93585,25.98%,26.58%,
106/09/07,154,0,-35,119,91435,2171,7,93613,25.99%,26.59%,
106/09/06,-802,0,0,-802,91281,2171,42,93494,25.94%,26.55%,
106/09/05,37,0,35,72,92083,2171,42,94296,26.17%,26.78%,
106/09/04,396,0,7,403,93046,2171,7,95224,26.45%,27.07%,
106/09/01,117,0,-881,-764,92650,2171,0,94821,26.33%,26.95%,
106/08/31,-195,-80,71,-204,92533,2171,840,95544,26.30%,27.16%,
106/08/30,-113,0,-12,-125,92656,2251,769,95676,26.33%,27.19%,
106/08/29,-147,0,17,-130,92769,2251,781,95801,26.37%,27.23%,
106/08/28,-75,0,73,-2,92916,2251,764,95931,26.41%,27.27%,
106/08/25,-420,0,-36,-456,92991,2251,691,95933,26.43%,27.27%,
106/08/24,314,-0,-31,283,93411,2251,727,96389,26.55%,27.40%,
106/08/23,248,0,25,273,93097,2251,758,96106,26.46%,27.32%,
106/08/22,77,0,40,117,92849,2251,733,95833,26.39%,27.24%,
106/08/21,557,0,25,582,92772,2251,693,95716,26.37%,27.21%,
106/08/18,-75,0,92,17,92224,2251,668,95143,26.21%,27.04%,
106/08/17,202,0,-53,149,91908,2251,576,94735,26.12%,26.92%,
106/08/16,-15,0,-1,-16,91526,2251,629,94406,26.01%,26.83%,
106/08/15,46,0,-63,-17,91411,2251,630,94292,25.98%,26.80%,
106/08/14,-316,75,89,-152,91374,2251,693,94318,25.97%,26.81%,
106/08/11,-595,175,-151,-571,91404,2176,604,94184,25.98%,26.77%,
106/08/10,751,500,94,1345,92008,2001,755,94764,26.15%,26.93%,
106/08/09,-477,300,29,-148,91268,1501,661,93430,25.94%,26.55%,
106/08/08,-827,300,-33,-560,91745,1201,632,93578,26.08%,26.60%,
106/08/07,-1309,0,-453,-1762,92572,901,665,94138,26.31%,26.76%,
106/08/04,-550,0,68,-482,93871,901,1118,95890,26.68%,27.25%,
106/08/03,781,0,6,787,94421,901,1050,96372,26.84%,27.39%,
106/08/02,-65,0,7,-58,93646,901,1044,95591,26.62%,27.17%,
106/08/01,-2041,0,-2,-2043,93711,901,1037,95649,26.63%,27.18%,
106/07/31,219,0,8,227,95752,901,1039,97692,27.22%,27.77%,
106/07/28,-1803,77,122,-1604,95523,901,1031,97455,27.15%,27.70%,
106/07/27,-1281,483,50,-748,97326,824,909,99059,27.66%,28.15%,
106/07/26,20,-170,-56,-206,98607,341,859,99807,28.03%,28.37%,
106/07/25,115,-41,38,112,98587,511,915,100013,28.02%,28.43%,
106/07/24,83,0,100,183,98472,552,877,99901,27.99%,28.40%,
106/07/21,-137,0,244,107,98389,552,777,99718,27.96%,28.34%,
106/07/20,472,0,417,889,98526,552,533,99611,28.00%,28.31%,
106/07/19,430,-73,5,362,98054,552,116,98722,27.87%,28.06%,
106/07/18,623,0,-7,616,97624,625,111,98360,27.75%,27.96%,
106/07/17,216,0,-132,84,97001,625,118,97744,27.57%,27.78%,
106/07/14,813,0,250,1063,96785,625,250,97660,27.51%,27.76%,
106/07/13,382,0,-9,373,95367,625,0,95992,27.11%,27.29%,
106/07/12,134,0,-10,124,94985,625,8,95618,27.00%,27.18%,
106/07/11,330,0,10,340,94851,625,18,95494,26.96%,27.14%,
106/07/10,201,0,8,209,94521,625,8,95154,26.87%,27.05%,
106/07/07,128,0,0,128,94320,625,0,94945,26.81%,26.99%,
106/07/06,218,0,-49,169,94192,625,0,94817,26.77%,26.95%,
106/07/05,-38,0,-22,-60,93974,625,0,94599,26.71%,26.89%,
106/07/04,-51,0,-26,-77,94012,625,10,94647,26.72%,26.90%,
106/07/03,336,0,-42,294,94062,625,36,94723,26.73%,26.92%,
106/06/30,325,0,2,327,93726,625,78,94429,26.64%,26.84%,
106/06/29,6,0,0,6,93401,613,76,94090,26.55%,26.75%,
106/06/28,-7,0,-5,-12,91985,613,76,92674,26.14%,26.34%,
106/06/27,-119,0,0,-119,91992,613,81,92686,26.15%,26.35%,
106/06/26,-84,0,25,-59,92111,613,81,92805,26.18%,26.38%,
106/06/23,274,0,-29,245,92285,613,56,92954,26.23%,26.42%,
106/06/22,207,-400,35,-158,92011,613,85,92709,26.15%,26.35%,
106/06/21,1117,-400,44,761,91804,1013,50,92867,26.09%,26.39%,
106/06/20,-246,-700,6,-940,91288,1413,6,92707,25.95%,26.35%,
106/06/19,-150,0,0,-150,91634,2113,0,93747,26.04%,26.64%,
106/06/16,311,0,0,311,91983,2113,0,94096,26.14%,26.74%,
106/06/15,328,0,0,328,91572,2113,0,93685,26.03%,26.63%,
106/06/14,336,0,-1,335,91244,2113,0,93357,25.93%,26.53%,
106/06/13,30,0,-20,10,90908,2113,0,93021,25.84%,26.44%,
106/06/12,407,0,0,407,91328,2113,0,93441,25.96%,26.56%,
106/06/09,922,0,-3,919,90896,2113,0,93009,25.83%,26.43%,
106/06/08,1127,0,1,1128,89324,2113,1,91438,25.39%,25.99%,
106/06/07,612,0,-7,605,88197,2113,0,90310,25.07%,25.67%,
106/06/06,791,-16,-66,709,88141,2113,0,90254,25.05%,25.65%,
106/06/05,125,-11,-146,-32,88131,2129,0,90260,25.05%,25.66%,
106/06/03,-390,0,-20,-410,88006,2140,0,90146,25.01%,25.62%,
106/06/02,924,0,-7,917,88396,2140,0,90536,25.12%,25.73%,
106/06/01,475,0,-60,415,87472,2140,0,89612,24.86%,25.47%,
106/05/31,84,0,-88,-4,86997,2140,0,89137,24.73%,25.34%,
106/05/26,-99,500,-46,355,86923,2140,0,89063,24.71%,25.32%,
106/05/25,531,140,-19,652,87055,1640,0,88695,24.74%,25.21%,
106/05/24,-973,1000,-305,-278,86174,1500,0,87674,24.49%,24.92%,
106/05/23,-1296,0,187,-1109,86771,500,187,87458,24.66%,24.86%,
106/05/22,146,484,-295,335,88067,500,0,88567,25.03%,25.17%,
106/05/19,79,0,-105,-26,87911,16,273,88200,24.99%,25.07%,
106/05/18,59,0,5,64,87832,16,378,88226,24.96%,25.07%,
106/05/17,56,0,-31,25,87773,16,373,88162,24.95%,25.06%,
106/05/16,13,0,13,26,87717,16,404,88137,24.93%,25.05%,
106/05/15,-110,0,-2,-112,87704,16,391,88111,24.93%,25.05%,
106/05/12,100,0,-12,88,87815,16,393,88224,24.96%,25.08%,
106/05/11,831,0,-62,769,87715,16,405,88136,24.93%,25.05%,
106/05/10,-39,0,-100,-139,86884,16,467,87367,24.69%,24.83%,
106/05/09,1595,0,-42,1553,86923,16,567,87506,24.71%,24.88%,
106/05/08,-113,0,-86,-199,85328,16,609,85953,24.25%,24.43%,
106/05/05,-1199,0,-179,-1378,85041,16,695,85752,24.17%,24.37%,
106/05/04,411,0,49,460,86220,16,874,87110,24.51%,24.76%,
106/05/03,225,0,-109,116,85809,16,825,86650,24.39%,24.63%,
106/05/02,103,0,0,103,85584,16,934,86534,24.32%,24.59%,
106/04/28,69,0,0,69,85481,16,934,86431,24.30%,24.57%,
106/04/27,92,0,-21,71,85412,16,934,86362,24.28%,24.55%,
106/04/26,115,0,-89,26,85320,16,955,86291,24.25%,24.53%,
106/04/25,182,0,-1,181,85205,16,1044,86265,24.22%,24.52%,
106/04/24,389,0,0,389,84375,16,1045,85436,23.98%,24.28%,
106/04/21,52,0,0,52,83986,16,1045,85047,23.87%,24.17%,
106/04/20,183,0,0,183,83934,16,1045,84995,23.86%,24.16%,
106/04/19,18,0,-10,8,83751,16,1045,84812,23.80%,24.10%,
106/04/18,316,0,0,316,83733,16,1055,84804,23.80%,24.10%,
106/04/17,13,0,0,13,83417,16,1055,84488,23.71%,24.01%,
106/04/14,-94,-1,17,-78,83404,16,1055,84475,23.70%,24.00%,
106/04/13,66,0,0,66,83498,17,1038,84553,23.73%,24.03%,
106/04/12,-157,0,0,-157,83432,17,1038,84487,23.71%,24.01%,
106/04/11,44,0,0,44,83589,17,1038,84644,23.76%,24.06%,
106/04/10,-23,0,-28,-51,83545,17,1038,84600,23.74%,24.04%,
106/04/07,-3,0,-16,-19,83568,17,1066,84651,23.75%,24.06%,
106/04/06,68,0,2,70,83571,17,1082,84670,23.75%,24.06%,
106/04/05,-57,0,0,-57,83503,17,1080,84600,23.73%,24.04%,
106/03/31,111,0,0,111,83560,17,1080,84657,23.75%,24.06%,
106/03/30,92,0,0,92,83449,17,1080,84546,23.72%,24.03%,
106/03/29,65,0,10,75,83357,17,1080,84454,23.69%,24.00%,
106/03/28,-1,0,66,65,83292,17,1070,84379,23.67%,23.98%,
106/03/27,809,0,-58,751,83293,17,1004,84314,23.67%,23.96%,
106/03/24,289,0,0,289,82484,17,1062,83563,23.44%,23.74%,
106/03/23,230,0,-60,170,82195,17,1062,83274,23.36%,23.66%,
106/03/22,199,0,10,209,81965,17,1122,83104,23.30%,23.62%,
106/03/21,224,-3,-41,180,82766,17,1112,83895,23.29%,23.61%,
106/03/20,94,-3,-5,86,82542,20,1153,83715,23.23%,23.56%,
106/03/17,466,0,0,466,82448,23,1158,83629,23.20%,23.53%,
106/03/16,25,0,-76,-51,81982,23,1158,83163,23.07%,23.40%,
106/03/15,-19,0,0,-19,81957,23,1234,83214,23.06%,23.41%,
106/03/14,36,0,1,37,81976,23,1234,83233,23.07%,23.42%,
106/03/13,82,0,0,82,81940,23,1233,83196,23.06%,23.41%,
106/03/10,16,0,7,23,81858,23,1233,83114,23.03%,23.38%,
106/03/09,-16,0,1,-15,81837,23,1226,83086,23.03%,23.38%,
106/03/08,25,0,-111,-86,81853,23,1225,83101,23.03%,23.38%,
106/03/07,86,0,1,87,81828,23,1336,83187,23.03%,23.41%,
106/03/06,198,0,-1,197,81742,23,1335,83100,23.00%,23.38%,
106/03/03,103,0,35,138,81544,23,1336,82903,22.95%,23.33%,
106/03/02,-59,0,-50,-109,81441,23,1301,82765,22.92%,23.29%,
106/03/01,213,0,0,213,81500,23,1351,82874,22.93%,23.32%,
106/02/24,81,0,1,82,81287,23,1351,82661,22.87%,23.26%,
106/02/23,154,0,1,155,81191,23,1350,82564,22.85%,23.24%,
106/02/22,54,0,4,58,81037,23,1349,82409,22.80%,23.19%,
106/02/21,24,0,0,24,80983,23,1345,82351,22.79%,23.18%,
106/02/20,80,0,-2,78,80959,23,1345,82327,22.78%,23.17%,
106/02/18,0,0,0,0,80879,23,1347,82249,22.76%,23.15%,
106/02/17,26,0,0,26,80879,23,1347,82249,22.76%,23.15%,
106/02/16,5,0,0,5,80863,23,1347,82233,22.75%,23.14%,
106/02/15,137,0,0,137,80283,23,1347,81653,22.59%,22.98%,
106/02/14,-6,0,0,-6,80146,23,1347,81516,22.55%,22.94%,
106/02/13,-10,0,0,-10,80311,23,1347,81681,22.60%,22.99%,
106/02/10,-14,0,0,-14,80321,23,1347,81691,22.60%,22.99%,
106/02/09,72,0,-1,71,80335,23,1347,81705,22.61%,23.00%,
106/02/08,-3,0,-2,-5,80263,23,1348,81634,22.58%,22.97%,
106/02/07,156,0,0,156,80390,23,1350,81763,22.62%,23.01%,
106/02/06,-94,0,-1,-95,80234,23,1350,81607,22.58%,22.97%,
106/02/03,11,3,0,14,80328,23,1351,81702,22.60%,22.99%,
106/02/02,48,0,0,48,80317,20,1351,81688,22.60%,22.99%,
106/01/24,97,0,0,97,80269,20,1351,81640,22.59%,22.98%,
106/01/23,76,0,0,76,80172,20,1351,81543,22.56%,22.95%,
106/01/20,101,0,0,101,80096,20,1351,81467,22.54%,22.93%,
106/01/19,145,0,-1,144,79995,20,1351,81366,22.51%,22.90%,
106/01/18,215,0,-3,212,79850,20,1352,81222,22.47%,22.86%,
106/01/17,59,0,0,59,79635,20,1355,81010,22.41%,22.80%,
106/01/16,40,0,0,40,79576,20,1355,80951,22.39%,22.78%,
106/01/13,42,0,0,42,79536,20,1355,80911,22.38%,22.77%,
106/01/12,57,0,0,57,79494,20,1355,80869,22.37%,22.76%,
106/01/11,105,0,0,105,79437,20,1355,80812,22.35%,22.74%,
106/01/10,111,0,0,111,79332,20,1355,80707,22.32%,22.71%,
106/01/09,198,0,-1,197,79221,20,1355,80596,22.29%,22.68%,
106/01/06,167,-4,0,163,79023,20,1356,80399,22.24%,22.63%,
106/01/05,235,1,-1,235,78856,24,1356,80236,22.19%,22.58%,
106/01/04,68,0,0,68,78621,23,1357,80001,22.12%,22.51%,
106/01/03,206,0,0,206,78553,23,1357,79933,22.10%,22.49%,
105/12/30,141,0,1,142,78347,23,1357,79727,22.05%,22.44%,
105/12/29,297,0,-3,294,78206,23,1356,79585,22.01%,22.40%,
105/12/28,-17,0,0,-17,77909,23,1359,79291,21.92%,22.31%,
105/12/27,78,0,0,78,77926,23,1359,79308,21.93%,22.32%,
105/12/26,21,0,0,21,77848,23,1359,79230,21.91%,22.30%,
105/12/23,-8,0,0,-8,77827,23,1359,79209,21.90%,22.29%,
105/12/22,-28,0,0,-28,77835,23,1359,79217,21.90%,22.29%,
105/12/21,-53,0,10,-43,77863,23,1359,79245,21.91%,22.30%,
105/12/20,64,0,6,70,77923,23,1349,79295,21.93%,22.32%,
105/12/19,47,0,0,47,77859,23,1343,79225,21.91%,22.29%,
105/12/16,221,0,1,222,77812,23,1343,79178,21.89%,22.27%,
105/12/15,91,0,0,91,77591,23,1342,78956,21.83%,22.21%,
105/12/14,78,0,9,87,77490,23,1342,78855,21.80%,22.18%,
105/12/13,-6,0,0,-6,77412,23,1333,78768,21.78%,22.16%,
105/12/12,-4,0,13,9,77418,23,1333,78774,21.78%,22.16%,
105/12/09,124,0,4,128,77422,23,1320,78765,21.79%,22.17%,
105/12/08,321,0,-270,51,77298,23,1316,78637,21.75%,22.13%,
105/12/07,124,0,1,125,76977,23,1586,78586,21.66%,22.11%,
105/12/06,422,0,3,425,76853,23,1585,78461,21.63%,22.08%,
105/12/05,70,0,0,70,76431,23,1582,78036,21.51%,21.96%,
105/12/02,67,0,-4,63,76361,23,1582,77966,21.49%,21.94%,
105/12/01,157,0,-6,151,76294,23,1586,77903,21.47%,21.92%,
105/11/30,-59,0,0,-59,76137,23,1592,77752,21.42%,21.87%,
105/11/29,95,0,-29,66,76196,23,1592,77811,21.44%,21.89%,
105/11/28,38,0,0,38,76101,23,1621,77745,21.41%,21.87%,
105/11/25,15,0,0,15,76063,23,1621,77707,21.40%,21.86%,
105/11/24,-33,0,-1,-34,76275,23,1621,77919,21.46%,21.92%,
105/11/23,14,0,0,14,76308,23,1622,77953,21.47%,21.93%,
105/11/22,96,0,1,97,76294,23,1622,77939,21.47%,21.93%,
105/11/21,26,0,0,26,76198,23,1621,77842,21.44%,21.90%,
105/11/18,-145,0,-6,-151,76172,23,1621,77816,21.43%,21.89%,
105/11/17,46,0,-2,44,76317,23,1627,77967,21.47%,21.93%,
105/11/16,150,0,4,154,76271,23,1629,77923,21.46%,21.92%,
105/11/15,109,0,2,111,76121,23,1625,77769,21.42%,21.88%,
105/11/14,61,0,1,62,76012,23,1623,77658,21.39%,21.85%,
105/11/11,203,0,-2,201,75951,23,1622,77596,21.37%,21.83%,
105/11/10,96,0,0,96,75748,23,1624,77395,21.31%,21.77%,
105/11/09,-133,0,-15,-148,75652,23,1624,77299,21.29%,21.75%,
105/11/08,151,0,-1,150,75785,23,1639,77447,21.32%,21.79%,
105/11/07,120,0,7,127,75634,23,1640,77297,21.28%,21.75%,
105/11/04,-17,-54,0,-71,75514,23,1633,77170,21.25%,21.72%,
105/11/03,154,-143,13,24,75531,77,1633,77241,21.25%,21.73%,
105/11/02,25,0,39,64,75377,220,1620,77217,21.21%,21.73%,
105/11/01,16,0,16,32,75352,220,1581,77153,21.20%,21.71%,
105/10/31,-26,0,0,-26,75336,220,1565,77121,21.20%,21.70%,
105/10/28,63,0,0,63,75362,220,1565,77147,21.21%,21.71%,
105/10/27,48,0,0,48,75299,220,1565,77084,21.19%,21.69%,
105/10/26,40,0,-3,37,75251,220,1565,77036,21.17%,21.67%,
105/10/25,17,0,0,17,75211,220,1568,76999,21.16%,21.66%,
105/10/24,81,0,0,81,75194,220,1568,76982,21.16%,21.66%,
105/10/21,-8,-2,-5,-15,75113,220,1568,76901,21.14%,21.64%,
105/10/20,-34,-1,-2,-37,75121,222,1573,76916,21.14%,21.65%,
105/10/19,37,0,-8,29,75155,223,1575,76953,21.15%,21.66%,
105/10/18,155,0,-2,153,75118,223,1583,76924,21.14%,21.65%,
105/10/17,243,0,1,244,73960,223,1585,75768,20.87%,21.38%,
105/10/14,22,0,12,34,73717,223,1584,75524,20.80%,21.31%,
105/10/13,-8,0,4,-4,73695,223,1572,75490,20.79%,21.30%,
105/10/12,114,0,-3,111,73703,223,1568,75494,20.80%,21.31%,
105/10/11,412,-7,3,408,73589,223,1571,75383,20.76%,21.27%,
105/10/07,0,-397,2,-395,73177,230,1568,74975,20.65%,21.16%,
105/10/06,19,0,13,32,73177,627,1566,75370,20.65%,21.27%,
105/10/05,44,0,0,44,73150,627,1553,75330,20.64%,21.26%,
105/10/04,213,0,-8,205,73089,627,1553,75269,20.62%,21.24%,
105/10/03,137,0,4,141,72876,627,1561,75064,20.56%,21.18%,
105/09/30,9,0,-36,-27,72739,627,1557,74923,20.53%,21.15%,
105/09/29,99,0,0,99,72730,627,1593,74950,20.52%,21.15%,
105/09/26,204,0,0,204,72631,627,1593,74851,20.49%,21.12%,
105/09/23,7,0,0,7,72427,627,1593,74647,20.44%,21.07%,
105/09/22,160,7,0,167,72420,627,1593,74640,20.43%,21.06%,
105/09/21,150,0,-10,140,72260,620,1593,74473,20.39%,21.01%,
105/09/20,172,0,-1,171,72110,620,1603,74333,20.35%,20.98%,
105/09/19,264,0,3,267,71777,620,1604,74001,20.25%,20.88%,
105/09/14,292,0,0,292,71513,620,1601,73734,20.18%,20.81%,
105/09/13,-200,0,-12,-212,71221,620,1601,73442,20.10%,20.73%,
105/09/12,86,0,0,86,71421,620,1613,73654,20.15%,20.78%,
105/09/10,0,0,-4,-4,71335,620,1613,73568,20.13%,20.76%,
105/09/09,214,306,0,520,71335,620,1617,73572,20.13%,20.76%,
105/09/08,324,0,0,324,71121,314,1617,73052,20.07%,20.62%,
105/09/07,100,91,0,191,70797,314,1617,72728,19.98%,20.53%,
105/09/06,255,0,-20,235,70697,223,1617,72537,19.95%,20.47%,
105/09/05,-93,0,0,-93,70442,223,1637,72302,19.88%,20.40%,
105/09/02,-32,0,0,-32,70535,223,1637,72395,19.90%,20.42%,
105/09/01,-21,0,50,29,70567,223,1637,72427,19.91%,20.43%,
105/08/31,-45,0,-2,-47,70588,223,1587,72398,19.92%,20.43%,
105/08/30,180,0,31,211,70633,223,1589,72445,19.93%,20.44%,
105/08/29,143,0,0,143,70453,223,1558,72234,19.88%,20.38%,
105/08/26,92,0,0,92,70310,223,1558,72091,19.84%,20.34%,
105/08/25,172,0,0,172,70218,223,1558,71999,19.81%,20.31%,
105/08/24,52,-1,89,140,70046,223,1558,71827,19.77%,20.27%,
105/08/23,9,0,131,140,69994,224,1469,71687,19.75%,20.23%,
105/08/22,-246,0,-3,-249,69985,224,1338,71547,19.75%,20.19%,
105/08/19,-9,0,0,-9,70231,224,1341,71796,19.82%,20.26%,
105/08/18,272,0,0,272,70241,224,1341,71806,19.82%,20.26%,
105/08/17,-63,0,-1,-64,69969,224,1341,71534,19.74%,20.18%,
105/08/16,131,-1,-113,17,70032,224,1342,71598,19.76%,20.20%,
105/08/15,69,0,-2,67,69901,225,1455,71581,19.72%,20.19%,
105/08/12,106,0,1,107,69832,225,1457,71514,19.70%,20.17%,
105/08/11,125,0,-4,121,69726,225,1456,71407,19.67%,20.14%,
105/08/10,166,0,-9,157,69601,225,1460,71286,19.64%,20.12%,
105/08/09,86,0,-9,77,69436,225,1469,71130,19.59%,20.07%,
105/08/08,-50,0,-25,-75,69350,225,1478,71053,19.57%,20.05%,
105/08/05,-41,0,-3,-44,69400,225,1503,71128,19.58%,20.07%,
105/08/04,1,0,-10,-9,69441,225,1506,71172,19.59%,20.08%,
105/08/03,-27,-1,-2,-30,69440,225,1516,71181,19.59%,20.08%,
105/08/02,-8,0,1,-7,69467,226,1518,71211,19.60%,20.09%,
105/08/01,-33,0,0,-33,68865,226,1517,70608,19.43%,19.92%,
105/07/29,7,-1,0,6,68898,226,1517,70641,19.44%,19.93%,
105/07/28,20,0,1,21,68891,227,1517,70635,19.44%,19.93%,
105/07/27,-29,0,-1,-30,68871,227,1516,70614,19.43%,19.92%,
105/07/26,54,0,0,54,68900,227,1517,70644,19.44%,19.93%,
105/07/25,-20,0,1,-19,68846,227,1517,70590,19.43%,19.92%,
105/07/22,-62,-2,0,-64,68866,227,1516,70609,19.43%,19.92%,
105/07/21,41,-1,21,61,68928,229,1516,70673,19.45%,19.94%,
105/07/20,143,-1,0,142,68887,230,1495,70612,19.44%,19.93%,
105/07/19,50,0,0,50,68744,231,1495,70470,19.40%,19.89%,
105/07/18,68,0,0,68,68694,231,1495,70420,19.38%,19.87%,
105/07/15,-10,0,-3,-13,68626,231,1495,70352,19.36%,19.85%,
105/07/14,55,0,0,55,68979,231,1498,70708,19.46%,19.95%,
105/07/13,68,0,-80,-12,69474,231,1498,71203,19.60%,20.09%,
105/07/12,59,0,0,59,69417,231,1578,71226,19.59%,20.10%,
105/07/11,-84,0,-16,-100,69358,231,1578,71167,19.57%,20.08%,
105/07/07,83,0,0,83,69442,231,1594,71267,19.59%,20.11%,
105/07/06,-153,0,-2,-155,69359,231,1594,71184,19.57%,20.09%,
105/07/05,0,0,0,0,69512,231,1596,71339,19.61%,20.13%,
105/07/04,31,0,-3,28,69512,231,1596,71339,19.61%,20.13%,
105/07/01,36,0,0,36,69481,231,1599,71311,19.61%,20.13%,
105/06/30,-33,0,-6,-39,69445,231,1599,71275,19.60%,20.12%,
105/06/29,46,0,0,46,69478,231,1605,71314,19.60%,20.12%,
105/06/28,-17,0,0,-17,69432,231,1605,71268,19.59%,20.11%,
105/06/27,34,-35,-1,-2,69449,231,1605,71285,19.60%,20.12%,
105/06/24,-64,-34,18,-80,69415,266,1606,71287,19.59%,20.12%,
105/06/23,-10,0,0,-10,69479,300,1588,71367,19.60%,20.13%,
105/06/22,17,0,0,17,69489,300,1588,71377,19.61%,20.14%,
105/06/21,111,0,0,111,69472,300,1588,71360,19.60%,20.13%,
105/06/20,32,0,7,39,69361,300,1588,71249,19.57%,20.10%,
105/06/17,32,0,0,32,69329,300,1581,71210,19.56%,20.09%,
105/06/16,61,0,0,61,69297,300,1581,71178,19.55%,20.08%,
105/06/15,88,0,0,88,69236,300,1581,71117,19.54%,20.07%,
105/06/14,4,0,0,4,69148,300,1581,71029,19.51%,20.04%,
105/06/13,-22,0,0,-22,69144,300,1581,71025,19.51%,20.04%,
105/06/08,85,0,-2,83,69166,300,1581,71047,19.52%,20.05%,
105/06/07,27,0,0,27,69081,300,1583,70964,19.49%,20.02%,
105/06/06,39,0,-1,38,69054,300,1583,70937,19.49%,20.02%,
105/06/04,0,0,0,0,69015,300,1584,70899,19.47%,20.00%,
105/06/03,-19,0,0,-19,69015,300,1584,70899,19.47%,20.00%,
105/06/02,46,0,30,76,69034,300,1584,70918,19.48%,20.01%,
105/06/01,10,0,0,10,68988,300,1554,70842,19.47%,19.99%,
105/05/31,34,0,0,34,68978,300,1554,70832,19.46%,19.98%,
105/05/30,99,0,2,101,68944,300,1554,70798,19.45%,19.97%,
105/05/27,99,0,21,120,68845,300,1552,70697,19.43%,19.95%,
105/05/26,2,0,32,34,68746,300,1531,70577,19.40%,19.92%,
105/05/25,24,0,11,35,68744,300,1499,70543,19.40%,19.91%,
105/05/24,19,0,0,19,68720,300,1488,70508,19.39%,19.89%,
105/05/23,19,0,0,19,68701,300,1488,70489,19.39%,19.89%,
105/05/20,38,0,0,38,68682,300,1488,70470,19.38%,19.88%,
105/05/19,34,0,0,34,68644,300,1488,70432,19.37%,19.87%,
105/05/18,129,0,1,130,68610,300,1488,70398,19.36%,19.86%,
105/05/17,-9,0,38,29,68481,300,1487,70268,19.32%,19.82%,
105/05/16,52,0,10,62,68490,300,1449,70239,19.33%,19.82%,
105/05/13,-46,0,0,-46,68438,300,1439,70177,19.31%,19.80%,
105/05/12,-104,0,0,-104,68484,300,1439,70223,19.32%,19.81%,
105/05/11,-24,0,0,-24,68588,300,1439,70327,19.35%,19.84%,
105/05/10,128,0,0,128,68588,300,1439,70327,19.35%,19.84%,
105/05/09,25,0,0,25,68460,300,1439,70199,19.32%,19.81%,
105/05/06,-45,0,20,-25,68435,300,1439,70174,19.31%,19.80%,
105/05/05,13,0,0,13,68480,300,1419,70199,19.32%,19.81%,
105/05/04,16,0,20,36,68467,300,1419,70186,19.32%,19.81%,
105/05/03,3,0,10,13,68451,300,1399,70150,19.31%,19.79%,
105/04/29,-6,0,-1,-7,68448,300,1389,70137,19.31%,19.79%,
105/04/28,21,0,-5,16,68454,300,1390,70144,19.32%,19.80%,
105/04/27,37,0,36,73,68433,300,1395,70128,19.31%,19.79%,
105/04/26,12,0,0,12,68396,300,1359,70055,19.30%,19.77%,
105/04/25,-32,0,0,-32,68384,300,1359,70043,19.30%,19.77%,
105/04/22,0,0,0,0,68416,300,1359,70075,19.31%,19.78%,
105/04/21,64,0,0,64,68416,300,1359,70075,19.31%,19.78%,
105/04/20,69,0,-1,68,68352,300,1359,70011,19.29%,19.76%,
105/04/19,84,0,0,84,68283,300,1360,69943,19.27%,19.74%,
105/04/18,68,0,0,68,68199,300,1360,69859,19.24%,19.71%,
105/04/15,54,-35,0,19,68131,300,1360,69791,19.22%,19.69%,
105/04/14,24,0,3,27,68077,335,1360,69772,19.21%,19.69%,
105/04/13,125,0,0,125,68053,335,1357,69745,19.20%,19.68%,
105/04/12,-7,0,0,-7,67928,335,1357,69620,19.17%,19.65%,
105/04/11,78,0,0,78,67936,335,1357,69628,19.17%,19.65%,
105/04/08,150,0,0,150,67858,335,1357,69550,19.15%,19.63%,
105/04/07,-25,0,0,-25,67708,335,1357,69400,19.11%,19.59%,
105/04/06,-10,0,-4,-14,67733,335,1357,69425,19.11%,19.59%,
105/04/01,32,0,-3,29,67743,335,1361,69439,19.12%,19.60%,
105/03/31,22,0,1,23,67711,335,1364,69410,19.11%,19.59%,
105/03/30,-12,0,0,-12,67689,335,1363,69387,19.10%,19.58%,
105/03/29,-49,0,0,-49,67701,335,1363,69399,19.10%,19.58%,
105/03/28,-79,0,4,-75,67400,335,1363,69098,19.02%,19.50%,
105/03/25,-49,0,0,-49,67523,335,1359,69217,19.05%,19.53%,
105/03/24,68,0,1,69,67572,335,1359,69266,19.07%,19.55%,
105/03/23,2,0,0,2,67504,335,1358,69197,19.05%,19.53%,
105/03/22,-9,0,-1,-10,67502,335,1358,69195,19.05%,19.53%,
105/03/21,31,0,1,32,67511,335,1359,69205,19.05%,19.53%,
105/03/18,11,0,-2,9,67480,335,1358,69173,19.04%,19.52%,
105/03/17,-15,0,0,-15,67469,335,1360,69164,19.04%,19.52%,
105/03/16,62,0,6,68,67541,335,1360,69236,19.06%,19.54%,
105/03/15,-13,0,1,-12,67479,335,1354,69168,19.04%,19.52%,
105/03/14,10,0,1,11,67492,335,1353,69180,19.04%,19.52%,
105/03/11,116,0,-2,114,67482,335,1352,69169,19.04%,19.52%,
105/03/10,50,0,0,50,67366,335,1354,69055,19.01%,19.49%,
105/03/09,62,0,0,62,67316,335,1354,69005,18.99%,19.47%,
105/03/08,64,0,-7,57,67254,335,1354,68943,18.98%,19.46%,
105/03/07,205,0,0,205,67190,335,1361,68886,18.96%,19.44%,
105/03/04,121,0,4,125,66985,335,1361,68681,18.90%,19.38%,
105/03/03,68,0,0,68,66864,335,1357,68556,18.87%,19.35%,
105/03/02,1,0,0,1,66796,335,1357,68488,18.85%,19.33%,
105/03/01,67,0,0,67,66795,335,1357,68487,18.85%,19.33%,
105/02/26,99,0,0,99,66728,335,1357,68420,18.83%,19.31%,
105/02/25,231,0,0,231,66629,335,1357,68321,18.80%,19.28%,
105/02/24,132,0,0,132,66398,335,1357,68090,18.74%,19.22%,
105/02/23,65,0,-2,63,66256,335,1357,67948,18.70%,19.18%,
105/02/22,-60,0,0,-60,66191,335,1359,67885,18.68%,19.16%,
105/02/19,39,0,0,39,66251,335,1359,67945,18.69%,19.17%,
105/02/18,-10,0,-1,-11,66212,335,1359,67906,18.68%,19.16%,
105/02/17,-72,0,-3,-75,66212,335,1360,67907,18.68%,19.16%,
105/02/16,507,0,-7,500,66284,335,1363,67982,18.70%,19.18%,
105/02/15,40,0,0,40,65777,335,1370,67482,18.56%,19.04%,
105/02/03,144,0,0,144,65737,335,1370,67442,18.55%,19.03%,
105/02/02,67,0,0,67,65638,335,1370,67343,18.52%,19.00%,
105/02/01,60,0,0,60,65571,335,1370,67276,18.50%,18.98%,
105/01/30,0,11,0,11,65511,335,1370,67216,18.49%,18.97%,
105/01/29,54,0,0,54,65511,324,1370,67205,18.49%,18.97%,
105/01/28,37,0,0,37,65457,324,1370,67151,18.47%,18.95%,
105/01/27,1,0,0,1,65420,324,1370,67114,18.46%,18.94%,
105/01/26,20,0,0,20,65419,324,1370,67113,18.46%,18.94%,
105/01/25,94,0,0,94,65399,324,1370,67093,18.45%,18.93%,
105/01/22,30,0,0,30,65305,324,1370,66999,18.43%,18.91%,
105/01/21,43,0,0,43,65275,324,1370,66969,18.42%,18.90%,
105/01/20,58,-9,0,49,65232,324,1370,66926,18.41%,18.89%,
105/01/19,-13,0,0,-13,65174,333,1370,66877,18.39%,18.87%,
105/01/18,58,0,0,58,65187,333,1370,66890,18.39%,18.87%,
105/01/15,16,-9,0,7,65129,333,1370,66832,18.38%,18.86%,
105/01/14,-12,91,0,79,65113,342,1370,66825,18.37%,18.85%,
105/01/13,-50,0,0,-50,65125,251,1370,66746,18.38%,18.84%,
105/01/12,-5,0,-3,-8,65175,251,1370,66796,18.39%,18.85%,
105/01/11,30,0,0,30,65180,251,1373,66804,18.39%,18.85%,
105/01/08,91,0,1,92,65150,251,1373,66774,18.38%,18.84%,
105/01/07,-23,0,14,-9,65059,251,1372,66682,18.36%,18.82%,
105/01/06,9,0,2,11,64995,251,1358,66604,18.34%,18.79%,
105/01/05,-42,0,2,-40,64986,251,1356,66593,18.34%,18.79%,
105/01/04,41,0,-8,33,65028,251,1354,66633,18.35%,18.80%,
104/12/31,53,0,0,53,64987,251,1362,66600,18.34%,18.80%,
104/12/30,73,0,0,73,64924,251,1362,66537,18.32%,18.78%,
104/12/29,39,-27,1,13,64851,251,1362,66464,18.30%,18.76%,
104/12/28,19,-19,7,7,64812,278,1361,66451,18.29%,18.75%,
104/12/25,63,0,0,63,64793,297,1354,66444,18.28%,18.75%,
104/12/24,-33,0,0,-33,64730,297,1354,66381,18.26%,18.73%,
104/12/23,68,0,0,68,64763,297,1354,66414,18.27%,18.74%,
104/12/22,35,0,0,35,64695,297,1354,66346,18.25%,18.72%,
104/12/21,83,0,0,83,64660,297,1354,66311,18.24%,18.71%,
104/12/18,153,0,-9,144,64577,297,1354,66228,18.22%,18.69%,
104/12/17,113,0,0,113,64407,297,1363,66067,18.17%,18.64%,
104/12/16,39,0,0,39,64294,297,1363,65954,18.14%,18.61%,
104/12/15,47,0,2,49,64255,297,1363,65915,18.13%,18.60%,
104/12/14,63,0,0,63,64208,297,1361,65866,18.12%,18.59%,
104/12/11,62,0,0,62,64145,297,1361,65803,18.10%,18.57%,
104/12/10,-30,0,0,-30,64083,297,1361,65741,18.08%,18.55%,
104/12/09,-43,0,0,-43,64101,297,1361,65759,18.09%,18.56%,
104/12/08,92,0,0,92,64145,297,1361,65803,18.10%,18.57%,
104/12/07,-50,0,-2,-52,64053,297,1361,65711,18.07%,18.54%,
104/12/04,-20,0,-2,-22,64103,297,1363,65763,18.09%,18.56%,
104/12/03,-22,0,-1,-23,64123,297,1365,65785,18.09%,18.56%,
104/12/02,57,0,-5,52,64145,297,1366,65808,18.10%,18.57%,
104/12/01,47,0,-3,44,64088,297,1371,65756,18.08%,18.55%,
104/11/30,-72,0,0,-72,64041,297,1374,65712,18.07%,18.54%,
104/11/27,-4,0,0,-4,64113,297,1374,65784,18.09%,18.56%,
104/11/26,50,0,0,50,64117,297,1374,65788,18.09%,18.56%,
104/11/25,13,0,0,13,64067,297,1374,65738,18.08%,18.55%,
104/11/24,3,0,2,5,64054,297,1374,65725,18.07%,18.54%,
104/11/23,14,0,0,14,64051,297,1372,65720,18.07%,18.54%,
104/11/20,155,0,0,155,64037,297,1372,65706,18.07%,18.54%,
104/11/19,-57,106,0,49,63882,297,1372,65551,18.03%,18.50%,
104/11/18,23,0,-14,9,63939,191,1372,65502,18.04%,18.48%,
104/11/17,68,0,0,68,63916,191,1386,65493,18.03%,18.48%,
104/11/16,-48,0,-5,-53,63848,191,1386,65425,18.02%,18.47%,
104/11/13,-15,0,0,-15,63896,191,1391,65478,18.03%,18.48%,
104/11/12,-1,0,0,-1,63911,191,1391,65493,18.03%,18.48%,
104/11/11,-11,0,0,-11,63912,191,1391,65494,18.03%,18.48%,
104/11/10,18,0,0,18,63923,191,1391,65505,18.04%,18.49%,
104/11/09,-54,0,1,-53,63905,191,1391,65487,18.03%,18.48%,
104/11/06,-72,0,-3,-75,63959,191,1390,65540,18.05%,18.50%,
104/11/05,15,0,1,16,64033,191,1393,65617,18.07%,18.52%,
104/11/04,96,20,2,118,64018,191,1392,65601,18.06%,18.51%,
104/11/03,1,0,0,1,63922,171,1390,65483,18.04%,18.48%,
104/11/02,133,0,0,133,63711,171,1390,65272,17.98%,18.42%,
104/10/30,6,0,0,6,63578,171,1390,65139,17.94%,18.38%,
104/10/29,-2,0,0,-2,63572,171,1390,65133,17.94%,18.38%,
104/10/28,-212,0,2,-210,63574,171,1390,65135,17.94%,18.38%,
104/10/27,-2,0,13,11,63786,171,1388,65345,18.00%,18.44%,
104/10/26,78,0,0,78,63788,171,1375,65334,18.00%,18.44%,
104/10/23,52,0,0,52,63710,171,1375,65256,17.98%,18.42%,
104/10/22,-312,0,0,-312,63658,171,1375,65204,17.96%,18.40%,
104/10/21,-6,0,-2,-8,63970,171,1375,65516,18.05%,18.49%,
104/10/20,284,0,2,286,63976,171,1377,65524,18.05%,18.49%,
104/10/19,-110,0,0,-110,63682,171,1375,65228,17.97%,18.41%,
104/10/16,80,0,0,80,63792,171,1375,65338,18.00%,18.44%,
104/10/15,-23,0,0,-23,63712,171,1375,65258,17.98%,18.42%,
104/10/14,125,0,0,125,63735,171,1375,65281,17.98%,18.42%,
104/10/13,-28,0,0,-28,63610,171,1375,65156,17.95%,18.39%,
104/10/12,31,0,0,31,63638,171,1375,65184,17.96%,18.40%,
104/10/08,79,0,0,79,63607,171,1375,65153,17.95%,18.39%,
104/10/07,233,0,0,233,63528,171,1375,65074,17.93%,18.37%,
104/10/06,181,0,0,181,63307,171,1375,64853,17.86%,18.30%,
104/10/05,9,0,18,27,63126,171,1375,64672,17.81%,18.25%,
104/10/02,34,16,0,50,63117,171,1357,64645,17.81%,18.24%,
104/10/01,134,0,0,134,63083,155,1357,64595,17.80%,18.23%,
104/09/30,8,0,0,8,62949,155,1357,64461,17.76%,18.19%,
104/09/25,65,0,0,65,62941,155,1357,64453,17.76%,18.19%,
104/09/24,3,0,2,5,62878,155,1357,64390,17.74%,18.17%,
104/09/23,-152,0,0,-152,62875,155,1355,64385,17.74%,18.17%,
104/09/22,-138,0,-44,-182,63027,155,1355,64537,17.78%,18.21%,
104/09/21,-123,155,-193,-161,63165,155,1399,64719,17.82%,18.26%,
104/09/18,88,0,-60,28,63288,0,1592,64880,17.86%,18.31%,
104/09/17,187,0,-58,129,63200,0,1652,64852,17.83%,18.30%,
104/09/16,69,0,0,69,63013,0,1710,64723,17.78%,18.26%,
104/09/15,22,0,25,47,62944,0,1710,64654,17.76%,18.24%,
104/09/14,39,0,20,59,62922,0,1685,64607,17.75%,18.23%,
104/09/11,243,0,-2,241,62672,0,1665,64337,17.68%,18.15%,
104/09/10,397,0,20,417,62429,0,1667,64096,17.62%,18.09%,
104/09/09,201,0,23,224,62032,0,1647,63679,17.50%,17.96%,
104/09/08,-40,0,-75,-115,61831,0,1624,63455,17.45%,17.91%,
104/09/07,107,0,10,117,61871,0,1699,63570,17.46%,17.94%,
104/09/04,-123,0,184,61,61764,0,1689,63453,17.43%,17.91%,
104/09/03,-37,0,150,113,61887,0,1505,63392,17.46%,17.88%,
104/09/02,60,0,-1,59,61924,0,1355,63279,17.47%,17.85%,
104/09/01,101,-2,-4,95,61864,0,1356,63220,17.46%,17.84%,
104/08/31,7,-1,-1,5,61763,0,1360,63123,17.43%,17.81%,
104/08/28,53,0,-5,48,61756,0,1361,63117,17.43%,17.81%,
104/08/27,-34,0,-3,-37,61707,0,1366,63073,17.41%,17.80%,
104/08/26,-28,0,-12,-40,61741,0,1369,63110,17.42%,17.81%,
104/08/25,20,0,-1,19,61769,0,1381,63150,17.43%,17.82%,
104/08/24,-124,0,1,-123,61749,0,1382,63131,17.42%,17.81%,
104/08/21,-17,0,0,-17,61873,0,1381,63254,17.46%,17.85%,
104/08/20,-6,0,0,-6,61890,0,1381,63271,17.46%,17.85%,
104/08/19,-106,0,0,-106,61896,0,1381,63277,17.46%,17.85%,
104/08/18,-68,0,-9,-77,62002,0,1381,63383,17.49%,17.88%,
104/08/17,-41,0,-14,-55,62060,0,1390,63450,17.51%,17.90%,
104/08/14,-9,0,6,-3,62101,0,1404,63505,17.52%,17.92%,
104/08/13,2,0,-2,0,62106,0,1398,63504,17.52%,17.91%,
104/08/12,32,0,19,51,62104,0,1400,63504,17.52%,17.92%,
104/08/11,-77,0,-26,-103,62072,0,1381,63453,17.51%,17.90%,
104/08/10,197,0,-2,195,62149,0,1407,63556,17.54%,17.94%,
104/08/07,-5,0,-2,-7,61952,0,1409,63361,17.48%,17.88%,
104/08/06,19,0,3,22,61934,0,1411,63345,17.48%,17.88%,
104/08/05,143,0,9,152,61915,0,1408,63323,17.47%,17.87%,
104/08/04,-14,0,10,-4,61772,0,1399,63171,17.43%,17.82%,
104/08/03,-19,0,-4,-23,61786,0,1389,63175,17.43%,17.82%,
104/07/31,-28,0,-29,-57,61814,0,1393,63207,17.44%,17.83%,
104/07/30,47,0,8,55,61850,0,1422,63272,17.45%,17.85%,
104/07/29,88,0,-2,86,61803,0,1414,63217,17.44%,17.84%,
104/07/28,73,0,13,86,61735,0,1416,63151,17.42%,17.82%,
104/07/27,22,0,22,44,61662,0,1403,63065,17.40%,17.80%,
104/07/24,-9,0,0,-9,61640,0,1381,63021,17.39%,17.78%,
104/07/23,44,0,7,51,61649,0,1381,63030,17.40%,17.79%,
104/07/22,0,0,7,7,61605,0,1374,62979,17.38%,17.77%,
104/07/21,-29,0,0,-29,61605,0,1367,62972,17.38%,17.77%,
104/07/20,10,0,0,10,61634,0,1367,63001,17.39%,17.78%,
104/07/17,-47,-58,2,-103,61624,0,1367,62991,17.39%,17.78%,
104/07/16,-1,0,0,-1,61671,27,1365,63063,17.40%,17.79%,
104/07/15,-31,0,0,-31,61672,27,1365,63064,17.40%,17.79%,
104/07/14,-51,0,-6,-57,61703,27,1365,63095,17.41%,17.80%,
104/07/13,8,0,-3,5,62021,27,1371,63419,17.50%,17.89%,
104/07/09,17,0,3,20,62013,27,1374,63414,17.50%,17.90%,
104/07/08,28,0,7,35,61996,27,1371,63394,17.49%,17.88%,
104/07/07,33,0,2,35,61968,27,1364,63359,17.49%,17.88%,
104/07/06,6,0,0,6,61935,27,1362,63324,17.48%,17.87%,
104/07/03,-55,0,0,-55,61929,27,1362,63318,17.47%,17.86%,
104/07/02,-33,0,0,-33,61984,27,1362,63373,17.49%,17.88%,
104/07/01,19,0,0,19,62017,27,1362,63406,17.50%,17.89%,
104/06/30,5,0,1,6,61998,27,1362,63387,17.49%,17.88%,
104/06/29,-33,0,0,-33,61994,27,1361,63382,17.49%,17.88%,
104/06/26,63,0,0,63,62027,27,1361,63415,17.50%,17.89%,
104/06/25,8,0,0,8,61964,27,1361,63352,17.48%,17.87%,
104/06/24,-13,0,0,-13,61956,27,1361,63344,17.48%,17.87%,
104/06/23,44,0,6,50,61969,27,1361,63357,17.49%,17.88%,
104/06/22,4,7,0,11,61925,27,1355,63307,17.47%,17.86%,
104/06/18,2,0,0,2,61921,20,1355,63296,17.47%,17.86%,
104/06/17,-176,0,-8,-184,61919,20,1355,63294,17.47%,17.86%,
104/06/16,-13,0,2,-11,62095,20,1363,63478,17.52%,17.91%,
104/06/15,-4,0,0,-4,62108,20,1361,63489,17.52%,17.91%,
104/06/12,-7,0,0,-7,62112,20,1361,63493,17.53%,17.92%,
104/06/11,-80,0,0,-80,62119,20,1361,63500,17.53%,17.92%,
104/06/10,-19,0,5,-14,62199,20,1361,63580,17.55%,17.94%,
104/06/09,-128,0,1,-127,62218,20,1356,63594,17.56%,17.95%,
104/06/08,48,0,-2,46,62336,20,1355,63711,17.59%,17.98%,
104/06/05,-88,0,-4,-92,62289,20,1357,63666,17.58%,17.97%,
104/06/04,-60,0,0,-60,62377,20,1361,63758,17.60%,17.99%,
104/06/03,-38,0,-2,-40,62420,20,1361,63801,17.61%,18.00%,
104/06/02,6,0,-1,5,62458,20,1363,63841,17.62%,18.01%,
104/06/01,-3,0,1,-2,62601,20,1364,63985,17.66%,18.05%,
104/05/29,65,0,0,65,62604,20,1363,63987,17.66%,18.05%,
104/05/28,25,6,-5,26,62539,20,1363,63922,17.65%,18.04%,
104/05/27,-95,0,-2,-97,62515,14,1368,63897,17.64%,18.03%,
104/05/26,187,0,4,191,62610,14,1370,63994,17.67%,18.06%,
104/05/25,-27,0,-3,-30,62423,14,1366,63803,17.61%,18.00%,
104/05/22,-24,0,-2,-26,62200,14,1369,63583,17.55%,17.94%,
104/05/21,-28,0,-16,-44,62294,14,1371,63679,17.58%,17.97%,
104/05/20,16,0,-3,13,62322,14,1387,63723,17.58%,17.98%,
104/05/19,-62,0,-3,-65,62306,14,1390,63710,17.58%,17.98%,
104/05/18,-11,0,10,-1,62368,14,1393,63775,17.60%,18.00%,
104/05/15,80,0,-2,78,62413,14,1383,63810,17.61%,18.00%,
104/05/14,-1,1,-12,-12,62183,14,1385,63582,17.55%,17.94%,
104/05/13,-9,0,-4,-13,62381,13,1397,63791,17.60%,18.00%,
104/05/12,45,0,2,47,62390,13,1401,63804,17.60%,18.00%,
104/05/11,-8,0,7,-1,62312,13,1399,63724,17.58%,17.98%,
104/05/08,-35,0,0,-35,62288,13,1392,63693,17.58%,17.98%,
104/05/07,40,0,0,40,62293,13,1392,63698,17.58%,17.98%,
104/05/06,200,0,0,200,62231,13,1392,63636,17.56%,17.96%,
104/05/05,23,0,0,23,62004,13,1392,63409,17.50%,17.90%,
104/05/04,-41,0,0,-41,61964,13,1392,63369,17.48%,17.88%,
104/04/30,88,0,3,91,61989,13,1392,63394,17.49%,17.89%,
104/04/29,105,0,11,116,61885,13,1389,63287,17.46%,17.86%,
104/04/28,58,-1,4,61,61752,13,1378,63143,17.42%,17.81%,
104/04/27,103,0,-2,101,61694,14,1374,63082,17.41%,17.80%,
104/04/24,167,0,16,183,61591,14,1376,62981,17.38%,17.77%,
104/04/23,31,0,0,31,61424,14,1360,62798,17.33%,17.72%,
104/04/22,-43,0,1,-42,61393,14,1360,62767,17.32%,17.71%,
104/04/21,-50,0,0,-50,61458,14,1359,62831,17.34%,17.73%,
104/04/20,-48,0,3,-45,61508,14,1359,62881,17.36%,17.75%,
104/04/17,25,0,0,25,61566,14,1356,62936,17.37%,17.76%,
104/04/16,-60,0,-18,-78,61508,14,1356,62878,17.36%,17.75%,
104/04/15,-10,12,-5,-3,61568,14,1374,62956,17.37%,17.76%,
104/04/14,26,0,6,32,61598,2,1379,62979,17.38%,17.77%,
104/04/13,-29,0,0,-29,61572,2,1373,62947,17.37%,17.76%,
104/04/10,-1,0,0,-1,61600,2,1373,62975,17.38%,17.77%,
104/04/09,-19,0,-9,-28,61602,2,1373,62977,17.38%,17.77%,
104/04/08,-25,0,0,-25,61615,2,1382,62999,17.39%,17.78%,
104/04/07,-20,0,9,-11,61630,2,1382,63014,17.39%,17.78%,
104/04/02,-26,0,-2,-28,61650,2,1373,63025,17.40%,17.79%,
104/04/01,-21,0,-3,-24,61676,2,1375,63053,17.40%,17.79%,
104/03/31,40,0,3,43,61663,2,1378,63043,17.40%,17.79%,
104/03/30,-15,0,0,-15,61623,2,1375,63000,17.39%,17.78%,
104/03/27,57,0,-4,53,61628,2,1375,63005,17.39%,17.78%,
104/03/26,6,0,12,18,61571,2,1379,62952,17.37%,17.76%,
104/03/25,-46,0,-1,-47,61565,2,1367,62934,17.37%,17.76%,
104/03/24,-189,0,0,-189,61611,2,1368,62981,17.38%,17.77%,
104/03/23,-171,0,0,-171,61805,2,1368,63175,17.44%,17.83%,
104/03/20,-212,0,-4,-216,61976,2,1368,63346,17.49%,17.88%,
104/03/19,10,0,4,14,62188,2,1372,63562,17.55%,17.94%,
104/03/18,-89,0,-4,-93,62178,2,1368,63548,17.54%,17.93%,
104/03/17,-190,0,3,-187,62261,2,1372,63635,17.57%,17.96%,
104/03/16,-40,2,12,-26,62451,2,1369,63822,17.62%,18.01%,
104/03/13,-8,0,0,-8,62491,0,1357,63848,17.63%,18.01%,
104/03/12,-27,0,0,-27,62499,0,1357,63856,17.63%,18.01%,
104/03/11,-58,0,-2,-60,62526,0,1357,63883,17.64%,18.02%,
104/03/10,-26,0,-5,-31,62584,0,1359,63943,17.66%,18.04%,
104/03/09,-3,-1,0,-4,62613,0,1364,63977,17.67%,18.05%,
104/03/06,-13,0,1,-12,62606,0,1364,63970,17.67%,18.05%,
104/03/05,-67,0,0,-67,62632,0,1363,63995,17.67%,18.05%,
104/03/04,-78,-8,-5,-91,62699,0,1363,64062,17.69%,18.07%,
104/03/03,22,0,4,26,62777,0,1368,64145,17.71%,18.10%,
104/03/02,-64,0,0,-64,62762,0,1364,64126,17.71%,18.09%,
104/02/26,-30,-1,0,-31,62826,0,1364,64190,17.73%,18.11%,
104/02/25,22,0,-1,21,62840,0,1364,64204,17.73%,18.11%,
104/02/24,-6,0,0,-6,62818,0,1365,64183,17.73%,18.12%,
104/02/13,17,-1,-4,12,62824,0,1365,64189,17.73%,18.12%,
104/02/12,-2,0,0,-2,62807,0,1369,64176,17.72%,18.11%,
104/02/11,6,0,0,6,62809,0,1369,64178,17.72%,18.11%,
104/02/10,33,0,13,46,62803,0,1369,64172,17.72%,18.11%,
104/02/09,-6,0,0,-6,62770,0,1356,64126,17.71%,18.09%,
104/02/06,-18,0,0,-18,62776,0,1356,64132,17.71%,18.09%,
104/02/05,-16,0,0,-16,62794,0,1356,64150,17.72%,18.10%,
104/02/04,-35,0,0,-35,62810,0,1356,64166,17.72%,18.10%,
104/02/03,17,0,0,17,62845,0,1356,64201,17.73%,18.11%,
104/02/02,-13,0,0,-13,62828,0,1356,64184,17.73%,18.11%,
104/01/30,-12,-2,0,-14,62841,0,1356,64197,17.73%,18.11%,
104/01/29,-21,0,1,-20,62906,0,1356,64262,17.75%,18.13%,
104/01/28,-9,0,0,-9,62966,0,1355,64321,17.77%,18.15%,
104/01/27,21,0,0,21,62965,0,1355,64320,17.77%,18.15%,
104/01/26,18,0,0,18,62944,0,1355,64299,17.76%,18.14%,
104/01/23,26,0,0,26,62926,0,1355,64281,17.76%,18.14%,
104/01/22,37,-22,0,15,62900,0,1355,64255,17.75%,18.13%,
104/01/21,17,0,0,17,62863,8,1355,64226,17.74%,18.12%,
104/01/20,29,0,0,29,62846,8,1355,64209,17.73%,18.11%,
104/01/19,-6,0,0,-6,62817,8,1355,64180,17.72%,18.10%,
104/01/16,-112,0,-4,-116,62823,8,1355,64186,17.73%,18.11%,
104/01/15,-5,0,0,-5,62935,8,1359,64302,17.76%,18.15%,
104/01/14,11,0,0,11,62940,8,1359,64307,17.76%,18.15%,
104/01/13,22,0,3,25,62929,8,1359,64296,17.76%,18.15%,
104/01/12,-20,0,0,-20,62907,8,1356,64271,17.75%,18.13%,
104/01/09,41,0,2,43,62927,8,1356,64291,17.76%,18.14%,
104/01/08,-7,0,-1,-8,62666,8,1354,64028,17.68%,18.06%,
104/01/07,20,0,0,20,62673,8,1355,64036,17.68%,18.06%,
104/01/06,29,0,0,29,62643,8,1355,64006,17.68%,18.06%,
104/01/05,-9,0,-1,-10,62614,8,1355,63977,17.67%,18.05%,
