日期,外資買賣超,投信買賣超,自營商買賣超,單日合計買賣超,外資估計持股,投信估計持股,自營商估計持股,單日合計估計持股,外資持股比重,三大法人持股比重,
107/03/31,0,-1100,15,-1085,88794,101,1695,90590,8.01%,8.17%,
107/03/30,274,0,-7,267,88794,1201,1680,91675,8.01%,8.27%,
107/03/29,140,0,-74,66,88520,1201,1687,91408,7.98%,8.24%,
107/03/28,90,0,-71,19,88380,1201,1761,91342,7.97%,8.24%,
107/03/27,42,0,141,183,88290,1201,1832,91323,7.96%,8.23%,
107/03/26,-319,0,-107,-426,88248,1201,1691,91140,7.96%,8.22%,
107/03/23,-52,0,-92,-144,88567,1201,1798,91566,7.99%,8.26%,
107/03/22,-519,0,-4,-523,88619,1201,1890,91710,7.99%,8.27%,
107/03/21,-185,0,-10,-195,89128,1201,1894,92223,8.04%,8.32%,
107/03/20,-163,0,-100,-263,89313,1201,1904,92418,8.05%,8.33%,
107/03/19,-286,-2,-28,-316,89476,1201,2004,92681,8.07%,8.36%,
107/03/16,-321,0,-3,-324,89762,1203,2032,92997,8.09%,8.38%,
107/03/15,42,0,-1,41,90040,1203,2035,93278,8.12%,8.41%,
107/03/14,-69,0,28,-41,89998,1203,2036,93237,8.12%,8.41%,
107/03/13,484,0,-96,388,91239,1203,2008,94450,8.23%,8.52%,
107/03/12,190,0,81,271,90688,1203,2104,93995,8.18%,8.48%,
107/03/09,517,0,5,522,90498,1203,2023,93724,8.16%,8.45%,
107/03/08,261,0,-85,176,89754,1203,2018,92975,8.09%,8.38%,
107/03/07,281,0,79,360,89493,1203,2103,92799,8.07%,8.37%,
107/03/06,240,0,-81,159,89212,1203,2024,92439,8.04%,8.33%,
107/03/05,198,0,-320,-122,88972,1203,2105,92280,8.02%,8.32%,
107/03/02,35,0,-5,30,88741,1203,2425,92369,8.00%,8.33%,
107/03/01,609,1200,235,2044,88696,1203,2430,92329,8.00%,8.33%,
107/02/27,345,0,-107,238,88057,3,2195,90255,7.94%,8.14%,
107/02/26,-901,0,-253,-1154,87672,3,2302,89977,7.91%,8.12%,
107/02/23,546,0,713,1259,88573,3,2555,91131,7.99%,8.22%,
107/02/22,-59,0,-15,-74,88027,3,1842,89872,7.94%,8.11%,
107/02/21,192,0,38,230,88086,3,1857,89946,7.94%,8.11%,
107/02/12,-737,0,-33,-770,87894,3,1819,89716,7.93%,8.09%,
107/02/09,-93,0,-35,-128,88630,3,1852,90485,7.99%,8.16%,
107/02/08,64,0,-30,34,89020,3,1887,90910,8.03%,8.20%,
107/02/07,-810,0,-37,-847,88956,3,1917,90876,8.02%,8.19%,
107/02/06,-443,0,-153,-596,89746,3,1954,91703,8.09%,8.27%,
107/02/05,421,0,-74,347,90179,3,2107,92289,8.13%,8.32%,
107/02/02,287,0,34,321,89758,3,2181,91942,8.09%,8.29%,
107/02/01,-53,0,12,-41,89471,3,2147,91621,8.07%,8.26%,
107/01/31,-248,0,-21,-269,89519,3,2135,91657,8.07%,8.26%,
107/01/30,-252,0,-178,-430,89767,3,2156,91926,8.09%,8.28%,
107/01/29,-15,0,-34,-49,90019,3,2334,92356,8.12%,8.33%,
107/01/26,-89,0,-51,-140,90024,3,2368,92395,8.12%,8.33%,
107/01/25,-593,0,-64,-657,90163,3,2419,92585,8.13%,8.35%,
107/01/24,-537,0,-21,-558,91108,3,2483,93594,8.22%,8.44%,
107/01/23,-105,0,65,-40,91573,3,2504,94080,8.26%,8.49%,
107/01/22,-1690,0,-353,-2043,91678,3,2439,94120,8.27%,8.49%,
107/01/19,-662,0,-140,-802,93248,3,2792,96043,8.41%,8.66%,
107/01/18,-2349,0,-661,-3010,93910,3,2932,96845,8.47%,8.73%,
107/01/17,-706,0,575,-131,95996,3,3593,99592,8.66%,8.98%,
107/01/16,22,0,-163,-141,96702,3,3018,99723,8.72%,8.99%,
107/01/15,-262,0,468,206,96821,3,3181,100005,8.73%,9.02%,
107/01/12,-283,0,514,231,97083,3,2713,99799,8.75%,9.00%,
107/01/11,-312,0,667,355,97366,3,2199,99568,8.78%,8.98%,
107/01/10,-772,0,-279,-1051,97563,3,1532,99098,8.80%,8.94%,
107/01/09,-127,0,596,469,98369,3,1811,100183,8.87%,9.03%,
107/01/08,234,0,-190,44,98520,3,1215,99738,8.88%,8.99%,
107/01/05,707,0,236,943,98280,3,1405,99688,8.86%,8.99%,
107/01/04,202,0,-89,113,97937,3,1169,99109,8.83%,8.94%,
107/01/03,-333,0,11,-322,97735,3,1258,98996,8.81%,8.92%,
107/01/02,170,0,-8,162,98068,3,1247,99318,8.84%,8.95%,
106/12/29,91,0,-94,-3,97898,3,1255,99156,8.83%,8.94%,
106/12/28,-90,1,-76,-165,97777,3,1349,99129,8.82%,8.94%,
106/12/27,183,2,279,464,97852,2,1425,99279,8.82%,8.95%,
106/12/26,90,-10,-54,26,97517,0,1146,98663,8.79%,8.89%,
106/12/25,231,0,-10,221,97408,0,1200,98608,8.78%,8.89%,
106/12/22,50,0,21,71,97237,0,1210,98447,8.77%,8.88%,
106/12/21,115,0,48,163,97177,0,1189,98366,8.76%,8.87%,
106/12/20,39,0,-27,12,97022,0,1141,98163,8.75%,8.85%,
106/12/19,-269,0,-83,-352,96955,0,1168,98123,8.74%,8.85%,
106/12/18,310,0,77,387,97187,0,1251,98438,8.76%,8.87%,
106/12/15,926,0,38,964,96862,0,1174,98036,8.73%,8.84%,
106/12/14,272,0,3,275,95862,0,1136,96998,8.64%,8.74%,
106/12/13,-22,0,-65,-87,95590,0,1133,96723,8.62%,8.72%,
106/12/12,-225,0,-1,-226,96230,0,1198,97428,8.68%,8.79%,
106/12/11,-300,0,-12,-312,96455,0,1199,97654,8.70%,8.81%,
106/12/08,-688,0,-112,-800,96555,0,1211,97766,8.71%,8.82%,
106/12/07,-765,0,63,-702,97168,0,1323,98491,8.76%,8.88%,
106/12/06,-2406,0,-127,-2533,97753,0,1260,99013,8.82%,8.93%,
106/12/05,-592,0,147,-445,99974,0,1387,101361,9.02%,9.15%,
106/12/04,-155,0,-30,-185,100477,0,1240,101717,9.06%,9.17%,
106/12/01,-373,0,-37,-410,100602,0,1270,101872,9.07%,9.18%,
106/11/30,-377,0,-3,-380,100975,0,1307,102282,9.11%,9.23%,
106/11/29,-334,0,-6,-340,101307,0,1310,102617,9.14%,9.26%,
106/11/28,-793,0,-30,-823,101641,0,1316,102957,9.17%,9.29%,
106/11/27,-77,0,80,3,102434,0,1346,103780,9.24%,9.36%,
106/11/24,4,0,1,5,102511,0,1266,103777,9.24%,9.35%,
106/11/23,-497,0,-95,-592,102507,0,1265,103772,9.24%,9.35%,
106/11/22,515,0,51,566,102994,0,1360,104354,9.29%,9.41%,
106/11/21,61,0,-26,35,102468,0,1309,103777,9.24%,9.36%,
106/11/20,-45,0,8,-37,102407,0,1335,103742,9.24%,9.36%,
106/11/17,11,0,-76,-65,102452,0,1327,103779,9.24%,9.36%,
106/11/16,8,0,-16,-8,102441,0,1403,103844,9.24%,9.37%,
106/11/15,237,0,43,280,101933,0,1419,103352,9.19%,9.32%,
106/11/14,384,0,-382,2,101696,0,1376,103072,9.17%,9.29%,
106/11/13,-90,0,40,-50,101509,0,1758,103267,9.15%,9.31%,
106/11/10,-416,0,-8,-424,101574,0,1718,103292,9.16%,9.32%,
106/11/09,-295,0,-29,-324,101942,0,1726,103668,9.19%,9.35%,
106/11/08,-12,-521,-462,-995,102201,0,1755,103956,9.22%,9.38%,
106/11/07,-575,0,461,-114,102179,371,2217,104767,9.21%,9.44%,
106/11/06,-323,0,-87,-410,102678,371,1756,104805,9.26%,9.45%,
106/11/03,12,0,-65,-53,102947,371,1843,105161,9.28%,9.48%,
106/11/02,254,0,161,415,102904,371,1908,105183,9.28%,9.49%,
106/11/01,-218,0,-137,-355,102630,371,1747,104748,9.26%,9.45%,
106/10/31,228,0,172,400,102838,371,1884,105093,9.27%,9.47%,
106/10/30,76,0,13,89,102595,371,1712,104678,9.25%,9.44%,
106/10/27,142,0,-83,59,102509,371,1699,104579,9.24%,9.43%,
106/10/26,83,0,13,96,102367,371,1782,104520,9.23%,9.42%,
106/10/25,-156,0,-453,-609,102268,371,1769,104408,9.22%,9.41%,
106/10/24,-192,0,312,120,102374,371,2222,104967,9.23%,9.46%,
106/10/23,1433,0,170,1603,102510,371,1910,104791,9.24%,9.45%,
106/10/20,362,0,-47,315,100991,371,1740,103102,9.11%,9.30%,
106/10/19,-1290,-2,-637,-1929,100397,371,1787,102555,9.05%,9.24%,
106/10/18,1522,0,121,1643,101667,373,2424,104464,9.17%,9.42%,
106/10/17,1103,0,-204,899,100145,373,2303,102821,9.03%,9.27%,
106/10/16,-360,0,-174,-534,99014,373,2507,101894,8.93%,9.19%,
106/10/13,-353,0,289,-64,99719,373,2681,102773,8.99%,9.27%,
106/10/12,-331,-45,-86,-462,100682,373,2392,103447,9.08%,9.33%,
106/10/11,583,-40,57,600,101813,418,2478,104709,9.18%,9.44%,
106/10/06,381,-20,-17,344,101230,458,2421,104109,9.13%,9.39%,
106/10/05,86,170,-100,156,101033,478,2438,103949,9.11%,9.37%,
106/10/03,90,308,-34,364,100947,308,2538,103793,9.10%,9.36%,
106/10/02,219,0,-105,114,100857,0,2572,103429,9.10%,9.33%,
106/09/30,1,0,-279,-278,100638,0,2677,103315,9.08%,9.32%,
106/09/29,1376,-125,-1016,235,100637,195,2956,103788,9.08%,9.36%,
106/09/28,-276,0,-314,-590,99261,320,3972,103553,8.95%,9.34%,
106/09/27,382,0,-16,366,99467,320,4286,104073,8.97%,9.39%,
106/09/26,-208,0,295,87,99085,320,4302,103707,8.94%,9.36%,
106/09/25,-1116,0,-89,-1205,99265,320,4007,103592,8.95%,9.34%,
106/09/22,-1112,0,-124,-1236,99817,320,4096,104233,9.00%,9.40%,
106/09/21,-959,0,159,-800,100484,320,4220,105024,9.06%,9.47%,
106/09/20,-1180,0,-296,-1476,101277,320,4061,105658,9.13%,9.53%,
106/09/19,136,0,-198,-62,102457,320,4357,107134,9.24%,9.66%,
106/09/18,0,0,-425,-425,101484,320,4555,106359,9.15%,9.59%,
106/09/15,-903,0,-24,-927,101484,320,4980,106784,9.15%,9.63%,
106/09/14,-2366,80,-219,-2505,102388,320,5004,107712,9.23%,9.71%,
106/09/13,185,120,37,342,104194,240,5223,109657,9.40%,9.89%,
106/09/12,2026,120,705,2851,103989,120,5186,109295,9.38%,9.86%,
106/09/11,-1036,0,206,-830,101963,0,4481,106444,9.20%,9.60%,
106/09/08,306,-2,186,490,102938,0,4275,107213,9.28%,9.67%,
106/09/07,475,0,-100,375,102838,0,4089,106927,9.27%,9.64%,
106/09/06,-161,0,-128,-289,102353,0,4189,106542,9.23%,9.61%,
106/09/05,60,0,126,186,102720,0,4317,107037,9.26%,9.65%,
106/09/04,-119,0,10,-109,102923,0,4191,107114,9.28%,9.66%,
106/09/01,710,0,78,788,102977,0,4181,107158,9.29%,9.67%,
106/08/31,163,0,-140,23,101914,0,4103,106017,9.19%,9.56%,
106/08/30,-1345,0,318,-1027,101638,0,4243,105881,9.17%,9.55%,
106/08/29,491,0,60,551,102955,0,3925,106880,9.28%,9.63%,
106/08/28,-565,0,-287,-852,102464,0,3865,106329,9.24%,9.59%,
106/08/25,-1252,0,-369,-1621,102974,0,4152,107126,9.29%,9.66%,
106/08/24,917,-4,806,1719,104217,0,4521,108738,9.40%,9.81%,
106/08/23,-524,-4,87,-441,103300,3,3715,107018,9.32%,9.66%,
106/08/22,547,0,-109,438,103824,7,3628,107459,9.36%,9.69%,
106/08/21,-170,0,-79,-249,103277,7,3737,107021,9.31%,9.65%,
106/08/18,97,0,-380,-283,103316,7,3816,107139,9.32%,9.66%,
106/08/17,544,0,64,608,103151,7,4196,107354,9.30%,9.68%,
106/08/16,426,0,63,489,102566,7,4132,106705,9.25%,9.62%,
106/08/15,-315,0,-214,-529,102100,7,4069,106176,9.21%,9.58%,
106/08/14,-361,0,-574,-935,102415,7,4283,106705,9.24%,9.63%,
106/08/11,-886,0,573,-313,102526,7,4857,107390,9.25%,9.69%,
106/08/10,270,0,-428,-158,103412,7,4284,107703,9.33%,9.72%,
106/08/09,-246,0,-325,-571,103141,7,4712,107860,9.30%,9.73%,
106/08/08,-1315,0,1051,-264,103087,7,5037,108131,9.30%,9.76%,
106/08/07,-381,0,-395,-776,104392,7,3986,108385,9.41%,9.77%,
106/08/04,1115,0,70,1185,104773,7,4381,109161,9.45%,9.85%,
106/08/03,422,0,-83,339,103658,7,4311,107976,9.35%,9.74%,
106/08/02,260,0,-556,-296,103236,7,4394,107637,9.31%,9.71%,
106/08/01,-1307,-2,-494,-1803,102976,7,4950,107933,9.29%,9.74%,
106/07/31,-1082,0,1418,336,104283,9,5444,109736,9.40%,9.89%,
106/07/28,-153,0,132,-21,105365,9,4026,109400,9.50%,9.86%,
106/07/27,454,0,35,489,105518,9,3894,109421,9.52%,9.87%,
106/07/26,263,0,22,285,105064,9,3859,108932,9.47%,9.82%,
106/07/25,424,0,-168,256,104651,9,3837,108497,9.44%,9.79%,
106/07/24,120,0,342,462,104227,9,4005,108241,9.40%,9.76%,
106/07/21,120,0,-228,-108,104107,9,3663,107779,9.39%,9.72%,
106/07/20,-168,0,353,185,103987,9,3891,107887,9.38%,9.73%,
106/07/19,-169,0,-592,-761,104155,9,3538,107702,9.39%,9.71%,
106/07/18,-200,0,1230,1030,104325,9,4130,108464,9.41%,9.78%,
106/07/17,507,0,-303,204,103933,9,2900,106842,9.37%,9.63%,
106/07/14,-108,0,428,320,103426,9,3203,106638,9.33%,9.62%,
106/07/13,172,0,-499,-327,103559,9,2775,106343,9.34%,9.59%,
106/07/12,540,0,479,1019,103376,9,3274,106659,9.32%,9.62%,
106/07/11,307,0,173,480,102836,9,2795,105640,9.27%,9.52%,
106/07/10,-10,0,-312,-322,102529,9,2622,105160,9.25%,9.49%,
106/07/07,-475,0,298,-177,102539,9,2934,105482,9.25%,9.52%,
106/07/06,-30,0,36,6,103201,9,2636,105846,9.31%,9.55%,
106/07/05,-470,0,-879,-1349,103231,9,2600,105840,9.31%,9.55%,
106/07/04,313,0,1817,2130,103701,9,3479,107189,9.35%,9.66%,
106/07/03,269,0,24,293,103388,9,1662,105059,9.32%,9.47%,
106/06/30,161,0,35,196,103119,9,1638,104766,9.30%,9.45%,
106/06/29,148,0,0,148,102958,0,1603,104561,9.28%,9.42%,
106/06/28,87,0,26,113,102854,0,1603,104457,9.28%,9.42%,
106/06/27,143,0,-5,138,102767,0,1577,104344,9.27%,9.41%,
106/06/26,132,0,145,277,102624,0,1582,104206,9.25%,9.39%,
106/06/23,295,0,30,325,102492,0,1437,103929,9.24%,9.37%,
106/06/22,378,0,-13,365,102585,0,1407,103992,9.25%,9.38%,
106/06/21,439,0,65,504,102207,0,1420,103627,9.22%,9.35%,
106/06/20,76,0,-5,71,101768,0,1355,103123,9.18%,9.30%,
106/06/19,-17,-230,27,-220,101692,0,1360,103052,9.17%,9.29%,
106/06/16,377,-490,22,-91,101709,0,1333,103042,9.17%,9.29%,
106/06/15,38,-500,48,-414,101332,0,1311,102643,9.14%,9.26%,
106/06/14,179,0,23,202,101294,0,1263,102557,9.13%,9.24%,
106/06/13,135,-400,-46,-311,101115,0,1240,102355,9.12%,9.23%,
106/06/12,102,-400,-19,-317,100982,0,1286,102268,9.11%,9.23%,
106/06/09,-36,0,-51,-87,100880,0,1305,102185,9.10%,9.22%,
106/06/08,51,0,-37,14,101349,0,1356,102705,9.14%,9.26%,
106/06/07,-81,0,298,217,101298,0,1393,102691,9.14%,9.27%,
106/06/06,74,-23,41,92,101380,0,1095,102475,9.14%,9.24%,
106/06/05,175,-16,19,178,101306,22,1054,102382,9.14%,9.24%,
106/06/03,0,0,-166,-166,101131,38,1035,102204,9.12%,9.22%,
106/06/02,518,0,331,849,101131,38,1201,102370,9.12%,9.23%,
106/06/01,511,0,-31,480,100654,38,870,101562,9.08%,9.16%,
106/05/31,-454,0,-2,-456,100164,38,901,101103,9.03%,9.11%,
106/05/26,287,0,-434,-147,100629,38,903,101570,9.07%,9.15%,
106/05/25,-863,0,644,-219,100342,38,1337,101717,9.05%,9.17%,
106/05/24,126,0,18,144,101205,38,693,101936,9.13%,9.20%,
106/05/23,161,0,-10,151,101079,38,675,101792,9.12%,9.18%,
106/05/22,-22,0,25,3,100974,38,685,101697,9.11%,9.18%,
106/05/19,319,0,14,333,100933,38,660,101631,9.10%,9.16%,
106/05/18,6,0,0,6,100634,38,646,101318,9.08%,9.14%,
106/05/17,19,0,-66,-47,100579,38,646,101263,9.07%,9.13%,
106/05/16,402,0,52,454,100512,38,712,101262,9.06%,9.13%,
106/05/15,70,0,1,71,100162,38,660,100860,9.03%,9.09%,
106/05/12,211,-222,7,-4,100472,38,659,101169,9.06%,9.12%,
106/05/11,154,0,-62,92,100131,260,652,101043,9.03%,9.11%,
106/05/10,524,0,67,591,99977,260,714,100951,9.02%,9.11%,
106/05/09,101,0,0,101,99407,260,647,100314,8.96%,9.04%,
106/05/08,109,-184,0,-75,99250,260,647,100157,8.95%,9.03%,
106/05/05,-54,-440,-11,-505,99143,444,647,100234,8.94%,9.04%,
106/05/04,65,0,-58,7,99132,884,658,100674,8.94%,9.08%,
106/05/03,314,-588,16,-258,99201,884,716,100801,8.95%,9.09%,
106/05/02,73,0,-27,46,98487,1472,700,100659,8.88%,9.08%,
106/04/28,-130,-528,-23,-681,98245,1472,727,100444,8.86%,9.06%,
106/04/27,-116,0,-171,-287,98462,2000,750,101212,8.88%,9.13%,
106/04/26,411,0,-232,179,98458,2000,921,101379,8.88%,9.14%,
106/04/25,-307,-0,-543,-850,98047,2000,1153,101200,8.84%,9.12%,
106/04/24,1203,0,1000,2203,98354,2000,1696,102050,8.87%,9.20%,
106/04/21,663,0,-1,662,97048,2000,696,99744,8.75%,8.99%,
106/04/20,844,0,-37,807,96189,2000,697,98886,8.67%,8.91%,
106/04/19,803,0,-133,670,95412,2000,734,98146,8.60%,8.85%,
106/04/18,1338,0,184,1522,94518,2000,867,97385,8.52%,8.78%,
106/04/17,53,0,-186,-133,93180,2000,683,95863,8.40%,8.64%,
106/04/14,-518,-3,-46,-567,93127,2000,869,95996,8.40%,8.66%,
106/04/13,1369,0,69,1438,93645,2003,915,96563,8.44%,8.70%,
106/04/12,282,0,-1,281,92276,2003,846,95125,8.32%,8.58%,
106/04/11,-490,0,0,-490,91994,2003,847,94844,8.30%,8.56%,
106/04/10,-380,0,108,-272,92484,2003,847,95334,8.34%,8.60%,
106/04/07,-3,0,-4,-7,92837,2003,739,95579,8.37%,8.62%,
106/04/06,524,0,0,524,92937,2003,743,95683,8.38%,8.63%,
106/04/05,-531,0,0,-531,92357,2003,743,95103,8.33%,8.58%,
106/03/31,-275,0,98,-177,92888,2003,743,95634,8.38%,8.63%,
106/03/30,-238,0,150,-88,93163,4045,645,97853,8.40%,8.82%,
106/03/29,-441,-500,0,-941,93451,4045,495,97991,8.43%,8.84%,
106/03/28,52,0,1,53,93892,4545,495,98932,8.47%,8.92%,
106/03/27,-1050,0,0,-1050,93840,4545,494,98879,8.46%,8.91%,
106/03/24,-205,-453,0,-658,94963,4545,494,100002,8.56%,9.01%,
106/03/23,-776,-346,0,-1122,95168,4998,494,100660,8.58%,9.08%,
106/03/22,-272,-310,0,-582,95944,5344,494,101782,8.65%,9.18%,
106/03/21,-223,-264,2,-485,96216,5654,494,102364,8.68%,9.23%,
106/03/20,-1427,-1420,0,-2847,96439,5918,492,102849,8.70%,9.28%,
106/03/17,1350,0,-107,1243,97866,7338,492,105696,8.83%,9.54%,
106/03/16,-497,0,-642,-1139,96457,7338,599,104394,8.70%,9.42%,
106/03/15,60,0,0,60,97094,7338,1241,105673,8.76%,9.53%,
106/03/14,396,-1920,151,-1373,97334,7338,1241,105913,8.78%,9.55%,
106/03/13,0,-791,-1,-792,97520,9258,1090,107868,8.79%,9.72%,
106/03/10,527,-600,-117,-190,97538,10049,1091,108678,8.80%,9.81%,
106/03/09,-1766,0,2,-1764,96996,10649,1208,108853,8.75%,9.82%,
106/03/08,-120,31,-444,-533,97862,10649,1206,109717,8.83%,9.90%,
106/03/07,-3005,1941,913,-151,97952,10618,1650,110220,8.83%,9.94%,
106/03/06,-1013,8578,86,7651,100958,8677,737,110372,9.10%,9.95%,
106/03/03,880,0,2,882,101971,99,651,102721,9.20%,9.27%,
106/03/02,-98,0,0,-98,101132,99,649,101880,9.12%,9.19%,
106/03/01,-256,0,-2,-258,101230,99,649,101978,9.13%,9.20%,
106/02/24,846,0,251,1097,101986,99,651,102736,9.20%,9.27%,
106/02/23,135,0,0,135,101140,99,400,101639,9.12%,9.17%,
106/02/22,-340,0,6,-334,101005,99,400,101504,9.11%,9.16%,
106/02/21,1194,0,-1,1193,101345,99,394,101838,9.14%,9.18%,
106/02/20,230,0,0,230,100151,99,395,100645,9.03%,9.07%,
106/02/18,0,0,-20,-20,99921,99,395,100415,9.01%,9.05%,
106/02/17,-99,0,0,-99,99921,99,415,100435,9.01%,9.06%,
106/02/16,-29,0,1,-28,100030,99,415,100544,9.02%,9.07%,
106/02/15,672,0,-1,671,100059,99,414,100572,9.02%,9.07%,
106/02/14,1,0,0,1,99387,99,415,99901,8.96%,9.01%,
106/02/13,327,0,4,331,99386,99,415,99900,8.96%,9.01%,
106/02/10,-290,0,-2,-292,98859,99,411,99369,8.92%,8.97%,
106/02/09,-497,0,19,-478,99149,99,413,99661,8.94%,8.99%,
106/02/08,-427,0,-29,-456,99636,99,394,100129,8.99%,9.03%,
106/02/07,-52,0,0,-52,100063,99,423,100585,9.02%,9.07%,
106/02/06,236,0,0,236,100115,99,423,100637,9.03%,9.08%,
106/02/03,-1565,10,-825,-2380,99835,99,423,100357,9.00%,9.05%,
106/02/02,1698,0,-319,1379,101017,89,1248,102354,9.11%,9.23%,
106/01/24,368,0,34,402,99319,89,1567,100975,8.96%,9.11%,
106/01/23,-487,-4,216,-275,98973,89,1533,100595,8.93%,9.08%,
106/01/20,-105,0,47,-58,99460,93,1317,100870,8.97%,9.10%,
106/01/19,63,0,-100,-37,99489,93,1270,100852,8.97%,9.09%,
106/01/18,-38,0,124,86,99126,93,1370,100589,8.94%,9.07%,
106/01/17,-590,0,820,230,99164,93,1246,100503,8.94%,9.06%,
106/01/16,-647,0,-2,-649,99912,93,426,100431,9.01%,9.06%,
106/01/13,483,0,8,491,100559,93,428,101080,9.07%,9.12%,
106/01/12,263,0,40,303,100076,93,420,100589,9.02%,9.07%,
106/01/11,192,0,60,252,99813,93,380,100286,9.00%,9.04%,
106/01/10,270,0,0,270,99621,93,320,100034,8.98%,9.02%,
106/01/09,-750,0,-3,-753,99351,93,320,99764,8.96%,9.00%,
106/01/06,78,-7,-2,69,100101,93,323,100517,9.03%,9.07%,
106/01/05,1018,-2,-10,1006,100023,100,325,100448,9.02%,9.06%,
106/01/04,373,0,0,373,98894,102,335,99331,8.92%,8.96%,
106/01/03,184,0,-155,29,98521,102,335,98958,8.88%,8.92%,
105/12/30,272,0,4,276,98337,102,490,98929,8.87%,8.92%,
105/12/29,1862,0,-170,1692,98065,102,486,98653,8.84%,8.89%,
105/12/28,-104,0,0,-104,96156,102,656,96914,8.67%,8.74%,
105/12/27,-45,0,0,-45,96260,102,656,97018,8.68%,8.75%,
105/12/26,7,0,0,7,96305,102,656,97063,8.68%,8.75%,
105/12/23,228,0,0,228,96383,102,656,97141,8.69%,8.76%,
105/12/22,78,0,3,81,96155,102,656,96913,8.67%,8.74%,
105/12/21,-76,0,9,-67,96077,102,653,96832,8.66%,8.73%,
105/12/20,112,0,12,124,96153,102,644,96899,8.67%,8.74%,
105/12/19,299,0,26,325,96041,102,632,96775,8.66%,8.73%,
105/12/16,174,0,29,203,95742,102,606,96450,8.63%,8.69%,
105/12/15,158,0,22,180,95568,102,577,96247,8.62%,8.68%,
105/12/14,227,0,40,267,95410,102,555,96067,8.60%,8.66%,
105/12/13,394,0,60,454,95183,102,515,95800,8.58%,8.64%,
105/12/12,372,0,19,391,94789,102,455,95346,8.55%,8.60%,
105/12/09,243,0,9,252,94417,102,436,94955,8.51%,8.56%,
105/12/08,369,0,8,377,94174,102,427,94703,8.49%,8.54%,
105/12/07,543,0,56,599,93805,102,419,94326,8.46%,8.51%,
105/12/06,26,0,105,131,93262,102,363,93727,8.41%,8.45%,
105/12/05,-206,0,0,-206,93236,102,258,93596,8.41%,8.44%,
105/12/02,563,0,-9,554,93442,102,258,93802,8.43%,8.46%,
105/12/01,27,0,-2,25,92879,102,267,93248,8.38%,8.41%,
105/11/30,459,0,0,459,92852,102,269,93223,8.37%,8.40%,
105/11/29,-23,0,-2,-25,92308,102,269,92679,8.32%,8.35%,
105/11/28,117,0,-5,112,92331,102,271,92704,8.33%,8.36%,
105/11/25,94,0,0,94,92214,102,276,92592,8.32%,8.35%,
105/11/24,66,0,0,66,92120,102,276,92498,8.31%,8.34%,
105/11/23,124,0,15,139,92054,102,276,92432,8.30%,8.33%,
105/11/22,249,0,2,251,91930,102,261,92293,8.29%,8.32%,
105/11/21,23,0,0,23,91681,102,259,92042,8.27%,8.30%,
105/11/18,-541,0,-1,-542,91658,102,259,92019,8.27%,8.30%,
105/11/17,-82,0,0,-82,92209,102,260,92571,8.32%,8.35%,
105/11/16,-141,0,5,-136,92291,102,260,92653,8.32%,8.35%,
105/11/15,-123,0,3,-120,92432,102,255,92789,8.34%,8.37%,
105/11/14,145,0,-80,65,92555,102,252,92909,8.35%,8.38%,
105/11/11,26,0,0,26,92410,102,332,92844,8.33%,8.37%,
105/11/10,-26,0,-5,-31,92384,102,332,92818,8.33%,8.37%,
105/11/09,-21,0,-47,-68,92410,102,337,92849,8.33%,8.37%,
105/11/08,6,0,0,6,92431,102,384,92917,8.34%,8.38%,
105/11/07,-73,0,8,-65,92425,102,384,92911,8.33%,8.37%,
105/11/04,2,0,0,2,92498,102,376,92976,8.34%,8.38%,
105/11/03,33,-2,19,50,92496,102,376,92974,8.34%,8.38%,
105/11/02,-209,-1,45,-165,92463,104,357,92924,8.34%,8.38%,
105/11/01,-145,0,4,-141,92672,105,312,93089,8.36%,8.40%,
105/10/31,-482,0,0,-482,92817,105,308,93230,8.37%,8.41%,
105/10/28,-113,0,0,-113,93299,105,308,93712,8.41%,8.45%,
105/10/27,-36,0,0,-36,93412,105,308,93825,8.42%,8.46%,
105/10/26,58,0,16,74,93448,105,308,93861,8.43%,8.47%,
105/10/25,-40,0,0,-40,93390,105,292,93787,8.42%,8.46%,
105/10/24,42,0,0,42,93430,105,292,93827,8.43%,8.47%,
105/10/21,-428,51,-6,-383,93388,105,292,93785,8.42%,8.46%,
105/10/20,-411,54,15,-342,93816,54,298,94168,8.46%,8.49%,
105/10/19,-487,0,-8,-495,94227,0,283,94510,8.50%,8.53%,
105/10/18,-281,0,-3,-284,94714,0,291,95005,8.54%,8.57%,
105/10/17,-161,0,0,-161,94995,0,294,95289,8.57%,8.60%,
105/10/14,36,0,17,53,95156,0,294,95450,8.58%,8.61%,
105/10/13,-174,0,1,-173,95120,0,277,95397,8.58%,8.60%,
105/10/12,171,-76,2,97,95294,0,276,95570,8.59%,8.61%,
105/10/11,394,-150,0,244,95113,0,274,95387,8.58%,8.60%,
105/10/07,46,-149,0,-103,94719,0,274,94993,8.54%,8.56%,
105/10/06,65,0,0,65,94673,17,274,94964,8.54%,8.57%,
105/10/05,-23,0,0,-23,94608,17,274,94899,8.53%,8.56%,
105/10/04,100,0,38,138,94631,17,274,94922,8.53%,8.56%,
105/10/03,-137,0,0,-137,94531,17,236,94784,8.52%,8.54%,
105/09/30,-125,-7,1,-131,94668,17,236,94921,8.54%,8.56%,
105/09/29,25,0,0,25,94793,393,235,95421,8.55%,8.61%,
105/09/26,-67,0,-1,-68,94768,393,235,95396,8.55%,8.61%,
105/09/23,210,0,0,210,94835,393,236,95464,8.55%,8.61%,
105/09/22,52,27,0,79,94625,393,236,95254,8.53%,8.59%,
105/09/21,325,0,0,325,94573,366,236,95175,8.53%,8.58%,
105/09/20,-79,0,-1,-80,94248,366,236,94850,8.50%,8.55%,
105/09/19,83,0,9,92,94198,366,237,94801,8.49%,8.54%,
105/09/14,-174,0,0,-174,94115,366,228,94709,8.49%,8.54%,
105/09/13,-151,0,-14,-165,94289,366,228,94883,8.50%,8.55%,
105/09/12,-337,0,0,-337,94426,366,242,95034,8.52%,8.57%,
105/09/10,0,0,-6,-6,94763,366,242,95371,8.55%,8.60%,
105/09/09,-92,174,0,82,94763,366,248,95377,8.55%,8.61%,
105/09/08,92,0,0,92,94855,192,248,95295,8.55%,8.59%,
105/09/07,-12,174,0,162,94763,192,248,95203,8.55%,8.59%,
105/09/06,54,0,3,57,94775,18,248,95041,8.55%,8.57%,
105/09/05,-230,0,0,-230,94721,18,245,94984,8.54%,8.56%,
105/09/02,-103,0,5,-98,94951,18,245,95214,8.56%,8.58%,
105/09/01,-77,0,0,-77,95054,18,240,95312,8.57%,8.59%,
105/08/31,-304,0,-54,-358,95131,18,240,95389,8.58%,8.60%,
105/08/30,-1,0,0,-1,95435,18,294,95747,8.61%,8.64%,
105/08/29,-1,0,0,-1,95436,18,294,95748,8.61%,8.64%,
105/08/26,-131,0,0,-131,95437,18,294,95749,8.61%,8.64%,
105/08/25,83,0,0,83,95568,18,294,95880,8.62%,8.65%,
105/08/24,-21,0,0,-21,95485,18,294,95797,8.61%,8.64%,
105/08/23,31,0,0,31,95506,18,294,95818,8.61%,8.64%,
105/08/22,-266,0,0,-266,95475,18,294,95787,8.61%,8.64%,
105/08/19,-23,0,0,-23,95741,18,294,96053,8.63%,8.66%,
105/08/18,172,0,0,172,95764,18,294,96076,8.64%,8.67%,
105/08/17,284,0,0,284,95592,18,294,95904,8.62%,8.65%,
105/08/16,66,0,-1,65,95307,18,294,95619,8.59%,8.62%,
105/08/15,199,0,0,199,95241,18,295,95554,8.59%,8.62%,
105/08/12,302,0,0,302,95042,18,295,95355,8.57%,8.60%,
105/08/11,-26,0,-11,-37,94740,18,295,95053,8.54%,8.57%,
105/08/10,51,0,0,51,94766,18,306,95090,8.55%,8.58%,
105/08/09,24,0,0,24,94715,18,306,95039,8.54%,8.57%,
105/08/08,45,0,0,45,94691,18,306,95015,8.54%,8.57%,
105/08/05,130,0,0,130,94646,18,306,94970,8.53%,8.56%,
105/08/04,45,0,-22,23,94516,18,306,94840,8.52%,8.55%,
105/08/03,-15,0,-4,-19,94471,18,328,94817,8.52%,8.55%,
105/08/02,76,0,0,76,94486,18,332,94836,8.52%,8.55%,
105/08/01,252,0,0,252,94410,18,332,94760,8.51%,8.54%,
105/07/29,69,3,0,72,94158,18,332,94508,8.49%,8.52%,
105/07/28,292,0,3,295,94089,15,332,94436,8.48%,8.51%,
105/07/27,182,0,-1,181,93797,15,329,94141,8.46%,8.49%,
105/07/26,173,0,0,173,93615,15,330,93960,8.44%,8.47%,
105/07/25,160,0,2,162,93442,15,330,93787,8.43%,8.46%,
105/07/22,112,-1,1,112,93282,15,328,93625,8.41%,8.44%,
105/07/21,93,-1,25,117,93170,16,327,93513,8.40%,8.43%,
105/07/20,152,-1,3,154,93077,17,302,93396,8.39%,8.42%,
105/07/19,147,0,2,149,92925,18,299,93242,8.38%,8.41%,
105/07/18,115,0,0,115,92778,18,297,93093,8.37%,8.40%,
105/07/15,132,0,0,132,92663,18,297,92978,8.36%,8.39%,
105/07/14,145,0,0,145,92531,18,297,92846,8.34%,8.37%,
105/07/13,112,0,-4,108,92386,18,297,92701,8.33%,8.36%,
105/07/12,20,0,0,20,92274,18,301,92593,8.32%,8.35%,
105/07/11,126,0,0,126,92254,18,301,92573,8.32%,8.35%,
105/07/07,-155,0,-17,-172,92128,18,301,92447,8.31%,8.34%,
105/07/06,-47,0,17,-30,92283,18,318,92619,8.32%,8.35%,
105/07/05,85,0,-1,84,92330,18,301,92649,8.33%,8.36%,
105/07/04,113,0,0,113,92245,18,302,92565,8.32%,8.35%,
105/07/01,74,0,0,74,92132,18,302,92452,8.31%,8.34%,
105/06/30,-40,0,0,-40,92058,18,302,92378,8.30%,8.33%,
105/06/29,-55,0,0,-55,92098,0,302,92400,8.31%,8.34%,
105/06/28,20,0,0,20,92166,0,302,92468,8.31%,8.34%,
105/06/27,55,-64,18,9,92146,0,302,92448,8.31%,8.34%,
105/06/24,24,-64,-3,-43,92091,0,284,92375,8.30%,8.33%,
105/06/23,-3,0,0,-3,92067,7,287,92361,8.30%,8.33%,
105/06/22,116,0,-6,110,92070,7,287,92364,8.30%,8.33%,
105/06/21,193,0,0,193,91941,7,293,92241,8.29%,8.32%,
105/06/20,11,0,21,32,91748,7,293,92048,8.27%,8.30%,
105/06/17,37,0,0,37,91737,7,272,92016,8.27%,8.30%,
105/06/16,-5,0,0,-5,91792,7,272,92071,8.28%,8.31%,
105/06/15,-24,0,0,-24,91797,7,272,92076,8.28%,8.31%,
105/06/14,-37,0,5,-32,91821,7,272,92100,8.28%,8.31%,
105/06/13,-51,0,-1,-52,91858,7,267,92132,8.28%,8.30%,
105/06/08,117,0,0,117,91909,7,268,92184,8.29%,8.31%,
105/06/07,159,0,0,159,91792,7,268,92067,8.28%,8.30%,
105/06/06,-44,0,0,-44,91633,7,268,91908,8.26%,8.28%,
105/06/04,0,0,0,0,91677,7,268,91952,8.27%,8.29%,
105/06/03,-38,0,0,-38,91677,7,268,91952,8.27%,8.29%,
105/06/02,-14,0,0,-14,91715,7,268,91990,8.27%,8.29%,
105/06/01,-19,0,0,-19,91729,7,268,92004,8.27%,8.29%,
105/05/31,-364,0,0,-364,91749,7,268,92024,8.27%,8.29%,
105/05/30,1,0,0,1,92113,7,268,92388,8.31%,8.33%,
105/05/27,102,0,0,102,92112,7,268,92387,8.31%,8.33%,
105/05/26,83,0,0,83,92010,7,268,92285,8.30%,8.32%,
105/05/25,6,0,0,6,91927,7,268,92202,8.29%,8.31%,
105/05/24,-1,0,0,-1,91921,7,268,92196,8.29%,8.31%,
105/05/23,-256,0,0,-256,91922,7,268,92197,8.29%,8.31%,
105/05/20,-77,0,0,-77,92086,7,268,92361,8.30%,8.32%,
105/05/19,-45,0,0,-45,92163,7,268,92438,8.31%,8.33%,
105/05/18,-13,0,0,-13,92208,7,268,92483,8.31%,8.33%,
105/05/17,3,0,0,3,92221,7,268,92496,8.32%,8.34%,
105/05/16,24,0,0,24,92218,7,268,92493,8.32%,8.34%,
105/05/13,-9,0,-5,-14,92194,7,268,92469,8.31%,8.33%,
105/05/12,17,0,0,17,92203,7,273,92483,8.31%,8.34%,
105/05/11,55,0,0,55,92186,7,273,92466,8.31%,8.34%,
105/05/10,13,2,1,16,92131,7,273,92411,8.31%,8.34%,
105/05/09,-9,0,0,-9,92118,5,272,92395,8.31%,8.33%,
105/05/06,-92,0,0,-92,92127,5,272,92404,8.31%,8.33%,
105/05/05,-102,0,0,-102,92219,5,272,92496,8.32%,8.34%,
105/05/04,-74,0,0,-74,92321,5,272,92598,8.33%,8.35%,
105/05/03,103,0,-4,99,92395,5,272,92672,8.33%,8.35%,
105/04/29,-58,0,-3,-61,92292,5,276,92573,8.32%,8.35%,
105/04/28,-7,0,-1,-8,92350,5,279,92634,8.33%,8.36%,
105/04/27,-155,0,2,-153,92357,5,280,92642,8.33%,8.36%,
105/04/26,-82,0,0,-82,92512,5,278,92795,8.34%,8.37%,
105/04/25,-87,0,0,-87,92618,5,278,92901,8.35%,8.38%,
105/04/22,-191,0,0,-191,92705,5,278,92988,8.36%,8.39%,
105/04/21,-33,0,-17,-50,92896,5,278,93179,8.38%,8.41%,
105/04/20,24,0,0,24,92905,5,295,93205,8.38%,8.41%,
105/04/19,-78,0,-2,-80,92881,5,295,93181,8.38%,8.41%,
105/04/18,-2,0,0,-2,92959,5,297,93261,8.38%,8.41%,
105/04/15,-218,-11,0,-229,92961,5,297,93263,8.38%,8.41%,
105/04/14,-16,0,0,-16,93179,16,297,93492,8.40%,8.43%,
105/04/13,-91,0,0,-91,93195,16,297,93508,8.40%,8.43%,
105/04/12,-113,0,-9,-122,93236,16,297,93549,8.41%,8.44%,
105/04/11,55,0,0,55,93349,16,306,93671,8.42%,8.45%,
105/04/08,224,0,-1,223,93294,16,306,93616,8.41%,8.44%,
105/04/07,-14,0,0,-14,93070,16,307,93393,8.39%,8.42%,
105/04/06,-39,0,0,-39,93084,16,307,93407,8.39%,8.42%,
105/04/01,-119,0,0,-119,93122,16,307,93445,8.40%,8.43%,
105/03/31,-24,0,0,-24,93241,16,307,93564,8.41%,8.44%,
105/03/30,33,0,0,33,93265,11,307,93583,8.41%,8.44%,
105/03/29,-35,0,0,-35,93232,11,307,93550,8.41%,8.44%,
105/03/28,-61,0,0,-61,93267,11,307,93585,8.41%,8.44%,
105/03/25,7,0,0,7,93328,11,307,93646,8.42%,8.45%,
105/03/24,-35,0,6,-29,93321,11,307,93639,8.42%,8.45%,
105/03/23,-43,0,11,-32,93356,11,301,93668,8.42%,8.45%,
105/03/22,-52,0,-3,-55,93399,11,290,93700,8.42%,8.45%,
105/03/21,-31,0,0,-31,93451,11,293,93755,8.43%,8.46%,
105/03/18,-370,0,0,-370,93482,11,293,93786,8.43%,8.46%,
105/03/17,-265,0,0,-265,93852,11,293,94156,8.46%,8.49%,
105/03/16,11,0,36,47,94117,11,293,94421,8.49%,8.52%,
105/03/15,40,0,1,41,94106,11,257,94374,8.49%,8.51%,
105/03/14,47,0,0,47,94066,11,256,94333,8.48%,8.50%,
105/03/11,11,0,-19,-8,94019,11,256,94286,8.48%,8.50%,
105/03/10,-55,0,-13,-68,94008,11,275,94294,8.48%,8.51%,
105/03/09,-193,0,0,-193,94063,11,288,94362,8.48%,8.51%,
105/03/08,85,0,-24,61,94256,11,288,94555,8.50%,8.53%,
105/03/07,152,0,0,152,94171,11,312,94494,8.49%,8.52%,
105/03/04,164,0,0,164,94019,11,312,94342,8.48%,8.51%,
105/03/03,-177,0,0,-177,93865,11,312,94188,8.46%,8.49%,
105/03/02,-144,0,0,-144,94042,11,312,94365,8.48%,8.51%,
105/03/01,-447,0,0,-447,94186,11,312,94509,8.49%,8.52%,
105/02/26,-90,0,0,-90,94633,11,312,94956,8.53%,8.56%,
105/02/25,29,0,0,29,94723,11,312,95046,8.54%,8.57%,
105/02/24,-13,0,0,-13,94694,11,312,95017,8.54%,8.57%,
105/02/23,46,0,0,46,94707,11,312,95030,8.54%,8.57%,
105/02/22,4,0,0,4,94661,11,312,94984,8.54%,8.57%,
105/02/19,17,0,0,17,94657,11,312,94980,8.54%,8.57%,
105/02/18,-9,0,0,-9,94640,11,312,94963,8.53%,8.56%,
105/02/17,-50,0,0,-50,94649,11,312,94972,8.54%,8.57%,
105/02/16,146,0,-1,145,94699,11,312,95022,8.54%,8.57%,
105/02/15,-38,-1,0,-39,94553,11,313,94877,8.53%,8.56%,
105/02/03,19,0,0,19,94591,12,313,94916,8.53%,8.56%,
105/02/02,-30,0,0,-30,94562,12,313,94887,8.53%,8.56%,
105/02/01,-150,0,0,-150,94592,12,313,94917,8.53%,8.56%,
105/01/30,0,12,0,12,94742,12,313,95067,8.54%,8.57%,
105/01/29,-22,0,-1,-23,94742,0,313,95055,8.54%,8.57%,
105/01/28,-81,0,-2,-83,94764,0,314,95078,8.55%,8.58%,
105/01/27,-1,0,0,-1,94845,0,316,95161,8.55%,8.58%,
105/01/26,-156,0,0,-156,94846,0,316,95162,8.55%,8.58%,
105/01/25,-141,0,0,-141,95002,0,316,95318,8.57%,8.60%,
105/01/22,-37,0,6,-31,95143,0,316,95459,8.58%,8.61%,
105/01/21,-38,0,0,-38,95180,0,310,95490,8.58%,8.61%,
105/01/20,58,-10,-1,47,95218,0,310,95528,8.59%,8.62%,
105/01/19,29,0,0,29,95160,8,311,95479,8.58%,8.61%,
105/01/18,57,0,8,65,95131,8,311,95450,8.58%,8.61%,
105/01/15,-188,-10,0,-198,95074,8,303,95385,8.57%,8.60%,
105/01/14,-266,0,0,-266,95262,18,303,95583,8.59%,8.62%,
105/01/13,-178,0,0,-178,95751,18,303,96072,8.63%,8.66%,
105/01/12,-129,0,0,-129,95929,18,303,96250,8.65%,8.68%,
105/01/11,-11,0,0,-11,96058,18,303,96379,8.66%,8.69%,
105/01/08,14,0,3,17,96069,18,303,96390,8.66%,8.69%,
105/01/07,-236,0,0,-236,96055,18,300,96373,8.66%,8.69%,
105/01/06,-201,0,0,-201,96291,18,300,96609,8.68%,8.71%,
105/01/05,-348,0,0,-348,96492,18,300,96810,8.70%,8.73%,
105/01/04,-24,0,0,-24,96617,18,300,96935,8.71%,8.74%,
104/12/31,-21,0,0,-21,96641,18,300,96959,8.71%,8.74%,
104/12/30,32,0,0,32,96662,75,300,97037,8.72%,8.75%,
104/12/29,36,14,0,50,96630,75,300,97005,8.71%,8.74%,
104/12/28,17,19,0,36,96594,61,300,96955,8.71%,8.74%,
104/12/25,-13,0,0,-13,96577,42,300,96919,8.71%,8.74%,
104/12/24,4,0,-50,-46,96590,42,300,96932,8.71%,8.74%,
104/12/23,-13,0,-20,-33,96586,42,350,96978,8.71%,8.75%,
104/12/22,-55,0,-10,-65,96599,42,370,97011,8.71%,8.75%,
104/12/21,-15,0,0,-15,96654,42,380,97076,8.72%,8.76%,
104/12/18,-147,0,-9,-156,96669,42,380,97091,8.72%,8.76%,
104/12/17,-143,0,0,-143,96816,42,389,97247,8.73%,8.77%,
104/12/16,7,0,-6,1,96959,42,389,97390,8.74%,8.78%,
104/12/15,18,0,0,18,96952,42,395,97389,8.74%,8.78%,
104/12/14,-8,-1,-10,-19,96934,42,395,97371,8.74%,8.78%,
104/12/11,-124,0,0,-124,96942,43,405,97390,8.74%,8.78%,
104/12/10,-164,0,0,-164,97066,43,405,97514,8.75%,8.79%,
104/12/09,33,0,0,33,97230,43,405,97678,8.77%,8.81%,
104/12/08,46,0,1,47,97197,43,405,97645,8.77%,8.81%,
104/12/07,39,0,0,39,97151,43,404,97598,8.76%,8.80%,
104/12/04,-26,0,0,-26,97112,43,404,97559,8.76%,8.80%,
104/12/03,-53,0,0,-53,97138,43,404,97585,8.76%,8.80%,
104/12/02,-203,0,18,-185,97191,43,404,97638,8.76%,8.80%,
104/12/01,-168,0,0,-168,97518,43,386,97947,8.79%,8.83%,
104/11/30,-569,0,0,-569,97686,43,386,98115,8.81%,8.85%,
104/11/27,54,0,0,54,98255,43,386,98684,8.86%,8.90%,
104/11/26,73,0,0,73,98201,43,386,98630,8.86%,8.90%,
104/11/25,-102,0,0,-102,98128,43,386,98557,8.85%,8.89%,
104/11/24,-26,0,0,-26,98230,43,386,98659,8.86%,8.90%,
104/11/23,9,0,0,9,98256,43,386,98685,8.86%,8.90%,
104/11/20,-11,0,0,-11,98247,43,386,98676,8.86%,8.90%,
104/11/19,72,0,0,72,98258,43,386,98687,8.86%,8.90%,
104/11/18,-44,0,0,-44,98186,43,386,98615,8.85%,8.89%,
104/11/17,10,0,-7,3,98230,43,386,98659,8.86%,8.90%,
104/11/16,-95,0,-3,-98,98220,43,393,98656,8.86%,8.90%,
104/11/13,-163,0,0,-163,98315,43,396,98754,8.87%,8.91%,
104/11/12,-44,0,-44,-88,98478,43,396,98917,8.88%,8.92%,
104/11/11,-86,0,-6,-92,98522,43,440,99005,8.88%,8.92%,
104/11/10,-32,0,-17,-49,98608,43,446,99097,8.89%,8.93%,
104/11/09,154,0,0,154,98640,43,463,99146,8.90%,8.95%,
104/11/06,-100,0,9,-91,98486,43,463,98992,8.88%,8.93%,
104/11/05,214,0,0,214,98586,43,454,99083,8.89%,8.93%,
104/11/04,490,14,51,555,98372,43,454,98869,8.87%,8.91%,
104/11/03,49,0,4,53,97882,29,403,98314,8.83%,8.87%,
104/11/02,-103,0,0,-103,97833,29,399,98261,8.82%,8.86%,
104/10/30,6,0,1,7,97936,29,399,98364,8.83%,8.87%,
104/10/29,-125,0,0,-125,97930,29,398,98357,8.83%,8.87%,
104/10/28,-95,0,0,-95,98055,29,398,98482,8.84%,8.88%,
104/10/27,-122,0,0,-122,98150,29,398,98577,8.85%,8.89%,
104/10/26,16,0,0,16,98372,29,398,98799,8.87%,8.91%,
104/10/23,-119,0,0,-119,98356,29,398,98783,8.87%,8.91%,
104/10/22,-26,0,0,-26,98475,29,398,98902,8.88%,8.92%,
104/10/21,-534,0,49,-485,98991,29,398,99418,8.93%,8.97%,
104/10/20,25,0,0,25,99702,29,349,100080,8.99%,9.02%,
104/10/19,148,0,51,199,99677,29,349,100055,8.99%,9.02%,
104/10/16,-356,0,0,-356,99529,29,298,99856,8.98%,9.01%,
104/10/15,-200,0,0,-200,99885,29,298,100212,9.01%,9.04%,
104/10/14,-478,0,0,-478,100085,29,298,100412,9.03%,9.06%,
104/10/13,-352,0,0,-352,100572,29,298,100899,9.07%,9.10%,
104/10/12,-407,0,0,-407,101187,29,298,101514,9.13%,9.16%,
104/10/08,384,0,0,384,101594,29,298,101921,9.16%,9.19%,
104/10/07,44,0,0,44,101210,29,298,101537,9.13%,9.16%,
104/10/06,-22,0,0,-22,100975,29,298,101302,9.11%,9.14%,
104/10/05,-288,0,4,-284,100997,29,298,101324,9.11%,9.14%,
104/10/02,-160,11,0,-149,100736,29,294,101059,9.08%,9.11%,
104/10/01,-82,0,0,-82,100571,18,294,100883,9.07%,9.10%,
104/09/30,-92,0,0,-92,100653,18,294,100965,9.08%,9.11%,
104/09/25,-47,0,0,-47,100745,0,294,101039,9.09%,9.12%,
104/09/24,-67,0,0,-67,100792,0,294,101086,9.09%,9.12%,
104/09/23,-58,0,0,-58,100859,0,294,101153,9.10%,9.13%,
104/09/22,-61,-4,-1,-66,100917,0,294,101211,9.10%,9.13%,
104/09/21,-153,-46,-7,-206,100978,0,295,101273,9.11%,9.14%,
104/09/18,-247,0,0,-247,101131,0,302,101433,9.12%,9.15%,
104/09/17,18,0,4,22,101378,0,302,101680,9.14%,9.17%,
104/09/16,-14,0,1,-13,101360,0,298,101658,9.14%,9.17%,
104/09/15,-13,0,1,-12,101374,0,297,101671,9.14%,9.17%,
104/09/14,-96,0,-7,-103,101387,0,296,101683,9.14%,9.17%,
104/09/11,-158,0,-3,-161,101483,0,303,101786,9.15%,9.18%,
104/09/10,136,0,1,137,101641,0,306,101947,9.17%,9.20%,
104/09/09,70,0,12,82,101505,0,305,101810,9.15%,9.18%,
104/09/08,12,0,-3,9,101435,0,293,101728,9.15%,9.18%,
104/09/07,-212,0,0,-212,101423,0,296,101719,9.15%,9.18%,
104/09/04,-72,0,0,-72,101635,0,296,101931,9.17%,9.20%,
104/09/03,-11,0,0,-11,101707,0,296,102003,9.17%,9.20%,
104/09/02,-30,0,0,-30,101718,0,296,102014,9.17%,9.20%,
104/09/01,-42,-22,-16,-80,101749,0,296,102045,9.18%,9.21%,
104/08/31,-88,-13,-2,-103,101791,0,312,102103,9.18%,9.21%,
104/08/28,67,0,-11,56,101879,2,314,102195,9.19%,9.22%,
104/08/27,-32,0,-21,-53,101812,2,325,102139,9.18%,9.21%,
104/08/26,150,0,-25,125,101844,2,346,102192,9.18%,9.21%,
104/08/25,125,2,3,130,101694,2,371,102067,9.17%,9.20%,
104/08/24,-535,0,-10,-545,101569,0,368,101937,9.16%,9.19%,
104/08/21,75,0,-4,71,102104,0,378,102482,9.21%,9.24%,
104/08/20,-22,0,0,-22,102029,0,382,102411,9.20%,9.23%,
104/08/19,-317,0,-8,-325,102051,0,382,102433,9.20%,9.23%,
104/08/18,231,0,-30,201,102368,0,390,102758,9.23%,9.27%,
104/08/17,49,0,-7,42,102137,0,420,102557,9.21%,9.25%,
104/08/14,191,0,-12,179,102088,0,427,102515,9.21%,9.25%,
104/08/13,222,0,2,224,101896,0,439,102335,9.19%,9.23%,
104/08/12,350,0,-97,253,101674,0,437,102111,9.17%,9.21%,
104/08/11,111,0,-85,26,101324,0,534,101858,9.14%,9.19%,
104/08/10,-4,-155,150,-9,101213,0,619,101832,9.13%,9.19%,
104/08/07,-25,0,-3,-28,101217,93,469,101779,9.13%,9.18%,
104/08/06,109,0,0,109,101242,93,472,101807,9.13%,9.18%,
104/08/05,33,0,3,36,101133,93,472,101698,9.12%,9.17%,
104/08/04,-60,0,32,-28,101100,93,469,101662,9.12%,9.17%,
104/08/03,-59,0,-11,-70,101160,93,437,101690,9.12%,9.17%,
104/07/31,23,0,-30,-7,101219,93,448,101760,9.13%,9.18%,
104/07/30,275,0,-1,274,101196,93,478,101767,9.13%,9.18%,
104/07/29,-4,0,0,-4,100921,93,479,101493,9.10%,9.15%,
104/07/28,-95,10,29,-56,100925,93,479,101497,9.10%,9.15%,
104/07/27,-11,0,59,48,101020,83,450,101553,9.11%,9.16%,
104/07/24,-193,3,2,-188,101031,83,391,101505,9.11%,9.15%,
104/07/23,76,0,18,94,101224,80,389,101693,9.13%,9.17%,
104/07/22,-38,0,21,-17,101148,80,371,101599,9.12%,9.16%,
104/07/21,-106,0,-40,-146,101186,80,350,101616,9.13%,9.17%,
104/07/20,-86,0,0,-86,101292,80,390,101762,9.13%,9.17%,
104/07/17,-252,55,0,-197,101378,80,390,101848,9.14%,9.18%,
104/07/16,-8,0,0,-8,101630,25,390,102045,9.17%,9.21%,
104/07/15,-403,6,0,-397,101638,25,390,102053,9.17%,9.21%,
104/07/14,-255,0,-56,-311,102041,19,390,102450,9.20%,9.24%,
104/07/13,-99,0,-8,-107,102296,19,446,102761,9.23%,9.27%,
104/07/09,-61,0,12,-49,102395,19,454,102868,9.23%,9.27%,
104/07/08,19,0,13,32,102456,19,442,102917,9.24%,9.28%,
104/07/07,-44,0,0,-44,102437,19,429,102885,9.24%,9.28%,
104/07/06,-21,0,0,-21,102481,19,429,102929,9.24%,9.28%,
104/07/03,-369,0,0,-369,102502,19,429,102950,9.24%,9.28%,
104/07/02,-19,0,0,-19,102871,19,429,103319,9.28%,9.32%,
104/07/01,188,0,0,188,102890,19,429,103338,9.28%,9.32%,
104/06/30,-275,0,0,-275,102702,19,429,103150,9.26%,9.30%,
104/06/29,-73,0,0,-73,102977,176,429,103582,9.29%,9.34%,
104/06/26,5,0,1,6,103050,176,429,103655,9.29%,9.34%,
104/06/25,73,0,0,73,103045,176,428,103649,9.29%,9.34%,
104/06/24,-70,0,-35,-105,102972,176,428,103576,9.29%,9.34%,
104/06/23,-113,0,15,-98,103042,176,463,103681,9.29%,9.35%,
104/06/22,24,4,0,28,103155,176,448,103779,9.30%,9.36%,
104/06/18,-244,0,0,-244,103131,172,448,103751,9.30%,9.36%,
104/06/17,-301,0,-40,-341,103375,172,448,103995,9.32%,9.38%,
104/06/16,-281,0,0,-281,103676,172,488,104336,9.35%,9.41%,
104/06/15,-21,0,0,-21,103957,172,488,104617,9.38%,9.44%,
104/06/12,-6,0,-1,-7,103978,172,488,104638,9.38%,9.44%,
104/06/11,75,0,-1,74,103984,172,489,104645,9.38%,9.44%,
104/06/10,-12,0,1,-11,103909,172,490,104571,9.37%,9.43%,
104/06/09,2,0,0,2,103921,172,489,104582,9.37%,9.43%,
104/06/08,47,0,0,47,103919,172,489,104580,9.37%,9.43%,
104/06/05,-92,-1,0,-93,103872,172,489,104533,9.37%,9.43%,
104/06/04,-109,1,-101,-209,103964,173,489,104626,9.38%,9.44%,
104/06/03,-173,0,-3,-176,104071,172,590,104833,9.39%,9.46%,
104/06/02,-91,0,-44,-135,104297,172,593,105062,9.41%,9.48%,
104/06/01,-136,0,-17,-153,104388,172,637,105197,9.41%,9.48%,
104/05/29,-1371,0,-2,-1373,104524,172,654,105350,9.43%,9.50%,
104/05/28,39,3,-1,41,105895,172,656,106723,9.55%,9.62%,
104/05/27,-36,0,0,-36,105856,169,657,106682,9.55%,9.62%,
104/05/26,25,0,30,55,105880,169,657,106706,9.55%,9.62%,
104/05/25,-165,0,-3,-168,105855,169,627,106651,9.55%,9.62%,
104/05/22,-123,0,-7,-130,106020,169,630,106819,9.56%,9.63%,
104/05/21,-162,0,-26,-188,106143,169,637,106949,9.57%,9.64%,
104/05/20,-115,0,74,-41,106305,169,663,107137,9.59%,9.67%,
104/05/19,-40,0,38,-2,106420,169,589,107178,9.60%,9.67%,
104/05/18,11,0,0,11,106460,169,551,107180,9.60%,9.66%,
104/05/15,-52,0,-3,-55,106449,169,551,107169,9.60%,9.66%,
104/05/14,-111,1,-11,-121,106501,169,554,107224,9.60%,9.67%,
104/05/13,-75,0,-4,-79,106612,168,565,107345,9.61%,9.68%,
104/05/12,170,0,27,197,106646,168,569,107383,9.62%,9.69%,
104/05/11,127,1,23,151,106476,168,542,107186,9.60%,9.66%,
104/05/08,43,0,40,83,106349,167,519,107035,9.59%,9.65%,
104/05/07,213,0,8,221,106306,167,479,106952,9.59%,9.65%,
104/05/06,176,0,0,176,106093,167,471,106731,9.57%,9.63%,
104/05/05,184,0,0,184,105917,167,471,106555,9.55%,9.61%,
104/05/04,26,0,30,56,105733,167,471,106371,9.54%,9.60%,
104/04/30,246,-1,0,245,105707,167,441,106315,9.53%,9.58%,
104/04/29,523,-1,39,561,105461,168,441,106070,9.51%,9.56%,
104/04/28,220,-1,13,232,104938,169,402,105509,9.46%,9.51%,
104/04/27,267,0,15,282,104718,170,389,105277,9.44%,9.49%,
104/04/24,850,-1,23,872,104451,170,374,104995,9.42%,9.47%,
104/04/23,-128,0,3,-125,103601,171,351,104123,9.34%,9.39%,
104/04/22,-2,0,0,-2,103729,171,348,104248,9.35%,9.40%,
104/04/21,-58,0,7,-51,103731,171,348,104250,9.35%,9.40%,
104/04/20,-142,-5,0,-147,103789,171,341,104301,9.36%,9.41%,
104/04/17,141,0,0,141,103931,176,341,104448,9.37%,9.42%,
104/04/16,-178,0,-61,-239,103790,176,341,104307,9.36%,9.41%,
104/04/15,-382,0,0,-382,103968,176,402,104546,9.38%,9.43%,
104/04/14,-65,0,0,-65,104150,176,402,104728,9.39%,9.44%,
104/04/13,-84,0,18,-66,104215,176,402,104793,9.40%,9.45%,
104/04/10,-181,0,0,-181,104299,176,384,104859,9.41%,9.46%,
104/04/09,-393,0,0,-393,104480,176,384,105040,9.42%,9.47%,
104/04/08,-143,0,0,-143,104873,176,384,105433,9.46%,9.51%,
104/04/07,63,0,0,63,105016,176,384,105576,9.47%,9.52%,
104/04/02,-5,0,0,-5,104953,176,384,105513,9.46%,9.51%,
104/04/01,-93,0,0,-93,104958,176,384,105518,9.47%,9.52%,
104/03/31,163,0,-10,153,105051,176,384,105611,9.47%,9.52%,
104/03/30,-172,0,0,-172,104888,84,394,105366,9.46%,9.50%,
104/03/27,-511,0,9,-502,105060,84,394,105538,9.47%,9.51%,
104/03/26,-205,0,10,-195,105571,84,385,106040,9.52%,9.56%,
104/03/25,-161,0,9,-152,105776,84,375,106235,9.54%,9.58%,
104/03/24,-609,-1,0,-610,105946,84,366,106396,9.55%,9.59%,
104/03/23,-103,-1,0,-104,106555,85,366,107006,9.61%,9.65%,
104/03/20,-198,-30,0,-228,106658,86,366,107110,9.62%,9.66%,
104/03/19,-154,-1,4,-151,106856,116,366,107338,9.64%,9.68%,
104/03/18,-1,0,0,-1,107001,117,362,107480,9.65%,9.69%,
104/03/17,-366,0,-0,-366,107002,117,362,107481,9.65%,9.69%,
104/03/16,-79,5,33,-41,107368,117,363,107848,9.68%,9.72%,
104/03/13,-253,0,0,-253,107447,112,330,107889,9.69%,9.73%,
104/03/12,-307,-2,-1,-310,107700,112,330,108142,9.71%,9.75%,
104/03/11,-612,0,-4,-616,108007,114,331,108452,9.74%,9.78%,
104/03/10,-600,0,-11,-611,108619,114,335,109068,9.80%,9.84%,
104/03/09,-146,-1,-2,-149,109219,114,346,109679,9.85%,9.89%,
104/03/06,-127,0,-1,-128,109365,115,348,109828,9.86%,9.90%,
104/03/05,-137,-1,-8,-146,109492,115,349,109956,9.87%,9.91%,
104/03/04,-151,-4,0,-155,109629,116,357,110102,9.89%,9.93%,
104/03/03,-106,0,0,-106,109780,120,357,110257,9.90%,9.94%,
104/03/02,-155,0,3,-152,109886,120,357,110363,9.91%,9.95%,
104/02/26,26,-1,0,25,110041,120,354,110515,9.92%,9.96%,
104/02/25,19,-30,-5,-16,110015,121,354,110490,9.92%,9.96%,
104/02/24,-79,0,0,-79,109996,151,359,110506,9.92%,9.97%,
104/02/13,-156,-2,-12,-170,110075,151,359,110585,10.25%,10.30%,
104/02/12,-272,0,0,-272,110231,153,371,110755,10.26%,10.31%,
104/02/11,-96,0,2,-94,110503,153,371,111027,10.29%,10.34%,
104/02/10,-579,0,38,-541,110599,153,369,111121,10.30%,10.35%,
104/02/09,-574,0,0,-574,111178,153,331,111662,10.35%,10.40%,
104/02/06,-114,0,0,-114,111752,153,331,112236,10.41%,10.46%,
104/02/05,-297,0,-4,-301,111858,153,331,112342,10.42%,10.47%,
104/02/04,-316,0,-0,-316,112155,153,335,112643,10.44%,10.49%,
104/02/03,-236,0,0,-236,112471,153,335,112959,10.47%,10.52%,
104/02/02,-169,0,0,-169,112707,153,335,113195,10.50%,10.55%,
104/01/30,-73,-2,0,-75,112876,153,335,113364,10.51%,10.56%,
104/01/29,29,0,5,34,112949,155,335,113439,10.52%,10.57%,
104/01/28,-2,0,0,-2,112920,155,330,113405,10.52%,10.57%,
104/01/27,-114,0,0,-114,112922,155,330,113407,10.52%,10.57%,
104/01/26,-126,0,0,-126,113036,155,330,113521,10.53%,10.58%,
104/01/23,-476,0,0,-476,113162,155,330,113647,10.54%,10.59%,
104/01/22,70,-21,0,49,113638,155,330,114123,10.58%,10.63%,
104/01/21,-531,0,-0,-531,113568,176,330,114074,10.58%,10.63%,
104/01/20,-13,0,0,-13,114099,176,330,114605,10.62%,10.67%,
104/01/19,-110,-2,-2,-114,114112,176,330,114618,10.63%,10.68%,
104/01/16,-146,0,-15,-161,114222,178,332,114732,10.64%,10.69%,
104/01/15,-732,0,-2,-734,114368,178,347,114893,10.65%,10.70%,
104/01/14,-329,0,0,-329,115100,178,349,115627,10.72%,10.77%,
104/01/13,-298,0,9,-289,115429,178,349,115956,10.75%,10.80%,
104/01/12,-134,0,-24,-158,115727,178,340,116245,10.78%,10.83%,
104/01/09,-320,0,6,-314,115861,178,364,116403,10.79%,10.84%,
104/01/08,-128,0,0,-128,116181,178,358,116717,10.82%,10.87%,
104/01/07,-335,0,0,-335,116309,178,358,116845,10.83%,10.88%,
104/01/06,-10,0,-25,-35,116644,178,358,117180,10.86%,10.91%,
104/01/05,-105,0,-1,-106,116654,178,383,117215,10.86%,10.91%,
