日期,外資買賣超,投信買賣超,自營商買賣超,單日合計買賣超,外資估計持股,投信估計持股,自營商估計持股,單日合計估計持股,外資持股比重,三大法人持股比重,
107/03/31,-4,-85,0,-89,76407,915,422,77744,30.44%,30.97%,
107/03/30,253,-152,1,102,76411,1000,422,77833,30.45%,31.02%,
107/03/29,22,-130,0,-108,76158,1152,421,77731,30.35%,30.98%,
107/03/28,104,-250,-6,-152,76118,1282,421,77821,30.33%,31.01%,
107/03/27,60,-10,5,55,76014,1532,427,77973,30.29%,31.07%,
107/03/26,-11,-23,0,-34,76346,1542,422,78310,30.42%,31.20%,
107/03/23,-156,-571,-137,-864,76338,1565,422,78325,30.42%,31.21%,
107/03/22,-255,-20,-11,-286,76548,2136,559,79243,30.50%,31.57%,
107/03/21,175,0,45,220,76833,2156,570,79559,30.61%,31.70%,
107/03/20,-669,-25,0,-694,76628,2156,525,79309,30.53%,31.60%,
107/03/19,466,-50,8,424,77422,2181,525,80128,30.85%,31.93%,
107/03/16,-15,0,-8,-23,76946,2231,517,79694,30.66%,31.76%,
107/03/15,-529,0,-5,-534,76952,2231,525,79708,30.66%,31.76%,
107/03/14,-2175,-50,5,-2220,77664,2231,530,80425,30.95%,32.05%,
107/03/13,-2819,-53,-153,-3025,79813,2281,525,82619,31.80%,32.92%,
107/03/12,-743,0,-101,-844,82122,2334,678,85134,32.72%,33.92%,
107/03/09,-488,0,72,-416,82855,2334,779,85968,33.01%,34.25%,
107/03/08,-430,-369,-20,-819,83154,2334,707,86195,33.13%,34.34%,
107/03/07,-916,-350,-24,-1290,83784,2703,727,87214,33.38%,34.75%,
107/03/06,-870,0,-298,-1168,84700,3053,751,88504,33.75%,35.27%,
107/03/05,-380,23,416,59,85570,3053,1049,89672,34.10%,35.73%,
107/03/02,-268,0,-99,-367,86228,3030,633,89891,34.36%,35.82%,
107/03/01,-99,0,25,-74,86476,3030,732,90238,34.46%,35.96%,
107/02/27,-708,0,20,-688,86565,3030,707,90302,34.49%,35.98%,
107/02/26,-93,0,-34,-127,86973,3030,687,90690,34.66%,36.14%,
107/02/23,219,-9,-6,204,87066,3030,721,90817,34.69%,36.18%,
107/02/22,-375,-1,-34,-410,86863,3039,727,90629,34.61%,36.11%,
107/02/21,-65,0,131,66,87308,3040,761,91109,34.79%,36.30%,
107/02/12,-306,0,2,-304,87373,3040,630,91043,34.81%,36.27%,
107/02/09,-1534,0,-61,-1595,87659,3040,628,91327,34.93%,36.39%,
107/02/08,1318,-180,22,1160,88996,3040,689,92725,35.46%,36.95%,
107/02/07,-697,0,-8,-705,87655,3220,667,91542,34.93%,36.48%,
107/02/06,227,0,-229,-2,88219,3220,675,92114,35.15%,36.70%,
107/02/05,-21,-174,-141,-336,87999,3220,904,92123,35.06%,36.70%,
107/02/02,-312,-162,-18,-492,88355,3394,1045,92794,35.21%,36.98%,
107/02/01,-666,0,-233,-899,88667,3556,1063,93286,35.33%,37.17%,
107/01/31,1011,-17,265,1259,89493,3556,1296,94345,35.66%,37.59%,
107/01/30,-41,0,-310,-351,88482,3573,1031,93086,35.26%,37.09%,
107/01/29,771,20,135,926,88556,3573,1341,93470,35.29%,37.25%,
107/01/26,-662,-46,-261,-969,87785,3553,1206,92544,34.98%,36.88%,
107/01/25,1289,0,210,1499,88263,3599,1467,93329,35.17%,37.19%,
107/01/24,-159,-3,245,83,86899,3599,1257,91755,34.63%,36.57%,
107/01/23,99,0,-135,-36,86965,3602,1012,91579,34.65%,36.49%,
107/01/22,-285,0,81,-204,87341,3602,1147,92090,34.80%,36.69%,
107/01/19,200,0,113,313,87590,3602,1066,92258,34.90%,36.76%,
107/01/18,-555,0,-195,-750,87380,3602,953,91935,34.82%,36.64%,
107/01/17,287,26,344,657,87995,3602,1148,92745,35.06%,36.95%,
107/01/16,-75,-4,17,-62,87708,3576,804,92088,34.95%,36.70%,
107/01/15,-43,-78,97,-24,87722,3580,787,92089,34.95%,36.69%,
107/01/12,-474,-46,-67,-587,87993,3658,690,92341,35.06%,36.79%,
107/01/11,-1032,0,-19,-1051,88257,3704,757,92718,35.17%,36.95%,
107/01/10,177,-3,-45,129,88949,3704,776,93429,35.44%,37.23%,
107/01/09,-55,-40,16,-79,88870,3707,821,93398,35.41%,37.21%,
107/01/08,-323,10,-100,-413,88950,3747,805,93502,35.44%,37.25%,
107/01/05,-958,27,-137,-1068,89309,3737,905,93951,35.59%,37.44%,
107/01/04,48,39,247,334,90582,3710,1042,95334,36.09%,37.98%,
107/01/03,348,-74,358,632,90534,3671,795,95000,36.07%,37.85%,
107/01/02,-1142,3,-47,-1186,90186,3745,437,94368,35.94%,37.61%,
106/12/29,452,-75,-56,321,91328,3742,484,95554,36.39%,38.07%,
106/12/28,-103,-104,109,-98,90876,3925,540,95341,36.21%,37.99%,
106/12/27,21,0,10,31,90979,4029,431,95439,36.25%,38.03%,
106/12/26,-306,62,-83,-327,91031,4029,421,95481,36.27%,38.04%,
106/12/25,45,30,56,131,91387,3967,504,95858,36.41%,38.19%,
106/12/22,-284,0,-18,-302,91342,3937,448,95727,36.40%,38.15%,
106/12/21,-336,0,-15,-351,91626,3937,466,96029,36.51%,38.26%,
106/12/20,264,-80,27,211,91962,3937,481,96380,36.64%,38.40%,
106/12/19,-269,-53,-182,-504,91628,4017,454,96099,36.51%,38.29%,
106/12/18,143,-203,126,66,91885,4070,636,96591,36.61%,38.49%,
106/12/15,-18,0,-105,-123,91423,4273,510,96206,36.43%,38.34%,
106/12/14,-230,0,5,-225,91195,4273,615,96083,36.34%,38.29%,
106/12/13,-382,8,-54,-428,91425,4273,610,96308,36.43%,38.38%,
106/12/12,879,-137,201,943,91754,4265,664,96683,36.56%,38.52%,
106/12/11,-348,-355,-45,-748,90725,4402,463,95590,36.15%,38.09%,
106/12/08,304,-156,-80,68,91097,4757,508,96362,36.30%,38.40%,
106/12/07,480,0,34,514,91177,4913,588,96678,36.33%,38.52%,
106/12/06,949,-210,-40,699,90697,4913,554,96164,36.14%,38.32%,
106/12/05,339,-142,-28,169,90006,5123,594,95723,35.86%,38.14%,
106/12/04,1318,-591,-270,457,89721,5265,622,95608,35.75%,38.10%,
106/12/01,-1326,-105,-193,-1624,88503,5856,892,95251,35.26%,37.95%,
106/11/30,108,-15,100,193,89689,5961,1085,96735,35.74%,38.55%,
106/11/29,-800,0,-20,-820,88917,5976,985,95878,35.43%,38.20%,
106/11/28,-285,-35,-14,-334,89717,5976,1005,96698,35.75%,38.53%,
106/11/27,-940,0,-214,-1154,89944,6011,1019,96974,35.84%,38.64%,
106/11/24,461,0,307,768,90829,6011,1233,98073,36.19%,39.08%,
106/11/23,131,-96,-74,-39,90368,6011,926,97305,36.01%,38.77%,
106/11/22,202,0,69,271,90237,6107,1000,97344,35.96%,38.79%,
106/11/21,895,-20,-23,852,89985,6107,931,97023,35.86%,38.66%,
106/11/20,-977,0,27,-950,89090,6127,954,96171,35.50%,38.32%,
106/11/17,-125,28,-77,-174,89717,6127,927,96771,35.75%,38.56%,
106/11/16,79,0,106,185,89810,6099,1004,96913,35.79%,38.62%,
106/11/15,327,57,-145,239,89661,6099,898,96658,35.73%,38.52%,
106/11/14,33,-150,7,-110,89534,6042,1043,96619,35.68%,38.50%,
106/11/13,726,-84,134,776,89765,6192,1036,96993,35.77%,38.65%,
106/11/10,-343,-601,74,-870,89039,6276,902,96217,35.48%,38.34%,
106/11/09,120,-439,-180,-499,89382,6877,828,97087,35.62%,38.69%,
106/11/08,273,-9,-3,261,89179,7316,1008,97503,35.53%,38.85%,
106/11/07,-590,0,-14,-604,88906,7325,1011,97242,35.43%,38.75%,
106/11/06,181,-322,-72,-213,89396,7325,1025,97746,35.62%,38.95%,
106/11/03,-333,0,-89,-422,89034,7647,1097,97778,35.48%,38.96%,
106/11/02,229,0,-83,146,89393,7647,1186,98226,35.62%,39.14%,
106/11/01,453,33,-153,333,89114,7647,1269,98030,35.51%,39.06%,
106/10/31,1090,80,172,1342,88610,7614,1422,97646,35.31%,38.91%,
106/10/30,1246,0,300,1546,87799,7534,1250,96583,34.98%,38.48%,
106/10/27,-138,66,-151,-223,86529,7534,950,95013,34.48%,37.86%,
106/10/26,88,-321,-26,-259,86873,7468,1101,95442,34.62%,38.03%,
106/10/25,-207,-180,-73,-460,86785,7789,1127,95701,34.58%,38.13%,
106/10/24,-56,-190,24,-222,86992,7969,1200,96161,34.66%,38.31%,
106/10/23,-1069,42,-316,-1343,87048,8159,1176,96383,34.69%,38.41%,
106/10/20,438,37,-169,306,88027,8117,1492,97636,35.08%,38.91%,
106/10/19,-685,498,51,-136,87466,8080,1661,97207,34.85%,38.73%,
106/10/18,153,0,-28,125,88141,7582,1610,97333,35.12%,38.78%,
106/10/17,2074,-10,-37,2027,87964,7582,1638,97184,35.05%,38.72%,
106/10/16,124,0,-15,109,85470,7592,1675,94737,34.06%,37.75%,
106/10/13,599,0,101,700,85322,7592,1690,94604,34.00%,37.70%,
106/10/12,-343,-417,-344,-1104,84723,7592,1589,93904,33.76%,37.42%,
106/10/11,45,0,354,399,84924,8009,1933,94866,33.84%,37.80%,
106/10/06,1693,0,-50,1643,85192,8009,1579,94780,33.95%,37.77%,
106/10/05,-1325,53,-227,-1499,83346,8009,1629,92984,33.21%,37.05%,
106/10/03,-617,230,-468,-855,84671,7956,1856,94483,33.74%,37.65%,
106/10/02,-520,173,590,243,85208,7726,2324,95258,33.95%,37.96%,
106/09/30,245,868,102,1215,85630,7553,1734,94917,34.12%,37.82%,
106/09/29,-359,-86,-100,-545,85385,5749,1632,92766,34.02%,36.96%,
106/09/28,-215,0,111,-104,85542,5835,1732,93109,34.09%,37.11%,
106/09/27,320,0,-3,317,85757,5835,1621,93213,34.17%,37.14%,
106/09/26,187,-200,-501,-514,85454,5835,1624,92913,34.05%,37.02%,
106/09/25,300,-10,-141,149,85267,6035,2125,93427,33.98%,37.23%,
106/09/22,503,-180,-286,37,84964,6045,2266,93275,33.85%,37.16%,
106/09/21,1523,0,646,2169,84461,6225,2552,93238,33.65%,37.15%,
106/09/20,20,0,-122,-102,82933,6225,1906,91064,33.05%,36.29%,
106/09/19,353,0,24,377,82913,6225,2028,91166,33.04%,36.33%,
106/09/18,-99,0,-94,-193,82531,6225,2004,90760,32.89%,36.17%,
106/09/15,867,0,-154,713,82610,6225,2098,90933,32.92%,36.24%,
106/09/14,1978,-177,491,2292,81712,6225,2252,90189,32.56%,35.94%,
106/09/13,-593,738,221,366,79692,6402,1761,87855,31.75%,35.00%,
106/09/12,-224,-10,11,-223,80274,5664,1540,87478,31.99%,34.86%,
106/09/11,448,-213,-67,168,80364,5674,1529,87567,32.02%,34.89%,
106/09/08,-112,-387,10,-489,79895,5887,1596,87378,31.83%,34.81%,
106/09/07,-67,-1831,-225,-2123,79960,6274,1586,87820,31.86%,34.99%,
106/09/06,2088,-746,-283,1059,79823,8105,1811,89739,31.81%,35.76%,
106/09/05,-467,-154,92,-529,77715,8851,2094,88660,30.97%,35.33%,
106/09/04,690,-118,227,799,78032,9005,2002,89039,31.09%,35.48%,
106/09/01,183,-285,26,-76,77465,9123,1775,88363,30.87%,35.21%,
106/08/31,-52,-26,-73,-151,77282,9408,1749,88439,30.79%,35.24%,
106/08/30,305,0,248,553,77334,9434,1822,88590,30.81%,35.30%,
106/08/29,284,-89,-18,177,77096,9434,1574,88104,30.72%,35.11%,
106/08/28,-340,0,-152,-492,76812,9523,1592,87927,30.61%,35.04%,
106/08/25,1580,-396,31,1215,77152,9523,1744,88419,30.74%,35.23%,
106/08/24,635,-389,20,266,75642,9919,1713,87274,30.14%,34.78%,
106/08/23,432,-233,-140,59,75007,10308,1693,87008,29.89%,34.67%,
106/08/22,229,40,-382,-113,74575,10541,1833,86949,29.71%,34.64%,
106/08/21,564,169,341,1074,74346,10501,2215,87062,29.62%,34.69%,
106/08/18,792,-150,-185,457,73836,10332,1874,86042,29.42%,34.28%,
106/08/17,289,0,40,329,72798,10482,2059,85339,29.01%,34.01%,
106/08/16,242,277,27,546,72490,10482,2019,84991,28.88%,33.86%,
106/08/15,-32,0,-146,-178,72231,10205,1992,84428,28.78%,33.64%,
106/08/14,639,-43,-339,257,72251,10205,2138,84594,28.79%,33.71%,
106/08/11,1303,0,194,1497,72002,10248,2477,84727,28.69%,33.76%,
106/08/10,6320,-20,221,6521,70650,10248,2283,83181,28.15%,33.14%,
106/08/09,-460,0,-190,-650,64570,10268,2062,76900,25.73%,30.64%,
106/08/08,315,550,-84,781,64956,10268,2252,77476,25.88%,30.87%,
106/08/07,-158,148,189,179,64710,9718,2336,76764,25.78%,30.58%,
106/08/04,143,0,-32,111,64868,9570,2147,76585,25.85%,30.52%,
106/08/03,109,-157,-50,-98,64725,9570,2179,76474,25.79%,30.47%,
106/08/02,-360,0,-356,-716,64385,9727,2229,76341,25.65%,30.41%,
106/08/01,77,-66,73,84,64623,9727,2585,76935,25.75%,30.66%,
106/07/31,31,-27,-163,-159,64538,9793,2512,76843,25.71%,30.61%,
106/07/28,9,-16,-357,-364,64465,9820,2675,76960,25.69%,30.67%,
106/07/27,-409,7,721,319,64361,9836,3032,77229,25.64%,30.77%,
106/07/26,-262,693,-144,287,64719,9829,2311,76859,25.79%,30.63%,
106/07/25,-924,622,132,-170,64922,9136,2455,76513,25.87%,30.49%,
106/07/24,-512,0,5,-507,65846,8514,2323,76683,26.24%,30.56%,
106/07/21,-207,50,18,-139,66358,8514,2318,77190,26.44%,30.76%,
106/07/20,-1398,-115,-69,-1582,66555,8464,2300,77319,26.52%,30.81%,
106/07/19,2486,49,458,2993,67927,8579,2369,78875,27.07%,31.43%,
106/07/18,516,-150,147,513,65441,8530,1911,75882,26.07%,30.23%,
106/07/17,238,-40,79,277,64924,8680,1764,75368,25.87%,30.03%,
106/07/14,238,85,-150,173,64686,8720,1685,75091,25.77%,29.92%,
106/07/13,-211,120,328,237,64448,8635,1835,74918,25.68%,29.85%,
106/07/12,341,1018,467,1826,64660,8515,1507,74682,25.76%,29.75%,
106/07/11,947,-670,-33,244,64320,7497,1040,72857,25.63%,29.03%,
106/07/10,164,0,-11,153,63373,8167,1073,72613,25.25%,28.93%,
106/07/07,-452,36,137,-279,63207,8167,1084,72458,25.18%,28.87%,
106/07/06,-470,220,58,-192,63683,8131,947,72761,25.37%,28.99%,
106/07/05,577,-50,60,587,64287,7911,889,73087,25.61%,29.12%,
106/07/04,-575,530,-49,-94,63000,7961,829,71790,25.10%,28.60%,
106/07/03,-315,457,48,190,63575,7431,878,71884,25.33%,28.64%,
106/06/30,1176,402,-173,1405,63815,6974,830,71619,25.43%,28.54%,
106/06/29,241,-10,60,291,62639,6980,1003,70622,24.96%,28.14%,
106/06/28,-121,60,-29,-90,62359,6990,943,70292,24.85%,28.01%,
106/06/27,-169,567,-44,354,62480,6930,972,70382,24.89%,28.04%,
106/06/26,128,150,-232,46,62649,6363,1016,70028,24.96%,27.90%,
106/06/23,-578,-121,116,-583,62521,6213,1248,69982,24.91%,27.88%,
106/06/22,979,0,185,1164,63099,6334,1132,70565,25.14%,28.12%,
106/06/21,1186,0,-44,1142,62120,6334,947,69401,24.75%,27.65%,
106/06/20,541,100,7,648,60981,6334,991,68306,24.30%,27.22%,
106/06/19,-95,-287,119,-263,60590,6234,984,67808,24.14%,27.02%,
106/06/16,232,-879,229,-418,60685,6521,865,68071,24.18%,27.12%,
106/06/15,286,-223,2,65,60453,7400,636,68489,24.09%,27.29%,
106/06/14,-740,-898,-217,-1855,60167,7623,634,68424,23.97%,27.26%,
106/06/13,1209,-860,292,641,60907,8521,851,70279,24.27%,28.00%,
106/06/12,554,-2118,-16,-1580,59698,9381,559,69638,23.79%,27.75%,
106/06/09,9421,0,259,9680,59144,11499,575,71218,23.56%,28.37%,
106/06/08,779,-116,63,726,49793,11499,316,61608,19.84%,24.55%,
106/06/07,1413,-500,-226,687,49014,11615,253,60882,19.53%,24.26%,
106/06/06,2893,-579,-425,1889,47601,12115,479,60195,18.96%,23.98%,
106/06/05,420,-52,-59,309,44777,12694,904,58375,17.84%,23.26%,
106/06/03,0,0,0,0,44357,12746,963,58066,17.67%,23.13%,
106/06/02,268,0,189,457,44357,12746,963,58066,17.67%,23.13%,
106/06/01,-105,0,10,-95,44089,12746,774,57609,17.57%,22.96%,
106/05/31,-167,0,1,-166,44182,12746,764,57692,17.60%,22.98%,
106/05/26,196,0,10,206,44349,12746,763,57858,17.67%,23.05%,
106/05/25,45,0,0,45,44153,12746,753,57652,17.59%,22.97%,
106/05/24,-205,0,-1,-206,44108,12746,753,57607,17.57%,22.95%,
106/05/23,208,0,-1,207,44616,12746,754,58116,17.78%,23.16%,
106/05/22,-160,0,0,-160,44542,12746,755,58043,17.75%,23.13%,
106/05/19,-338,0,4,-334,44972,12746,755,58473,17.92%,23.30%,
106/05/18,157,0,-1,156,45176,12746,751,58673,18.00%,23.38%,
106/05/17,-418,0,-94,-512,45492,12746,752,58990,18.12%,23.50%,
106/05/16,-636,0,-29,-665,45765,12746,846,59357,18.23%,23.65%,
106/05/15,-120,-100,33,-187,46188,12746,875,59809,18.40%,23.83%,
106/05/12,-492,-132,0,-624,46308,12846,842,59996,18.45%,23.90%,
106/05/11,-1024,-120,15,-1129,46644,12978,842,60464,18.58%,24.09%,
106/05/10,1741,-62,-200,1479,47568,13098,827,61493,18.95%,24.50%,
106/05/09,864,0,-2,862,45827,13160,1027,60014,18.26%,23.91%,
106/05/08,-714,373,-1,-342,44963,13160,1029,59152,17.91%,23.56%,
106/05/05,-5,-150,19,-136,45677,12787,1030,59494,18.20%,23.71%,
106/05/04,-489,-17,1,-505,45682,12937,1011,59630,18.20%,23.76%,
106/05/03,-420,-45,0,-465,46171,12954,1010,60135,18.40%,23.96%,
106/05/02,-511,-21,0,-532,46591,12999,1010,60600,18.56%,24.14%,
106/04/28,-497,677,100,280,47102,13020,1010,61132,18.77%,24.36%,
106/04/27,-609,-387,0,-996,47599,12343,910,60852,18.96%,24.24%,
106/04/26,-293,418,155,280,48008,12730,910,61648,19.13%,24.57%,
106/04/25,-77,0,0,-77,48301,12312,755,61368,19.24%,24.45%,
106/04/24,-582,0,-80,-662,48378,12312,755,61445,19.27%,24.48%,
106/04/21,8,-58,-2,-52,48960,12312,835,62107,19.51%,24.75%,
106/04/20,-83,-138,43,-178,48952,12370,837,62159,19.50%,24.76%,
106/04/19,131,-34,-9,88,49035,12508,794,62337,19.54%,24.84%,
106/04/18,-9,-120,-28,-157,48905,12542,803,62250,19.48%,24.80%,
106/04/17,1081,500,118,1699,48914,12662,831,62407,19.49%,24.87%,
106/04/14,-322,358,5,41,47584,12162,713,60459,18.96%,24.09%,
106/04/13,-198,0,1,-197,47906,11804,708,60418,19.09%,24.08%,
106/04/12,-63,0,-7,-70,48104,11804,707,60615,19.17%,24.16%,
106/04/11,-50,-72,-5,-127,48167,11804,714,60685,19.19%,24.18%,
106/04/10,-318,0,0,-318,48217,11876,719,60812,19.21%,24.23%,
106/04/07,-359,0,0,-359,48534,11876,719,61129,19.34%,24.36%,
106/04/06,-41,0,0,-41,48893,11876,719,61488,19.48%,24.50%,
106/04/05,209,0,0,209,48934,11876,719,61529,19.50%,24.52%,
106/03/31,11,0,0,11,48725,11876,719,61320,19.41%,24.43%,
106/03/30,-77,0,0,-77,48714,12425,719,61858,19.41%,24.65%,
106/03/29,-96,0,-267,-363,48791,12425,719,61935,19.44%,24.68%,
106/03/28,-309,50,-329,-588,48887,12425,986,62298,19.48%,24.82%,
106/03/27,-173,5,30,-138,49196,12375,1315,62886,19.60%,25.06%,
106/03/24,-334,241,125,32,49369,12370,1285,63024,19.67%,25.11%,
106/03/23,-26,0,25,-1,49703,12129,1160,62992,19.80%,25.10%,
106/03/22,-74,0,29,-45,49729,12129,1135,62993,19.81%,25.10%,
106/03/21,117,8,57,182,49803,12129,1106,63038,19.84%,25.11%,
106/03/20,-378,4,66,-308,49806,12121,1049,62976,19.84%,25.09%,
106/03/17,-201,151,5,-45,50184,12117,983,63284,19.99%,25.21%,
106/03/16,157,0,112,269,50385,11966,978,63329,20.07%,25.23%,
106/03/15,-65,0,28,-37,50228,11966,866,63060,20.01%,25.12%,
106/03/14,-49,-60,218,109,50283,11966,838,63087,20.03%,25.13%,
106/03/13,302,-143,-1,158,50332,12026,620,62978,20.05%,25.09%,
106/03/10,97,-200,0,-103,50030,12169,621,62820,19.93%,25.03%,
106/03/09,-84,-159,0,-243,49933,12369,621,62923,19.89%,25.07%,
106/03/08,-221,-200,0,-421,50017,12528,621,63166,19.93%,25.17%,
106/03/07,139,-200,329,268,50238,12728,621,63587,20.02%,25.34%,
106/03/06,208,-300,0,-92,50099,12928,292,63319,19.96%,25.23%,
106/03/03,851,-832,0,19,49891,13228,292,63411,19.88%,25.27%,
106/03/02,388,-627,0,-239,49040,14060,292,63392,19.54%,25.26%,
106/03/01,-75,-51,6,-120,48652,14687,292,63631,19.38%,25.35%,
106/02/24,212,0,30,242,48727,14738,286,63751,19.41%,25.40%,
106/02/23,343,-135,-230,-22,48515,14738,256,63509,19.33%,25.31%,
106/02/22,-3,-470,-111,-584,48172,14873,486,63531,19.19%,25.31%,
106/02/21,-862,-62,-1,-925,48217,15343,597,64157,19.21%,25.56%,
106/02/20,-120,-530,-2,-652,49066,15405,598,65069,19.55%,25.93%,
106/02/18,0,-530,62,-468,49686,15935,600,66221,19.80%,26.39%,
106/02/17,374,-528,0,-154,49686,16465,538,66689,19.80%,26.58%,
106/02/16,132,-155,-67,-90,49424,16993,538,66955,19.69%,26.68%,
106/02/15,169,-174,27,22,49292,17148,605,67045,19.64%,26.71%,
106/02/14,659,-600,-46,13,49123,17322,578,67023,19.57%,26.70%,
106/02/13,305,-75,-1,229,48464,17922,624,67010,19.31%,26.70%,
106/02/10,255,-200,2,57,48159,17997,625,66781,19.19%,26.61%,
106/02/09,417,-194,-100,123,47904,18197,623,66724,19.09%,26.59%,
106/02/08,30,-676,-166,-812,47487,18391,723,66601,18.92%,26.54%,
106/02/07,714,0,82,796,47457,19067,889,67413,18.91%,26.86%,
106/02/06,-117,130,-1,12,46743,19067,807,66617,18.62%,26.54%,
106/02/03,-240,12,160,-68,46869,18937,808,66614,18.67%,26.54%,
106/02/02,3325,0,1,3326,47109,18925,648,66682,18.77%,26.57%,
106/01/24,401,392,-31,762,43784,18925,647,63356,17.44%,25.24%,
106/01/23,-106,683,42,619,43383,18533,678,62594,17.28%,24.94%,
106/01/20,-427,1078,-50,601,43489,17850,636,61975,17.33%,24.70%,
106/01/19,-160,0,168,8,43916,16772,686,61374,17.50%,24.46%,
106/01/18,137,-51,1,87,44075,16772,518,61365,17.56%,24.45%,
106/01/17,45,-148,50,-53,43938,16823,517,61278,17.50%,24.41%,
106/01/16,-180,452,-170,102,43893,16971,467,61331,17.49%,24.44%,
106/01/13,628,0,-20,608,44073,16519,637,61229,17.56%,24.40%,
106/01/12,-55,0,107,52,43620,16519,657,60796,17.38%,24.22%,
106/01/11,612,270,60,942,44072,16519,550,61141,17.56%,24.36%,
106/01/10,-319,360,-74,-33,43460,16249,490,60199,17.31%,23.98%,
106/01/09,133,0,9,142,43769,15889,564,60222,17.44%,24.00%,
106/01/06,-132,180,90,138,43636,15889,555,60080,17.38%,23.93%,
106/01/05,40,110,19,169,43767,15709,465,59941,17.44%,23.89%,
106/01/04,-75,250,1,176,43727,15599,446,59772,17.42%,23.81%,
106/01/03,-104,0,16,-88,43802,15349,445,59596,17.45%,23.74%,
105/12/30,112,0,-31,81,43286,15349,429,59064,17.25%,23.54%,
105/12/29,-31,332,5,306,43174,15349,460,58983,17.20%,23.50%,
105/12/28,-59,61,-4,-2,43205,15017,455,58677,17.21%,23.38%,
105/12/27,-35,386,16,367,43264,14956,459,58679,17.24%,23.38%,
105/12/26,-234,831,48,645,43257,14570,443,58270,17.23%,23.21%,
105/12/23,-245,2835,-100,2490,43491,13739,395,57625,17.33%,22.96%,
105/12/22,-144,0,-243,-387,43694,10904,495,55093,17.41%,21.95%,
105/12/21,-119,0,87,-32,43838,10904,738,55480,17.47%,22.11%,
105/12/20,168,0,2,170,43947,10904,651,55502,17.51%,22.11%,
105/12/19,234,0,100,334,43779,10904,649,55332,17.44%,22.04%,
105/12/16,289,0,5,294,43545,10904,549,54998,17.35%,21.91%,
105/12/15,-57,0,101,44,43256,10904,544,54704,17.23%,21.79%,
105/12/14,-10,100,0,90,43313,10904,443,54660,17.26%,21.78%,
105/12/13,378,0,0,378,43323,10804,443,54570,17.26%,21.74%,
105/12/12,303,0,15,318,42945,10804,443,54192,17.11%,21.59%,
105/12/09,-121,0,7,-114,42642,10804,428,53874,16.99%,21.47%,
105/12/08,-66,0,120,54,42763,10804,421,53988,17.04%,21.51%,
105/12/07,-1,0,-1,-2,42829,10804,301,53934,17.06%,21.49%,
105/12/06,-50,0,13,-37,42830,10804,302,53936,17.06%,21.49%,
105/12/05,-314,195,-36,-155,42880,10804,289,53973,17.08%,21.50%,
105/12/02,193,200,-13,380,43194,10609,325,54128,17.21%,21.57%,
105/12/01,238,290,0,528,43001,10409,338,53748,17.13%,21.41%,
105/11/30,-87,0,0,-87,42763,10119,338,53220,17.04%,21.21%,
105/11/29,-11,0,1,-10,42850,10119,338,53307,17.07%,21.24%,
105/11/28,290,0,43,333,42861,10119,337,53317,17.08%,21.25%,
105/11/25,71,0,3,74,42571,10119,294,52984,16.96%,21.11%,
105/11/24,10,0,0,10,42500,10119,291,52910,16.93%,21.08%,
105/11/23,160,0,1,161,42490,10119,291,52900,16.93%,21.08%,
105/11/22,104,-125,7,-14,42331,10119,290,52740,16.86%,21.01%,
105/11/21,221,0,0,221,42227,10244,283,52754,16.82%,21.02%,
105/11/18,-73,-125,8,-190,42006,10244,283,52533,16.73%,20.93%,
105/11/17,144,-50,0,94,42089,10369,275,52733,16.77%,21.01%,
105/11/16,117,-60,3,60,41945,10419,275,52639,16.71%,20.97%,
105/11/15,43,0,2,45,41828,10479,272,52579,16.66%,20.94%,
105/11/14,-41,0,3,-38,41785,10479,270,52534,16.65%,20.93%,
105/11/11,3,-220,-8,-225,41826,10479,267,52572,16.66%,20.94%,
105/11/10,260,-26,-1,233,41823,10699,275,52797,16.66%,21.03%,
105/11/09,-220,0,-41,-261,41563,10725,276,52564,16.56%,20.94%,
105/11/08,-73,0,0,-73,41783,10725,317,52825,16.65%,21.05%,
105/11/07,-5,0,4,-1,41856,10725,317,52898,16.68%,21.08%,
105/11/04,-60,0,10,-50,41861,10725,313,52899,16.68%,21.08%,
105/11/03,-108,0,9,-99,41921,10725,303,52949,16.70%,21.09%,
105/11/02,379,0,26,405,42029,10725,294,53048,16.74%,21.13%,
105/11/01,224,0,1,225,41650,10725,268,52643,16.59%,20.97%,
105/10/31,-70,0,3,-67,41426,10725,267,52418,16.50%,20.88%,
105/10/28,-46,0,7,-39,41496,10725,264,52485,16.53%,20.91%,
105/10/27,-47,0,0,-47,41549,10725,257,52531,16.55%,20.93%,
105/10/26,-152,0,-1,-153,41596,10725,257,52578,16.57%,20.95%,
105/10/25,10,0,-15,-5,41748,10725,258,52731,16.63%,21.01%,
105/10/24,-127,25,5,-97,41738,10725,273,52736,16.63%,21.01%,
105/10/21,-475,10,-2,-467,41865,10700,268,52833,16.68%,21.05%,
105/10/20,-67,9,-4,-62,42196,10690,270,53156,16.81%,21.18%,
105/10/19,99,0,-9,90,42263,10681,274,53218,16.84%,21.21%,
105/10/18,-199,0,0,-199,42370,10681,283,53334,16.88%,21.25%,
105/10/17,168,0,1,169,43145,10681,283,54109,17.19%,21.56%,
105/10/14,32,0,-35,-3,42977,10681,282,53940,17.12%,21.49%,
105/10/13,68,0,-38,30,43108,10681,317,54106,17.17%,21.55%,
105/10/12,71,-415,-243,-587,43040,10681,355,54076,17.15%,21.55%,
105/10/11,-507,-90,-691,-1288,43223,11096,598,54917,17.22%,21.88%,
105/10/07,183,0,-7,176,43730,11186,1289,56205,17.42%,22.39%,
105/10/06,96,0,3,99,43735,11186,1296,56217,17.42%,22.39%,
105/10/05,-79,0,2,-77,43639,11186,1293,56118,17.39%,22.36%,
105/10/04,279,0,5,284,43718,11186,1291,56195,17.42%,22.39%,
105/10/03,-78,-50,20,-108,43439,11186,1286,55911,17.31%,22.28%,
105/09/30,-10,0,212,202,43517,11236,1266,56019,17.34%,22.32%,
105/09/29,-194,-45,126,-113,43527,10775,1054,55356,17.34%,22.05%,
105/09/26,8,0,46,54,43721,10820,928,55469,17.42%,22.10%,
105/09/23,-229,135,383,289,43713,10820,882,55415,17.42%,22.08%,
105/09/22,98,55,145,298,43942,10685,499,55126,17.51%,21.97%,
105/09/21,126,0,54,180,43844,10630,354,54828,17.47%,21.85%,
105/09/20,37,0,-2,35,43718,10630,300,54648,17.42%,21.78%,
105/09/19,158,0,1,159,43681,10630,302,54613,17.40%,21.76%,
105/09/14,125,-65,20,80,43523,10630,301,54454,17.34%,21.70%,
105/09/13,-113,0,0,-113,43435,10695,281,54411,17.30%,21.67%,
105/09/12,-154,200,-11,35,43568,10695,281,54544,17.36%,21.73%,
105/09/10,0,160,-20,140,43722,10495,292,54509,17.42%,21.72%,
105/09/09,-71,50,-2,-23,43722,10335,312,54369,17.42%,21.66%,
105/09/08,-175,95,0,-80,43793,10285,314,54392,17.45%,21.67%,
105/09/07,34,0,33,67,43968,10190,314,54472,17.52%,21.71%,
105/09/06,-45,235,112,302,43934,10190,281,54405,17.50%,21.67%,
105/09/05,-82,50,10,-22,43979,9955,169,54103,17.52%,21.55%,
105/09/02,-295,115,-23,-203,44061,9905,159,54125,17.55%,21.56%,
105/09/01,-491,185,-7,-313,44556,9790,182,54528,17.75%,21.72%,
105/08/31,-311,200,-140,-251,45037,9605,189,54831,17.94%,21.84%,
105/08/30,-283,335,-141,-89,45348,9405,329,55082,18.07%,21.95%,
105/08/29,-50,171,26,147,45621,9070,470,55161,18.18%,21.98%,
105/08/26,-383,-63,30,-416,45671,8899,444,55014,18.20%,21.92%,
105/08/25,-170,0,-49,-219,46054,8962,414,55430,18.35%,22.09%,
105/08/24,-79,112,120,153,46233,8962,463,55658,18.42%,22.18%,
105/08/23,18,-100,100,18,46312,8850,343,55505,18.45%,22.11%,
105/08/22,321,-79,1,243,46294,8950,243,55487,18.44%,22.10%,
105/08/19,-160,0,18,-142,45973,9029,242,55244,18.32%,22.01%,
105/08/18,-336,0,-170,-506,46083,9029,224,55336,18.36%,22.05%,
105/08/17,1329,0,20,1349,46419,9029,394,55842,18.49%,22.25%,
105/08/16,-10,120,-9,101,45102,9029,374,54505,17.97%,21.72%,
105/08/15,1018,4,-140,882,45098,8909,383,54390,17.97%,21.67%,
105/08/12,353,12,6,371,44080,8905,523,53508,17.56%,21.32%,
105/08/11,208,-76,-16,116,43747,8893,517,53157,17.43%,21.18%,
105/08/10,978,100,-100,978,43539,8969,533,53041,17.35%,21.14%,
105/08/09,765,0,-166,599,41711,8869,633,51213,16.62%,20.41%,
105/08/08,558,-280,-26,252,40646,8869,799,50314,16.19%,20.04%,
105/08/05,184,-250,28,-38,40088,9149,825,50062,15.97%,19.94%,
105/08/04,52,1082,-23,1111,39904,9399,797,50100,15.90%,19.96%,
105/08/03,-412,1022,57,667,39269,8317,820,48406,15.64%,19.28%,
105/08/02,-621,1763,-13,1129,39381,7295,763,47439,15.69%,18.90%,
105/08/01,-520,268,358,106,39922,5532,776,46230,15.90%,18.41%,
105/07/29,236,1175,-60,1351,40412,5264,418,46094,16.10%,18.36%,
105/07/28,-67,0,-40,-107,40166,4089,478,44733,16.00%,17.82%,
105/07/27,-1432,200,-138,-1370,40233,4089,518,44840,16.03%,17.87%,
105/07/26,-887,0,191,-696,41555,3889,656,46100,16.56%,18.37%,
105/07/25,29,0,-77,-48,42442,3889,465,46796,16.91%,18.65%,
105/07/22,-552,49,-123,-626,42413,3889,542,46844,16.90%,18.67%,
105/07/21,-97,400,130,433,42965,3840,665,47470,17.12%,18.92%,
105/07/20,-558,855,-187,110,43097,3440,535,47072,17.17%,18.75%,
105/07/19,-400,705,573,878,43645,2585,722,46952,17.39%,18.71%,
105/07/18,-143,0,31,-112,44038,1880,149,46067,17.54%,18.35%,
105/07/15,-44,0,-5,-49,44156,1880,118,46154,17.59%,18.39%,
105/07/14,-330,0,0,-330,44200,1880,123,46203,17.61%,18.41%,
105/07/13,-350,0,-9,-359,44530,1880,123,46533,17.74%,18.54%,
105/07/12,-100,40,-11,-71,44880,1880,132,46892,17.88%,18.68%,
105/07/11,-68,20,75,27,44980,1840,143,46963,17.92%,18.71%,
105/07/07,-82,40,-1,-43,45048,1820,68,46936,17.95%,18.70%,
105/07/06,-243,100,-14,-157,45130,1780,69,46979,17.98%,18.72%,
105/07/05,139,0,-1,138,45373,1680,83,47136,18.08%,18.78%,
105/07/04,117,0,0,117,45234,1680,84,46998,18.02%,18.72%,
105/07/01,-349,0,0,-349,45117,1680,84,46881,17.97%,18.67%,
105/06/30,-305,0,10,-295,45466,1680,84,47230,18.11%,18.81%,
105/06/29,-141,0,10,-131,45771,850,74,46695,18.24%,18.61%,
105/06/28,-126,0,-6,-132,45912,850,64,46826,18.29%,18.65%,
105/06/27,-58,-94,-10,-162,46038,850,70,46958,18.34%,18.71%,
105/06/24,-592,-94,3,-683,46096,944,80,47120,18.37%,18.78%,
105/06/23,-114,0,49,-65,46688,1038,77,47803,18.60%,19.04%,
105/06/22,-156,0,-70,-226,46802,1038,28,47868,18.65%,19.07%,
105/06/21,-1272,0,72,-1200,46958,1038,98,48094,18.71%,19.16%,
105/06/20,103,0,0,103,48230,1038,26,49294,19.22%,19.64%,
105/06/17,-327,0,2,-325,48127,1038,26,49191,19.17%,19.59%,
105/06/16,-207,0,0,-207,48454,1038,24,49516,19.30%,19.72%,
105/06/15,-210,-150,1,-359,48661,1038,24,49723,19.39%,19.81%,
105/06/14,-192,-50,2,-240,48871,1188,23,50082,19.47%,19.95%,
105/06/13,-209,0,10,-199,49063,1238,21,50322,19.55%,20.05%,
105/06/08,-96,0,2,-94,49272,1238,11,50521,19.63%,20.13%,
105/06/07,-193,0,8,-185,49368,1238,9,50615,19.67%,20.17%,
105/06/06,-90,0,0,-90,49561,1238,1,50800,19.75%,20.24%,
105/06/04,0,0,0,0,49651,1238,1,50890,19.78%,20.27%,
105/06/03,-314,0,0,-314,49651,1238,1,50890,19.78%,20.27%,
105/06/02,28,0,0,28,49965,1238,1,51204,19.91%,20.40%,
105/06/01,-566,0,0,-566,49937,1238,1,51176,19.90%,20.39%,
105/05/31,45,0,0,45,50503,1238,1,51742,20.12%,20.61%,
105/05/30,-113,0,0,-113,50458,1238,1,51697,20.10%,20.59%,
105/05/27,-36,0,0,-36,50645,1238,1,51884,20.18%,20.67%,
105/05/26,163,0,0,163,50681,1238,1,51920,20.19%,20.68%,
105/05/25,112,0,0,112,50518,1238,1,51757,20.13%,20.62%,
105/05/24,-458,0,1,-457,50406,1238,1,51645,20.08%,20.57%,
105/05/23,-82,0,-10,-92,50864,1238,0,52102,20.27%,20.76%,
105/05/20,58,-160,-5,-107,50909,1238,7,52154,20.28%,20.78%,
105/05/19,187,0,-18,169,50851,1398,12,52261,20.26%,20.82%,
105/05/18,211,0,-18,193,50664,1398,30,52092,20.19%,20.76%,
105/05/17,-103,-400,0,-503,50453,1398,48,51899,20.10%,20.68%,
105/05/16,-19,0,0,-19,50556,1798,48,52402,20.14%,20.88%,
105/05/13,32,0,-18,14,50575,1798,48,52421,20.15%,20.89%,
105/05/12,442,-387,-27,28,50543,1798,66,52407,20.14%,20.88%,
105/05/11,-270,0,-217,-487,50101,2185,93,52379,19.96%,20.87%,
105/05/10,203,0,-47,156,50454,2185,310,52949,20.10%,21.09%,
105/05/09,113,45,0,158,50251,2185,357,52793,20.02%,21.03%,
105/05/06,-47,323,-114,162,50138,2140,357,52635,19.98%,20.98%,
105/05/05,267,-570,-4,-307,50185,1817,471,52473,19.99%,20.90%,
105/05/04,196,-580,0,-384,49918,2387,475,52780,19.89%,21.03%,
105/05/03,139,0,-203,-64,49722,2967,475,53164,19.81%,21.18%,
105/04/29,-29,0,5,-24,49583,2967,678,53228,19.75%,21.20%,
105/04/28,-75,0,62,-13,49612,2967,673,53252,19.77%,21.22%,
105/04/27,98,-50,0,48,49687,2967,611,53265,19.80%,21.23%,
105/04/26,66,0,-65,1,49589,3017,611,53217,19.76%,21.21%,
105/04/25,122,-50,11,83,49523,3017,676,53216,19.73%,21.20%,
105/04/22,-791,0,-142,-933,49401,3067,665,53133,19.68%,21.17%,
105/04/21,-240,0,60,-180,50109,3067,807,53983,19.96%,21.50%,
105/04/20,1515,0,-32,1483,50349,3067,747,54163,20.06%,21.58%,
105/04/19,137,0,-20,117,48834,3067,779,52680,19.46%,20.99%,
105/04/18,611,0,-179,432,48697,3067,799,52563,19.40%,20.94%,
105/04/15,413,-33,-200,180,48086,3067,978,52131,19.16%,20.77%,
105/04/14,-148,0,10,-138,47673,3100,1178,51951,18.99%,20.69%,
105/04/13,1237,-40,55,1252,47821,3100,1168,52089,19.05%,20.75%,
105/04/12,670,0,-356,314,46584,3140,1113,50837,18.56%,20.25%,
105/04/11,126,0,-130,-4,45914,3140,1469,50523,18.29%,20.13%,
105/04/08,-215,0,169,-46,45788,3140,1599,50527,18.24%,20.13%,
105/04/07,996,0,842,1838,46003,3140,1430,50573,18.33%,20.15%,
105/04/06,598,0,11,609,45007,3140,588,48735,17.93%,19.42%,
105/04/01,-111,0,-26,-137,44409,3140,577,48126,17.69%,19.17%,
105/03/31,580,40,-101,519,44520,3140,603,48263,17.74%,19.23%,
105/03/30,-107,0,-119,-226,43940,4963,704,49607,17.51%,19.77%,
105/03/29,1208,-530,-70,608,44047,4963,823,49833,17.55%,19.86%,
105/03/28,177,0,29,206,42839,5493,893,49225,17.07%,19.61%,
105/03/25,-209,15,69,-125,42662,5493,864,49019,17.00%,19.53%,
105/03/24,-665,0,142,-523,42871,5478,795,49144,17.08%,19.58%,
105/03/23,1679,40,111,1830,43536,5478,653,49667,17.34%,19.78%,
105/03/22,591,0,0,591,41978,5438,542,47958,16.72%,19.10%,
105/03/21,207,80,-143,144,41424,5438,542,47404,16.50%,18.88%,
105/03/18,685,60,-31,714,41217,5358,685,47260,16.42%,18.83%,
105/03/17,633,0,33,666,40532,5298,716,46546,16.15%,18.55%,
105/03/16,435,0,-58,377,39952,5298,683,45933,15.92%,18.30%,
105/03/15,-189,100,-104,-193,39517,5298,741,45556,15.74%,18.15%,
105/03/14,-101,0,324,223,39706,5198,845,45749,15.82%,18.23%,
105/03/11,271,600,12,883,39807,5198,521,45526,15.86%,18.14%,
105/03/10,2380,250,-26,2604,39536,4598,509,44643,15.75%,17.79%,
105/03/09,744,230,20,994,37156,4348,535,42039,14.80%,16.75%,
105/03/08,3704,375,-275,3804,36412,4118,515,41045,14.51%,16.36%,
105/03/07,-531,1080,-544,5,32708,3743,790,37241,13.03%,14.84%,
105/03/04,-1008,0,24,-984,33239,2663,1334,37236,13.24%,14.83%,
105/03/03,1234,0,41,1275,34247,2663,1310,38220,13.64%,15.22%,
105/03/02,862,0,160,1022,33013,2663,1269,36945,13.15%,14.72%,
105/03/01,723,119,82,924,32151,2663,1109,35923,12.81%,14.31%,
105/02/26,560,0,19,579,31428,2544,1027,34999,12.52%,13.94%,
105/02/25,1004,1160,158,2322,30827,2544,1008,34379,12.28%,13.70%,
105/02/24,1396,0,-291,1105,29823,1384,850,32057,11.88%,12.77%,
105/02/23,1099,0,63,1162,28327,1384,1141,30852,11.28%,12.29%,
105/02/22,663,0,-20,643,27228,1384,1078,29690,10.85%,11.83%,
105/02/19,494,0,0,494,26565,1384,1098,29047,10.58%,11.57%,
105/02/18,1471,-160,283,1594,26071,1384,1098,28553,10.38%,11.37%,
105/02/17,1184,-130,15,1069,24600,1544,815,26959,9.80%,10.74%,
105/02/16,942,-836,-38,68,23416,1674,800,25890,9.33%,10.32%,
105/02/15,2220,-80,162,2302,22474,2510,838,25822,8.95%,10.28%,
105/02/03,317,0,360,677,20254,2590,676,23520,8.07%,9.37%,
105/02/02,3124,160,178,3462,19925,2590,316,22831,7.94%,9.10%,
105/02/01,166,0,0,166,16801,2430,138,19369,6.69%,7.71%,
105/01/30,0,297,60,357,16635,2430,138,19203,6.62%,7.64%,
105/01/29,12,250,-150,112,16635,2133,78,18846,6.62%,7.50%,
105/01/28,154,80,176,410,16623,1883,228,18734,6.62%,7.46%,
105/01/27,27,0,-16,11,16469,1803,52,18324,6.56%,7.30%,
105/01/26,4,0,28,32,16442,1803,68,18313,6.55%,7.30%,
105/01/25,34,0,0,34,16438,1803,40,18281,6.55%,7.28%,
105/01/22,-18,50,2,34,16404,1803,40,18247,6.53%,7.26%,
105/01/21,60,100,0,160,16422,1753,38,18213,6.54%,7.25%,
105/01/20,-25,191,-1,165,16362,1653,38,18053,6.52%,7.19%,
105/01/19,18,0,11,29,16583,1462,39,18084,6.60%,7.20%,
105/01/18,57,0,4,61,16565,1462,28,18055,6.60%,7.19%,
105/01/15,-65,-14,-1,-80,16508,1462,24,17994,6.57%,7.16%,
105/01/14,-219,0,-1,-220,16573,1476,25,18074,6.60%,7.20%,
105/01/13,179,400,0,579,16792,1476,26,18294,6.69%,7.29%,
105/01/12,-125,300,-4,171,16613,1076,26,17715,6.62%,7.06%,
105/01/11,-132,0,2,-130,16738,776,30,17544,6.67%,6.99%,
105/01/08,-131,0,2,-129,16870,776,28,17674,6.72%,7.04%,
105/01/07,-210,0,6,-204,17001,776,26,17803,6.77%,7.09%,
105/01/06,-129,0,1,-128,17153,776,20,17949,6.83%,7.15%,
105/01/05,-96,140,-5,39,17282,776,19,18077,6.88%,7.20%,
105/01/04,3,200,0,203,17378,636,24,18038,6.92%,7.18%,
104/12/31,14,200,1,215,17375,436,24,17835,6.92%,7.10%,
104/12/30,-10,0,0,-10,17361,236,23,17620,6.91%,7.01%,
104/12/29,3,58,0,61,17371,236,23,17630,6.92%,7.02%,
104/12/28,4,62,0,66,17368,178,23,17569,6.92%,7.00%,
104/12/25,19,0,0,19,17364,116,23,17503,6.91%,6.97%,
104/12/24,17,0,4,21,17345,116,23,17484,6.91%,6.97%,
104/12/23,14,0,5,19,17328,116,19,17463,6.90%,6.95%,
104/12/22,-7,0,0,-7,17314,116,14,17444,6.89%,6.94%,
104/12/21,-1,0,0,-1,17321,116,14,17451,6.90%,6.95%,
104/12/18,12,0,-8,4,17322,116,14,17452,6.90%,6.95%,
104/12/17,13,0,3,16,17310,116,22,17448,6.89%,6.94%,
104/12/16,75,0,1,76,17297,116,19,17432,6.89%,6.94%,
104/12/15,30,0,0,30,17222,116,18,17356,6.86%,6.91%,
104/12/14,75,0,0,75,17192,116,18,17326,6.85%,6.90%,
104/12/11,-32,0,-9,-41,17117,116,18,17251,6.82%,6.87%,
104/12/10,192,0,0,192,17149,116,27,17292,6.83%,6.89%,
104/12/09,47,0,1,48,16957,116,27,17100,6.75%,6.81%,
104/12/08,122,0,5,127,16910,116,26,17052,6.73%,6.79%,
104/12/07,-9,0,-1,-10,16788,116,21,16925,6.69%,6.74%,
104/12/04,-10,0,-6,-16,16797,116,22,16935,6.69%,6.74%,
104/12/03,-44,0,-4,-48,16807,116,28,16951,6.69%,6.75%,
104/12/02,141,0,-4,137,16851,116,32,16999,6.71%,6.77%,
104/12/01,-39,0,0,-39,16710,116,36,16862,6.65%,6.71%,
104/11/30,-1,0,0,-1,16749,116,36,16901,6.67%,6.73%,
104/11/27,-31,0,0,-31,16750,116,36,16902,6.67%,6.73%,
104/11/26,27,0,0,27,16781,116,36,16933,6.68%,6.74%,
104/11/25,46,0,2,48,16754,116,36,16906,6.67%,6.73%,
104/11/24,19,0,1,20,16708,116,34,16858,6.65%,6.71%,
104/11/23,55,0,0,55,16689,116,33,16838,6.65%,6.71%,
104/11/20,-42,0,0,-42,16634,116,33,16783,6.62%,6.68%,
104/11/19,-32,0,0,-32,16676,116,33,16825,6.64%,6.70%,
104/11/18,13,0,0,13,16708,116,33,16857,6.65%,6.71%,
104/11/17,92,0,5,97,16695,116,33,16844,6.65%,6.71%,
104/11/16,-87,0,-3,-90,16603,116,28,16747,6.61%,6.67%,
104/11/13,1,0,0,1,16690,116,31,16837,6.65%,6.71%,
104/11/12,70,0,-3,67,16689,116,31,16836,6.65%,6.71%,
104/11/11,300,0,0,300,16619,116,34,16769,6.62%,6.68%,
104/11/10,8,0,0,8,16319,116,34,16469,6.50%,6.56%,
104/11/09,-38,0,1,-37,16311,116,34,16461,6.50%,6.56%,
104/11/06,34,0,-2,32,16349,116,33,16498,6.51%,6.57%,
104/11/05,-85,0,0,-85,16315,116,35,16466,6.50%,6.56%,
104/11/04,-47,11,1,-35,16400,116,35,16551,6.53%,6.59%,
104/11/03,19,0,8,27,16447,105,34,16586,6.55%,6.61%,
104/11/02,51,0,1,52,16428,105,26,16559,6.54%,6.59%,
104/10/30,33,0,0,33,16377,105,25,16507,6.52%,6.57%,
104/10/29,59,0,4,63,16344,105,25,16474,6.51%,6.56%,
104/10/28,-131,0,0,-131,16285,105,21,16411,6.48%,6.53%,
104/10/27,-50,0,0,-50,16416,105,21,16542,6.54%,6.59%,
104/10/26,148,0,0,148,16466,105,21,16592,6.56%,6.61%,
104/10/23,87,0,-6,81,16318,105,21,16444,6.50%,6.55%,
104/10/22,16,0,0,16,16231,105,27,16363,6.46%,6.51%,
104/10/21,9,0,0,9,16215,105,27,16347,6.46%,6.51%,
104/10/20,-20,0,1,-19,16206,105,27,16338,6.45%,6.50%,
104/10/19,14,0,0,14,16226,105,26,16357,6.46%,6.51%,
104/10/16,73,0,1,74,16212,105,26,16343,6.46%,6.51%,
104/10/15,26,0,-38,-12,16139,105,25,16269,6.43%,6.48%,
104/10/14,-25,0,1,-24,16113,105,63,16281,6.42%,6.49%,
104/10/13,0,0,0,0,16138,105,62,16305,6.43%,6.50%,
104/10/12,32,0,0,32,16138,105,62,16305,6.43%,6.50%,
104/10/08,17,0,0,17,16106,105,62,16273,6.41%,6.48%,
104/10/07,-92,0,40,-52,16097,105,62,16264,6.41%,6.48%,
104/10/06,9,0,0,9,16189,105,22,16316,6.45%,6.50%,
104/10/05,21,0,4,25,16180,105,22,16307,6.44%,6.49%,
104/10/02,2,9,0,11,16159,105,18,16282,6.43%,6.48%,
104/10/01,5,0,0,5,16157,96,18,16271,6.43%,6.48%,
104/09/30,-12,0,0,-12,16152,96,18,16266,6.43%,6.48%,
104/09/25,-13,0,0,-13,16164,96,18,16278,6.44%,6.49%,
104/09/24,16,0,-2,14,16177,96,18,16291,6.44%,6.49%,
104/09/23,8,0,0,8,16161,96,20,16277,6.44%,6.49%,
104/09/22,30,0,0,30,16153,96,20,16269,6.43%,6.48%,
104/09/21,-74,67,0,-7,16123,96,20,16239,6.42%,6.47%,
104/09/18,-39,0,1,-38,16197,29,20,16246,6.45%,6.47%,
104/09/17,-27,0,-1,-28,16236,29,19,16284,6.47%,6.49%,
104/09/16,-78,0,2,-76,16263,29,20,16312,6.48%,6.50%,
104/09/15,-12,0,0,-12,16341,29,18,16388,6.51%,6.53%,
104/09/14,-16,0,0,-16,16353,29,18,16400,6.51%,6.53%,
104/09/11,-10,0,-2,-12,16369,29,18,16416,6.52%,6.54%,
104/09/10,14,0,0,14,16379,29,20,16428,6.52%,6.54%,
104/09/09,-13,0,0,-13,16365,29,20,16414,6.52%,6.54%,
104/09/08,-22,0,0,-22,16378,29,20,16427,6.52%,6.54%,
104/09/07,25,0,0,25,16400,29,20,16449,6.53%,6.55%,
104/09/04,6,0,-1,5,16375,29,20,16424,6.52%,6.54%,
104/09/03,-40,0,0,-40,16369,29,21,16419,6.52%,6.54%,
104/09/02,-31,0,0,-31,16409,29,21,16459,6.53%,6.55%,
104/09/01,-89,-4,0,-93,16440,29,21,16490,6.55%,6.57%,
104/08/31,-35,-2,-1,-38,16529,33,21,16583,6.58%,6.60%,
104/08/28,-55,0,-1,-56,16564,35,22,16621,6.60%,6.62%,
104/08/27,-24,0,-9,-33,16619,35,23,16677,6.62%,6.64%,
104/08/26,-7,0,0,-7,16643,35,32,16710,6.63%,6.66%,
104/08/25,-66,0,-2,-68,16650,35,32,16717,6.63%,6.66%,
104/08/24,-92,0,-3,-95,16716,35,34,16785,6.66%,6.69%,
104/08/21,-75,0,1,-74,16808,35,37,16880,6.69%,6.72%,
104/08/20,-19,0,1,-18,16883,35,36,16954,6.72%,6.75%,
104/08/19,-108,0,-4,-112,16902,35,35,16972,6.73%,6.76%,
104/08/18,-57,0,-1,-58,17010,35,39,17084,6.77%,6.80%,
104/08/17,-5,0,1,-4,17067,35,40,17142,6.80%,6.83%,
104/08/14,-7,0,-1,-8,17072,35,39,17146,6.80%,6.83%,
104/08/13,3,0,0,3,17071,35,40,17146,6.80%,6.83%,
104/08/12,4,0,10,14,17068,35,40,17143,6.80%,6.83%,
104/08/11,6,0,-12,-6,17064,35,30,17129,6.80%,6.83%,
104/08/10,-16,0,-5,-21,17058,35,42,17135,6.79%,6.82%,
104/08/07,-23,0,0,-23,17074,35,47,17156,6.80%,6.83%,
104/08/06,-18,0,2,-16,17097,35,47,17179,6.81%,6.84%,
104/08/05,-47,0,8,-39,17115,35,45,17195,6.82%,6.85%,
104/08/04,-161,0,0,-161,17162,35,37,17234,6.83%,6.86%,
104/08/03,-78,0,-5,-83,17323,35,37,17395,6.90%,6.93%,
104/07/31,-44,0,-6,-50,17401,35,42,17478,6.93%,6.96%,
104/07/30,7,0,2,9,17445,35,48,17528,6.95%,6.98%,
104/07/29,-104,0,4,-100,17438,35,46,17519,6.94%,6.97%,
104/07/28,-52,3,-6,-55,17542,35,42,17619,6.99%,7.02%,
104/07/27,-90,0,16,-74,17594,32,48,17674,7.01%,7.04%,
104/07/24,-115,1,0,-114,17684,32,32,17748,7.04%,7.07%,
104/07/23,-59,0,3,-56,17799,31,32,17862,7.09%,7.12%,
104/07/22,-49,0,3,-46,17662,31,29,17722,7.03%,7.05%,
104/07/21,-83,0,-3,-86,17711,31,26,17768,7.05%,7.07%,
104/07/20,-77,0,2,-75,17794,31,29,17854,7.09%,7.11%,
104/07/17,-118,29,1,-88,17871,31,27,17929,7.12%,7.14%,
104/07/16,-31,0,-1,-32,17989,2,26,18017,7.16%,7.17%,
104/07/15,-139,2,0,-137,18020,2,27,18049,7.18%,7.19%,
104/07/14,-126,0,-3,-129,18159,0,27,18186,7.23%,7.24%,
104/07/13,-3,0,-4,-7,18285,0,30,18315,7.28%,7.29%,
104/07/09,-30,0,4,-26,18288,0,34,18322,7.28%,7.29%,
104/07/08,-266,0,3,-263,18318,0,30,18348,7.30%,7.31%,
104/07/07,-92,0,0,-92,18584,0,27,18611,7.40%,7.41%,
104/07/06,0,0,0,0,18676,0,27,18703,7.44%,7.45%,
104/07/03,-106,0,0,-106,18676,0,27,18703,7.44%,7.45%,
104/07/02,-21,0,0,-21,18782,0,27,18809,7.48%,7.49%,
104/07/01,-6,0,0,-6,18803,0,27,18830,7.49%,7.50%,
104/06/30,7,0,0,7,18809,0,27,18836,7.49%,7.50%,
104/06/29,-188,0,1,-187,18802,0,27,18829,7.49%,7.50%,
104/06/26,-72,0,0,-72,18990,0,26,19016,7.56%,7.57%,
104/06/25,-21,0,-1,-22,19062,0,26,19088,7.59%,7.60%,
104/06/24,-78,0,0,-78,19083,0,27,19110,7.60%,7.61%,
104/06/23,-27,0,0,-27,19161,0,27,19188,7.63%,7.64%,
104/06/22,-95,0,0,-95,19188,0,27,19215,7.64%,7.65%,
104/06/18,-15,0,0,-15,19283,0,27,19310,7.68%,7.69%,
104/06/17,-83,0,0,-83,19298,0,27,19325,7.69%,7.70%,
104/06/16,-40,0,0,-40,19381,0,27,19408,7.72%,7.73%,
104/06/15,-1,0,0,-1,19421,0,27,19448,7.73%,7.74%,
104/06/12,14,-34,0,-20,19422,0,27,19449,7.74%,7.75%,
104/06/11,-38,-15,-1,-54,19418,0,27,19445,7.73%,7.74%,
104/06/10,41,-30,3,14,19456,11,28,19495,7.75%,7.77%,
104/06/09,-80,0,-1,-81,19415,41,25,19481,7.73%,7.76%,
104/06/08,-59,0,-23,-82,19495,41,26,19562,7.76%,7.79%,
104/06/05,-97,-20,0,-117,19554,41,49,19644,7.79%,7.83%,
104/06/04,-119,0,0,-119,19649,61,49,19759,7.83%,7.87%,
104/06/03,-63,0,0,-63,19818,61,49,19928,7.89%,7.93%,
104/06/02,7,0,0,7,19881,61,49,19991,7.92%,7.96%,
104/06/01,-23,0,2,-21,19874,61,49,19984,7.92%,7.96%,
104/05/29,-71,0,0,-71,19897,61,47,20005,7.92%,7.96%,
104/05/28,-21,0,0,-21,19968,61,47,20076,7.95%,7.99%,
104/05/27,-109,0,0,-109,19989,61,47,20097,7.96%,8.00%,
104/05/26,17,0,0,17,20098,61,47,20206,8.00%,8.04%,
104/05/25,-23,0,0,-23,20081,61,47,20189,8.00%,8.04%,
104/05/22,5,0,-3,2,20104,61,47,20212,8.01%,8.05%,
104/05/21,-12,0,-9,-21,20099,61,50,20210,8.00%,8.04%,
104/05/20,-23,0,-2,-25,20111,61,59,20231,8.01%,8.06%,
104/05/19,-2,-13,-3,-18,20134,61,61,20256,8.02%,8.07%,
104/05/18,-35,-25,3,-57,20136,74,64,20274,8.02%,8.07%,
104/05/15,71,0,-4,67,20171,99,61,20331,8.03%,8.09%,
104/05/14,37,0,-2,35,20100,99,65,20264,8.01%,8.08%,
104/05/13,75,-40,0,35,20063,99,67,20229,7.99%,8.06%,
104/05/12,168,-25,-8,135,19988,139,67,20194,7.96%,8.04%,
104/05/11,126,-102,-1,23,19820,164,75,20059,7.89%,7.99%,
104/05/08,-57,0,-48,-105,19694,266,76,20036,7.84%,7.98%,
104/05/07,105,0,-57,48,19751,266,124,20141,7.87%,8.03%,
104/05/06,165,0,0,165,19646,266,181,20093,7.82%,8.00%,
104/05/05,37,0,-93,-56,19481,266,181,19928,7.76%,7.94%,
104/05/04,40,0,0,40,19444,266,274,19984,7.74%,7.96%,
104/04/30,311,0,-2,309,19404,266,274,19944,7.73%,7.95%,
104/04/29,89,0,10,99,19093,266,276,19635,7.60%,7.82%,
104/04/28,-106,0,0,-106,19004,266,266,19536,7.57%,7.78%,
104/04/27,160,0,1,161,19210,266,266,19742,7.65%,7.86%,
104/04/24,147,0,10,157,19050,266,265,19581,7.59%,7.80%,
104/04/23,4,-135,-1,-132,18903,266,255,19424,7.53%,7.74%,
104/04/22,165,-100,-2,63,18889,401,256,19546,7.52%,7.78%,
104/04/21,21,-13,0,8,18724,501,258,19483,7.46%,7.76%,
104/04/20,216,-150,4,70,18703,514,258,19475,7.45%,7.76%,
104/04/17,333,-70,0,263,18487,664,254,19405,7.36%,7.73%,
104/04/16,226,-200,-16,10,18154,734,254,19142,7.23%,7.62%,
104/04/15,224,-71,0,153,17928,934,270,19132,7.14%,7.62%,
104/04/14,102,0,0,102,17704,1005,270,18979,7.05%,7.56%,
104/04/13,180,0,50,230,17602,1005,270,18877,7.01%,7.52%,
104/04/10,148,0,0,148,17422,1005,220,18647,6.94%,7.43%,
104/04/09,160,0,150,310,17174,1005,220,18399,6.84%,7.33%,
104/04/08,804,0,0,804,17014,1005,70,18089,6.78%,7.21%,
104/04/07,126,0,22,148,16210,1005,70,17285,6.45%,6.88%,
104/04/02,285,0,0,285,16084,1005,48,17137,6.40%,6.82%,
104/04/01,61,0,0,61,15799,1005,48,16852,6.29%,6.71%,
104/03/31,361,0,1,362,15738,1005,48,16791,6.27%,6.69%,
104/03/30,466,0,2,468,15377,997,47,16421,6.12%,6.54%,
104/03/27,142,0,0,142,14911,997,45,15953,5.94%,6.36%,
104/03/26,700,0,3,703,14769,997,45,15811,5.88%,6.30%,
104/03/25,196,0,3,199,14069,997,42,15108,5.60%,6.01%,
104/03/24,32,0,0,32,13873,997,39,14909,5.52%,5.93%,
104/03/23,20,0,-35,-15,13841,997,39,14877,5.51%,5.92%,
104/03/20,107,0,35,142,13821,997,74,14892,5.50%,5.93%,
104/03/19,64,0,2,66,13725,997,39,14761,5.46%,5.87%,
104/03/18,81,0,0,81,13661,997,37,14695,5.44%,5.85%,
104/03/17,42,0,0,42,13580,997,37,14614,5.41%,5.82%,
104/03/16,242,-1,6,247,13538,997,37,14572,5.39%,5.80%,
104/03/13,85,0,0,85,13296,998,31,14325,5.29%,5.70%,
104/03/12,419,0,0,419,13211,998,31,14240,5.26%,5.67%,
104/03/11,-106,0,0,-106,12792,998,31,13821,5.09%,5.50%,
104/03/10,9,0,-2,7,12898,998,31,13927,5.14%,5.55%,
104/03/09,30,0,-1,29,12889,998,33,13920,5.13%,5.54%,
104/03/06,-6,-21,-3,-30,12859,998,34,13891,5.12%,5.53%,
104/03/05,-261,0,-1,-262,12865,1019,37,13921,5.12%,5.54%,
104/03/04,-174,-16,0,-190,13126,1019,38,14183,5.23%,5.65%,
104/03/03,-115,0,0,-115,13300,1035,38,14373,5.30%,5.73%,
104/03/02,-580,0,0,-580,13415,1035,38,14488,5.34%,5.77%,
104/02/26,-147,-1,1,-147,13995,1035,38,15068,5.57%,6.00%,
104/02/25,97,-153,-1,-57,14142,1036,37,15215,5.63%,6.06%,
104/02/24,-128,-180,0,-308,14045,1189,38,15272,5.59%,6.08%,
104/02/13,-17,-1,-4,-22,14173,1369,38,15580,5.64%,6.20%,
104/02/12,-172,0,0,-172,14190,1370,42,15602,5.65%,6.21%,
104/02/11,-152,0,0,-152,14362,1370,42,15774,5.72%,6.28%,
104/02/10,59,0,11,70,14464,1370,42,15876,5.76%,6.32%,
104/02/09,-86,0,0,-86,14405,1370,31,15806,5.74%,6.30%,
104/02/06,-41,0,0,-41,14491,1370,31,15892,5.77%,6.33%,
104/02/05,-59,0,0,-59,14532,1370,31,15933,5.79%,6.35%,
104/02/04,-9,0,0,-9,14591,1370,31,15992,5.81%,6.37%,
104/02/03,11,0,0,11,14600,1370,31,16001,5.81%,6.37%,
104/02/02,12,-81,0,-69,14589,1370,31,15990,5.81%,6.37%,
104/01/30,10,-2,0,8,14577,1451,31,16059,5.80%,6.39%,
104/01/29,-82,0,2,-80,14628,1453,31,16112,5.82%,6.41%,
104/01/28,-219,-137,0,-356,14710,1453,29,16192,5.86%,6.45%,
104/01/27,-102,0,6,-96,14929,1590,29,16548,5.94%,6.59%,
104/01/26,29,-183,3,-151,15031,1590,23,16644,5.99%,6.63%,
104/01/23,31,0,0,31,15002,1773,20,16795,5.97%,6.68%,
104/01/22,-141,3,0,-138,14934,1773,20,16727,5.95%,6.66%,
104/01/21,46,0,1,47,15075,1770,20,16865,6.00%,6.71%,
104/01/20,94,0,0,94,15029,1770,19,16818,5.98%,6.69%,
104/01/19,-30,-1,-1,-32,14935,1770,19,16724,5.95%,6.66%,
104/01/16,-36,0,-2,-38,14965,1771,20,16756,5.96%,6.67%,
104/01/15,23,0,0,23,15001,1771,22,16794,5.97%,6.68%,
104/01/14,-22,0,1,-21,14978,1771,22,16771,5.96%,6.67%,
104/01/13,-92,0,0,-92,15000,1771,21,16792,5.97%,6.68%,
104/01/12,-85,0,0,-85,15092,1771,21,16884,6.01%,6.72%,
104/01/09,-89,0,0,-89,15177,1771,21,16969,6.04%,6.75%,
104/01/08,17,0,0,17,15266,1771,21,17058,6.08%,6.79%,
104/01/07,7,0,0,7,15250,1771,21,17042,6.07%,6.78%,
104/01/06,-159,0,0,-159,15243,1771,21,17035,6.07%,6.78%,
104/01/05,-139,0,-1,-140,15402,1771,21,17194,6.13%,6.84%,
