日期,外資買賣超,投信買賣超,自營商買賣超,單日合計買賣超,外資估計持股,投信估計持股,自營商估計持股,單日合計估計持股,外資持股比重,三大法人持股比重,
107/03/31,0,0,0,0,26733,251,14,26998,70.98%,71.67%,
107/03/30,0,0,0,0,26733,251,14,26998,70.98%,71.67%,
107/03/29,0,0,0,0,26733,251,14,26998,70.98%,71.67%,
107/03/28,0,0,0,0,26733,251,14,26998,70.98%,71.67%,
107/03/27,0,0,0,0,26733,251,14,26998,70.98%,71.67%,
107/03/26,-2,0,0,-2,26733,251,14,26998,70.98%,71.67%,
107/03/23,0,0,0,0,26735,251,14,27000,70.99%,71.68%,
107/03/22,-10,0,0,-10,26735,251,14,27000,70.99%,71.68%,
107/03/21,0,0,0,0,26745,251,14,27010,71.01%,71.70%,
107/03/20,0,0,0,0,26745,251,14,27010,71.01%,71.70%,
107/03/19,0,0,0,0,26745,251,14,27010,71.01%,71.70%,
107/03/16,-10,0,0,-10,26745,251,14,27010,71.01%,71.70%,
107/03/15,0,0,0,0,26755,251,14,27020,71.04%,71.73%,
107/03/14,0,0,0,0,26755,251,14,27020,71.04%,71.73%,
107/03/13,-13,0,0,-13,26755,251,14,27020,71.04%,71.73%,
107/03/12,-10,3,0,-7,26768,251,14,27033,71.07%,71.76%,
107/03/09,-10,1,0,-9,26778,248,14,27040,71.10%,71.78%,
107/03/08,0,0,0,0,26788,247,14,27049,71.13%,71.81%,
107/03/07,0,0,0,0,26788,247,14,27049,71.13%,71.81%,
107/03/06,0,1,0,1,26788,247,14,27049,71.13%,71.81%,
107/03/05,-1,1,0,0,26788,246,14,27048,71.13%,71.81%,
107/03/02,0,2,0,2,26789,245,14,27048,71.13%,71.81%,
107/03/01,0,0,0,0,26789,243,14,27046,71.13%,71.80%,
107/02/27,0,0,0,0,26789,243,14,27046,71.13%,71.80%,
107/02/26,1,7,-2,6,26789,243,14,27046,71.13%,71.80%,
107/02/23,0,10,-5,5,26788,236,16,27040,71.13%,71.79%,
107/02/22,0,2,6,8,26788,226,21,27035,71.13%,71.77%,
107/02/21,-2,0,1,-1,26788,224,15,27027,71.13%,71.75%,
107/02/12,0,10,0,10,26790,224,14,27028,71.13%,71.75%,
107/02/09,0,6,-5,1,26790,214,14,27018,71.13%,71.73%,
107/02/08,0,15,1,16,26790,208,19,27017,71.13%,71.72%,
107/02/07,-4,10,0,6,26790,193,18,27001,71.13%,71.68%,
107/02/06,0,3,-2,1,26794,183,18,26995,71.14%,71.66%,
107/02/05,1,7,2,10,26794,180,20,26994,71.14%,71.66%,
107/02/02,0,8,0,8,26793,173,18,26984,71.14%,71.64%,
107/02/01,-19,0,0,-19,26793,165,18,26976,71.14%,71.62%,
107/01/31,-4,0,3,-1,26812,165,18,26995,71.19%,71.67%,
107/01/30,0,0,0,0,26816,165,15,26996,71.20%,71.67%,
107/01/29,-1,0,0,-1,26816,165,15,26996,71.20%,71.67%,
107/01/26,-5,0,0,-5,26817,165,15,26997,71.21%,71.68%,
107/01/25,-1,0,0,-1,26822,165,15,27002,71.22%,71.69%,
107/01/24,4,0,0,4,26823,165,15,27003,71.22%,71.69%,
107/01/23,-22,0,0,-22,26819,165,15,26999,71.21%,71.68%,
107/01/22,0,0,0,0,26841,165,15,27021,71.27%,71.74%,
107/01/19,10,0,0,10,26841,165,15,27021,71.27%,71.74%,
107/01/18,2,0,0,2,26831,165,15,27011,71.24%,71.71%,
107/01/17,14,0,0,14,26829,165,15,27009,71.24%,71.71%,
107/01/16,61,0,1,62,26815,165,15,26995,71.20%,71.67%,
107/01/15,25,0,0,25,26754,165,14,26933,71.04%,71.51%,
107/01/12,71,0,0,71,26729,165,14,26908,70.97%,71.44%,
107/01/11,5,0,0,5,26658,165,14,26837,70.78%,71.25%,
107/01/10,3,0,0,3,26653,165,14,26832,70.77%,71.24%,
107/01/09,22,0,0,22,26650,165,14,26829,70.76%,71.23%,
107/01/08,7,0,0,7,26628,165,14,26807,70.70%,71.17%,
107/01/05,0,0,0,0,26621,165,14,26800,70.68%,71.15%,
107/01/04,0,0,0,0,26621,165,14,26800,70.68%,71.15%,
107/01/03,0,0,0,0,26621,165,14,26800,70.68%,71.15%,
107/01/02,0,0,0,0,26621,165,14,26800,70.68%,71.15%,
106/12/29,1,0,0,1,26621,165,14,26800,70.68%,71.15%,
106/12/28,15,0,1,16,26620,165,14,26799,70.68%,71.15%,
106/12/27,3,0,0,3,26605,165,13,26783,70.64%,71.11%,
106/12/26,0,0,0,0,26602,165,13,26780,70.63%,71.10%,
106/12/25,0,0,0,0,26602,165,13,26780,70.63%,71.10%,
106/12/22,0,0,0,0,26602,165,13,26780,70.63%,71.10%,
106/12/21,4,0,0,4,26602,165,13,26780,70.63%,71.10%,
106/12/20,2,0,0,2,26598,165,13,26776,70.62%,71.09%,
106/12/19,2,0,0,2,26596,165,13,26774,70.62%,71.09%,
106/12/18,0,0,0,0,26594,165,13,26772,70.61%,71.08%,
106/12/15,3,0,0,3,26594,165,13,26772,70.61%,71.08%,
106/12/14,3,0,0,3,26591,165,13,26769,70.60%,71.07%,
106/12/13,0,0,0,0,26588,165,13,26766,70.60%,71.07%,
106/12/12,0,0,0,0,26588,165,13,26766,70.60%,71.07%,
106/12/11,-1,0,0,-1,26588,165,13,26766,70.60%,71.07%,
106/12/08,1,0,0,1,26589,165,13,26767,70.60%,71.07%,
106/12/07,5,0,0,5,26588,165,13,26766,70.60%,71.07%,
106/12/06,15,0,0,15,26583,165,13,26761,70.58%,71.05%,
106/12/05,0,0,0,0,26568,165,13,26746,70.54%,71.01%,
106/12/04,0,0,0,0,26568,165,13,26746,70.54%,71.01%,
106/12/01,5,0,0,5,26568,165,13,26746,70.54%,71.01%,
106/11/30,8,0,0,8,26563,165,13,26741,70.53%,71.00%,
106/11/29,8,0,0,8,26555,165,13,26733,70.51%,70.98%,
106/11/28,24,0,0,24,26547,165,13,26725,70.49%,70.96%,
106/11/27,-2,0,-29,-31,26523,165,13,26701,70.42%,70.89%,
106/11/24,3,0,-16,-13,26525,165,42,26732,70.43%,70.97%,
106/11/23,10,0,0,10,26522,165,58,26745,70.42%,71.00%,
106/11/22,30,0,-1,29,26512,165,58,26735,70.39%,70.97%,
106/11/21,7,0,-2,5,26482,165,59,26706,70.32%,70.91%,
106/11/20,-2,0,-3,-5,26475,165,61,26701,70.30%,70.89%,
106/11/17,40,0,-48,-8,26477,165,64,26706,70.30%,70.90%,
106/11/16,-2,0,-1,-3,26437,165,112,26714,70.20%,70.92%,
106/11/15,-4,0,-1,-5,26439,165,113,26717,70.20%,70.93%,
106/11/14,-3,0,0,-3,26443,165,114,26722,70.21%,70.94%,
106/11/13,-1,0,0,-1,26446,165,114,26725,70.22%,70.95%,
106/11/10,20,0,-5,15,26447,165,114,26726,70.22%,70.95%,
106/11/09,33,0,0,33,26427,165,119,26711,70.17%,70.91%,
106/11/08,-3,0,0,-3,26394,165,119,26678,70.08%,70.82%,
106/11/07,-2,0,0,-2,26397,165,119,26681,70.09%,70.83%,
106/11/06,-2,0,0,-2,26399,165,119,26683,70.09%,70.83%,
106/11/03,-3,0,0,-3,26401,165,119,26685,70.10%,70.84%,
106/11/02,1,0,0,1,26404,165,119,26688,70.11%,70.86%,
106/11/01,3,0,0,3,26403,165,119,26687,70.11%,70.86%,
106/10/31,-4,0,0,-4,26400,165,119,26684,70.10%,70.85%,
106/10/30,3,0,-1,2,26404,165,119,26688,70.11%,70.86%,
106/10/27,-7,0,0,-7,26401,165,120,26686,70.10%,70.85%,
106/10/26,4,0,0,4,26408,165,120,26693,70.12%,70.87%,
106/10/25,-2,0,0,-2,26404,165,120,26689,70.11%,70.86%,
106/10/24,-1,0,0,-1,26406,165,120,26691,70.11%,70.86%,
106/10/23,9,0,0,9,26407,165,120,26692,70.12%,70.87%,
106/10/20,30,0,-1,29,26398,165,120,26683,70.09%,70.84%,
106/10/19,49,0,2,51,26368,165,121,26654,70.01%,70.76%,
106/10/18,40,0,0,40,26319,165,119,26603,69.88%,70.63%,
106/10/17,-3,0,0,-3,26279,165,119,26563,69.78%,70.53%,
106/10/16,-3,0,0,-3,26282,165,119,26566,69.78%,70.53%,
106/10/13,0,0,0,0,26285,165,119,26569,69.79%,70.54%,
106/10/12,-3,0,0,-3,26285,165,119,26569,69.79%,70.54%,
106/10/11,-6,0,0,-6,26288,165,119,26572,69.80%,70.55%,
106/10/06,-5,0,-1,-6,26294,165,119,26578,69.82%,70.57%,
106/10/05,8,0,0,8,26299,165,120,26584,69.83%,70.58%,
106/10/03,-7,0,0,-7,26291,165,120,26576,69.81%,70.56%,
106/10/02,0,0,0,0,26278,165,120,26563,69.77%,70.52%,
106/09/30,-5,0,0,-5,26278,165,120,26563,69.77%,70.52%,
106/09/29,-10,0,0,-10,26283,165,120,26568,69.79%,70.54%,
106/09/28,-5,0,0,-5,26293,165,120,26578,69.81%,70.56%,
106/09/27,-1,0,0,-1,26298,165,120,26583,69.83%,70.58%,
106/09/26,-14,0,0,-14,26299,165,120,26584,69.83%,70.58%,
106/09/25,-1,0,0,-1,26313,165,120,26598,69.87%,70.62%,
106/09/22,-10,0,0,-10,26314,165,120,26599,69.87%,70.62%,
106/09/21,-11,0,0,-11,26324,165,120,26609,69.90%,70.65%,
106/09/20,-3,0,0,-3,26335,165,120,26620,69.93%,70.68%,
106/09/19,1,0,0,1,26338,165,120,26623,69.93%,70.68%,
106/09/18,-11,0,0,-11,26337,165,120,26622,69.93%,70.68%,
106/09/15,-36,0,0,-36,26348,165,120,26633,69.96%,70.71%,
106/09/14,-29,0,0,-29,26384,165,120,26669,70.06%,70.81%,
106/09/13,-32,0,0,-32,26413,165,120,26698,70.13%,70.88%,
106/09/12,-7,0,13,6,26445,165,120,26730,70.22%,70.97%,
106/09/11,-10,0,24,14,26452,165,107,26724,70.24%,70.96%,
106/09/08,10,0,27,37,26462,165,83,26710,70.26%,70.91%,
106/09/07,-4,0,36,32,26452,165,56,26673,70.24%,70.82%,
106/09/06,-4,0,0,-4,26456,165,20,26641,70.25%,70.74%,
106/09/05,-1,0,0,-1,26460,165,20,26645,70.26%,70.75%,
106/09/04,-1,0,2,1,26461,165,20,26646,70.26%,70.75%,
106/09/01,-4,0,18,14,26462,165,18,26645,70.26%,70.75%,
106/08/31,1,0,0,1,26466,165,0,26631,70.27%,70.71%,
106/08/30,3,0,0,3,26465,165,0,26630,70.27%,70.71%,
106/08/29,2,0,0,2,26462,165,0,26627,70.26%,70.70%,
106/08/28,8,0,0,8,26460,165,0,26625,70.26%,70.70%,
106/08/25,3,0,0,3,26452,165,0,26617,70.24%,70.68%,
106/08/24,-2,0,0,-2,26449,165,0,26614,70.23%,70.67%,
106/08/23,-4,0,0,-4,26451,165,0,26616,70.23%,70.67%,
106/08/22,-5,0,0,-5,26455,165,0,26620,70.24%,70.68%,
106/08/21,-2,0,0,-2,26460,165,0,26625,70.26%,70.70%,
106/08/18,-18,0,0,-18,26462,165,0,26627,70.26%,70.70%,
106/08/17,11,0,-1,10,26480,165,0,26645,70.31%,70.75%,
106/08/16,11,0,0,11,26469,165,0,26634,70.28%,70.72%,
106/08/15,35,0,0,35,26458,165,0,26623,70.25%,70.69%,
106/08/14,44,0,-26,18,26423,165,0,26588,70.16%,70.60%,
106/08/11,66,0,-42,24,26379,165,0,26544,70.04%,70.48%,
106/08/10,72,0,-82,-10,26313,165,0,26478,69.87%,70.31%,
106/08/09,28,0,8,36,26241,165,52,26458,69.68%,70.26%,
106/08/08,4,0,3,7,26213,165,44,26422,69.60%,70.16%,
106/08/07,0,0,-21,-21,26209,165,41,26415,69.59%,70.14%,
106/08/04,14,0,-9,5,26209,165,62,26436,69.59%,70.19%,
106/08/03,21,0,0,21,26195,165,71,26431,69.55%,70.18%,
106/08/02,11,0,0,11,26174,165,71,26410,69.50%,70.13%,
106/08/01,0,0,-5,-5,26163,165,71,26399,69.47%,70.10%,
106/07/31,3,0,0,3,26163,165,76,26404,69.47%,70.11%,
106/07/28,0,0,0,0,26160,165,76,26401,69.46%,70.10%,
106/07/27,4,0,0,4,26160,165,76,26401,69.46%,70.10%,
106/07/26,-31,0,0,-31,26156,165,76,26397,69.45%,70.09%,
106/07/25,-8,0,0,-8,26187,165,76,26428,69.53%,70.17%,
106/07/24,-7,0,0,-7,26195,165,76,26436,69.55%,70.19%,
106/07/21,-1,0,0,-1,26202,165,76,26443,69.57%,70.21%,
106/07/20,0,0,0,0,26203,165,76,26444,69.58%,70.22%,
106/07/19,6,-20,0,-14,26203,165,76,26444,69.58%,70.22%,
106/07/18,24,-25,-1,-2,26197,185,76,26458,69.56%,70.25%,
106/07/17,18,-35,0,-17,26173,210,77,26460,69.50%,70.26%,
106/07/14,11,0,-1,10,26155,245,77,26477,69.45%,70.31%,
106/07/13,0,0,0,0,26144,245,78,26467,69.42%,70.28%,
106/07/12,5,0,-1,4,26144,245,78,26467,69.42%,70.28%,
106/07/11,-3,0,1,-2,26139,245,79,26463,69.41%,70.27%,
106/07/10,2,0,-5,-3,26142,245,78,26465,69.41%,70.27%,
106/07/07,3,0,0,3,26140,245,83,26468,69.41%,70.28%,
106/07/06,6,0,0,6,26137,245,83,26465,69.40%,70.27%,
106/07/05,-16,0,0,-16,26131,245,83,26459,69.38%,70.25%,
106/07/04,1,0,-1,0,26147,245,83,26475,69.43%,70.30%,
106/07/03,13,0,0,13,26146,245,84,26475,69.42%,70.30%,
106/06/30,-5,0,-20,-25,26133,245,84,26462,69.39%,70.27%,
106/06/29,17,0,-18,-1,26138,170,104,26412,69.40%,70.13%,
106/06/28,2,0,-3,-1,26121,170,122,26413,69.36%,70.14%,
106/06/27,12,0,0,12,26119,170,125,26414,69.35%,70.14%,
106/06/26,1,0,0,1,26107,170,125,26402,69.32%,70.11%,
106/06/23,4,0,-2,2,26106,170,125,26401,69.32%,70.11%,
106/06/22,-29,0,0,-29,26102,170,127,26399,69.31%,70.10%,
106/06/21,6,0,3,9,26132,170,127,26429,69.39%,70.18%,
106/06/20,-9,30,-2,19,26126,170,124,26420,69.37%,70.15%,
106/06/19,8,50,8,66,26135,140,126,26401,69.39%,70.10%,
106/06/16,17,0,3,20,26127,90,118,26335,69.37%,69.92%,
106/06/15,13,0,-24,-11,26110,90,115,26315,69.33%,69.88%,
106/06/14,4,0,-19,-15,26097,90,139,26326,69.29%,69.90%,
106/06/13,3,0,-9,-6,26093,90,158,26341,69.28%,69.94%,
106/06/12,5,0,0,5,26090,90,167,26347,69.27%,69.95%,
106/06/09,-9,0,-5,-14,26085,90,167,26342,69.26%,69.94%,
106/06/08,16,0,0,16,26094,90,172,26356,69.28%,69.98%,
106/06/07,-5,0,-10,-15,26078,90,172,26340,69.24%,69.94%,
106/06/06,-26,-50,-7,-83,26083,90,182,26355,69.26%,69.98%,
106/06/05,18,0,0,18,26109,140,189,26438,69.32%,70.20%,
106/06/03,0,0,29,29,26091,140,189,26420,69.28%,70.16%,
106/06/02,-1,0,0,-1,26091,140,160,26391,69.28%,70.08%,
106/06/01,-5,0,-10,-15,26092,140,160,26392,69.28%,70.08%,
106/05/31,5,0,-76,-71,26097,140,170,26407,69.29%,70.12%,
106/05/26,-7,0,0,-7,26092,140,246,26478,69.28%,70.31%,
106/05/25,-20,0,0,-20,26099,140,246,26485,69.30%,70.33%,
106/05/24,-113,0,-20,-133,26119,140,246,26505,69.35%,70.38%,
106/05/23,-13,-61,-13,-87,26232,140,266,26638,69.65%,70.73%,
106/05/22,-65,-9,53,-21,27087,201,279,27567,72.20%,73.48%,
106/05/19,-23,0,96,73,27152,210,226,27588,72.37%,73.53%,
106/05/18,-53,0,36,-17,27175,210,130,27515,72.44%,73.35%,
106/05/17,-62,0,16,-46,27228,210,94,27532,72.58%,73.39%,
106/05/16,16,0,-3,13,27290,210,78,27578,72.74%,73.51%,
106/05/15,3,0,0,3,27274,210,81,27565,72.70%,73.47%,
106/05/12,-30,0,6,-24,27271,210,81,27562,72.69%,73.46%,
106/05/11,8,0,0,8,27301,210,75,27586,72.77%,73.53%,
106/05/10,6,0,-7,-1,27293,210,75,27578,72.75%,73.51%,
106/05/09,-13,0,0,-13,27287,210,82,27579,72.73%,73.51%,
106/05/08,-14,0,-4,-18,27300,210,82,27592,72.77%,73.55%,
106/05/05,-2,0,0,-2,27314,210,86,27610,72.81%,73.60%,
106/05/04,0,0,0,0,27316,210,86,27612,72.81%,73.60%,
106/05/03,4,0,0,4,27316,210,86,27612,72.81%,73.60%,
106/05/02,1,0,6,7,27312,210,86,27608,72.80%,73.59%,
106/04/28,20,0,6,26,27311,210,80,27601,72.80%,73.57%,
106/04/27,29,0,5,34,27291,210,74,27575,72.74%,73.50%,
106/04/26,20,0,1,21,27262,210,69,27541,72.67%,73.41%,
106/04/25,11,0,11,22,27242,210,68,27520,72.61%,73.35%,
106/04/24,15,0,13,28,27231,210,57,27498,72.59%,73.30%,
106/04/21,1,0,16,17,27216,210,44,27470,72.55%,73.23%,
106/04/20,-11,20,1,10,27215,210,28,27453,72.54%,73.17%,
106/04/19,31,0,0,31,27226,190,27,27443,72.57%,73.15%,
106/04/18,82,0,0,82,27195,190,27,27412,72.49%,73.07%,
106/04/17,-474,0,-13,-487,27113,190,27,27330,72.27%,72.85%,
106/04/14,-29,0,0,-29,27587,190,40,27817,73.54%,74.15%,
106/04/13,22,0,0,22,27616,190,40,27846,73.61%,74.22%,
106/04/12,-35,0,3,-32,27594,190,40,27824,73.55%,74.16%,
106/04/11,36,10,6,52,27629,190,37,27856,73.65%,74.26%,
106/04/10,0,0,18,18,27593,180,31,27804,73.55%,74.11%,
106/04/07,-25,5,5,-15,27593,180,13,27786,73.55%,74.06%,
106/04/06,9,0,0,9,27618,175,8,27801,73.62%,74.11%,
106/04/05,-2,10,0,8,27609,175,8,27792,73.59%,74.08%,
106/03/31,-6,0,0,-6,27611,165,8,27784,73.60%,74.06%,
106/03/30,7,15,0,22,27617,225,8,27850,73.62%,74.24%,
106/03/29,-8,0,0,-8,27610,210,8,27828,73.60%,74.18%,
106/03/28,-6,15,0,9,27619,210,8,27837,73.62%,74.20%,
106/03/27,10,15,0,25,27625,195,8,27828,73.64%,74.18%,
106/03/24,-11,15,0,4,27615,180,8,27803,73.61%,74.11%,
106/03/23,-8,15,0,7,27626,165,8,27799,73.64%,74.10%,
106/03/22,-2,0,0,-2,27634,150,8,27792,73.66%,74.08%,
106/03/21,4,0,0,4,27636,150,8,27794,73.67%,74.09%,
106/03/20,9,0,0,9,27632,150,8,27790,73.65%,74.07%,
106/03/17,0,0,0,0,27623,150,8,27781,73.63%,74.05%,
106/03/16,-2,0,0,-2,27623,150,8,27781,73.63%,74.05%,
106/03/15,-1,0,0,-1,27625,150,8,27783,73.64%,74.06%,
106/03/14,10,0,0,10,27626,150,8,27784,73.64%,74.06%,
106/03/13,-2,0,0,-2,27616,150,8,27774,73.61%,74.03%,
106/03/10,3,0,0,3,27618,150,8,27776,73.62%,74.04%,
106/03/09,0,0,0,0,27615,150,8,27773,73.61%,74.03%,
106/03/08,-11,0,0,-11,27615,150,8,27773,73.61%,74.03%,
106/03/07,4,0,0,4,27626,150,8,27784,73.64%,74.06%,
106/03/06,2,0,0,2,27622,150,8,27780,73.63%,74.05%,
106/03/03,-1,0,0,-1,27620,150,8,27778,73.62%,74.04%,
106/03/02,-3,0,0,-3,27621,150,8,27779,73.63%,74.05%,
106/03/01,-4,0,0,-4,27624,150,8,27782,73.63%,74.05%,
106/02/24,18,0,0,18,27628,150,8,27786,73.64%,74.06%,
106/02/23,0,0,0,0,27610,150,8,27768,73.60%,74.02%,
106/02/22,0,0,1,1,27610,150,8,27768,73.60%,74.02%,
106/02/21,37,0,0,37,27610,150,7,27767,73.60%,74.02%,
106/02/20,-1,0,-7,-8,27573,150,7,27730,73.50%,73.92%,
106/02/18,0,0,0,0,27574,150,14,27738,73.50%,73.94%,
106/02/17,-1,0,-5,-6,27574,150,14,27738,73.50%,73.94%,
106/02/16,-1,0,0,-1,27575,150,19,27744,73.50%,73.95%,
106/02/15,0,0,0,0,27576,150,19,27745,73.51%,73.96%,
106/02/14,0,0,0,0,27576,150,19,27745,73.51%,73.96%,
106/02/13,-17,0,0,-17,27576,150,19,27745,73.51%,73.96%,
106/02/10,2,0,0,2,27593,150,19,27762,73.55%,74.00%,
106/02/09,-40,0,0,-40,27591,150,19,27760,73.55%,74.00%,
106/02/08,-10,0,0,-10,27631,150,19,27800,73.65%,74.10%,
106/02/07,11,0,-1,10,27641,150,19,27810,73.68%,74.13%,
106/02/06,-26,0,0,-26,27630,150,20,27800,73.65%,74.10%,
106/02/03,-6,0,0,-6,27656,150,20,27826,73.72%,74.17%,
106/02/02,-6,0,0,-6,27662,150,20,27832,73.74%,74.19%,
106/01/24,-19,0,0,-19,27668,150,20,27838,73.75%,74.20%,
106/01/23,-21,0,0,-21,27687,150,20,27857,73.80%,74.25%,
106/01/20,3,0,0,3,27708,150,20,27878,73.86%,74.31%,
106/01/19,6,0,0,6,27705,150,20,27875,73.85%,74.30%,
106/01/18,9,0,0,9,27699,150,20,27869,73.84%,74.29%,
106/01/17,1,0,0,1,27690,150,20,27860,73.81%,74.26%,
106/01/16,6,0,0,6,27689,150,20,27859,73.81%,74.26%,
106/01/13,11,0,0,11,27683,150,20,27853,73.79%,74.24%,
106/01/12,-12,0,0,-12,27672,150,20,27842,73.76%,74.21%,
106/01/11,-1,0,0,-1,27685,150,20,27855,73.80%,74.25%,
106/01/10,-17,0,0,-17,27686,150,20,27856,73.80%,74.25%,
106/01/09,3,0,0,3,27703,150,20,27873,73.84%,74.29%,
106/01/06,-0,0,0,0,27700,150,20,27870,73.84%,74.29%,
106/01/05,-5,0,0,-5,27700,150,20,27870,73.84%,74.29%,
106/01/04,-64,0,0,-64,27705,150,20,27875,73.85%,74.30%,
106/01/03,1,0,0,1,27769,150,20,27939,74.02%,74.47%,
105/12/30,5,0,0,5,27768,150,20,27938,74.02%,74.47%,
105/12/29,3,0,0,3,27763,150,20,27933,74.00%,74.45%,
105/12/28,1,0,0,1,27760,150,20,27930,74.00%,74.45%,
105/12/27,-0,0,0,0,27759,150,20,27929,73.99%,74.44%,
105/12/26,0,0,0,0,27759,150,20,27929,73.99%,74.44%,
105/12/23,1,0,0,1,27759,150,20,27929,73.99%,74.44%,
105/12/22,-7,0,0,-7,27758,150,20,27928,73.99%,74.44%,
105/12/21,5,0,0,5,27765,150,20,27935,74.01%,74.46%,
105/12/20,13,0,0,13,27761,150,20,27931,74.00%,74.45%,
105/12/19,-7,0,0,-7,27748,150,20,27918,73.96%,74.41%,
105/12/16,-6,0,0,-6,27755,150,20,27925,73.98%,74.43%,
105/12/15,-8,0,0,-8,27761,150,20,27931,74.00%,74.45%,
105/12/14,1,0,0,1,27769,150,20,27939,74.02%,74.47%,
105/12/13,-12,0,0,-12,27768,150,20,27938,74.02%,74.47%,
105/12/12,-13,0,0,-13,27780,150,20,27950,74.05%,74.50%,
105/12/09,-7,0,5,-2,27793,150,20,27963,74.08%,74.53%,
105/12/08,-9,0,5,-4,27800,150,15,27965,74.10%,74.54%,
105/12/07,-16,0,0,-16,27809,150,10,27969,74.13%,74.56%,
105/12/06,-14,0,10,-4,27825,150,10,27985,74.17%,74.60%,
105/12/05,-10,0,0,-10,27838,150,0,27988,74.21%,74.61%,
105/12/02,-11,0,0,-11,27849,150,0,27999,74.23%,74.63%,
105/12/01,3,0,0,3,27860,150,0,28010,74.26%,74.66%,
105/11/30,-12,0,0,-12,26279,150,0,26429,77.59%,77.99%,
105/11/29,-3,0,0,-3,26291,150,0,26441,77.62%,78.02%,
105/11/28,4,0,0,4,26294,150,0,26444,77.63%,78.03%,
105/11/25,-1,0,0,-1,26290,150,0,26440,77.62%,78.02%,
105/11/24,0,0,0,0,26291,150,0,26441,77.62%,78.02%,
105/11/23,-6,0,0,-6,26291,150,0,26441,77.62%,78.02%,
105/11/22,8,0,-1,7,26297,150,0,26447,77.64%,78.04%,
105/11/21,0,15,1,16,26289,150,1,26440,77.62%,78.06%,
105/11/18,-1,15,0,14,26289,135,0,26424,77.62%,78.02%,
105/11/17,-1,0,0,-1,26290,120,0,26410,77.62%,77.97%,
105/11/16,3,0,0,3,26291,120,0,26411,77.63%,77.98%,
105/11/15,-8,0,0,-8,26288,120,0,26408,77.62%,77.97%,
105/11/14,6,0,0,6,26296,120,0,26416,77.64%,77.99%,
105/11/11,-2,0,0,-2,26290,120,0,26410,77.62%,77.97%,
105/11/10,8,0,0,8,26292,120,0,26412,77.63%,77.98%,
105/11/09,-1,0,0,-1,26284,120,0,26404,77.60%,77.95%,
105/11/08,39,0,0,39,26285,120,0,26405,77.61%,77.96%,
105/11/07,16,0,-2,14,26246,120,0,26366,77.49%,77.84%,
105/11/04,4,0,0,4,26230,120,2,26352,77.45%,77.81%,
105/11/03,13,0,0,13,26226,120,2,26348,77.43%,77.79%,
105/11/02,0,0,1,1,26213,120,2,26335,77.39%,77.75%,
105/11/01,5,0,1,6,26213,120,1,26334,77.39%,77.75%,
105/10/31,1,0,0,1,26208,120,0,26328,77.38%,77.73%,
105/10/28,9,0,-2,7,26207,120,0,26327,77.38%,77.73%,
105/10/27,-5,0,-1,-6,26198,120,2,26320,77.35%,77.71%,
105/10/26,6,0,0,6,26203,120,3,26326,77.37%,77.73%,
105/10/25,-11,0,0,-11,26197,120,3,26320,77.35%,77.71%,
105/10/24,5,0,0,5,26208,120,3,26331,77.38%,77.74%,
105/10/21,-2,0,0,-2,26203,120,3,26326,77.37%,77.73%,
105/10/20,-3,0,-3,-6,26205,120,3,26328,77.37%,77.73%,
105/10/19,0,0,-1,-1,26208,120,6,26334,77.38%,77.75%,
105/10/18,11,0,0,11,26208,120,7,26335,77.38%,77.75%,
105/10/17,4,0,1,5,26197,120,7,26324,77.35%,77.72%,
105/10/14,34,20,-2,52,26193,120,6,26319,77.34%,77.71%,
105/10/13,10,0,0,10,26159,100,8,26267,77.24%,77.56%,
105/10/12,23,0,-5,18,26149,100,8,26257,77.21%,77.53%,
105/10/11,34,0,0,34,26126,100,13,26239,77.14%,77.47%,
105/10/07,1,0,0,1,26092,100,13,26205,77.04%,77.37%,
105/10/06,-22,20,0,-2,26091,100,13,26204,77.03%,77.36%,
105/10/05,-21,0,-17,-38,26113,80,13,26206,77.10%,77.37%,
105/10/04,-20,20,0,0,26134,80,30,26244,77.16%,77.48%,
105/10/03,1,0,0,1,26154,60,30,26244,77.22%,77.49%,
105/09/30,44,60,-5,99,26153,60,30,26243,77.22%,77.49%,
105/09/29,14,0,-40,-26,26109,0,35,26144,77.09%,77.19%,
105/09/26,23,0,0,23,26095,0,75,26170,77.05%,77.27%,
105/09/23,7,0,0,7,26072,0,75,26147,76.98%,77.20%,
105/09/22,45,0,0,45,26065,0,75,26140,76.96%,77.18%,
105/09/21,-11,0,10,-1,26020,0,75,26095,76.82%,77.04%,
105/09/20,-6,0,0,-6,26031,0,65,26096,76.86%,77.05%,
105/09/19,45,0,5,50,26037,0,65,26102,76.88%,77.07%,
105/09/14,50,0,0,50,25992,0,60,26052,76.74%,76.92%,
105/09/13,73,0,5,78,25942,0,60,26002,76.59%,76.77%,
105/09/12,14,0,-2,12,25869,0,55,25924,76.38%,76.54%,
105/09/10,0,0,-10,-10,25855,0,57,25912,76.34%,76.51%,
105/09/09,-40,0,5,-35,25855,0,67,25922,76.34%,76.54%,
105/09/08,-15,0,-15,-30,25895,0,62,25957,76.46%,76.64%,
105/09/07,-46,0,30,-16,25910,0,77,25987,76.50%,76.73%,
105/09/06,6,0,0,6,25956,0,47,26003,76.64%,76.78%,
105/09/05,-29,0,0,-29,25950,0,47,25997,76.62%,76.76%,
105/09/02,30,0,-2,28,25979,0,47,26026,76.70%,76.84%,
105/09/01,-230,0,-53,-283,25949,0,49,25998,76.62%,76.76%,
105/08/31,14,0,29,43,26179,0,102,26281,77.29%,77.59%,
105/08/30,-54,0,0,-54,26165,0,73,26238,77.25%,77.47%,
105/08/29,0,0,10,10,26219,0,73,26292,77.41%,77.63%,
105/08/26,15,0,9,24,26219,0,63,26282,77.41%,77.60%,
105/08/25,26,0,6,32,26204,0,54,26258,77.37%,77.53%,
105/08/24,5,0,26,31,26178,0,48,26226,77.29%,77.43%,
105/08/23,7,0,17,24,26173,0,22,26195,77.28%,77.34%,
105/08/22,-6,0,0,-6,26166,0,5,26171,77.26%,77.27%,
105/08/19,-6,0,0,-6,26172,0,5,26177,77.27%,77.28%,
105/08/18,2,0,0,2,26178,0,5,26183,77.29%,77.30%,
105/08/17,3,0,0,3,26176,0,5,26181,77.29%,77.30%,
105/08/16,15,0,0,15,26173,0,5,26178,77.28%,77.29%,
105/08/15,27,0,0,27,26158,0,5,26163,77.23%,77.24%,
105/08/12,10,0,0,10,26131,0,5,26136,77.15%,77.16%,
105/08/11,-4,0,0,-4,26092,0,5,26097,77.04%,77.05%,
105/08/10,-5,0,0,-5,26096,0,5,26101,77.05%,77.06%,
105/08/09,-11,0,0,-11,26101,0,5,26106,77.06%,77.07%,
105/08/08,100,0,0,100,26112,0,5,26117,77.10%,77.11%,
105/08/05,30,0,0,30,26012,0,5,26017,76.80%,76.81%,
105/08/04,-10,0,-1,-11,25982,0,5,25987,76.71%,76.72%,
105/08/03,-4,0,0,-4,25992,0,6,25998,76.74%,76.76%,
105/08/02,0,0,0,0,25996,0,6,26002,76.75%,76.77%,
105/08/01,-1,0,0,-1,25996,0,6,26002,76.75%,76.77%,
105/07/29,-2,0,0,-2,25997,0,6,26003,76.76%,76.78%,
105/07/28,-3,0,0,-3,25999,0,6,26005,76.76%,76.78%,
105/07/27,-1,0,0,-1,26002,0,6,26008,76.77%,76.79%,
105/07/26,-1,0,0,-1,26003,0,6,26009,76.77%,76.79%,
105/07/25,-12,0,0,-12,26004,0,6,26010,76.78%,76.80%,
105/07/22,2,0,0,2,26016,0,6,26022,76.81%,76.83%,
105/07/21,0,0,1,1,26014,0,6,26020,76.81%,76.83%,
105/07/20,-1,0,-1,-2,26014,0,5,26019,76.81%,76.82%,
105/07/19,-1,0,0,-1,26015,0,6,26021,76.81%,76.83%,
105/07/18,1,0,0,1,26016,0,6,26022,76.81%,76.83%,
105/07/15,6,0,0,6,26015,0,6,26021,76.81%,76.83%,
105/07/14,8,0,0,8,26009,0,6,26015,76.79%,76.81%,
105/07/13,4,0,0,4,26001,0,6,26007,76.77%,76.79%,
105/07/12,1,0,0,1,25997,0,6,26003,76.76%,76.78%,
105/07/11,2,0,1,3,25996,0,6,26002,76.75%,76.77%,
105/07/07,-5,0,0,-5,25994,0,5,25999,76.75%,76.76%,
105/07/06,4,0,0,4,25999,0,5,26004,76.76%,76.77%,
105/07/05,-9,0,0,-9,25995,0,5,26000,76.75%,76.76%,
105/07/04,9,0,0,9,26004,0,5,26009,76.78%,76.79%,
105/07/01,14,0,0,14,25995,0,5,26000,76.75%,76.76%,
105/06/30,-2,0,0,-2,25981,0,5,25986,76.71%,76.72%,
105/06/29,-18,0,0,-18,25983,0,5,25988,76.72%,76.73%,
105/06/28,0,0,0,0,26001,0,5,26006,76.77%,76.78%,
105/06/27,0,0,0,0,26001,0,5,26006,76.77%,76.78%,
105/06/24,2,0,-5,-3,26001,0,5,26006,76.77%,76.78%,
105/06/23,-26,0,0,-26,25999,0,10,26009,76.76%,76.79%,
105/06/22,-31,0,0,-31,26025,0,10,26035,76.84%,76.87%,
105/06/21,-94,0,0,-94,26056,0,10,26066,76.93%,76.96%,
105/06/20,14,0,0,14,26150,0,10,26160,77.21%,77.24%,
105/06/17,2,0,0,2,26136,0,10,26146,77.17%,77.20%,
105/06/16,-63,0,-5,-68,26134,0,10,26144,77.16%,77.19%,
105/06/15,-2,0,0,-2,26197,0,15,26212,77.35%,77.39%,
105/06/14,22,0,0,22,26199,0,15,26214,77.35%,77.39%,
105/06/13,2,0,-5,-3,26177,0,15,26192,77.29%,77.33%,
105/06/08,1,0,0,1,26175,0,20,26195,77.28%,77.34%,
105/06/07,8,0,0,8,26174,0,20,26194,77.28%,77.34%,
105/06/06,22,0,0,22,26166,0,20,26186,77.26%,77.32%,
105/06/04,0,0,0,0,26144,0,20,26164,77.19%,77.25%,
105/06/03,-1,0,0,-1,26144,0,20,26164,77.19%,77.25%,
105/06/02,-16,0,0,-16,26145,0,20,26165,77.19%,77.25%,
105/06/01,-18,0,5,-13,26161,0,20,26181,77.24%,77.30%,
105/05/31,-2,0,0,-2,26179,0,15,26194,77.29%,77.33%,
105/05/30,3,0,0,3,26181,0,15,26196,77.30%,77.34%,
105/05/27,-67,0,0,-67,26178,0,15,26193,77.29%,77.33%,
105/05/26,-5,0,0,-5,26245,0,15,26260,77.49%,77.53%,
105/05/25,-14,-23,0,-37,26250,0,15,26265,77.50%,77.54%,
105/05/24,-18,-22,-5,-45,26264,23,15,26302,77.55%,77.66%,
105/05/23,30,0,0,30,26282,45,20,26347,77.60%,77.79%,
105/05/20,27,0,0,27,26252,45,20,26317,77.51%,77.70%,
105/05/19,0,0,0,0,26229,45,20,26294,77.44%,77.63%,
105/05/18,-3,0,0,-3,26229,45,20,26294,77.44%,77.63%,
105/05/17,2,0,0,2,26232,45,20,26297,77.45%,77.64%,
105/05/16,14,0,0,14,26230,45,20,26295,77.45%,77.64%,
105/05/13,-6,-40,0,-46,26216,45,20,26281,77.40%,77.59%,
105/05/12,-80,0,0,-80,26222,85,20,26327,77.42%,77.73%,
105/05/11,-51,0,5,-46,26302,85,20,26407,77.66%,77.97%,
105/05/10,225,0,-13,212,26353,85,15,26453,77.81%,78.11%,
105/05/09,30,0,-1,29,26128,85,28,26241,77.14%,77.47%,
105/05/06,-2,0,1,-1,26098,85,29,26212,77.06%,77.40%,
105/05/05,-4,0,0,-4,26100,85,28,26213,77.06%,77.39%,
105/05/04,3,0,5,8,26104,85,28,26217,77.07%,77.40%,
105/05/03,11,0,0,11,26101,85,23,26209,77.06%,77.38%,
105/04/29,-10,45,0,35,26090,85,23,26198,77.03%,77.35%,
105/04/28,79,40,0,119,26100,40,23,26163,77.06%,77.25%,
105/04/27,-70,0,0,-70,26021,0,23,26044,76.83%,76.90%,
105/04/26,69,0,0,69,26091,0,23,26114,77.03%,77.10%,
105/04/25,22,0,0,22,26022,0,23,26045,76.83%,76.90%,
105/04/22,0,0,0,0,26000,0,23,26023,76.77%,76.84%,
105/04/21,-1,0,2,1,26000,0,23,26023,76.77%,76.84%,
105/04/20,-4,0,0,-4,26001,0,21,26022,76.77%,76.83%,
105/04/19,-18,0,0,-18,26005,0,21,26026,76.78%,76.84%,
105/04/18,69,0,-80,-11,26023,0,21,26044,76.83%,76.89%,
105/04/15,-3,0,-15,-18,25954,0,101,26055,76.63%,76.93%,
105/04/14,-2,0,0,-2,25957,0,116,26073,76.64%,76.98%,
105/04/13,-3,0,0,-3,25959,0,116,26075,76.64%,76.98%,
105/04/12,-48,0,10,-38,25962,0,116,26078,76.65%,76.99%,
105/04/11,-8,0,5,-3,26010,0,106,26116,76.80%,77.11%,
105/04/08,10,0,1,11,26018,0,101,26119,76.82%,77.12%,
105/04/07,20,0,12,32,26008,0,100,26108,76.79%,77.09%,
105/04/06,6,0,16,22,25988,0,88,26076,76.73%,76.99%,
105/04/01,7,0,21,28,25982,0,72,26054,76.71%,76.92%,
105/03/31,-1,0,10,9,25975,0,51,26026,76.69%,76.84%,
105/03/30,1,0,0,1,25976,0,41,26017,76.70%,76.82%,
105/03/29,-16,0,12,-4,25975,0,41,26016,76.69%,76.81%,
105/03/28,3,0,0,3,25991,0,29,26020,76.74%,76.83%,
105/03/25,-2,0,0,-2,25988,0,29,26017,76.73%,76.82%,
105/03/24,-1,0,0,-1,25990,0,29,26019,76.74%,76.83%,
105/03/23,2,0,0,2,25991,0,29,26020,76.74%,76.83%,
105/03/22,0,0,10,10,25989,0,29,26018,76.73%,76.82%,
105/03/21,-4,0,0,-4,25989,0,19,26008,76.73%,76.79%,
105/03/18,5,0,0,5,25993,0,19,26012,76.75%,76.81%,
105/03/17,-9,0,0,-9,25988,0,19,26007,76.73%,76.79%,
105/03/16,-3,0,0,-3,25997,0,19,26016,76.76%,76.82%,
105/03/15,-30,0,0,-30,26000,0,19,26019,76.77%,76.83%,
105/03/14,0,0,19,19,26030,0,19,26049,76.85%,76.91%,
105/03/11,-93,0,0,-93,26030,0,0,26030,76.85%,76.85%,
105/03/10,-7,0,-1,-8,26123,0,0,26123,77.13%,77.13%,
105/03/09,-13,0,1,-12,26130,0,1,26131,77.15%,77.15%,
105/03/08,2,0,0,2,26143,0,0,26143,77.19%,77.19%,
105/03/07,-22,0,0,-22,26141,0,0,26141,77.18%,77.18%,
105/03/04,-5,0,0,-5,26163,0,0,26163,77.25%,77.25%,
105/03/03,-29,0,0,-29,26168,0,0,26168,77.26%,77.26%,
105/03/02,-180,0,0,-180,26197,0,0,26197,77.35%,77.35%,
105/03/01,18,0,-1,17,26377,0,0,26377,77.88%,77.88%,
105/02/26,-65,0,-1,-66,26359,0,1,26360,77.83%,77.83%,
105/02/25,-197,0,2,-195,26424,0,2,26426,78.02%,78.03%,
105/02/24,-100,0,-2,-102,26621,0,0,26621,78.60%,78.60%,
105/02/23,-11,0,0,-11,26721,0,2,26723,78.90%,78.91%,
105/02/22,1,0,2,3,26732,0,2,26734,78.93%,78.94%,
105/02/19,-67,0,0,-67,26731,0,0,26731,78.92%,78.92%,
105/02/18,-10,0,0,-10,26798,0,0,26798,79.12%,79.12%,
105/02/17,-117,0,0,-117,26808,0,0,26808,79.15%,79.15%,
105/02/16,0,0,0,0,26925,0,0,26925,79.50%,79.50%,
105/02/15,1,0,-1,0,26925,0,0,26925,79.50%,79.50%,
105/02/03,7,0,0,7,26924,0,1,26925,79.49%,79.49%,
105/02/02,-3,0,0,-3,26917,0,1,26918,79.47%,79.47%,
105/02/01,3,0,0,3,26920,0,1,26921,79.48%,79.48%,
105/01/30,0,0,0,0,26917,0,1,26918,79.47%,79.47%,
105/01/29,12,0,0,12,26917,0,1,26918,79.47%,79.47%,
105/01/28,0,0,0,0,26905,0,1,26906,79.44%,79.44%,
105/01/27,0,0,0,0,26905,0,1,26906,79.44%,79.44%,
105/01/26,0,0,0,0,26905,0,1,26906,79.44%,79.44%,
105/01/25,10,0,0,10,26905,0,1,26906,79.44%,79.44%,
105/01/22,2,0,0,2,26895,0,1,26896,79.41%,79.41%,
105/01/21,0,0,0,0,26893,0,1,26894,79.40%,79.40%,
105/01/20,0,0,-1,-1,26893,0,1,26894,79.40%,79.40%,
105/01/19,0,0,0,0,26893,0,2,26895,79.40%,79.41%,
105/01/18,0,0,0,0,26893,0,2,26895,79.40%,79.41%,
105/01/15,5,0,1,6,26893,0,2,26895,79.40%,79.41%,
105/01/14,-2,0,0,-2,26888,0,1,26889,79.39%,79.39%,
105/01/13,-8,0,-1,-9,26890,0,1,26891,79.39%,79.39%,
105/01/12,0,0,1,1,26898,0,2,26900,79.42%,79.43%,
105/01/11,10,0,0,10,26898,0,1,26899,79.42%,79.42%,
105/01/08,-1,0,0,-1,26888,0,1,26889,79.39%,79.39%,
105/01/07,-2,0,0,-2,26889,0,1,26890,79.39%,79.39%,
105/01/06,-7,0,0,-7,26891,0,1,26892,79.40%,79.40%,
105/01/05,0,0,0,0,26898,0,1,26899,79.42%,79.42%,
105/01/04,-4,0,1,-3,26898,0,1,26899,79.42%,79.42%,
104/12/31,-1,0,-1,-2,26902,0,0,26902,79.43%,79.43%,
104/12/30,2,0,0,2,26903,0,1,26904,79.43%,79.43%,
104/12/29,7,0,0,7,26901,0,1,26902,79.43%,79.43%,
104/12/28,-2,0,0,-2,26894,0,1,26895,79.41%,79.41%,
104/12/25,0,0,0,0,26896,0,1,26897,79.41%,79.41%,
104/12/24,3,0,0,3,26896,0,1,26897,79.41%,79.41%,
104/12/23,3,0,1,4,26893,0,1,26894,79.40%,79.40%,
104/12/22,6,0,-2,4,26890,0,0,26890,79.39%,79.39%,
104/12/21,0,0,1,1,26884,0,2,26886,79.38%,79.39%,
104/12/18,0,0,0,0,26884,0,1,26885,79.38%,79.38%,
104/12/17,0,0,0,0,26884,0,1,26885,79.38%,79.38%,
104/12/16,0,0,1,1,26884,0,1,26885,79.38%,79.38%,
104/12/15,0,0,0,0,26884,0,0,26884,79.38%,79.38%,
104/12/14,-11,0,0,-11,26884,0,0,26884,79.38%,79.38%,
104/12/11,-2,0,0,-2,26895,0,0,26895,79.41%,79.41%,
104/12/10,3,0,0,3,26897,0,0,26897,79.41%,79.41%,
104/12/09,1,0,0,1,26894,0,0,26894,79.41%,79.41%,
104/12/08,-2,0,0,-2,26893,0,0,26893,79.40%,79.40%,
104/12/07,-29,0,0,-29,26895,0,0,26895,79.41%,79.41%,
104/12/04,7,0,0,7,26924,0,0,26924,79.49%,79.49%,
104/12/03,-9,0,0,-9,26917,0,0,26917,79.47%,79.47%,
104/12/02,-28,0,0,-28,26926,0,0,26926,79.50%,79.50%,
104/12/01,13,0,0,13,26954,0,0,26954,79.58%,79.58%,
104/11/30,4,0,0,4,26941,0,0,26941,79.54%,79.54%,
104/11/27,23,0,0,23,26937,0,0,26937,79.53%,79.53%,
104/11/26,1,0,0,1,26914,0,0,26914,79.47%,79.47%,
104/11/25,-1,0,0,-1,26913,0,0,26913,79.46%,79.46%,
104/11/24,-1,0,0,-1,26914,0,0,26914,79.47%,79.47%,
104/11/23,-5,0,0,-5,26915,0,0,26915,79.47%,79.47%,
104/11/20,7,0,0,7,26920,0,0,26920,79.48%,79.48%,
104/11/19,-2,0,0,-2,26913,0,0,26913,79.46%,79.46%,
104/11/18,-2,0,0,-2,26915,0,0,26915,79.47%,79.47%,
104/11/17,-2,0,0,-2,26917,0,0,26917,79.47%,79.47%,
104/11/16,-1,0,0,-1,26919,0,0,26919,79.48%,79.48%,
104/11/13,-2,0,0,-2,26920,0,0,26920,79.48%,79.48%,
104/11/12,-6,0,0,-6,26922,0,0,26922,79.49%,79.49%,
104/11/11,4,0,0,4,26928,0,0,26928,79.51%,79.51%,
104/11/10,-3,0,0,-3,26924,0,0,26924,79.49%,79.49%,
104/11/09,-4,0,0,-4,26927,0,0,26927,79.50%,79.50%,
104/11/06,12,0,0,12,26931,0,0,26931,79.52%,79.52%,
104/11/05,-19,0,0,-19,26919,0,0,26919,79.48%,79.48%,
104/11/04,3,0,0,3,26938,0,0,26938,79.54%,79.54%,
104/11/03,-39,0,0,-39,26935,0,0,26935,79.53%,79.53%,
104/11/02,3,0,0,3,26974,0,0,26974,79.64%,79.64%,
104/10/30,-40,0,0,-40,26971,0,0,26971,79.63%,79.63%,
104/10/29,-3,0,0,-3,27011,0,0,27011,79.75%,79.75%,
104/10/28,-38,0,0,-38,27014,0,0,27014,79.76%,79.76%,
104/10/27,-100,0,0,-100,27052,0,0,27052,79.87%,79.87%,
104/10/26,-7,0,0,-7,27152,0,0,27152,80.17%,80.17%,
104/10/23,1,0,0,1,27159,0,0,27159,80.19%,80.19%,
104/10/22,1,0,0,1,27158,0,0,27158,80.19%,80.19%,
104/10/21,-4,0,0,-4,27157,0,0,27157,80.18%,80.18%,
104/10/20,0,0,0,0,27161,0,0,27161,80.19%,80.19%,
104/10/19,0,0,0,0,27161,0,0,27161,80.19%,80.19%,
104/10/16,-5,0,0,-5,27161,0,0,27161,80.19%,80.19%,
104/10/15,2,0,0,2,27166,0,0,27166,80.21%,80.21%,
104/10/14,13,0,0,13,27164,0,0,27164,80.20%,80.20%,
104/10/13,-10,0,0,-10,27151,0,0,27151,80.16%,80.16%,
104/10/12,0,0,0,0,27161,0,0,27161,80.19%,80.19%,
104/10/08,6,0,0,6,27161,0,0,27161,80.19%,80.19%,
104/10/07,-8,0,0,-8,27155,0,0,27155,80.18%,80.18%,
104/10/06,-73,0,0,-73,27163,0,0,27163,80.20%,80.20%,
104/10/05,-3,0,0,-3,27236,0,0,27236,80.42%,80.42%,
104/10/02,3,0,0,3,27239,0,0,27239,80.42%,80.42%,
104/10/01,1,0,0,1,27236,0,0,27236,80.42%,80.42%,
104/09/30,0,0,0,0,27235,0,0,27235,80.41%,80.41%,
104/09/25,-2,0,0,-2,27235,0,0,27235,80.41%,80.41%,
104/09/24,0,0,0,0,27237,0,0,27237,80.42%,80.42%,
104/09/23,4,0,0,4,27237,0,0,27237,80.42%,80.42%,
104/09/22,-1,0,0,-1,27233,0,0,27233,80.41%,80.41%,
104/09/21,3,0,0,3,27234,0,0,27234,80.41%,80.41%,
104/09/18,0,0,0,0,27231,0,0,27231,80.40%,80.40%,
104/09/17,-3,0,0,-3,27231,0,0,27231,80.40%,80.40%,
104/09/16,1,0,0,1,27234,0,0,27234,80.41%,80.41%,
104/09/15,-1,0,0,-1,27233,0,0,27233,80.41%,80.41%,
104/09/14,-2,0,0,-2,27234,0,0,27234,80.41%,80.41%,
104/09/11,3,0,0,3,27236,0,0,27236,80.42%,80.42%,
104/09/10,0,0,0,0,27233,0,0,27233,80.41%,80.41%,
104/09/09,-2,0,0,-2,27233,0,0,27233,80.41%,80.41%,
104/09/08,1,0,0,1,27235,0,0,27235,80.41%,80.41%,
104/09/07,1,0,0,1,27234,0,0,27234,80.41%,80.41%,
104/09/04,-1,0,0,-1,27233,0,0,27233,80.41%,80.41%,
104/09/03,-2,0,-2,-4,27234,0,0,27234,80.41%,80.41%,
104/09/02,-7,0,-1,-8,27236,0,2,27238,80.42%,80.43%,
104/09/01,11,0,0,11,27243,0,3,27246,80.44%,80.45%,
104/08/31,9,0,0,9,27232,0,3,27235,80.40%,80.41%,
104/08/28,0,0,-1,-1,27223,0,3,27226,80.38%,80.39%,
104/08/27,-1,0,0,-1,27223,0,4,27227,80.38%,80.39%,
104/08/26,1,0,0,1,27224,0,4,27228,80.38%,80.39%,
104/08/25,0,0,0,0,27223,0,4,27227,80.38%,80.39%,
104/08/24,0,0,0,0,27223,0,4,27227,80.38%,80.39%,
104/08/21,0,0,0,0,27223,0,4,27227,80.38%,80.39%,
104/08/20,-2,0,0,-2,27223,0,4,27227,80.38%,80.39%,
104/08/19,0,0,1,1,27225,0,4,27229,80.38%,80.39%,
104/08/18,-2,0,0,-2,27225,0,3,27228,80.38%,80.39%,
104/08/17,0,0,0,0,27227,0,3,27230,80.39%,80.40%,
104/08/14,0,0,-1,-1,27227,0,3,27230,80.39%,80.40%,
104/08/13,3,0,0,3,27227,0,4,27231,80.39%,80.40%,
104/08/12,0,0,1,1,27224,0,4,27228,80.38%,80.39%,
104/08/11,0,0,-1,-1,27224,0,3,27227,80.38%,80.39%,
104/08/10,0,0,0,0,27224,0,4,27228,80.38%,80.39%,
104/08/07,29,0,0,29,27224,0,4,27228,80.38%,80.39%,
104/08/06,0,0,0,0,27195,0,4,27199,80.29%,80.30%,
104/08/05,3,0,1,4,27195,0,4,27199,80.29%,80.30%,
104/08/04,1,0,3,4,27192,0,3,27195,80.29%,80.30%,
104/08/03,0,0,0,0,27191,0,0,27191,80.28%,80.28%,
104/07/31,0,0,0,0,27191,0,0,27191,80.28%,80.28%,
104/07/30,0,0,0,0,27191,0,0,27191,80.28%,80.28%,
104/07/29,20,0,0,20,27191,0,0,27191,80.28%,80.28%,
104/07/28,10,0,0,10,27171,0,0,27171,80.22%,80.22%,
104/07/27,30,0,0,30,27161,0,0,27161,80.19%,80.19%,
104/07/24,0,0,0,0,27131,0,0,27131,80.11%,80.11%,
104/07/23,30,0,0,30,27131,0,0,27131,80.11%,80.11%,
104/07/22,50,0,0,50,27101,0,0,27101,80.02%,80.02%,
104/07/21,0,0,0,0,27051,0,0,27051,79.87%,79.87%,
104/07/20,0,0,0,0,27051,0,0,27051,79.87%,79.87%,
104/07/17,0,0,0,0,27051,0,0,27051,79.87%,79.87%,
104/07/16,0,0,0,0,27051,0,0,27051,79.87%,79.87%,
104/07/15,2,0,0,2,27051,0,0,27051,79.87%,79.87%,
104/07/14,8,0,0,8,27049,0,0,27049,79.86%,79.86%,
104/07/13,0,0,0,0,27041,0,0,27041,79.84%,79.84%,
104/07/09,17,0,0,17,27041,0,0,27041,79.84%,79.84%,
104/07/08,6,0,0,6,27024,0,0,27024,79.79%,79.79%,
104/07/07,0,0,0,0,27018,0,0,27018,79.77%,79.77%,
104/07/06,4,0,0,4,27018,0,0,27018,79.77%,79.77%,
104/07/03,-40,0,0,-40,27014,0,0,27014,79.76%,79.76%,
104/07/02,0,0,0,0,27054,0,0,27054,79.88%,79.88%,
104/07/01,0,0,0,0,27054,0,0,27054,79.88%,79.88%,
104/06/30,4,0,0,4,27054,0,0,27054,79.88%,79.88%,
104/06/29,0,0,0,0,27050,0,0,27050,79.87%,79.87%,
104/06/26,-42,0,0,-42,27050,0,0,27050,79.87%,79.87%,
104/06/25,0,0,0,0,27092,0,0,27092,79.99%,79.99%,
104/06/24,5,0,0,5,27092,0,0,27092,79.99%,79.99%,
104/06/23,10,0,0,10,27087,0,0,27087,79.98%,79.98%,
104/06/22,16,0,0,16,27077,0,0,27077,79.95%,79.95%,
104/06/18,-1,0,0,-1,27061,0,0,27061,79.90%,79.90%,
104/06/17,24,0,0,24,27062,0,0,27062,79.90%,79.90%,
104/06/16,0,0,0,0,27038,0,0,27038,79.83%,79.83%,
104/06/15,5,0,0,5,27038,0,0,27038,79.83%,79.83%,
104/06/12,10,0,0,10,27033,0,0,27033,79.82%,79.82%,
104/06/11,3,0,0,3,27023,0,0,27023,79.79%,79.79%,
104/06/10,15,0,0,15,27020,0,0,27020,79.78%,79.78%,
104/06/09,-2,0,0,-2,27005,0,0,27005,79.73%,79.73%,
104/06/08,11,0,0,11,27007,0,0,27007,79.74%,79.74%,
104/06/05,-12,0,0,-12,26996,0,0,26996,79.71%,79.71%,
104/06/04,1,0,0,1,27008,0,0,27008,79.74%,79.74%,
104/06/03,-33,0,0,-33,27007,0,0,27007,79.74%,79.74%,
104/06/02,0,--,--,0,0,--,--,0,0.00%,--,
