日期,外資買賣超,投信買賣超,自營商買賣超,單日合計買賣超,外資估計持股,投信估計持股,自營商估計持股,單日合計估計持股,外資持股比重,三大法人持股比重,
107/03/31,0,0,-1,-1,692396,11432,29653,733481,20.24%,21.44%,
107/03/30,-827,-2,30,-799,692396,11432,29654,733482,20.24%,21.44%,
107/03/29,-712,0,-2,-714,693261,11434,29624,734319,20.26%,21.46%,
107/03/28,-716,-7,-84,-807,694198,11434,29626,735258,20.29%,21.49%,
107/03/27,513,-262,4,255,695004,11441,29710,736155,20.31%,21.51%,
107/03/26,-738,-320,-16,-1074,694491,11703,29706,735900,20.30%,21.51%,
107/03/23,-1257,-55,126,-1186,695173,12024,29722,736919,20.32%,21.54%,
107/03/22,2188,-82,22,2128,696355,12079,29596,738030,20.35%,21.57%,
107/03/21,-91,-152,-37,-280,693811,12161,29574,735546,20.28%,21.50%,
107/03/20,-3117,-89,21,-3185,693931,12313,29611,735855,20.28%,21.51%,
107/03/19,-2658,-130,200,-2588,697285,12402,29590,739277,20.38%,21.61%,
107/03/16,-7762,-709,600,-7871,699943,12532,29390,741865,20.46%,21.69%,
107/03/15,-5548,-350,167,-5731,707775,13241,28790,749806,20.69%,21.92%,
107/03/14,-8654,-192,204,-8642,713520,13591,28623,755734,20.85%,22.08%,
107/03/13,-4929,-100,319,-4710,722196,13783,28419,764398,21.11%,22.34%,
107/03/12,-5290,-96,537,-4849,727069,13883,28100,769052,21.25%,22.48%,
107/03/09,-1157,-35,82,-1110,732475,13979,27563,774017,21.41%,22.62%,
107/03/08,-1591,-261,0,-1852,733633,14014,27481,775128,21.44%,22.65%,
107/03/07,-2044,-8,19,-2033,735173,14275,27481,776929,21.49%,22.71%,
107/03/06,740,0,40,780,737212,14283,27462,778957,21.55%,22.77%,
107/03/05,-1677,-110,-24,-1811,736695,14283,27422,778400,21.53%,22.75%,
107/03/02,-1569,-100,180,-1489,738362,14393,27446,780201,21.58%,22.80%,
107/03/01,-5183,-110,-1,-5294,739620,14493,27266,781379,21.62%,22.84%,
107/02/27,-2051,-82,1,-2132,744804,14603,27267,786674,21.77%,22.99%,
107/02/26,-2619,-53,-105,-2777,746665,14685,27266,788616,21.82%,23.05%,
107/02/23,-2937,-27,2,-2962,749284,14738,27371,791393,21.90%,23.13%,
107/02/22,-4589,-18,7,-4600,752008,14765,27369,794142,21.98%,23.21%,
107/02/21,-2425,-9,-89,-2523,756534,14783,27362,798679,22.11%,23.34%,
107/02/12,-2322,0,-30,-2352,759082,14792,27451,801325,22.18%,23.41%,
107/02/09,-3643,6,540,-3097,761429,14792,27481,803702,22.25%,23.49%,
107/02/08,-4011,1,-9,-4019,765093,14786,26941,806820,22.36%,23.58%,
107/02/07,-3018,1812,-20,-1226,769143,14785,26950,810878,22.48%,23.70%,
107/02/06,-6610,471,-21,-6160,772210,12973,26970,812153,22.57%,23.74%,
107/02/05,-479,0,-286,-765,778820,12502,26991,818313,22.76%,23.91%,
107/02/02,-3262,0,40,-3222,779273,12502,27277,819052,22.78%,23.94%,
107/02/01,192,0,-10,182,782538,12502,27237,822277,22.87%,24.03%,
107/01/31,-52,-30,130,48,782346,12502,27247,822095,22.87%,24.03%,
107/01/30,-183,0,-111,-294,782398,12532,27117,822047,22.87%,24.03%,
107/01/29,224,0,-4,220,782678,12532,27228,822438,22.87%,24.03%,
107/01/26,492,-108,25,409,782455,12532,27232,822219,22.87%,24.03%,
107/01/25,576,0,4,580,782143,12640,27207,821990,22.86%,24.02%,
107/01/24,-1350,-88,-7,-1445,781355,12640,27203,821198,22.84%,24.00%,
107/01/23,-2142,0,14,-2128,782697,12728,27210,822635,22.88%,24.05%,
107/01/22,-1392,0,-5,-1397,784839,12728,27196,824763,22.94%,24.11%,
107/01/19,-3918,0,9,-3909,786231,12728,27201,826160,22.98%,24.15%,
107/01/18,-7826,-150,176,-7800,790013,12728,27192,829933,23.09%,24.26%,
107/01/17,-2189,46,-30,-2173,797849,12878,27016,837743,23.32%,24.49%,
107/01/16,-2051,-8,31,-2028,800038,12832,27046,839916,23.38%,24.55%,
107/01/15,-252,0,14,-238,802089,12840,27015,841944,23.44%,24.61%,
107/01/12,-210,-1,225,14,802331,12840,27001,842172,23.45%,24.61%,
107/01/11,1202,0,3,1205,802541,12841,26776,842158,23.46%,24.62%,
107/01/10,-2194,159,16,-2019,801338,12841,26773,840952,23.42%,24.58%,
107/01/09,-1969,0,-4,-1973,803522,12682,26757,842961,23.48%,24.63%,
107/01/08,-2087,0,-6,-2093,805491,12682,26761,844934,23.54%,24.69%,
107/01/05,-5398,-109,-1,-5508,807578,12682,26767,847027,23.60%,24.75%,
107/01/04,-3122,-250,-6,-3378,812976,12791,26768,852535,23.76%,24.92%,
107/01/03,-3008,-200,0,-3208,816098,13041,26774,855913,23.85%,25.01%,
107/01/02,-4879,0,-5,-4884,819107,13241,26774,859122,23.94%,25.11%,
106/12/29,-4195,-14,2,-4207,823986,13241,26779,864006,24.08%,25.25%,
106/12/28,331,9,-2,338,828181,13469,26777,868427,24.20%,25.38%,
106/12/27,599,10,-12,597,827850,13460,26779,868089,24.20%,25.38%,
106/12/26,-2547,6,-2,-2543,827128,13450,26791,867369,24.17%,25.35%,
106/12/25,-5086,0,15,-5071,829675,13444,26793,869912,24.25%,25.43%,
106/12/22,-1830,0,2,-1828,834761,13444,26778,874983,24.40%,25.58%,
106/12/21,-5697,0,0,-5697,836591,13444,26776,876811,24.45%,25.63%,
106/12/20,-2637,0,64,-2573,842305,13444,26776,882525,24.62%,25.80%,
106/12/19,-4431,0,-2,-4433,844973,13444,26712,885129,24.70%,25.87%,
106/12/18,-1002,415,-8,-595,849404,13444,26714,889562,24.83%,26.00%,
106/12/15,-6454,296,-689,-6847,850438,13029,26722,890189,24.86%,26.02%,
106/12/14,-2895,283,-1112,-3724,856892,12733,27411,897036,25.04%,26.21%,
106/12/13,-4371,130,-1392,-5633,859787,12450,28523,900760,25.13%,26.33%,
106/12/12,-286,155,-1396,-1527,864421,12320,29915,906656,25.26%,26.49%,
106/12/11,-4336,23,-1355,-5668,864767,12165,31311,908243,25.27%,26.54%,
106/12/08,-6481,-440,-780,-7701,869123,12142,32666,913931,25.40%,26.71%,
106/12/07,486,0,-1187,-701,875894,12582,33446,921922,25.60%,26.95%,
106/12/06,-654,5,-1065,-1714,875398,12582,34633,922613,25.59%,26.97%,
106/12/05,958,180,-1178,-40,876053,12577,35698,924328,25.60%,27.01%,
106/12/04,-81,0,-697,-778,875095,12397,36876,924368,25.58%,27.02%,
106/12/01,387,2,2,391,875145,12397,37573,925115,25.58%,27.04%,
106/11/30,-1442,10,26,-1406,874757,12395,37571,924723,25.57%,27.03%,
106/11/29,-1548,-30,100,-1478,876200,12385,37545,926130,25.61%,27.07%,
106/11/28,-1,-4,1,-4,877747,12415,37445,927607,25.65%,27.11%,
106/11/27,-980,0,-1,-981,877692,12419,37444,927555,25.65%,27.11%,
106/11/24,-812,0,0,-812,878672,12419,37445,928536,25.68%,27.14%,
106/11/23,-747,191,1,-555,879484,12419,37445,929348,25.70%,27.16%,
106/11/22,510,383,-8,885,880231,12228,37444,929903,25.73%,27.18%,
106/11/21,-172,0,-2,-174,879721,11845,37452,929018,25.71%,27.15%,
106/11/20,-149,0,0,-149,880201,11845,37454,929500,25.73%,27.17%,
106/11/17,633,-9,69,693,880350,11845,37454,929649,25.73%,27.17%,
106/11/16,502,232,-5,729,880343,11854,37385,929582,25.73%,27.17%,
106/11/15,-1743,395,293,-1055,879859,11622,37390,928871,25.72%,27.15%,
106/11/14,-619,-23,-8,-650,881737,11227,37097,930061,25.77%,27.18%,
106/11/13,-291,-180,18,-453,882584,11250,37105,930939,25.80%,27.21%,
106/11/10,571,2,0,573,883137,11430,37087,931654,25.81%,27.23%,
106/11/09,1412,-5,6,1413,882927,11428,37087,931442,25.81%,27.23%,
106/11/08,-55,4,-13,-64,882392,11433,37081,930906,25.79%,27.21%,
106/11/07,817,0,-12,805,882315,11429,37094,930838,25.79%,27.21%,
106/11/06,1790,-120,-2,1668,881488,11429,37106,930023,25.76%,27.18%,
106/11/03,-2394,11,-3,-2386,879622,11549,37108,928279,25.71%,27.13%,
106/11/02,-1462,-4,1,-1465,881688,11538,37111,930337,25.77%,27.19%,
106/11/01,-6620,-3,-7,-6630,882981,11542,37110,931633,25.81%,27.23%,
106/10/31,-328,0,-11,-339,889218,11545,37117,937880,25.99%,27.41%,
106/10/30,-1088,0,-6,-1094,889344,11545,37128,938017,25.99%,27.41%,
106/10/27,-800,0,-13,-813,890300,11545,37134,938979,26.02%,27.44%,
106/10/26,-113,-2,-4,-119,890912,11545,37147,939604,26.04%,27.46%,
106/10/25,-937,180,-202,-959,891125,11547,37151,939823,26.04%,27.46%,
106/10/24,-1651,-3,-5,-1659,891387,11367,37353,940107,26.05%,27.47%,
106/10/23,-1217,0,99,-1118,892913,11370,37358,941641,26.10%,27.52%,
106/10/20,-1119,377,14,-728,894336,11370,37259,942965,26.14%,27.56%,
106/10/19,-371,-11,23,-359,895455,10993,37245,943693,26.17%,27.58%,
106/10/18,-817,24,76,-717,896026,11004,37222,944252,26.19%,27.60%,
106/10/17,-108,-27,100,-35,895924,10980,37146,944050,26.19%,27.60%,
106/10/16,-704,-2,200,-506,895764,11007,37046,943817,26.18%,27.58%,
106/10/13,1114,26,0,1140,896342,11009,36846,944197,26.20%,27.60%,
106/10/12,-395,41,-24,-378,894849,10983,36846,942678,26.15%,27.55%,
106/10/11,-237,24,120,-93,894739,10942,36870,942551,26.15%,27.55%,
106/10/06,-438,77,-2,-363,894956,10918,36750,942624,26.16%,27.55%,
106/10/05,-148,32,0,-116,895394,10841,36752,942987,26.17%,27.56%,
106/10/03,-425,29,0,-396,895542,10809,36752,943103,26.17%,27.56%,
106/10/02,-229,154,-18,-93,895927,10780,36752,943459,26.19%,27.58%,
106/09/30,0,0,-2,-2,896156,10626,36770,943552,26.19%,27.58%,
106/09/29,364,100,-1,463,896156,12187,36772,945115,26.19%,27.62%,
106/09/28,814,-9,-35,770,895860,12087,36773,944720,26.18%,27.61%,
106/09/27,461,97,-16,542,895448,12096,36808,944352,26.17%,27.60%,
106/09/26,127,1911,0,2038,895232,11999,36824,944055,26.17%,27.60%,
106/09/25,111,0,9,120,895105,10088,36824,942017,26.16%,27.53%,
106/09/22,-342,0,-8,-350,894994,10088,36815,941897,26.16%,27.53%,
106/09/21,-743,0,1,-742,895336,10088,36823,942247,26.17%,27.54%,
106/09/20,-103,-14,5,-112,896079,10088,36822,942989,26.19%,27.56%,
106/09/19,1158,20,45,1223,896182,10102,36817,943101,26.19%,27.56%,
106/09/18,131,22,25,178,895068,10082,36772,941922,26.16%,27.53%,
106/09/15,-336,20,-19,-335,894992,10060,36747,941799,26.16%,27.53%,
106/09/14,279,8,-267,20,895030,10040,36766,941836,26.16%,27.53%,
106/09/13,-497,3,1,-493,894751,10032,37033,941816,26.15%,27.53%,
106/09/12,-535,31,0,-504,895248,10029,37032,942309,26.17%,27.55%,
106/09/11,-97,0,0,-97,895783,9998,37032,942813,26.18%,27.55%,
106/09/08,-557,-4,-43,-604,895906,9998,37032,942936,26.18%,27.55%,
106/09/07,-934,16,-24,-942,896463,10002,37075,943540,26.20%,27.58%,
106/09/06,-581,-1,-58,-640,897397,9986,37099,944482,26.23%,27.61%,
106/09/05,-745,0,-5,-750,897778,9987,37157,944922,26.24%,27.62%,
106/09/04,-286,0,1,-285,898522,9987,37162,945671,26.26%,27.64%,
106/09/01,-347,-2,0,-349,898808,9987,37161,945956,26.27%,27.65%,
106/08/31,-921,0,-2,-923,899155,9989,37161,946305,26.28%,27.66%,
106/08/30,-646,10,-70,-706,900076,9989,37163,947228,26.31%,27.69%,
106/08/29,-635,-3,0,-638,900721,9979,37233,947933,26.33%,27.71%,
106/08/28,507,-3,-17,487,901357,9982,37233,948572,26.34%,27.72%,
106/08/25,-596,-1,-2,-599,900849,9985,37250,948084,26.33%,27.71%,
106/08/24,-265,2,0,-263,901445,9986,37252,948683,26.35%,27.73%,
106/08/23,-484,25,-234,-693,901510,9984,37252,948746,26.35%,27.73%,
106/08/22,-125,-201,0,-326,901977,9959,37486,949422,26.36%,27.75%,
106/08/21,52,-1,-66,-15,901902,10160,37486,949548,26.36%,27.75%,
106/08/18,-612,0,-6,-618,901850,10161,37552,949563,26.36%,27.75%,
106/08/17,298,1,-38,261,902462,10161,37558,950181,26.38%,27.77%,
106/08/16,-324,-19,-231,-574,902164,10160,37596,949920,26.37%,27.77%,
106/08/15,-241,102,-26,-165,902504,10179,37827,950510,26.38%,27.78%,
106/08/14,-561,-1,16,-546,902745,10077,37853,950675,26.38%,27.78%,
106/08/11,-381,-1,5,-377,903307,10078,37837,951222,26.40%,27.80%,
106/08/10,259,-7,57,309,903688,10079,37832,951599,26.41%,27.81%,
106/08/09,-177,4,-136,-309,903612,10086,37775,951473,26.41%,27.81%,
106/08/08,-122,1,-4,-125,903790,10082,37911,951783,26.42%,27.82%,
106/08/07,-328,3,0,-325,903918,10081,37915,951914,26.42%,27.82%,
106/08/04,-626,4,-30,-652,904245,10078,37915,952238,26.43%,27.83%,
106/08/03,-832,4,-9,-837,904871,10074,37945,952890,26.45%,27.85%,
106/08/02,534,-3,-8,523,905749,10070,37954,953773,26.47%,27.87%,
106/08/01,1352,-5,0,1347,905300,10073,37962,953335,26.46%,27.86%,
106/07/31,468,-32,-26,410,903948,10078,37962,951988,26.42%,27.82%,
106/07/28,-586,0,-101,-687,903459,10110,37988,951557,26.41%,27.82%,
106/07/27,751,0,-109,642,903952,10110,38089,952151,26.42%,27.83%,
106/07/26,694,31,-179,546,902957,10110,38198,951265,26.39%,27.80%,
106/07/25,-460,61,-10,-409,901622,10079,38377,950078,26.35%,27.77%,
106/07/24,517,0,23,540,901830,10018,38387,950235,26.36%,27.78%,
106/07/21,-294,0,-40,-334,901200,10018,38364,949582,26.34%,27.75%,
106/07/20,324,2,-10,316,901494,10018,38404,949916,26.35%,27.77%,
106/07/19,-547,0,63,-484,901174,10016,38414,949604,26.34%,27.76%,
106/07/18,-15,-129,-19,-163,901721,10016,38351,950088,26.35%,27.76%,
106/07/17,621,-120,-26,475,901801,10145,38370,950316,26.36%,27.78%,
106/07/14,-957,-6,-10,-973,901110,10265,38396,949771,26.34%,27.76%,
106/07/13,1307,-42,-36,1229,902067,10271,38406,950744,26.36%,27.78%,
106/07/12,1011,-11,-140,860,900760,10313,38442,949515,26.33%,27.76%,
106/07/11,151,0,-466,-315,899826,10324,38582,948732,26.30%,27.73%,
106/07/10,-1140,-6,399,-747,899365,10324,39048,948737,26.29%,27.73%,
106/07/07,-884,0,157,-727,900506,10330,38649,949485,26.32%,27.75%,
106/07/06,-1346,423,-26,-949,901387,10330,38492,950209,26.34%,27.77%,
106/07/05,-354,8,199,-147,902733,9907,38518,951158,26.38%,27.80%,
106/07/04,-446,-159,-69,-674,903087,9899,38319,951305,26.39%,27.80%,
106/07/03,967,-110,-38,819,903533,10058,38388,951979,26.41%,27.83%,
106/06/30,172,-15,30,187,902566,10168,38426,951160,26.38%,27.80%,
106/06/29,210,-2,141,349,902368,9050,38396,949814,26.37%,27.76%,
106/06/28,653,13,62,728,902205,9052,38255,949512,26.37%,27.75%,
106/06/27,659,-3,22,678,901522,9039,38193,948754,26.35%,27.73%,
106/06/26,1693,-157,150,1686,900863,9042,38171,948076,26.33%,27.71%,
106/06/23,-519,-38,0,-557,899440,9199,38021,946660,26.29%,27.67%,
106/06/22,826,0,93,919,900231,9237,38021,947489,26.31%,27.69%,
106/06/21,-69,-10,178,99,897922,9237,37928,945087,26.24%,27.62%,
106/06/20,-284,-14,180,-118,899538,9247,37750,946535,26.29%,27.66%,
106/06/19,483,-6,-212,265,901490,9261,37570,948321,26.35%,27.72%,
106/06/16,962,44,-211,795,901417,9267,37782,948466,26.35%,27.73%,
106/06/15,-440,0,-223,-663,901184,9223,37993,948400,26.34%,27.72%,
106/06/14,-504,0,-139,-643,903681,9223,38216,951120,26.41%,27.80%,
106/06/13,-4,0,-195,-199,904271,9223,38355,951849,26.43%,27.82%,
106/06/12,-1807,0,-206,-2013,904658,9223,38550,952431,26.44%,27.84%,
106/06/09,253,-5,-327,-79,905776,9223,38756,953755,26.47%,27.87%,
106/06/08,-675,0,-150,-825,904994,9228,39083,953305,26.45%,27.86%,
106/06/07,-254,-5,-257,-516,905669,9228,39233,954130,26.47%,27.89%,
106/06/06,-528,-3,-101,-632,905573,9233,39490,954296,26.47%,27.89%,
106/06/05,-113,-5,-1,-119,906618,9236,39590,955444,26.50%,27.93%,
106/06/03,0,-5,-48,-53,906731,9241,39591,955563,26.50%,27.93%,
106/06/02,-334,-13,-100,-447,904970,9246,39639,953855,26.45%,27.88%,
106/06/01,379,0,-399,-20,905304,9259,39739,954302,26.46%,27.89%,
106/05/31,-896,0,202,-694,904690,9259,40138,954087,26.44%,27.88%,
106/05/26,-491,-18,-501,-1010,904986,9259,39936,954181,26.45%,27.89%,
106/05/25,-1236,-3,-493,-1732,905804,9277,40437,955518,26.47%,27.92%,
106/05/24,-567,18,-356,-905,906370,9280,40930,956580,26.49%,27.96%,
106/05/23,1436,-8,-2,1426,909168,9262,41286,959716,26.57%,28.05%,
106/05/22,-443,0,-313,-756,907730,9270,41288,958288,26.53%,28.01%,
106/05/19,-786,0,-163,-949,908270,9270,41601,959141,26.55%,28.04%,
106/05/18,246,-19,-365,-138,909317,9270,41764,960351,26.58%,28.07%,
106/05/17,-1131,12,-9,-1128,907071,9288,42129,958488,26.51%,28.01%,
106/05/16,-582,390,-596,-788,907644,9276,42138,959058,26.53%,28.03%,
106/05/15,-1327,134,-141,-1334,908275,8886,42734,959895,26.55%,28.06%,
106/05/12,121,-8,-434,-321,909421,8752,42875,961048,26.58%,28.09%,
106/05/11,-349,0,5,-344,909483,8760,43309,961552,26.58%,28.10%,
106/05/10,-1809,-10,-30,-1849,909732,8760,43304,961796,26.59%,28.11%,
106/05/09,-1257,-138,-16,-1411,911279,8770,43334,963383,26.63%,28.15%,
106/05/08,606,13,-125,494,912507,8908,43351,964766,26.67%,28.20%,
106/05/05,-1527,54,-8,-1481,912151,8895,43476,964522,26.66%,28.19%,
106/05/04,-286,84,-502,-704,913557,8842,43484,965883,26.70%,28.23%,
106/05/03,-393,35,-9,-367,915590,8758,43986,968334,26.76%,28.30%,
106/05/02,-2353,75,-29,-2307,915643,8723,43995,968361,26.76%,28.30%,
106/04/28,-1270,-58,-1,-1329,917187,8648,44024,969859,26.81%,28.35%,
106/04/27,-479,-13,-3,-495,918561,8706,44025,971292,26.85%,28.39%,
106/04/26,-825,-19,0,-844,919275,8719,44028,972022,26.87%,28.41%,
106/04/25,-222,-0,-4,-226,920084,8738,44028,972850,26.89%,28.43%,
106/04/24,-1581,55,0,-1526,920664,8738,44032,973434,26.91%,28.45%,
106/04/21,-1982,5,-13,-1990,922463,8683,44032,975178,26.96%,28.50%,
106/04/20,-4137,25,4,-4108,924501,8678,44045,977224,27.02%,28.56%,
106/04/19,-6048,3,-278,-6323,928657,8653,44041,981351,27.14%,28.68%,
106/04/18,-1736,0,-295,-2031,934705,8649,44319,987673,27.32%,28.87%,
106/04/17,-1043,50,-288,-1281,935984,8649,44614,989247,27.36%,28.92%,
106/04/14,-1689,-6,-310,-2005,936980,8599,44902,990481,27.39%,28.95%,
106/04/13,-2328,1,-18,-2345,938047,8605,45212,991864,27.42%,28.99%,
106/04/12,-3571,0,0,-3571,939555,8604,45230,993389,27.46%,29.03%,
106/04/11,-1950,113,0,-1837,942723,8604,45230,996557,27.55%,29.12%,
106/04/10,-2419,0,0,-2419,944674,8491,45230,998395,27.61%,29.18%,
106/04/07,-1741,0,-5,-1746,947054,8491,45230,1000775,27.68%,29.25%,
106/04/06,-439,-9,13,-435,948785,8491,45235,1002511,27.73%,29.30%,
106/04/05,-1453,153,-8,-1308,948674,8500,45222,1002396,27.73%,29.30%,
106/03/31,136,4,1,141,950227,8347,45230,1003804,27.77%,29.34%,
106/03/30,-502,5,0,-497,950194,9160,45229,1004583,27.77%,29.36%,
106/03/29,-1050,135,105,-810,950696,9155,45229,1005080,27.79%,29.38%,
106/03/28,-1142,6,46,-1090,951747,9020,45124,1005891,27.82%,29.40%,
106/03/27,1180,7,-79,1108,952889,9014,45078,1006981,27.85%,29.43%,
106/03/24,-1950,-54,-310,-2314,951709,9007,45157,1005873,27.82%,29.40%,
106/03/23,-2606,-11,-4,-2621,953652,9061,45467,1008180,27.87%,29.46%,
106/03/22,-3096,-37,25,-3108,956248,9072,45471,1010791,27.95%,29.54%,
106/03/21,151,-66,-1016,-931,959961,9109,45446,1014516,28.06%,29.65%,
106/03/20,-82,-31,-377,-490,959165,9175,46462,1014802,28.03%,29.66%,
106/03/17,-1439,-259,-60,-1758,959248,9206,46839,1015293,28.04%,29.68%,
106/03/16,-1681,0,138,-1543,960676,9465,46899,1017040,28.08%,29.73%,
106/03/15,-1149,20,51,-1078,962225,9465,46761,1018451,28.12%,29.76%,
106/03/14,-3833,-37,19,-3851,963164,9445,46710,1019319,28.15%,29.79%,
106/03/13,-2324,0,-36,-2360,966884,9482,46691,1023057,28.26%,29.90%,
106/03/10,-2979,-1,7,-2973,969197,9482,46727,1025406,28.33%,29.97%,
106/03/09,-4624,0,25,-4599,971665,9483,46720,1027868,28.40%,30.04%,
106/03/08,-4504,0,-12,-4516,976213,9483,46695,1032391,28.53%,30.17%,
106/03/07,-165,99,1,-65,980564,9483,46707,1036754,28.66%,30.30%,
106/03/06,-2259,0,-4,-2263,980728,9384,46706,1036818,28.66%,30.30%,
106/03/03,-2618,-3,-15,-2636,982973,9384,46710,1039067,28.73%,30.37%,
106/03/02,-2251,-29,-4,-2284,985581,9387,46725,1041693,28.81%,30.45%,
106/03/01,-5180,-2,-2,-5184,987832,9416,46729,1043977,28.87%,30.51%,
106/02/24,-3144,-1,-18,-3163,993001,9418,46731,1049150,29.02%,30.66%,
106/02/23,-578,20,11,-547,996740,9419,46749,1052908,29.13%,30.77%,
106/02/22,-2333,-22,-4,-2359,997355,9399,46738,1053492,29.15%,30.79%,
106/02/21,-973,0,17,-956,999733,9421,46742,1055896,29.22%,30.86%,
106/02/20,-4230,97,120,-4013,1000695,9421,46725,1056841,29.25%,30.89%,
106/02/18,-232,0,-6,-238,1004871,9324,46605,1060800,29.37%,31.00%,
106/02/17,-8021,0,0,-8021,1004903,9324,46611,1060838,29.37%,31.01%,
106/02/16,-3827,-70,15,-3882,1012924,9324,46611,1068859,29.61%,31.25%,
106/02/15,-1958,-145,17,-2086,1016055,9394,46596,1072045,29.70%,31.34%,
106/02/14,183,0,-3,180,1018012,9539,46579,1074130,29.75%,31.39%,
106/02/13,-1511,0,-2,-1513,1017612,9539,46582,1073733,29.74%,31.38%,
106/02/10,-1171,0,22,-1149,1019123,9539,46584,1075246,29.79%,31.43%,
106/02/09,130,-47,-15,68,1020293,9539,46562,1076394,29.82%,31.46%,
106/02/08,-3016,77,-47,-2986,1020163,9586,46577,1076326,29.82%,31.46%,
106/02/07,-2586,-45,-6,-2637,1023158,9509,46624,1079291,29.90%,31.54%,
106/02/06,953,-40,-28,885,1025678,9554,46630,1081862,29.98%,31.62%,
106/02/03,-2783,1,98,-2684,1024725,9594,46658,1080977,29.95%,31.59%,
106/02/02,-6663,-306,146,-6823,1027508,9593,46560,1083661,30.03%,31.67%,
106/01/24,-1991,0,50,-1941,1034007,9899,46414,1090320,30.22%,31.87%,
106/01/23,-253,0,196,-57,1035967,9899,46364,1092230,30.28%,31.92%,
106/01/20,-1469,0,150,-1319,1038676,9899,46168,1094743,30.36%,32.00%,
106/01/19,-2000,-46,-18,-2064,1040058,9899,46018,1095975,30.40%,32.03%,
106/01/18,-1790,-18,-89,-1897,1042047,9945,46036,1098028,30.46%,32.10%,
106/01/17,-834,0,-5,-839,1043810,9963,46125,1099898,30.51%,32.15%,
106/01/16,-1134,0,0,-1134,1044628,9963,46130,1100721,30.53%,32.17%,
106/01/13,510,50,0,560,1045762,9963,46130,1101855,30.57%,32.21%,
106/01/12,-350,-28,-2,-380,1045687,9913,46130,1101730,30.56%,32.20%,
106/01/11,400,-54,0,346,1046027,9941,46132,1102100,30.57%,32.21%,
106/01/10,-1326,0,0,-1326,1045628,9995,46132,1101755,30.56%,32.20%,
106/01/09,-1444,0,-1,-1445,1046328,9995,46132,1102455,30.58%,32.22%,
106/01/06,-2081,-16,0,-2097,1046878,9995,46133,1103006,30.60%,32.24%,
106/01/05,-218,-72,-8,-298,1048781,10011,46133,1104925,30.65%,32.29%,
106/01/04,820,0,-11,809,1048492,10083,46141,1104716,30.65%,32.29%,
106/01/03,-344,0,0,-344,1047372,10083,46152,1103607,30.61%,32.25%,
105/12/30,1223,50,1,1274,1047677,10083,46152,1103912,30.62%,32.26%,
105/12/29,1961,-31,0,1930,1046454,10033,46151,1102638,30.59%,32.23%,
105/12/28,1145,0,2,1147,1044493,10064,46151,1100708,30.53%,32.17%,
105/12/27,503,0,55,558,1044045,10064,46149,1100258,30.52%,32.16%,
105/12/26,-74,0,0,-74,1043542,10064,46094,1099700,30.50%,32.14%,
105/12/23,-646,-14,50,-610,1043766,10064,46094,1099924,30.51%,32.15%,
105/12/22,-130,-64,-8,-202,1044412,10078,46044,1100534,30.53%,32.17%,
105/12/21,-2938,-67,227,-2778,1045604,10142,46052,1101798,30.56%,32.20%,
105/12/20,-743,0,59,-684,1049042,10209,45825,1105076,30.66%,32.30%,
105/12/19,-1159,-34,43,-1150,1049158,10209,45766,1105133,30.66%,32.30%,
105/12/16,-558,-180,21,-717,1050317,10243,45723,1106283,30.70%,32.34%,
105/12/15,-1518,0,9,-1509,1050834,10423,45702,1106959,30.71%,32.35%,
105/12/14,-3250,39,0,-3211,1052352,10423,45693,1108468,30.76%,32.40%,
105/12/13,-3162,-6,0,-3168,1055632,10384,45693,1111709,30.85%,32.49%,
105/12/12,-4700,0,39,-4661,1058794,10390,45693,1114877,30.95%,32.59%,
105/12/09,-4833,0,0,-4833,1062830,10390,45654,1118874,31.06%,32.70%,
105/12/08,206,0,15,221,1067663,10390,45654,1123707,31.21%,32.85%,
105/12/07,-1542,44,0,-1498,1067457,10390,45639,1123486,31.20%,32.84%,
105/12/06,-2847,0,24,-2823,1068677,10346,45639,1124662,31.24%,32.88%,
105/12/05,-4291,-1,5,-4287,1071524,10346,45615,1127485,31.32%,32.96%,
105/12/02,-3634,0,-69,-3703,1075816,10347,45610,1131773,31.44%,33.08%,
105/12/01,-5589,-126,9,-5706,1079418,10347,45678,1135443,31.55%,33.19%,
105/11/30,-1668,0,0,-1668,1085008,10473,45669,1141150,31.71%,33.35%,
105/11/29,-3460,-41,3,-3498,1086676,10473,45669,1142818,31.76%,33.40%,
105/11/28,-691,-149,23,-817,1090136,10514,45666,1146316,31.86%,33.50%,
105/11/25,-1064,-25,-24,-1113,1090777,10663,45643,1147083,31.88%,33.53%,
105/11/24,-4018,-55,-20,-4093,1091841,10688,45667,1148196,31.91%,33.56%,
105/11/23,-2597,-60,-34,-2691,1095858,10743,45687,1152288,32.03%,33.68%,
105/11/22,-3623,0,-38,-3661,1098644,10803,45721,1155168,32.11%,33.76%,
105/11/21,-3810,0,-2,-3812,1102267,10803,45759,1158829,32.22%,33.87%,
105/11/18,-2857,-81,78,-2860,1106056,10803,45761,1162620,32.33%,33.98%,
105/11/17,-4494,-21,0,-4515,1108703,10884,45683,1165270,32.41%,34.06%,
105/11/16,-9359,0,0,-9359,1113201,10905,45683,1169789,32.54%,34.19%,
105/11/15,-9100,38,0,-9062,1122707,10905,45683,1179295,32.81%,34.46%,
105/11/14,-6480,-3,35,-6448,1131656,10867,45683,1188206,33.08%,34.73%,
105/11/11,-9078,0,-1,-9079,1138137,10870,45648,1194655,33.27%,34.92%,
105/11/10,-2422,0,24,-2398,1147215,10870,45649,1203734,33.53%,35.18%,
105/11/09,-3179,16,-129,-3292,1149637,10870,45625,1206132,33.60%,35.25%,
105/11/08,-690,0,-4,-694,1152820,10854,45754,1209428,33.69%,35.34%,
105/11/07,-766,-2,59,-709,1153380,10854,45758,1209992,33.71%,35.36%,
105/11/04,-2113,-54,50,-2117,1154146,10856,45699,1210701,33.73%,35.38%,
105/11/03,-2646,-65,28,-2683,1156260,10910,45649,1212819,33.80%,35.45%,
105/11/02,-2740,-0,157,-2583,1158906,10975,45621,1215502,33.87%,35.52%,
105/11/01,-1553,-320,4,-1869,1161646,10975,45464,1218085,33.95%,35.60%,
105/10/31,-2760,-28,69,-2719,1163173,11295,45460,1219928,34.00%,35.66%,
105/10/28,-2218,100,52,-2066,1166244,11323,45391,1222958,34.09%,35.75%,
105/10/27,-2557,60,1,-2496,1168462,11223,45339,1225024,34.15%,35.80%,
105/10/26,-1496,0,0,-1496,1171018,11163,45338,1227519,34.23%,35.88%,
105/10/25,-1152,9,-3,-1146,1172196,11163,45338,1228697,34.26%,35.91%,
105/10/24,-2060,15,0,-2045,1173288,11154,45341,1229783,34.29%,35.94%,
105/10/21,-1086,214,-43,-915,1175348,11139,45341,1231828,34.35%,36.00%,
105/10/20,-720,0,-22,-742,1176350,10925,45384,1232659,34.38%,36.03%,
105/10/19,-1383,0,16,-1367,1176890,10925,45406,1233221,34.40%,36.05%,
105/10/18,-1107,66,-4,-1045,1178082,10925,45390,1234397,34.43%,36.08%,
105/10/17,-2543,0,102,-2441,1179114,10859,45394,1235367,34.46%,36.10%,
105/10/14,-1830,-54,24,-1860,1181657,10859,45292,1237808,34.54%,36.18%,
105/10/13,-150,-88,-10,-248,1183382,10913,45268,1239563,34.59%,36.23%,
105/10/12,-1503,19,23,-1461,1183532,11001,45278,1239811,34.59%,36.24%,
105/10/11,-694,-22,-27,-743,1185035,10982,45255,1241272,34.64%,36.28%,
105/10/07,-1686,-118,0,-1804,1185729,11004,45282,1242015,34.66%,36.31%,
105/10/06,97,26,-27,96,1187415,11122,45282,1243819,34.71%,36.36%,
105/10/05,558,0,-4,554,1187318,11096,45309,1243723,34.70%,36.35%,
105/10/04,752,0,-3,749,1186761,11096,45313,1243170,34.69%,36.34%,
105/10/03,1294,0,0,1294,1186009,11096,45316,1242421,34.67%,36.32%,
105/09/30,-1185,22,7,-1156,1184749,11096,45316,1241161,34.63%,36.28%,
105/09/29,-809,0,5,-804,1185102,15894,45309,1246305,34.64%,36.43%,
105/09/26,-497,0,0,-497,1185911,15894,45304,1247109,34.66%,36.45%,
105/09/23,1143,46,32,1221,1186408,15894,45304,1247606,34.68%,36.47%,
105/09/22,769,64,-23,810,1185223,15848,45272,1246343,34.64%,36.43%,
105/09/21,-240,0,-91,-331,1184454,15784,45295,1245533,34.62%,36.41%,
105/09/20,-372,0,-16,-388,1184694,15784,45386,1245864,34.63%,36.42%,
105/09/19,4852,-170,-15,4667,1185066,15784,45402,1246252,34.64%,36.43%,
105/09/14,-1835,22,0,-1813,1180214,15954,45417,1241585,34.50%,36.29%,
105/09/13,-2566,-2,-16,-2584,1182049,15932,45417,1243398,34.55%,36.34%,
105/09/12,-1048,0,0,-1048,1184573,15935,45433,1245941,34.62%,36.41%,
105/09/10,-887,0,-149,-1036,1185566,15935,45433,1246934,34.65%,36.44%,
105/09/09,-768,0,-25,-793,1186441,15935,45582,1247958,34.68%,36.48%,
105/09/08,954,7,-2,959,1187209,15935,45607,1248751,34.70%,36.50%,
105/09/07,1097,130,8,1235,1186125,15928,45609,1247662,34.67%,36.47%,
105/09/06,-151,0,1,-150,1184902,15798,45601,1246301,34.63%,36.42%,
105/09/05,1180,74,8,1262,1184990,15798,45600,1246388,34.64%,36.43%,
105/09/02,-134,0,24,-110,1183726,15724,45592,1245042,34.60%,36.39%,
105/09/01,-303,35,-117,-385,1183820,15724,45568,1245112,34.60%,36.39%,
105/08/31,-1220,0,-92,-1312,1184124,15689,45685,1245498,34.61%,36.40%,
105/08/30,-122,10,-21,-133,1185494,15689,45777,1246960,34.65%,36.45%,
105/08/29,-939,-124,-44,-1107,1185605,15679,45798,1247082,34.65%,36.45%,
105/08/26,259,0,2,261,1186744,15803,45842,1248389,34.69%,36.49%,
105/08/25,541,6,-2,545,1186484,15803,45840,1248127,34.68%,36.48%,
105/08/24,1718,-4,2,1716,1185943,15797,45842,1247582,34.66%,36.46%,
105/08/23,-555,-5,0,-560,1184225,15801,45840,1245866,34.61%,36.41%,
105/08/22,-401,-121,-10,-532,1184907,15806,45840,1246553,34.63%,36.43%,
105/08/19,-1969,-14,-34,-2017,1185312,15927,45850,1247089,34.64%,36.45%,
105/08/18,-20,-2,-13,-35,1187324,15941,45884,1249149,34.70%,36.51%,
105/08/17,497,0,-43,454,1187475,15943,45897,1249315,34.71%,36.52%,
105/08/16,-279,-75,-12,-366,1186979,15943,45940,1248862,34.69%,36.50%,
105/08/15,639,-7,-8,624,1187126,16018,45952,1249096,34.70%,36.51%,
105/08/12,2624,46,8,2678,1186399,16025,45960,1248384,34.68%,36.49%,
105/08/11,2378,-9,-473,1896,1183759,15979,45952,1245690,34.60%,36.41%,
105/08/10,814,27,-26,815,1181994,15988,46425,1244407,34.55%,36.37%,
105/08/09,1382,0,30,1412,1181065,15961,46451,1243477,34.52%,36.34%,
105/08/08,2950,32,7,2989,1179683,15961,46421,1242065,34.48%,36.30%,
105/08/05,1209,-2,0,1207,1176873,15929,46414,1239216,34.40%,36.22%,
105/08/04,-161,-1,-38,-200,1175664,15931,46414,1238009,34.36%,36.18%,
105/08/03,721,-244,-37,440,1175821,15932,46452,1238205,34.37%,36.19%,
105/08/02,222,27,-1,248,1175100,16176,46489,1237765,34.35%,36.18%,
105/08/01,1616,0,-174,1442,1175350,16149,46490,1237989,34.35%,36.18%,
105/07/29,552,38,45,635,1174056,16149,46664,1236869,34.32%,36.16%,
105/07/28,4758,96,53,4907,1173752,16111,46619,1236482,34.31%,36.14%,
105/07/27,2683,-242,35,2476,1169434,16015,46566,1232015,34.18%,36.01%,
105/07/26,1647,23,54,1724,1166751,16257,46531,1229539,34.10%,35.94%,
105/07/25,433,-342,44,135,1163771,16234,46477,1226482,34.02%,35.85%,
105/07/22,775,19,34,828,1162961,16576,46433,1225970,33.99%,35.83%,
105/07/21,4498,8,-40,4466,1161065,16557,46399,1224021,33.94%,35.78%,
105/07/20,7069,7,102,7178,1156825,16549,46439,1219813,33.81%,35.65%,
105/07/19,6306,66,13,6385,1149284,16542,46337,1212163,33.59%,35.43%,
105/07/18,7756,-95,16,7677,1142957,16476,46324,1205757,33.41%,35.25%,
105/07/15,4594,-5,66,4655,1134671,16571,46308,1197550,33.16%,35.00%,
105/07/14,722,-22,5,705,1130044,16576,46242,1192862,33.03%,34.87%,
105/07/13,5136,0,-1009,4127,1129310,16598,46237,1192145,33.01%,34.85%,
105/07/12,983,100,16,1099,1124170,16598,47246,1188014,32.86%,34.73%,
105/07/11,2207,65,-56,2216,1123187,16498,47230,1186915,32.83%,34.69%,
105/07/07,3349,50,82,3481,1120729,16433,47286,1184448,32.76%,34.62%,
105/07/06,557,-15,135,677,1117380,16383,47204,1180967,32.66%,34.52%,
105/07/05,208,-15,62,255,1116823,16398,47069,1180290,32.64%,34.50%,
105/07/04,103,0,-568,-465,1116615,16413,47007,1180035,32.64%,34.49%,
105/07/01,1287,10,-62,1235,1116512,16413,47575,1180500,32.63%,34.50%,
105/06/30,525,54,-1866,-1287,1115224,16403,47637,1179264,32.60%,34.47%,
105/06/29,1501,152,1612,3265,1114780,15564,49503,1179847,32.58%,34.48%,
105/06/28,117,3,1599,1719,1113270,15412,47891,1176573,32.54%,34.39%,
105/06/27,811,0,1114,1925,1114066,15409,46292,1175767,32.56%,34.36%,
105/06/24,-1370,0,1158,-212,1113241,15409,45178,1173828,32.54%,34.31%,
105/06/23,1546,0,444,1990,1114641,15409,44020,1174070,32.58%,34.32%,
105/06/22,1107,0,685,1792,1113509,15409,43576,1172494,32.55%,34.27%,
105/06/21,175,-241,334,268,1113043,15409,42891,1171343,32.53%,34.23%,
105/06/20,1030,-3,193,1220,1111166,15650,42557,1169373,32.48%,34.18%,
105/06/17,1767,-19,68,1816,1110064,15653,42364,1168081,32.45%,34.15%,
105/06/16,-784,13,325,-446,1108225,15672,42296,1166193,32.39%,34.08%,
105/06/15,1581,0,233,1814,1108901,15659,41971,1166531,32.41%,34.09%,
105/06/14,797,0,84,881,1107352,15659,41738,1164749,32.37%,34.05%,
105/06/13,687,0,119,806,1106657,15659,41654,1163970,32.35%,34.03%,
105/06/08,1989,-11,-10,1968,1106463,15659,41535,1163657,32.34%,34.01%,
105/06/07,1244,-1,168,1411,1104520,15670,41545,1161735,32.28%,33.95%,
105/06/06,804,0,184,988,1103378,15671,41377,1160426,32.25%,33.92%,
105/06/04,-97,-58,44,-111,1102107,15671,41193,1158971,32.21%,33.87%,
105/06/03,601,0,43,644,1102290,15729,41149,1159168,32.22%,33.88%,
105/06/02,-74,-489,41,-522,1101897,15729,41106,1158732,32.21%,33.87%,
105/06/01,-302,-644,45,-901,1102592,16218,41065,1159875,32.23%,33.90%,
105/05/31,910,-632,46,324,1102976,16862,41020,1160858,32.24%,33.93%,
105/05/30,825,-480,18,363,1100012,17494,40974,1158480,32.15%,33.86%,
105/05/27,920,-837,45,128,1099169,17974,40956,1158099,32.13%,33.85%,
105/05/26,-1792,-657,45,-2404,1098168,18811,40911,1157890,32.10%,33.85%,
105/05/25,-115,0,45,-70,1100013,19468,40866,1160347,32.15%,33.91%,
105/05/24,1052,0,44,1096,1100118,19468,40821,1160407,32.15%,33.91%,
105/05/23,-991,-57,-25,-1073,1099053,19468,40777,1159298,32.12%,33.88%,
105/05/20,143,-128,20,35,1100135,19525,40802,1160462,32.15%,33.91%,
105/05/19,-1263,0,-11,-1274,1099935,19653,40782,1160370,32.15%,33.92%,
105/05/18,1588,0,106,1694,1101140,19653,40793,1161586,32.18%,33.95%,
105/05/17,521,0,29,550,1099378,19653,40687,1159718,32.13%,33.89%,
105/05/16,176,35,49,260,1099113,19653,40658,1159424,32.12%,33.88%,
105/05/13,-1437,60,103,-1274,1099000,19618,40609,1159227,32.12%,33.88%,
105/05/12,1042,0,53,1095,1100396,19558,40506,1160460,32.16%,33.92%,
105/05/11,654,299,40,993,1099385,19558,40453,1159396,32.13%,33.88%,
105/05/10,3705,874,108,4687,1098693,19259,40413,1158365,32.11%,33.85%,
105/05/09,556,437,-54,939,1095156,18385,40305,1153846,32.01%,33.73%,
105/05/06,-1046,13,53,-980,1094682,17948,40359,1152989,32.00%,33.70%,
105/05/05,-1493,-59,103,-1449,1095800,17935,40306,1154041,32.03%,33.73%,
105/05/04,931,118,38,1087,1097455,17994,40203,1155652,32.08%,33.78%,
105/05/03,-427,676,52,301,1096524,17876,40165,1154565,32.05%,33.75%,
105/04/29,-615,361,136,-118,1096951,17200,40113,1154264,32.06%,33.74%,
105/04/28,-1088,-9,4,-1093,1097566,16839,39977,1154382,32.08%,33.74%,
105/04/27,-292,41,-19,-270,1098655,16848,39973,1155476,32.11%,33.77%,
105/04/26,930,0,-28,902,1098905,16807,39992,1155704,32.12%,33.78%,
105/04/25,691,63,-80,674,1097975,16807,40020,1154802,32.09%,33.75%,
105/04/22,770,95,-2,863,1097283,16744,40100,1154127,32.07%,33.73%,
105/04/21,97,185,135,417,1096513,16649,40102,1153264,32.05%,33.71%,
105/04/20,673,138,147,958,1096416,16464,39967,1152847,32.05%,33.70%,
105/04/19,1217,255,51,1523,1095710,16326,39820,1151856,32.03%,33.67%,
105/04/18,1542,240,54,1836,1094494,16071,39769,1150334,31.99%,33.62%,
105/04/15,2191,-55,20,2156,1092952,15831,39715,1148498,31.94%,33.56%,
105/04/14,-564,27,28,-509,1090761,15886,39695,1146342,31.88%,33.50%,
105/04/13,1364,174,-3,1535,1091544,15859,39667,1147070,31.90%,33.52%,
105/04/12,-293,657,-12,352,1090180,15685,39670,1145535,31.86%,33.48%,
105/04/11,1211,48,-9,1250,1090463,15028,39682,1145173,31.87%,33.47%,
105/04/08,-44,45,-19,-18,1089252,14980,39691,1143923,31.84%,33.44%,
105/04/07,-379,-15,-34,-428,1089921,14935,39710,1144566,31.86%,33.46%,
105/04/06,-2417,33,-37,-2421,1090232,14950,39744,1144926,31.87%,33.47%,
105/04/01,-990,33,-36,-993,1092649,14917,39781,1147347,31.94%,33.54%,
105/03/31,693,93,-9,777,1093295,14884,39817,1147996,31.95%,33.55%,
105/03/30,2240,-130,1,2111,1092337,15348,39826,1147511,31.93%,33.54%,
105/03/29,121,-1,28,148,1089974,15478,39825,1145277,31.86%,33.48%,
105/03/28,223,0,13,236,1088653,15479,39797,1143929,31.82%,33.44%,
105/03/25,-215,0,0,-215,1088242,15479,39784,1143505,31.81%,33.43%,
105/03/24,-53,0,-17,-70,1088431,15479,39784,1143694,31.81%,33.43%,
105/03/23,465,-255,-17,193,1088399,15479,39801,1143679,31.81%,33.43%,
105/03/22,-59,0,-80,-139,1087934,15734,39818,1143486,31.80%,33.42%,
105/03/21,1157,-24,-8,1125,1087605,15734,39898,1143237,31.79%,33.42%,
105/03/18,-1178,25,53,-1100,1086448,15758,39906,1142112,31.75%,33.38%,
105/03/17,2980,0,18,2998,1087438,15733,39853,1143024,31.78%,33.40%,
105/03/16,-722,-50,148,-624,1084376,15733,39835,1139944,31.69%,33.31%,
105/03/15,255,0,1,256,1085098,15783,39687,1140568,31.72%,33.34%,
105/03/14,-40,0,4,-36,1084776,15783,39686,1140245,31.71%,33.33%,
105/03/11,1106,-3,-5,1098,1085756,15783,39682,1141221,31.73%,33.35%,
105/03/10,118,-2,0,116,1084643,15786,39687,1140116,31.70%,33.32%,
105/03/09,-915,-9,3,-921,1084538,15788,39687,1140013,31.70%,33.32%,
105/03/08,-329,-1,-80,-410,1085366,15797,39684,1140847,31.72%,33.34%,
105/03/07,1205,-57,-18,1130,1085699,15798,39764,1141261,31.73%,33.35%,
105/03/04,-951,0,45,-906,1084512,15855,39782,1140149,31.70%,33.33%,
105/03/03,1857,-11,-13,1833,1085400,15855,39737,1140992,31.72%,33.35%,
105/03/02,-216,-90,81,-225,1083484,15866,39750,1139100,31.67%,33.30%,
105/03/01,-476,55,-38,-459,1083539,15956,39669,1139164,31.67%,33.30%,
105/02/26,715,-244,95,566,1083959,15901,39707,1139567,31.68%,33.31%,
105/02/25,46,-100,-4,-58,1083157,16145,39612,1138914,31.66%,33.29%,
105/02/24,-2152,-16,-54,-2222,1083472,16245,39616,1139333,31.67%,33.30%,
105/02/23,-152,-250,-22,-424,1085573,16261,39670,1141504,31.73%,33.37%,
105/02/22,-495,0,-7,-502,1085667,16511,39692,1141870,31.73%,33.37%,
105/02/19,-2241,0,98,-2143,1086285,16511,39699,1142495,31.75%,33.39%,
105/02/18,-751,-12,97,-666,1088516,16511,39601,1144628,31.82%,33.46%,
105/02/17,-98,0,472,374,1089421,16523,39504,1145448,31.84%,33.48%,
105/02/16,539,0,293,832,1089675,16523,39032,1145230,31.85%,33.47%,
105/02/15,-1975,0,47,-1928,1089107,16523,38739,1144369,31.83%,33.45%,
105/02/03,-719,-100,92,-727,1091082,16523,38692,1146297,31.89%,33.50%,
105/02/02,-776,0,95,-681,1091866,16623,38600,1147089,31.91%,33.52%,
105/02/01,-1946,-18,95,-1869,1092641,16623,38505,1147769,31.94%,33.55%,
105/01/30,204,-22,72,254,1094538,16641,38410,1149589,31.99%,33.60%,
105/01/29,82,-81,106,107,1094335,16663,38338,1149336,31.99%,33.60%,
105/01/28,364,-11,90,443,1094309,16744,38232,1149285,31.98%,33.59%,
105/01/27,-28,0,105,77,1093974,16755,38142,1148871,31.97%,33.57%,
105/01/26,-1591,8,89,-1494,1094002,16755,38037,1148794,31.98%,33.58%,
105/01/25,906,-65,-29,812,1095422,16747,37948,1150117,32.02%,33.62%,
105/01/22,1030,0,-81,949,1094506,16812,37977,1149295,31.99%,33.59%,
105/01/21,-1767,-11,-42,-1820,1093600,16812,38058,1148470,31.96%,33.56%,
105/01/20,-802,-521,-76,-1399,1095148,16823,38100,1150071,32.01%,33.62%,
105/01/19,-280,-31,35,-276,1095772,17344,38176,1151292,32.03%,33.65%,
105/01/18,-1725,0,10,-1715,1095989,17375,38141,1151505,32.03%,33.65%,
105/01/15,-2229,-21,-72,-2322,1097631,17375,38131,1153137,32.08%,33.70%,
105/01/14,-407,-38,-53,-498,1099620,17396,38203,1155219,32.14%,33.77%,
105/01/13,-701,0,0,-701,1100024,17434,38256,1155714,32.15%,33.78%,
105/01/12,118,200,-75,243,1100584,17434,38256,1156274,32.17%,33.80%,
105/01/11,292,-19,-27,246,1100588,17234,38331,1156153,32.17%,33.79%,
105/01/08,-1581,43,-12,-1550,1100252,17253,38358,1155863,32.16%,33.79%,
105/01/07,-1777,-21,80,-1718,1101856,17210,38370,1157436,32.21%,33.83%,
105/01/06,-2264,-680,-17,-2961,1103638,17231,38290,1159159,32.26%,33.88%,
105/01/05,-2142,67,5,-2070,1105351,17911,38307,1161569,32.31%,33.95%,
105/01/04,-2887,129,-49,-2807,1107406,17844,38302,1163552,32.37%,34.01%,
104/12/31,312,0,-25,287,1109874,17715,38351,1165940,32.44%,34.08%,
104/12/30,-700,120,39,-541,1109552,18361,38376,1166289,32.43%,34.09%,
104/12/29,-473,-5,35,-443,1110170,18241,38337,1166748,32.45%,34.10%,
104/12/28,199,-25,33,207,1111572,18246,38302,1168120,32.49%,34.14%,
104/12/25,-179,-26,34,-171,1111373,18271,38269,1167913,32.48%,34.13%,
104/12/24,-109,0,33,-76,1111552,18297,38235,1168084,32.49%,34.14%,
104/12/23,-146,-22,33,-135,1111662,18297,38202,1168161,32.49%,34.14%,
104/12/22,-470,-39,41,-468,1110987,18319,38169,1167475,32.47%,34.12%,
104/12/21,-265,0,34,-231,1111324,18358,38128,1167810,32.48%,34.13%,
104/12/18,-909,-7,34,-882,1111654,18358,38094,1168106,32.49%,34.14%,
104/12/17,359,0,34,393,1112563,18365,38060,1168988,32.52%,34.17%,
104/12/16,-820,300,39,-481,1112745,18365,38026,1169136,32.52%,34.17%,
104/12/15,-1732,0,34,-1698,1113465,18065,37987,1169517,32.54%,34.18%,
104/12/14,-1279,71,34,-1174,1115097,18065,37953,1171115,32.59%,34.23%,
104/12/11,-1884,-59,30,-1913,1116272,17994,37919,1172185,32.63%,34.26%,
104/12/10,-3983,52,43,-3888,1118220,18053,37889,1174162,32.68%,34.32%,
104/12/09,-1900,0,34,-1866,1122106,18001,37846,1177953,32.80%,34.43%,
104/12/08,-3474,-89,39,-3524,1124006,18001,37812,1179819,32.85%,34.48%,
104/12/07,-144,-102,41,-205,1127480,18090,37773,1183343,32.95%,34.58%,
104/12/04,-2091,0,39,-2052,1127676,18192,37732,1183600,32.96%,34.59%,
104/12/03,-1657,-67,42,-1682,1129891,18192,37693,1185776,33.02%,34.65%,
104/12/02,-672,0,40,-632,1132405,18259,37651,1188315,33.10%,34.73%,
104/12/01,0,0,35,35,1133077,18259,37611,1188947,33.12%,34.75%,
104/11/30,-4403,35,5,-4363,1133077,18259,37576,1188912,33.12%,34.75%,
104/11/27,-413,67,6,-340,1137470,18224,37571,1193265,33.25%,34.88%,
104/11/26,-5294,-17,-79,-5390,1137883,18157,37565,1193605,33.26%,34.89%,
104/11/25,-5361,0,-8,-5369,1143177,18174,37644,1198995,33.41%,35.04%,
104/11/24,-676,-46,0,-722,1147538,18174,37652,1203364,33.54%,35.17%,
104/11/23,-388,-101,0,-489,1148214,18220,37652,1204086,33.56%,35.19%,
104/11/20,-295,-167,4,-458,1149024,18321,37652,1204997,33.58%,35.22%,
104/11/19,-441,-562,32,-971,1149336,18488,37648,1205472,33.59%,35.23%,
104/11/18,-936,0,10,-926,1149736,19050,37616,1206402,33.60%,35.26%,
104/11/17,-935,0,11,-924,1150662,19050,37606,1207318,33.63%,35.29%,
104/11/16,-1480,-81,11,-1550,1151700,19050,37595,1208345,33.66%,35.32%,
104/11/13,-1861,-276,-5,-2142,1153180,19131,37584,1209895,33.71%,35.37%,
104/11/12,-499,-20,2,-517,1155123,19407,37589,1212119,33.76%,35.43%,
104/11/11,-978,-13,-9,-1000,1155622,19427,37587,1212636,33.78%,35.45%,
104/11/10,-3576,-160,0,-3736,1156649,19440,37596,1213685,33.81%,35.48%,
104/11/09,-832,11,0,-821,1160222,19600,37596,1217418,33.91%,35.58%,
104/11/06,-983,0,-10,-993,1161054,19589,37596,1218239,33.94%,35.61%,
104/11/05,-368,-17,0,-385,1162037,19589,37606,1219232,33.96%,35.63%,
104/11/04,-1,35,10,44,1162405,19606,37606,1219617,33.98%,35.65%,
104/11/03,-357,-160,-7,-524,1162406,19571,37596,1219573,33.98%,35.65%,
104/11/02,-1319,0,0,-1319,1162845,19731,37603,1220179,33.99%,35.67%,
104/10/30,-782,0,0,-782,1164164,19731,37603,1221498,34.03%,35.71%,
104/10/29,-251,0,0,-251,1165043,19731,37603,1222377,34.05%,35.73%,
104/10/28,-176,0,-1,-177,1165294,19731,37603,1222628,34.06%,35.74%,
104/10/27,-443,0,13,-430,1164779,19731,37604,1222114,34.04%,35.72%,
104/10/26,1798,-150,0,1648,1164792,19731,37591,1222114,34.04%,35.72%,
104/10/23,304,-68,0,236,1162946,19881,37591,1220418,33.99%,35.67%,
104/10/22,37,-47,0,-10,1162588,19949,37591,1220128,33.98%,35.66%,
104/10/21,-744,0,56,-688,1162551,19996,37591,1220138,33.98%,35.66%,
104/10/20,659,0,-2,657,1163025,19996,37535,1220556,33.99%,35.67%,
104/10/19,-450,10,-54,-494,1162430,19996,37537,1219963,33.98%,35.66%,
104/10/16,366,4,-206,164,1162702,19986,37591,1220279,33.98%,35.66%,
104/10/15,-2180,-219,10,-2389,1162405,19982,37797,1220184,33.98%,35.67%,
104/10/14,-330,0,-7,-337,1164590,20201,37787,1222578,34.04%,35.74%,
104/10/13,-482,-186,-1,-669,1164920,20201,37794,1222915,34.05%,35.75%,
104/10/12,108,0,10,118,1165378,20387,37795,1223560,34.06%,35.76%,
104/10/08,104,0,-45,59,1165269,20387,37785,1223441,34.06%,35.76%,
104/10/07,-655,-83,0,-738,1165185,20387,37830,1223402,34.06%,35.76%,
104/10/06,-0,-303,20,-283,1165790,20470,37830,1224090,34.07%,35.77%,
104/10/05,-2487,-595,-16,-3098,1165735,20773,37810,1224318,34.07%,35.78%,
104/10/02,341,-118,0,223,1168222,21368,37826,1227416,34.15%,35.88%,
104/10/01,-1194,-493,20,-1667,1167882,21486,37826,1227194,34.14%,35.87%,
104/09/30,-2038,-363,7,-2394,1169222,21979,37806,1229007,34.17%,35.92%,
104/09/25,-875,0,30,-845,1171195,29597,37799,1238591,34.23%,36.20%,
104/09/24,-174,-28,27,-175,1171783,29597,37769,1239149,34.25%,36.22%,
104/09/23,-1577,0,10,-1567,1171944,29625,37742,1239311,34.25%,36.22%,
104/09/22,137,328,-5,460,1173141,29625,37732,1240498,34.29%,36.26%,
104/09/21,237,-323,-17,-103,1173003,29297,37737,1240037,34.28%,36.24%,
104/09/18,3217,-1277,3,1943,1172700,29619,37753,1240072,34.28%,36.25%,
104/09/17,-932,-322,-18,-1272,1169483,30896,37750,1238129,34.18%,36.19%,
104/09/16,-740,-264,106,-898,1170292,31218,37768,1239278,34.21%,36.23%,
104/09/15,-580,3,56,-521,1171032,31482,37662,1240176,34.23%,36.25%,
104/09/14,-1463,3,-8,-1468,1171559,31479,37606,1240644,34.24%,36.26%,
104/09/11,181,6,-14,173,1173022,31476,37614,1242112,34.29%,36.31%,
104/09/10,575,41,4,620,1172841,31470,37628,1241939,34.28%,36.30%,
104/09/09,-675,-64,12,-727,1172179,31429,37624,1241232,34.26%,36.28%,
104/09/08,-1687,6,-13,-1694,1172854,31493,37612,1241959,34.28%,36.30%,
104/09/07,89,76,-135,30,1174497,31487,37625,1243609,34.33%,36.35%,
104/09/04,-1320,212,-55,-1163,1174273,31411,37760,1243444,34.32%,36.34%,
104/09/03,1182,462,-130,1514,1174647,31199,37815,1243661,34.33%,36.35%,
104/09/02,382,40,-27,395,1174134,30737,37945,1242816,34.32%,36.33%,
104/09/01,649,-104,-57,488,1173720,30697,37972,1242389,34.31%,36.32%,
104/08/31,-2627,31,-78,-2674,1172862,30801,38029,1241692,34.28%,36.29%,
104/08/28,-1520,-53,253,-1320,1175489,30770,38107,1244366,34.36%,36.37%,
104/08/27,-2415,-111,-86,-2612,1177116,30823,37854,1245793,34.41%,36.42%,
104/08/26,-2742,-4,-23,-2769,1179882,30934,37940,1248756,34.49%,36.50%,
104/08/25,-2280,258,45,-1977,1182671,30938,37963,1251572,34.57%,36.58%,
104/08/24,-2744,945,83,-1716,1184789,30681,37918,1253388,34.63%,36.64%,
104/08/21,-1226,1414,-22,166,1187366,29736,37835,1254937,34.70%,36.68%,
104/08/20,-719,0,-58,-777,1188507,28322,37857,1254686,34.74%,36.67%,
104/08/19,298,-42,-14,242,1189979,28322,37915,1256216,34.78%,36.72%,
104/08/18,-931,0,20,-911,1190400,28364,37929,1256693,34.79%,36.73%,
104/08/17,-837,1,51,-785,1191331,28364,37909,1257604,34.82%,36.76%,
104/08/14,-90,-33,1,-122,1191200,28363,37858,1257421,34.82%,36.76%,
104/08/13,-150,65,10,-75,1189747,28396,37857,1256000,34.77%,36.71%,
104/08/12,-1279,-12,171,-1120,1190121,28331,37847,1256299,34.79%,36.72%,
104/08/11,-969,-66,-240,-1275,1191399,28343,37676,1257418,34.82%,36.75%,
104/08/10,-161,2,-38,-197,1192877,28409,37916,1259202,34.87%,36.81%,
104/08/07,62,161,-14,209,1193115,28407,37954,1259476,34.87%,36.81%,
104/08/06,-1307,295,88,-924,1193053,28246,37968,1259267,34.87%,36.81%,
104/08/05,1524,514,159,2197,1194563,27951,37880,1260394,34.92%,36.84%,
104/08/04,1543,24,443,2010,1193073,27437,37721,1258231,34.87%,36.77%,
104/08/03,314,16,-152,178,1191403,27413,37278,1256094,34.82%,36.71%,
104/07/31,635,52,-427,260,1190283,27397,37430,1255110,34.79%,36.69%,
104/07/30,128,128,-154,102,1189526,27345,37857,1254728,34.77%,36.68%,
104/07/29,-1282,-32,-27,-1341,1189013,27217,38011,1254241,34.75%,36.66%,
104/07/28,215,130,322,667,1189622,27249,38038,1254909,34.77%,36.68%,
104/07/27,-413,509,290,386,1189164,27119,37716,1253999,34.76%,36.66%,
104/07/24,526,148,53,727,1189577,26610,37426,1253613,34.77%,36.64%,
104/07/23,331,16,70,417,1188970,26462,37373,1252805,34.75%,36.62%,
104/07/22,-594,0,57,-537,1188504,26446,37303,1252253,34.74%,36.60%,
104/07/21,-677,0,13,-664,1189099,26446,37246,1252791,34.76%,36.62%,
104/07/20,-1747,-47,14,-1780,1189776,26446,37233,1253455,34.78%,36.64%,
104/07/17,-513,-2,8,-507,1191523,26493,37219,1255235,34.83%,36.69%,
104/07/16,313,0,-2,311,1192036,26495,37211,1255742,34.84%,36.70%,
104/07/15,-376,-8,-978,-1362,1191770,26495,37213,1255478,34.83%,36.69%,
104/07/14,1675,0,-72,1603,1192146,26503,38191,1256840,34.84%,36.73%,
104/07/13,-1111,-7,-21,-1139,1190110,26503,38263,1254876,34.79%,36.68%,
104/07/09,-1207,-4,92,-1119,1190617,26510,38284,1255411,34.80%,36.69%,
104/07/08,33,0,60,93,1191863,26514,38192,1256569,34.84%,36.73%,
104/07/07,353,0,5,358,1192018,26514,38132,1256664,34.84%,36.73%,
104/07/06,502,0,-11,491,1191665,26514,38127,1256306,34.83%,36.72%,
104/07/03,292,-100,-19,173,1191163,26514,38138,1255815,34.82%,36.71%,
104/07/02,-456,-135,-52,-643,1191237,26614,38157,1256008,34.82%,36.71%,
104/07/01,2444,0,-191,2253,1191683,26749,38209,1256641,34.83%,36.73%,
104/06/30,-246,-45,-177,-468,1189975,26749,38400,1255124,34.78%,36.68%,
104/06/29,1954,-1,-177,1776,1189984,16162,38577,1244723,34.78%,36.38%,
104/06/26,791,15,-194,612,1188744,16163,38754,1243661,34.75%,36.36%,
104/06/25,-786,43,688,-55,1190060,16148,38948,1245156,34.78%,36.39%,
104/06/24,-821,-14,221,-614,1192784,16105,38260,1247149,34.86%,36.45%,
104/06/23,-262,18,95,-149,1197191,16119,38039,1251349,34.99%,36.57%,
104/06/22,-577,-63,193,-447,1196449,16101,37944,1250494,34.97%,36.55%,
104/06/18,266,24,663,953,1197892,16164,37751,1251807,35.01%,36.59%,
104/06/17,-2238,0,103,-2135,1197537,16140,37088,1250765,35.00%,36.56%,
104/06/16,-994,0,27,-967,1200692,16140,36985,1253817,35.09%,36.64%,
104/06/15,-907,-75,7,-975,1201852,16140,36958,1254950,35.13%,36.68%,
104/06/12,-410,-23,197,-236,1204248,16215,36951,1257414,35.20%,36.75%,
104/06/11,-1157,-288,21,-1424,1205934,16238,36754,1258926,35.25%,36.80%,
104/06/10,-908,-250,13,-1145,1207161,16526,36733,1260420,35.28%,36.84%,
104/06/09,-50,0,23,-27,1208411,16776,36720,1261907,35.32%,36.88%,
104/06/08,-967,0,7,-960,1208534,16776,36697,1262007,35.32%,36.88%,
104/06/05,-2885,-4,27,-2862,1210000,16776,36690,1263466,35.37%,36.93%,
104/06/04,-3589,1,11,-3577,1212949,16780,36663,1266392,35.45%,37.01%,
104/06/03,-842,0,10,-832,1216581,16779,36652,1270012,35.56%,37.12%,
104/06/02,-2362,-28,4,-2386,1216923,16779,36642,1270344,35.57%,37.13%,
104/06/01,-1773,-40,22,-1791,1218990,16807,36638,1272435,35.63%,37.19%,
104/05/29,751,-234,-30,487,1222784,16847,36616,1276247,35.74%,37.30%,
104/05/28,-2180,-36,16,-2200,1221683,17081,36646,1275410,35.71%,37.28%,
104/05/27,-737,-40,-3,-780,1223518,17117,36630,1277265,35.76%,37.33%,
104/05/26,141,-130,7,18,1223965,17157,36633,1277755,35.77%,37.34%,
104/05/25,-284,0,8,-276,1224098,17287,36626,1278011,35.78%,37.36%,
104/05/22,-852,-300,-5,-1157,1224382,17287,36618,1278287,35.79%,37.37%,
104/05/21,-2727,-734,-56,-3517,1225307,17587,36623,1279517,35.81%,37.39%,
104/05/20,-642,0,-63,-705,1227554,18321,36679,1282554,35.88%,37.49%,
104/05/19,-49,0,-13,-62,1228186,18321,36742,1283249,35.90%,37.51%,
104/05/18,-426,0,-198,-624,1228600,18321,36755,1283676,35.91%,37.52%,
104/05/15,-1600,-58,-147,-1805,1229109,18321,36953,1284383,35.93%,37.55%,
104/05/14,-1121,3,-32,-1150,1231157,18379,37100,1286636,35.98%,37.60%,
104/05/13,-1126,-146,15,-1257,1232200,18376,37132,1287708,36.02%,37.64%,
104/05/12,-1843,0,82,-1761,1233027,18522,37117,1288666,36.04%,37.67%,
104/05/11,-651,-28,29,-650,1234898,18522,37035,1290455,36.09%,37.71%,
104/05/08,-685,126,9,-550,1235342,18550,37006,1290898,36.11%,37.73%,
104/05/07,-400,391,10,1,1235879,18424,36997,1291300,36.12%,37.74%,
104/05/06,491,465,20,976,1235940,18033,36987,1290960,36.12%,37.73%,
104/05/05,184,0,-871,-687,1235553,17568,36967,1290088,36.11%,37.70%,
104/05/04,-185,-156,18,-323,1235359,17568,37838,1290765,36.11%,37.73%,
104/04/30,-152,-1,42,-111,1235534,17724,37820,1291078,36.11%,37.73%,
104/04/29,1063,-3,158,1218,1235514,17725,37778,1291017,36.11%,37.73%,
104/04/28,1276,-2,46,1320,1234461,17728,37620,1289809,36.08%,37.70%,
104/04/27,1549,0,21,1570,1233097,17730,37574,1288401,36.04%,37.66%,
104/04/24,2098,-67,93,2124,1231558,17730,37553,1286841,36.00%,37.62%,
104/04/23,1040,-370,-21,649,1229436,17797,37460,1284693,35.93%,37.55%,
104/04/22,327,-321,8,14,1228353,18167,37481,1284001,35.90%,37.53%,
104/04/21,241,725,-18,948,1228715,18488,37473,1284676,35.91%,37.55%,
104/04/20,-807,-2,4,-805,1228474,17763,37491,1283728,35.91%,37.53%,
104/04/17,-2864,100,27,-2737,1229742,17765,37487,1284994,35.94%,37.56%,
104/04/16,-4750,-10,140,-4620,1232725,17665,37460,1287850,36.03%,37.64%,
104/04/15,-10070,499,-76,-9647,1237475,17675,37320,1292470,36.17%,37.78%,
104/04/14,-1209,-98,14,-1293,1247536,17176,37396,1302108,36.46%,38.06%,
104/04/13,-237,510,90,363,1248697,17274,37382,1303353,36.50%,38.10%,
104/04/10,-1560,-7,54,-1513,1248991,16764,37292,1303047,36.51%,38.09%,
104/04/09,763,43,-91,715,1250923,16771,37238,1304932,36.56%,38.14%,
104/04/08,-1047,-9,67,-989,1250127,16728,37329,1304184,36.54%,38.12%,
104/04/07,-661,-7,19,-649,1251178,16737,37262,1305177,36.57%,38.15%,
104/04/02,1900,0,-323,1577,1252313,16744,37243,1306300,36.60%,38.18%,
104/04/01,114,188,118,420,1250443,16744,37566,1304753,36.55%,38.14%,
104/03/31,2126,0,41,2167,1250334,16556,37448,1304338,36.55%,38.13%,
104/03/30,364,0,12,376,1248192,18186,37407,1303785,36.48%,38.11%,
104/03/27,751,43,38,832,1247818,18186,37395,1303399,36.47%,38.09%,
104/03/26,190,0,18,208,1246880,18143,37357,1302380,36.44%,38.06%,
104/03/25,701,-1,57,757,1246885,18143,37339,1302367,36.44%,38.06%,
104/03/24,691,-3,15,703,1246165,18144,37282,1301591,36.42%,38.04%,
104/03/23,37,-57,-31,-51,1245473,18147,37267,1300887,36.40%,38.02%,
104/03/20,1746,-327,-17,1402,1245437,18204,37298,1300939,36.40%,38.02%,
104/03/19,1186,55,747,1988,1243506,18531,37315,1299352,36.35%,37.98%,
104/03/18,747,0,109,856,1242302,18476,36568,1297346,36.31%,37.92%,
104/03/17,1265,-7,20,1278,1241389,18476,36459,1296324,36.28%,37.89%,
104/03/16,149,3,514,666,1240221,18483,36439,1295143,36.25%,37.86%,
104/03/13,2226,0,100,2326,1240072,18480,35925,1294477,36.25%,37.84%,
104/03/12,482,-131,131,482,1237846,18480,35825,1292151,36.18%,37.77%,
104/03/11,1661,0,-31,1630,1237305,18611,35694,1291610,36.16%,37.75%,
104/03/10,213,41,34,288,1235587,18611,35725,1289923,36.11%,37.70%,
104/03/09,-407,-85,66,-426,1234588,18570,35691,1288849,36.09%,37.68%,
104/03/06,-1038,-18,-27,-1083,1235365,18655,35625,1289645,36.11%,37.70%,
104/03/05,134,175,-63,246,1236290,18673,35652,1290615,36.14%,37.73%,
104/03/04,627,123,2,752,1236157,18498,35715,1290370,36.13%,37.71%,
104/03/03,1826,-19,8,1815,1235530,18375,35713,1289618,36.11%,37.69%,
104/03/02,947,73,24,1044,1233395,18394,35705,1287494,36.05%,37.63%,
104/02/26,743,227,46,1016,1231733,18321,35681,1285735,36.00%,37.58%,
104/02/25,2155,-10,-95,2050,1231164,18094,35635,1284893,35.99%,37.56%,
104/02/24,2185,0,-2,2183,1228818,18104,35730,1282652,35.92%,37.49%,
104/02/13,684,342,-32,994,1226412,18104,35732,1280248,35.85%,37.42%,
104/02/12,-894,611,0,-283,1225792,17762,35764,1279318,35.83%,37.39%,
104/02/11,118,0,1,119,1226650,17151,35764,1279565,35.85%,37.40%,
104/02/10,-260,40,64,-156,1226096,17151,35763,1279010,35.84%,37.39%,
104/02/09,713,1,-17,697,1226321,17111,35699,1279131,35.84%,37.38%,
104/02/06,168,-172,-9,-13,1225389,17110,35716,1278215,35.82%,37.36%,
104/02/05,-245,-120,-37,-402,1225211,17282,35725,1278218,35.81%,37.36%,
104/02/04,-1989,-240,69,-2160,1225468,17402,35762,1278632,35.82%,37.37%,
104/02/03,-2562,-137,-10,-2709,1227370,17642,35693,1280705,35.87%,37.43%,
104/02/02,-336,-300,15,-621,1229919,17779,35703,1283401,35.95%,37.51%,
104/01/30,-1793,-58,57,-1794,1230085,18079,35688,1283852,35.95%,37.52%,
104/01/29,710,0,-17,693,1231961,18137,35631,1285729,36.01%,37.58%,
104/01/28,1410,22,-3,1429,1231251,18137,35648,1285036,35.99%,37.56%,
104/01/27,468,-21,-6,441,1229817,18115,35651,1283583,35.95%,37.52%,
104/01/26,-585,-70,-13,-668,1229917,18136,35657,1283710,35.95%,37.52%,
104/01/23,789,-398,-9,382,1230419,18206,35670,1284295,35.96%,37.53%,
104/01/22,496,10,-17,489,1229954,18604,35679,1284237,35.95%,37.54%,
104/01/21,1888,0,-12,1876,1229458,18594,35696,1283748,35.94%,37.53%,
104/01/20,-1136,0,-40,-1176,1228998,18594,35708,1283300,35.92%,37.51%,
104/01/19,1380,-4,-5,1371,1230243,18594,35748,1284585,35.96%,37.55%,
104/01/16,548,-21,-32,495,1228863,18598,35753,1283214,35.92%,37.51%,
104/01/15,1619,40,33,1692,1228165,18619,35785,1282569,35.90%,37.49%,
104/01/14,825,10,-15,820,1226301,18579,35752,1280632,35.84%,37.43%,
104/01/13,4040,364,-19,4385,1225363,18569,35767,1279699,35.82%,37.41%,
104/01/12,1899,697,62,2658,1220854,18205,35786,1274845,35.68%,37.26%,
104/01/09,2202,24,9,2235,1218510,17508,35724,1271742,35.62%,37.18%,
104/01/08,1416,-305,10,1121,1216308,17484,35715,1269507,35.55%,37.11%,
104/01/07,-1638,371,-12,-1279,1214601,17789,35705,1268095,35.50%,37.06%,
104/01/06,-312,160,0,-152,1216239,17418,35717,1269374,35.55%,37.10%,
104/01/05,2447,147,-49,2545,1216041,17258,35717,1269016,35.54%,37.09%,
