日期,外資買賣超,投信買賣超,自營商買賣超,單日合計買賣超,外資估計持股,投信估計持股,自營商估計持股,單日合計估計持股,外資持股比重,三大法人持股比重,
107/03/31,-11,-10,-3,-24,42685,492,405,43582,39.20%,40.02%,
107/03/30,-18,-2,2,-18,42696,502,408,43606,39.21%,40.05%,
107/03/29,12,0,0,12,42714,504,406,43624,39.22%,40.06%,
107/03/28,6,0,0,6,42702,504,406,43612,39.21%,40.05%,
107/03/27,105,-32,0,73,42696,504,406,43606,39.21%,40.05%,
107/03/26,-52,-39,1,-90,42591,536,406,43533,39.11%,39.98%,
107/03/23,-17,-7,-105,-129,42643,575,405,43623,39.16%,40.06%,
107/03/22,19,-10,-1,8,42660,582,510,43752,39.17%,40.17%,
107/03/21,47,-19,-19,9,42641,592,511,43744,39.16%,40.17%,
107/03/20,13,-14,0,-1,42594,611,530,43735,39.11%,40.16%,
107/03/19,42,-10,-2,30,42581,625,530,43736,39.10%,40.16%,
107/03/16,-32,-245,0,-277,42539,635,532,43706,39.06%,40.13%,
107/03/15,33,-43,0,-10,42571,880,532,43983,39.09%,40.39%,
107/03/14,-18,-24,2,-40,42538,923,532,43993,39.06%,40.40%,
107/03/13,135,-15,-6,114,42556,947,530,44033,39.08%,40.44%,
107/03/12,139,-12,1,128,42421,962,536,43919,38.95%,40.33%,
107/03/09,29,-3,0,26,42282,974,535,43791,38.83%,40.22%,
107/03/08,22,-32,0,-10,42253,977,535,43765,38.80%,40.19%,
107/03/07,124,4,-46,82,42231,1009,535,43775,38.78%,40.20%,
107/03/06,3,0,11,14,42107,1005,581,43693,38.67%,40.13%,
107/03/05,-9,25,-10,6,42104,1005,570,43679,38.66%,40.11%,
107/03/02,22,-9,9,22,42113,980,580,43673,38.67%,40.10%,
107/03/01,434,-14,75,495,42091,989,571,43651,38.65%,40.08%,
107/02/27,64,-10,-3,51,41657,1003,496,43156,38.25%,39.63%,
107/02/26,69,-7,0,62,41593,1013,499,43105,38.19%,39.58%,
107/02/23,192,-3,4,193,41524,1020,499,43043,38.13%,39.53%,
107/02/22,188,11,19,218,41332,1023,495,42850,37.95%,39.34%,
107/02/21,315,0,19,334,41144,1012,476,42632,37.78%,39.15%,
107/02/12,55,0,10,65,40828,1012,457,42297,37.49%,38.84%,
107/02/09,65,1,0,66,40773,1012,447,42232,37.44%,38.78%,
107/02/08,37,5,17,59,40708,1011,447,42166,37.38%,38.72%,
107/02/07,131,208,-2,337,40671,1006,430,42107,37.35%,38.67%,
107/02/06,44,55,-62,37,40540,798,432,41770,37.23%,38.36%,
107/02/05,2,0,1,3,40496,743,494,41733,37.19%,38.33%,
107/02/02,15,0,0,15,40494,743,493,41730,37.18%,38.32%,
107/02/01,-19,0,-2,-21,40494,743,493,41730,37.18%,38.32%,
107/01/31,-69,0,0,-69,40513,743,495,41751,37.20%,38.34%,
107/01/30,-33,0,0,-33,40582,743,495,41820,37.26%,38.40%,
107/01/29,-2,0,2,0,40615,743,495,41853,37.29%,38.43%,
107/01/26,-40,-2,2,-40,40617,743,493,41853,37.30%,38.44%,
107/01/25,-30,5,2,-23,40657,745,491,41893,37.33%,38.47%,
107/01/24,-25,3,1,-21,40687,740,489,41916,37.36%,38.49%,
107/01/23,35,0,2,37,40712,737,488,41937,37.38%,38.51%,
107/01/22,-13,0,0,-13,40677,737,486,41900,37.35%,38.47%,
107/01/19,-34,0,0,-34,40690,737,486,41913,37.36%,38.48%,
107/01/18,-14,0,-1,-15,40724,737,486,41947,37.40%,38.52%,
107/01/17,-26,0,4,-22,40739,737,487,41963,37.41%,38.53%,
107/01/16,17,-2,0,15,40765,737,483,41985,37.43%,38.55%,
107/01/15,-89,0,2,-87,40748,739,483,41970,37.42%,38.54%,
107/01/12,-68,0,1,-67,40837,739,481,42057,37.50%,38.62%,
107/01/11,-26,0,-2,-28,40905,739,480,42124,37.56%,38.68%,
107/01/10,-29,-2,10,-21,40931,739,482,42152,37.58%,38.70%,
107/01/09,-66,0,3,-63,40960,741,472,42173,37.61%,38.72%,
107/01/08,26,0,1,27,41026,741,469,42236,37.67%,38.78%,
107/01/05,-22,-2,5,-19,41000,741,468,42209,37.65%,38.76%,
107/01/04,-27,2,15,-10,41022,743,463,42228,37.67%,38.78%,
107/01/03,-63,0,-25,-88,41049,741,448,42238,37.69%,38.78%,
107/01/02,30,0,4,34,41112,741,473,42326,37.75%,38.86%,
106/12/29,37,0,0,37,41082,741,469,42292,37.72%,38.83%,
106/12/28,-7,-3,0,-10,41045,725,469,42239,37.69%,38.79%,
106/12/27,5,-3,-2,0,41052,728,469,42249,37.70%,38.80%,
106/12/26,-1,-2,-1,-4,41047,731,471,42249,37.69%,38.79%,
106/12/25,6,0,2,8,41048,733,472,42253,37.69%,38.80%,
106/12/22,-6,0,0,-6,41042,733,470,42245,37.69%,38.79%,
106/12/21,28,0,0,28,41048,733,470,42251,37.69%,38.79%,
106/12/20,-19,0,0,-19,41020,733,470,42223,37.67%,38.77%,
106/12/19,-2,0,0,-2,41039,733,470,42242,37.68%,38.78%,
106/12/18,-42,59,0,17,41041,733,470,42244,37.69%,38.79%,
106/12/15,-38,35,0,-3,41083,674,470,42227,37.72%,38.77%,
106/12/14,-28,35,6,13,41121,639,470,42230,37.76%,38.78%,
106/12/13,-12,16,0,4,41149,604,464,42217,37.79%,38.77%,
106/12/12,-21,19,0,-2,41161,588,464,42213,37.80%,38.77%,
106/12/11,-12,4,0,-8,41182,569,464,42215,37.82%,38.77%,
106/12/08,-83,0,3,-80,41194,565,464,42223,37.83%,38.78%,
106/12/07,-50,0,5,-45,41277,565,461,42303,37.90%,38.84%,
106/12/06,24,0,30,54,41327,565,456,42348,37.95%,38.89%,
106/12/05,30,48,2,80,41293,565,426,42284,37.92%,38.83%,
106/12/04,-61,0,0,-61,41263,517,424,42204,37.89%,38.75%,
106/12/01,-62,0,2,-60,41324,517,424,42265,37.95%,38.81%,
106/11/30,42,2,-10,34,41386,517,422,42325,38.00%,38.86%,
106/11/29,-19,0,0,-19,41345,515,432,42292,37.96%,38.83%,
106/11/28,-30,0,0,-30,41364,515,432,42311,37.98%,38.85%,
106/11/27,-4,0,0,-4,41394,515,432,42341,38.01%,38.88%,
106/11/24,-18,0,2,-16,41398,515,432,42345,38.01%,38.88%,
106/11/23,-52,24,11,-17,41416,515,430,42361,38.03%,38.90%,
106/11/22,-56,48,8,0,41468,491,419,42378,38.08%,38.92%,
106/11/21,-31,0,22,-9,41524,443,411,42378,38.13%,38.91%,
106/11/20,-8,0,0,-8,41555,443,389,42387,38.16%,38.92%,
106/11/17,-16,0,0,-16,41563,443,389,42395,38.17%,38.93%,
106/11/16,-66,29,0,-37,41579,443,389,42411,38.18%,38.94%,
106/11/15,-12,49,0,37,41645,414,389,42448,38.24%,38.98%,
106/11/14,26,0,2,28,41657,365,389,42411,38.25%,38.94%,
106/11/13,-43,0,3,-40,41631,365,387,42383,38.23%,38.92%,
106/11/10,-32,0,0,-32,41674,365,384,42423,38.27%,38.96%,
106/11/09,15,0,14,29,41706,365,384,42455,38.30%,38.99%,
106/11/08,25,0,1,26,41701,365,370,42436,38.29%,38.97%,
106/11/07,-19,0,8,-11,41676,365,369,42410,38.27%,38.94%,
106/11/06,-8,0,26,18,41695,365,361,42421,38.29%,38.96%,
106/11/03,-6,2,0,-4,41703,365,335,42403,38.29%,38.93%,
106/11/02,-1,0,0,-1,41709,363,335,42407,38.30%,38.94%,
106/11/01,7,0,0,7,41710,363,335,42408,38.30%,38.94%,
106/10/31,18,0,-3,15,41703,363,335,42401,38.29%,38.93%,
106/10/30,12,0,0,12,41685,363,338,42386,38.28%,38.92%,
106/10/27,38,0,0,38,41673,363,338,42374,38.27%,38.91%,
106/10/26,-26,0,8,-18,41635,363,338,42336,38.23%,38.87%,
106/10/25,-12,24,0,12,41661,363,330,42354,38.26%,38.90%,
106/10/24,10,-1,-1,8,41673,339,330,42342,38.27%,38.88%,
106/10/23,-10,0,6,-4,41663,340,331,42334,38.26%,38.88%,
106/10/20,31,46,0,77,41673,340,325,42338,38.27%,38.88%,
106/10/19,17,-3,0,14,41622,294,325,42241,38.22%,38.79%,
106/10/18,-1,3,0,2,41605,297,325,42227,38.20%,38.77%,
106/10/17,0,0,0,0,41606,294,325,42225,38.20%,38.77%,
106/10/16,3,0,0,3,41606,294,325,42225,38.20%,38.77%,
106/10/13,-1,3,0,2,41603,294,325,42222,38.20%,38.77%,
106/10/12,45,5,0,50,41604,291,325,42220,38.20%,38.77%,
106/10/11,47,5,0,52,41559,286,325,42170,38.16%,38.72%,
106/10/06,10,-8,0,2,41512,281,325,42118,38.12%,38.68%,
106/10/05,-19,-8,0,-27,41502,289,325,42116,38.11%,38.67%,
106/10/03,-36,-17,0,-53,41521,297,325,42143,38.13%,38.70%,
106/10/02,-22,19,0,-3,41557,314,325,42196,38.16%,38.75%,
106/09/30,0,0,0,0,41579,295,325,42199,38.18%,38.75%,
106/09/29,14,0,0,14,41579,349,325,42253,38.18%,38.80%,
106/09/28,1,0,0,1,41565,349,325,42239,38.17%,38.79%,
106/09/27,4,7,0,11,41564,349,325,42238,38.17%,38.79%,
106/09/26,-25,82,0,57,41560,342,325,42227,38.16%,38.77%,
106/09/25,2,78,0,80,41585,260,325,42170,38.19%,38.73%,
106/09/22,56,78,0,134,41583,182,325,42090,38.18%,38.65%,
106/09/21,30,0,0,30,41527,104,325,41956,38.13%,38.52%,
106/09/20,-72,9,4,-59,41497,104,325,41926,38.10%,38.49%,
106/09/19,-34,15,0,-19,41569,95,321,41985,38.17%,38.55%,
106/09/18,-12,10,0,-2,41603,80,321,42004,38.20%,38.57%,
106/09/15,3,9,6,18,41615,70,321,42006,38.21%,38.57%,
106/09/14,-37,8,0,-29,41612,61,315,41988,38.21%,38.56%,
106/09/13,-23,0,0,-23,41649,53,315,42017,38.24%,38.58%,
106/09/12,-107,0,0,-107,41672,53,315,42040,38.27%,38.61%,
106/09/11,-110,0,0,-110,41779,53,315,42147,38.36%,38.70%,
106/09/08,-136,-3,3,-136,41889,53,315,42257,38.46%,38.80%,
106/09/07,-146,0,0,-146,42015,56,312,42383,38.58%,38.92%,
106/09/06,-195,0,0,-195,42161,56,312,42529,38.71%,39.05%,
106/09/05,-28,0,0,-28,42356,56,312,42724,38.89%,39.23%,
106/09/04,-4,0,0,-4,42384,56,312,42752,38.92%,39.26%,
106/09/01,13,0,0,13,42388,56,312,42756,38.92%,39.26%,
106/08/31,-8,0,0,-8,42375,56,312,42743,38.91%,39.25%,
106/08/30,-30,0,0,-30,42383,56,312,42751,38.92%,39.26%,
106/08/29,25,-20,-12,-7,42413,56,312,42781,38.95%,39.29%,
106/08/28,-66,0,0,-66,42388,76,324,42788,38.92%,39.29%,
106/08/25,-30,0,0,-30,42454,76,324,42854,38.98%,39.35%,
106/08/24,-41,2,0,-39,42484,76,324,42884,39.01%,39.38%,
106/08/23,-63,2,0,-61,42525,74,324,42923,39.05%,39.42%,
106/08/22,-42,0,0,-42,42588,72,324,42984,39.11%,39.47%,
106/08/21,-26,0,0,-26,42630,72,324,43026,39.14%,39.50%,
106/08/18,-39,-26,-8,-73,42656,72,324,43052,39.17%,39.53%,
106/08/17,-26,0,0,-26,42695,98,332,43125,39.20%,39.59%,
106/08/16,-73,-26,0,-99,42721,98,332,43151,39.23%,39.62%,
106/08/15,-101,-26,-1,-128,42807,124,332,43263,39.31%,39.73%,
106/08/14,-6,-26,0,-32,42908,150,333,43391,39.40%,39.84%,
106/08/11,21,-42,-4,-25,42914,176,333,43423,39.41%,39.88%,
106/08/10,-27,-11,0,-38,42893,218,337,43448,39.39%,39.90%,
106/08/09,0,0,0,0,42920,229,337,43486,39.41%,39.93%,
106/08/08,-16,0,0,-16,42920,229,337,43486,39.41%,39.93%,
106/08/07,10,0,2,12,42936,229,337,43502,39.43%,39.95%,
106/08/04,1,0,0,1,42926,229,335,43490,39.42%,39.94%,
106/08/03,14,0,-2,12,42925,229,335,43489,39.42%,39.94%,
106/08/02,-9,0,0,-9,42911,229,337,43477,39.40%,39.92%,
106/08/01,1,-12,0,-11,42907,229,337,43473,39.40%,39.92%,
106/07/31,11,0,0,11,42906,241,337,43484,39.40%,39.93%,
106/07/28,67,-6,0,61,42895,241,337,43473,39.39%,39.92%,
106/07/27,69,0,1,70,42828,247,337,43412,39.33%,39.87%,
106/07/26,-28,0,0,-28,42759,247,336,43342,39.26%,39.80%,
106/07/25,-5,0,0,-5,42787,247,336,43370,39.29%,39.83%,
106/07/24,35,0,0,35,42792,247,336,43375,39.29%,39.83%,
106/07/21,78,0,0,78,42757,247,336,43340,39.26%,39.80%,
106/07/20,32,-40,0,-8,42679,247,336,43262,39.19%,39.73%,
106/07/19,33,-40,0,-7,42646,287,336,43269,39.16%,39.73%,
106/07/18,31,-40,0,-9,42624,327,336,43287,39.14%,39.75%,
106/07/17,28,-33,0,-5,42593,367,336,43296,39.11%,39.76%,
106/07/14,15,0,-5,10,42565,400,336,43301,39.09%,39.77%,
106/07/13,62,0,-9,53,42550,400,341,43291,39.07%,39.75%,
106/07/12,206,-34,-34,138,42473,400,350,43223,39.00%,39.69%,
106/07/11,-18,-31,25,-24,42270,434,384,43088,38.81%,39.56%,
106/07/10,-56,-29,-5,-90,42288,465,359,43112,38.83%,39.59%,
106/07/07,-107,-28,-2,-137,42344,494,364,43202,38.88%,39.67%,
106/07/06,21,-28,0,-7,42452,522,366,43340,38.98%,39.80%,
106/07/05,-14,0,-2,-16,42431,550,366,43347,38.96%,39.80%,
106/07/04,21,0,1,22,42445,550,368,43363,38.98%,39.82%,
106/07/03,26,0,-2,24,42474,550,367,43391,39.00%,39.84%,
106/06/30,16,20,0,36,42448,550,369,43367,38.98%,39.82%,
106/06/29,-13,30,0,17,42432,535,369,43336,38.96%,39.79%,
106/06/28,24,0,0,24,42445,505,369,43319,38.98%,39.78%,
106/06/27,-22,0,3,-19,42431,505,369,43305,38.96%,39.76%,
106/06/26,15,0,10,25,42453,505,366,43324,38.98%,39.78%,
106/06/23,-6,0,2,-4,42438,505,356,43299,38.97%,39.76%,
106/06/22,-23,0,1,-22,42444,505,354,43303,38.97%,39.76%,
106/06/21,91,0,3,94,42467,505,353,43325,39.00%,39.79%,
106/06/20,-7,18,8,19,42376,505,350,43231,38.91%,39.70%,
106/06/19,42,0,0,42,42383,487,342,43212,38.92%,39.68%,
106/06/16,28,0,0,28,42341,487,342,43170,38.88%,39.64%,
106/06/15,26,0,0,26,42313,487,342,43142,38.85%,39.61%,
106/06/14,25,0,0,25,42287,487,342,43116,38.83%,39.59%,
106/06/13,56,0,0,56,42262,487,342,43091,38.81%,39.57%,
106/06/12,26,0,0,26,42211,487,342,43040,38.76%,39.52%,
106/06/09,55,0,0,55,42185,487,342,43014,38.74%,39.50%,
106/06/08,103,0,5,108,42132,487,342,42961,38.69%,39.45%,
106/06/07,106,0,0,106,42029,487,337,42853,38.59%,39.35%,
106/06/06,126,-3,0,123,41923,487,337,42747,38.50%,39.26%,
106/06/05,117,6,11,134,41797,490,337,42624,38.38%,39.14%,
106/06/03,0,8,2,10,41680,484,326,42490,38.27%,39.01%,
106/06/02,71,25,0,96,41680,476,324,42480,38.27%,39.00%,
106/06/01,146,0,0,146,41609,451,324,42384,38.21%,38.92%,
106/05/31,329,0,0,329,41461,451,324,42236,38.07%,38.78%,
106/05/26,24,0,0,24,41123,451,324,41898,37.76%,38.47%,
106/05/25,-30,0,0,-30,41099,451,324,41874,37.74%,38.45%,
106/05/24,-27,0,-20,-47,41141,451,324,41916,37.78%,38.49%,
106/05/23,-33,0,0,-33,41167,451,344,41962,37.80%,38.53%,
106/05/22,-21,0,0,-21,41200,451,344,41995,37.83%,38.56%,
106/05/19,-44,0,0,-44,41221,451,344,42016,37.85%,38.58%,
106/05/18,16,0,0,16,41265,451,344,42060,37.89%,38.62%,
106/05/17,21,0,0,21,41249,451,344,42044,37.88%,38.61%,
106/05/16,123,0,10,133,41228,451,344,42023,37.86%,38.59%,
106/05/15,-2,0,10,8,41105,451,334,41890,37.75%,38.47%,
106/05/12,-1,0,0,-1,41107,451,324,41882,37.75%,38.46%,
106/05/11,-14,0,0,-14,41108,451,324,41883,37.75%,38.46%,
106/05/10,-32,0,0,-32,41122,451,324,41897,37.76%,38.47%,
106/05/09,15,0,-2,13,41154,451,324,41929,37.79%,38.50%,
106/05/08,-49,0,0,-49,41139,451,326,41916,37.78%,38.49%,
106/05/05,-62,-5,-1,-68,41188,451,326,41965,37.82%,38.53%,
106/05/04,-17,-10,0,-27,41250,456,327,42033,37.88%,38.60%,
106/05/03,-8,-10,0,-18,41267,466,327,42060,37.89%,38.62%,
106/05/02,-83,-10,0,-93,41275,476,327,42078,37.90%,38.64%,
106/04/28,0,-10,0,-10,41358,486,327,42171,37.98%,38.73%,
106/04/27,-29,-10,0,-39,41358,496,327,42181,37.98%,38.74%,
106/04/26,23,-10,1,14,41387,506,327,42220,38.00%,38.77%,
106/04/25,-6,-10,0,-16,41364,516,326,42206,37.98%,38.75%,
106/04/24,-47,-10,0,-57,41370,526,326,42222,37.99%,38.77%,
106/04/21,-54,-10,0,-64,41417,536,326,42279,38.03%,38.82%,
106/04/20,-107,-10,0,-117,41471,546,326,42343,38.08%,38.88%,
106/04/19,-187,-10,-8,-205,41568,556,326,42450,38.17%,38.98%,
106/04/18,-43,-10,0,-53,41755,566,334,42655,38.34%,39.17%,
106/04/17,-35,-10,-2,-47,41798,576,334,42708,38.38%,39.22%,
106/04/14,-33,-12,-8,-53,41833,586,336,42755,38.41%,39.26%,
106/04/13,-19,-10,0,-29,41866,598,344,42808,38.44%,39.31%,
106/04/12,39,-10,0,29,41885,608,344,42837,38.46%,39.33%,
106/04/11,-10,-10,0,-20,41846,618,344,42808,38.43%,39.31%,
106/04/10,29,-10,0,19,41856,628,344,42828,38.43%,39.32%,
106/04/07,-9,-10,-1,-20,41827,638,344,42809,38.41%,39.31%,
106/04/06,-56,-10,0,-66,41836,648,345,42829,38.42%,39.33%,
106/04/05,-52,-10,0,-62,41892,658,345,42895,38.47%,39.39%,
106/03/31,-98,-35,0,-133,41924,668,345,42937,38.50%,39.43%,
106/03/30,-14,-10,0,-24,42020,728,345,43093,38.59%,39.58%,
106/03/29,-65,-10,0,-75,42034,738,345,43117,38.60%,39.59%,
106/03/28,-105,-10,0,-115,42078,748,345,43171,38.64%,39.64%,
106/03/27,-112,-35,0,-147,42183,758,345,43286,38.73%,39.74%,
106/03/24,-72,-10,0,-82,42295,793,345,43433,38.84%,39.89%,
106/03/23,-71,-10,0,-81,42367,803,345,43515,38.90%,39.95%,
106/03/22,-51,-10,0,-61,42438,813,345,43596,38.97%,40.03%,
106/03/21,4,-9,0,-5,42489,823,345,43657,39.02%,40.09%,
106/03/20,-58,-10,-7,-75,42485,832,345,43662,39.01%,40.09%,
106/03/17,-48,-10,-22,-80,42543,842,352,43737,39.07%,40.17%,
106/03/16,-43,-29,5,-67,42591,852,374,43817,39.11%,40.24%,
106/03/15,-50,-10,-23,-83,42634,881,369,43884,39.15%,40.30%,
106/03/14,-43,-10,0,-53,42684,891,392,43967,39.20%,40.38%,
106/03/13,-109,-10,-30,-149,42738,901,392,44031,39.24%,40.43%,
106/03/10,-68,-10,4,-74,42847,911,422,44180,39.34%,40.56%,
106/03/09,-47,-10,-15,-72,42915,921,418,44254,39.41%,40.64%,
106/03/08,-43,-10,2,-51,42962,931,433,44326,39.45%,40.70%,
106/03/07,-57,0,9,-48,42999,941,431,44371,39.48%,40.74%,
106/03/06,-29,-10,-9,-48,43056,941,422,44419,39.54%,40.79%,
106/03/03,159,-10,-35,114,43075,951,431,44457,39.55%,40.82%,
106/03/02,62,-10,0,52,42916,961,466,44343,39.41%,40.72%,
106/03/01,-13,-10,2,-21,42854,971,466,44291,39.35%,40.67%,
106/02/24,-61,-14,22,-53,42867,981,464,44312,39.36%,40.69%,
106/02/23,-34,-13,10,-37,42928,995,442,44365,39.42%,40.74%,
106/02/22,-89,-13,20,-82,42962,1008,432,44402,39.45%,40.77%,
106/02/21,3,-13,0,-10,43052,1021,412,44485,39.53%,40.85%,
106/02/20,-32,-13,0,-45,43049,1034,412,44495,39.53%,40.86%,
106/02/18,1,-10,12,3,43081,1047,412,44540,39.56%,40.90%,
106/02/17,-32,-10,0,-42,43080,1057,400,44537,39.56%,40.90%,
106/02/16,93,-10,-28,55,43112,1067,400,44579,39.59%,40.94%,
106/02/15,76,0,-20,56,43019,1077,428,44524,39.50%,40.88%,
106/02/14,5,-3,10,12,42943,1077,448,44468,39.43%,40.83%,
106/02/13,12,0,0,12,42938,1080,438,44456,39.43%,40.82%,
106/02/10,67,0,0,67,42926,1080,438,44444,39.42%,40.81%,
106/02/09,25,0,0,25,42859,1080,438,44377,39.36%,40.75%,
106/02/08,16,0,11,27,42834,1080,438,44352,39.33%,40.72%,
106/02/07,-23,0,14,-9,42818,1080,427,44325,39.32%,40.70%,
106/02/06,-68,-281,30,-319,42841,1080,413,44334,39.34%,40.71%,
106/02/03,-40,-15,-3,-58,42957,1361,383,44701,39.45%,41.05%,
106/02/02,-69,-22,15,-76,42998,1376,386,44760,39.48%,41.10%,
106/01/24,-21,0,-2,-23,43067,1398,371,44836,39.55%,41.17%,
106/01/23,53,0,-5,48,43029,1398,373,44800,39.51%,41.14%,
106/01/20,-65,0,-5,-70,42976,1398,378,44752,39.46%,41.09%,
106/01/19,-17,0,-21,-38,43041,1398,383,44822,39.52%,41.16%,
106/01/18,-62,0,-2,-64,43069,1398,404,44871,39.55%,41.20%,
106/01/17,-80,-14,0,-94,43131,1398,406,44935,39.61%,41.27%,
106/01/16,-94,0,0,-94,43210,1412,406,45028,39.68%,41.35%,
106/01/13,28,0,0,28,43304,1412,406,45122,39.76%,41.43%,
106/01/12,-122,4,-1,-119,43276,1412,406,45094,39.74%,41.41%,
106/01/11,-72,0,-1,-73,43398,1408,407,45213,39.85%,41.52%,
106/01/10,-54,0,0,-54,43469,1408,408,45285,39.92%,41.59%,
106/01/09,-211,9,0,-202,43524,1408,408,45340,39.97%,41.64%,
106/01/06,-44,2,0,-42,43747,1399,408,45554,40.17%,41.83%,
106/01/05,-111,-22,0,-133,43791,1397,408,45596,40.21%,41.87%,
106/01/04,-108,-30,0,-138,43902,1419,408,45729,40.31%,41.99%,
106/01/03,-30,-31,0,-61,44010,1449,408,45867,40.41%,42.12%,
105/12/30,7,-31,1,-23,44040,1480,408,45928,40.44%,42.17%,
105/12/29,6,-33,0,-27,44033,1511,407,45951,40.43%,42.19%,
105/12/28,-32,-35,0,-67,44026,1544,407,45977,40.43%,42.22%,
105/12/27,0,0,0,0,44058,1579,407,46044,40.46%,42.28%,
105/12/26,-13,0,0,-13,44058,1579,407,46044,40.46%,42.28%,
105/12/23,2,0,0,2,44071,1579,407,46057,40.47%,42.29%,
105/12/22,8,0,-1,7,44069,1579,407,46055,40.47%,42.29%,
105/12/21,-66,-18,0,-84,44061,1579,408,46048,40.46%,42.28%,
105/12/20,-3,0,1,-2,44127,1597,408,46132,40.52%,42.36%,
105/12/19,34,0,0,34,44130,1597,407,46134,40.52%,42.36%,
105/12/16,-20,0,1,-19,44096,1597,407,46100,40.49%,42.33%,
105/12/15,-126,0,0,-126,44116,1597,407,46120,40.51%,42.35%,
105/12/14,-70,0,0,-70,44252,1597,407,46256,40.64%,42.48%,
105/12/13,-60,0,0,-60,44322,1597,407,46326,40.70%,42.54%,
105/12/12,-106,0,1,-105,44382,1597,407,46386,40.75%,42.59%,
105/12/09,-31,0,0,-31,44488,1597,406,46491,40.85%,42.69%,
105/12/08,-63,0,-1,-64,44519,1597,406,46522,40.88%,42.72%,
105/12/07,-4,0,0,-4,44582,1597,407,46586,40.94%,42.78%,
105/12/06,-79,0,0,-79,44586,1597,407,46590,40.94%,42.78%,
105/12/05,-108,0,-1,-109,44665,1597,407,46669,41.01%,42.85%,
105/12/02,-34,0,0,-34,44773,1597,408,46778,41.11%,42.95%,
105/12/01,-37,0,0,-37,44807,1597,408,46812,41.14%,42.98%,
105/11/30,-89,6,1,-82,44844,1597,408,46849,41.18%,43.02%,
105/11/29,-24,0,0,-24,44933,1591,407,46931,41.26%,43.09%,
105/11/28,-21,0,0,-21,44957,1591,407,46955,41.28%,43.11%,
105/11/25,-7,25,0,18,44978,1591,407,46976,41.30%,43.13%,
105/11/24,-6,25,1,20,44985,1566,407,46958,41.31%,43.12%,
105/11/23,-95,0,0,-95,44991,1541,406,46938,41.31%,43.10%,
105/11/22,-42,0,0,-42,45086,1541,406,47033,41.40%,43.19%,
105/11/21,-40,0,0,-40,45128,1541,406,47075,41.44%,43.23%,
105/11/18,-109,0,0,-109,45168,1541,406,47115,41.48%,43.27%,
105/11/17,-123,-4,0,-127,45277,1541,406,47224,41.58%,43.37%,
105/11/16,-205,0,-2,-207,45400,1545,406,47351,41.69%,43.48%,
105/11/15,-62,0,0,-62,45605,1545,408,47558,41.88%,43.67%,
105/11/14,-32,0,0,-32,45667,1545,408,47620,41.93%,43.72%,
105/11/11,-69,0,0,-69,45699,1545,408,47652,41.96%,43.75%,
105/11/10,-26,0,0,-26,45768,1545,408,47721,42.03%,43.82%,
105/11/09,-133,0,-7,-140,45794,1545,408,47747,42.05%,43.84%,
105/11/08,-89,0,0,-89,45927,1545,415,47887,42.17%,43.97%,
105/11/07,-29,4,0,-25,46016,1545,415,47976,42.25%,44.05%,
105/11/04,-39,-3,-1,-43,46045,1541,415,48001,42.28%,44.08%,
105/11/03,-57,-7,2,-62,46083,1544,416,48043,42.32%,44.12%,
105/11/02,-94,0,4,-90,46140,1551,414,48105,42.37%,44.17%,
105/11/01,-164,-8,-2,-174,46234,1551,410,48195,42.46%,44.26%,
105/10/31,-218,0,0,-218,46399,1559,412,48370,42.61%,44.42%,
105/10/28,-114,-8,-2,-124,46615,1559,412,48586,42.80%,44.61%,
105/10/27,-63,-8,-28,-99,46729,1567,414,48710,42.91%,44.73%,
105/10/26,-88,-7,-1,-96,46791,1575,442,48808,42.97%,44.82%,
105/10/25,-6,-7,10,-3,46879,1582,443,48904,43.05%,44.91%,
105/10/24,6,0,-10,-4,46885,1589,433,48907,43.05%,44.91%,
105/10/21,75,7,0,82,46879,1589,443,48911,43.05%,44.92%,
105/10/20,-8,8,-3,-3,46804,1582,443,48829,42.98%,44.84%,
105/10/19,-2,0,-4,-6,46802,1574,446,48822,42.98%,44.84%,
105/10/18,-13,0,-1,-14,46804,1574,450,48828,42.98%,44.84%,
105/10/17,20,0,0,20,46817,1574,451,48842,42.99%,44.85%,
105/10/14,26,0,-1,25,46797,1574,451,48822,42.97%,44.83%,
105/10/13,44,0,-2,42,46771,1574,452,48797,42.95%,44.81%,
105/10/12,-58,0,-3,-61,46727,1574,454,48755,42.91%,44.77%,
105/10/11,-41,0,-1,-42,46785,1574,457,48816,42.96%,44.83%,
105/10/07,15,-52,1,-36,46796,1574,458,48828,42.97%,44.84%,
105/10/06,-79,0,-1,-80,46781,1626,457,48864,42.96%,44.87%,
105/10/05,2,-60,1,-57,46860,1626,458,48944,43.03%,44.94%,
105/10/04,-52,0,0,-52,46858,1686,457,49001,43.03%,45.00%,
105/10/03,-41,0,-6,-47,46910,1686,457,49053,43.08%,45.05%,
105/09/30,-46,-35,-39,-120,46951,1686,463,49100,43.11%,45.08%,
105/09/29,-14,0,-14,-28,46997,1612,502,49111,43.16%,45.10%,
105/09/26,37,0,-6,31,47011,1612,516,49139,43.17%,45.12%,
105/09/23,76,-40,-11,25,46974,1612,522,49108,43.14%,45.10%,
105/09/22,-11,0,0,-11,46898,1652,533,49083,43.07%,45.08%,
105/09/21,39,0,-44,-5,46909,1652,533,49094,43.08%,45.09%,
105/09/20,26,-30,-28,-32,46870,1652,577,49099,43.04%,45.09%,
105/09/19,25,0,-39,-14,46845,1682,605,49132,43.02%,45.12%,
105/09/14,28,0,-19,9,46820,1682,644,49146,42.99%,45.13%,
105/09/13,-2,0,-1,-3,46792,1682,663,49137,42.97%,45.12%,
105/09/12,65,0,-3,62,46794,1682,664,49140,42.97%,45.12%,
105/09/10,0,0,-8,-8,46728,1682,667,49077,42.91%,45.07%,
105/09/09,25,0,0,25,46728,1682,675,49085,42.91%,45.07%,
105/09/08,102,-1,-89,12,46704,1682,675,49061,42.89%,45.05%,
105/09/07,85,40,23,148,46602,1683,764,49049,42.79%,45.04%,
105/09/06,52,0,-4,48,46516,1643,741,48900,42.71%,44.90%,
105/09/05,55,0,5,60,46464,1643,745,48852,42.67%,44.86%,
105/09/02,17,0,-2,15,46409,1643,740,48792,42.62%,44.81%,
105/09/01,-26,0,2,-24,46392,1643,742,48777,42.60%,44.79%,
105/08/31,4,0,-7,-3,46418,1643,740,48801,42.62%,44.81%,
105/08/30,34,0,1,35,46414,1643,747,48804,42.62%,44.81%,
105/08/29,-9,0,-2,-11,46380,1643,746,48769,42.59%,44.78%,
105/08/26,-82,0,-2,-84,46389,1643,748,48780,42.60%,44.80%,
105/08/25,-28,30,-1,1,46471,1643,750,48864,42.67%,44.87%,
105/08/24,0,24,2,26,46499,1613,751,48863,42.70%,44.87%,
105/08/23,22,25,-2,45,46499,1589,749,48837,42.70%,44.85%,
105/08/22,42,-6,0,36,46477,1564,751,48792,42.68%,44.81%,
105/08/19,-33,0,-18,-51,46435,1570,751,48756,42.64%,44.77%,
105/08/18,109,0,-6,103,46468,1570,769,48807,42.67%,44.82%,
105/08/17,4,0,-15,-11,46359,1570,775,48704,42.57%,44.72%,
105/08/16,50,49,33,132,46355,1570,790,48715,42.57%,44.74%,
105/08/15,72,0,-1,71,46305,1521,757,48583,42.52%,44.61%,
105/08/12,137,51,4,192,46233,1521,758,48512,42.45%,44.54%,
105/08/11,100,0,-1,99,46096,1470,754,48320,42.33%,44.37%,
105/08/10,21,0,0,21,45996,1470,755,48221,42.24%,44.28%,
105/08/09,61,0,-5,56,45975,1470,755,48200,42.22%,44.26%,
105/08/08,22,0,0,22,45914,1470,760,48144,42.16%,44.21%,
105/08/05,-37,0,-8,-45,45892,1470,760,48122,42.14%,44.19%,
105/08/04,-31,0,-1,-32,45929,1470,768,48167,42.18%,44.24%,
105/08/03,9,-1,-4,4,45960,1470,769,48199,42.20%,44.26%,
105/08/02,53,60,4,117,45951,1471,773,48195,42.19%,44.25%,
105/08/01,26,0,-2,24,45898,1411,769,48078,42.15%,44.15%,
105/07/29,8,59,-8,59,45872,1411,771,48054,42.12%,44.12%,
105/07/28,2,100,9,111,45864,1352,779,47995,42.12%,44.08%,
105/07/27,60,60,-2,118,45862,1252,770,47884,42.11%,43.97%,
105/07/26,4,50,7,61,45802,1192,772,47766,42.06%,43.86%,
105/07/25,-39,60,-14,7,45798,1142,765,47705,42.05%,43.80%,
105/07/22,-64,48,0,-16,45836,1082,779,47697,42.09%,43.80%,
105/07/21,-86,63,1,-22,45900,1034,779,47713,42.15%,43.82%,
105/07/20,-85,39,0,-46,45986,971,778,47735,42.23%,43.84%,
105/07/19,-59,-90,3,-146,46071,932,778,47781,42.31%,43.88%,
105/07/18,22,-33,-3,-14,46130,1022,775,47927,42.36%,44.01%,
105/07/15,15,0,4,19,46108,1055,778,47941,42.34%,44.02%,
105/07/14,-133,0,-11,-144,46093,1055,774,47922,42.33%,44.01%,
105/07/13,-24,75,13,64,46226,1055,785,48066,42.45%,44.14%,
105/07/12,6,0,-1,5,46250,980,772,48002,42.47%,44.08%,
105/07/11,-36,0,-13,-49,46244,980,773,47997,42.46%,44.07%,
105/07/07,-125,0,-29,-154,46280,980,786,48046,42.50%,44.12%,
105/07/06,-172,3,-147,-316,46405,980,815,48200,42.61%,44.26%,
105/07/05,-18,62,84,128,46577,977,962,48516,42.77%,44.55%,
105/07/04,-147,69,126,48,46595,915,878,48388,42.79%,44.44%,
105/07/01,-199,27,69,-103,46742,846,752,48340,42.92%,44.39%,
105/06/30,-116,0,-7,-123,46941,819,683,48443,43.10%,44.48%,
105/06/29,-76,0,1,-75,47057,765,690,48512,43.21%,44.55%,
105/06/28,23,0,0,23,47133,765,689,48587,43.28%,44.62%,
105/06/27,-113,-4,0,-117,47110,765,689,48564,43.26%,44.60%,
105/06/24,-135,-4,-14,-153,47223,769,689,48681,43.36%,44.70%,
105/06/23,-27,0,-13,-40,47358,773,703,48834,43.49%,44.85%,
105/06/22,-98,50,0,-48,47385,773,716,48874,43.51%,44.88%,
105/06/21,-6,68,-1,61,47483,723,716,48922,43.60%,44.92%,
105/06/20,-62,-25,5,-82,47489,655,717,48861,43.61%,44.87%,
105/06/17,-50,0,-4,-54,47560,680,712,48952,43.67%,44.95%,
105/06/16,-22,0,1,-21,47610,680,716,49006,43.72%,45.00%,
105/06/15,-51,10,-2,-43,47632,680,715,49027,43.74%,45.02%,
105/06/14,-31,-60,-2,-93,47683,670,717,49070,43.79%,45.06%,
105/06/13,-79,-17,20,-76,47714,730,719,49163,43.81%,45.14%,
105/06/08,-129,-63,21,-171,47784,747,699,49230,43.88%,45.21%,
105/06/07,-37,-21,18,-40,47913,810,678,49401,44.00%,45.37%,
105/06/06,12,-21,24,15,47950,831,660,49441,44.03%,45.40%,
105/06/04,0,0,-1,-1,47938,852,636,49426,44.02%,45.39%,
105/06/03,4,-30,1,-25,47938,852,637,49427,44.02%,45.39%,
105/06/02,27,0,9,36,47934,882,636,49452,44.02%,45.41%,
105/06/01,-48,-95,16,-127,47917,882,627,49426,44.00%,45.39%,
105/05/31,16,-37,-1,-22,47965,977,611,49553,44.04%,45.50%,
105/05/30,17,-79,-1,-63,47949,1014,612,49575,44.03%,45.52%,
105/05/27,-38,-78,-14,-130,47932,1093,613,49638,44.01%,45.58%,
105/05/26,-103,5,27,-71,47970,1171,627,49768,44.05%,45.70%,
105/05/25,31,0,-3,28,48068,1166,600,49834,44.14%,45.76%,
105/05/24,23,0,-35,-12,48037,1166,603,49806,44.11%,45.73%,
105/05/23,-78,1,-43,-120,48014,1166,638,49818,44.09%,45.75%,
105/05/20,53,0,-14,39,48092,1165,681,49938,44.16%,45.86%,
105/05/19,-181,0,33,-148,48039,1165,695,49899,44.11%,45.82%,
105/05/18,-48,0,32,-16,48220,1165,662,50047,44.28%,45.96%,
105/05/17,9,0,2,11,48268,1165,630,50063,44.32%,45.97%,
105/05/16,-5,0,-14,-19,48259,1165,628,50052,44.31%,45.96%,
105/05/13,-134,0,-20,-154,48264,1165,642,50071,44.32%,45.98%,
105/05/12,-75,0,4,-71,48398,1165,662,50225,44.44%,46.12%,
105/05/11,-276,0,14,-262,48473,1165,658,50296,44.51%,46.18%,
105/05/10,-116,25,-3,-94,48749,1165,644,50558,44.76%,46.42%,
105/05/09,-85,0,9,-76,48865,1140,647,50652,44.87%,46.51%,
105/05/06,-61,0,-6,-67,48950,1140,638,50728,44.95%,46.58%,
105/05/05,-109,0,5,-104,49001,1140,644,50785,45.00%,46.64%,
105/05/04,-140,0,-2,-142,49110,1140,639,50889,45.10%,46.73%,
105/05/03,18,0,0,18,49251,1140,641,51032,45.23%,46.87%,
105/04/29,-133,0,-3,-136,49233,1140,641,51014,45.21%,46.85%,
105/04/28,44,0,-8,36,49366,1140,644,51150,45.33%,46.97%,
105/04/27,-136,0,6,-130,49322,1140,652,51114,45.29%,46.94%,
105/04/26,-13,0,4,-9,49458,1140,646,51244,45.42%,47.06%,
105/04/25,-17,0,-109,-126,49471,1140,642,51253,45.43%,47.07%,
105/04/22,-44,40,-32,-36,49498,1140,751,51389,45.45%,47.19%,
105/04/21,35,0,-16,19,49542,1100,783,51425,45.49%,47.22%,
105/04/20,89,136,85,310,49507,1100,799,51406,45.46%,47.20%,
105/04/19,189,131,80,400,49418,964,714,51096,45.38%,46.92%,
105/04/18,75,25,-1,99,49219,833,634,50686,45.20%,46.55%,
105/04/15,81,-3,16,94,49144,808,635,50587,45.13%,46.46%,
105/04/14,-5,0,10,5,49063,811,619,50493,45.05%,46.36%,
105/04/13,33,32,-4,61,49068,811,609,50488,45.06%,46.36%,
105/04/12,10,0,22,32,49035,779,613,50427,45.03%,46.31%,
105/04/11,-51,20,3,-28,49025,779,591,50395,45.02%,46.28%,
105/04/08,46,61,6,113,49076,759,588,50423,45.06%,46.30%,
105/04/07,-75,1,2,-72,49030,698,582,50310,45.02%,46.20%,
105/04/06,-17,2,16,1,49105,697,580,50382,45.09%,46.26%,
105/04/01,-64,1,-1,-64,49121,695,564,50380,45.11%,46.27%,
105/03/31,36,1,13,50,49185,694,565,50444,45.17%,46.33%,
105/03/30,-17,0,-3,-20,49150,664,552,50366,45.13%,46.25%,
105/03/29,-56,0,-2,-58,49167,664,555,50386,45.15%,46.27%,
105/03/28,-89,0,1,-88,49223,664,557,50444,45.20%,46.32%,
105/03/25,-220,0,0,-220,49312,664,556,50532,45.28%,46.40%,
105/03/24,7,0,0,7,49532,664,556,50752,45.48%,46.60%,
105/03/23,-6,0,-12,-18,49525,664,556,50745,45.48%,46.60%,
105/03/22,-46,0,0,-46,49531,664,568,50763,45.48%,46.61%,
105/03/21,-20,0,-1,-21,49577,664,568,50809,45.52%,46.65%,
105/03/18,192,0,6,198,49597,664,569,50830,45.54%,46.67%,
105/03/17,-28,0,-11,-39,49405,664,563,50632,45.37%,46.50%,
105/03/16,-113,1,3,-109,49433,664,574,50671,45.39%,46.53%,
105/03/15,95,0,-17,78,49546,663,571,50780,45.50%,46.63%,
105/03/14,19,0,-13,6,49450,663,588,50701,45.41%,46.56%,
105/03/11,15,0,-3,12,49431,663,601,50695,45.39%,46.55%,
105/03/10,91,0,-3,88,49416,663,604,50683,45.38%,46.54%,
105/03/09,145,0,-7,138,49325,663,607,50595,45.29%,46.46%,
105/03/08,162,0,19,181,49180,663,614,50457,45.16%,46.33%,
105/03/07,13,0,-102,-89,49018,663,595,50276,45.01%,46.17%,
105/03/04,14,-1,68,81,49005,663,697,50365,45.00%,46.25%,
105/03/03,70,-2,-88,-20,48991,664,629,50284,44.99%,46.18%,
105/03/02,138,0,167,305,48921,666,717,50304,44.92%,46.19%,
105/03/01,275,0,-3,272,48783,666,550,49999,44.80%,45.92%,
105/02/26,150,0,10,160,48508,666,553,49727,44.54%,45.66%,
105/02/25,35,-10,-3,22,48358,666,543,49567,44.41%,45.52%,
105/02/24,-18,-10,-32,-60,48323,676,546,49545,44.37%,45.49%,
105/02/23,119,-20,-61,38,48341,686,578,49605,44.39%,45.55%,
105/02/22,53,0,171,224,48222,706,639,49567,44.28%,45.52%,
105/02/19,166,2,15,183,48169,706,468,49343,44.23%,45.31%,
105/02/18,136,-42,0,94,48003,704,453,49160,44.08%,45.14%,
105/02/17,150,-30,-1,119,47867,746,453,49066,43.95%,45.05%,
105/02/16,-179,-50,2,-227,47717,776,454,48947,43.82%,44.95%,
105/02/15,21,-45,3,-21,47896,826,452,49174,43.98%,45.15%,
105/02/03,7,-48,-16,-57,47875,871,449,49195,43.96%,45.17%,
105/02/02,232,-102,-2,128,47867,919,465,49251,43.96%,45.23%,
105/02/01,55,0,-9,46,47667,1021,467,49155,43.77%,45.14%,
105/01/30,0,-11,5,-6,47612,1021,476,49109,43.72%,45.09%,
105/01/29,100,-129,-4,-33,47612,1032,471,49115,43.72%,45.10%,
105/01/28,132,-92,1,41,47512,1161,475,49148,43.63%,45.13%,
105/01/27,-22,-9,3,-28,47380,1253,474,49107,43.51%,45.10%,
105/01/26,-1,-109,15,-95,47402,1262,471,49135,43.53%,45.12%,
105/01/25,155,-227,3,-69,47403,1371,456,49230,43.53%,45.21%,
105/01/22,55,-115,8,-52,47248,1598,453,49299,43.39%,45.27%,
105/01/21,88,-126,-14,-52,47193,1713,445,49351,43.34%,45.32%,
105/01/20,45,-4,-9,32,47095,1839,459,49393,43.25%,45.36%,
105/01/19,62,-149,0,-87,47050,1843,468,49361,43.20%,45.32%,
105/01/18,-156,-148,-4,-308,46988,1992,468,49448,43.15%,45.41%,
105/01/15,10,-26,-4,-20,47144,2140,472,49756,43.29%,45.69%,
105/01/14,-2,0,-9,-11,47146,2166,476,49788,43.29%,45.72%,
105/01/13,136,3,-1,138,47148,2166,485,49799,43.29%,45.72%,
105/01/12,104,-20,2,86,47012,2163,486,49661,43.17%,45.60%,
105/01/11,6,0,-14,-8,46898,2183,484,49565,43.07%,45.52%,
105/01/08,6,-4,22,24,46892,2183,498,49573,43.06%,45.52%,
105/01/07,308,-4,1,305,46886,2187,476,49549,43.05%,45.50%,
105/01/06,167,-8,-9,150,46568,2191,475,49234,42.76%,45.21%,
105/01/05,289,-85,-11,193,46401,2199,484,49084,42.61%,45.07%,
105/01/04,52,-178,-64,-190,46112,2284,495,48891,42.34%,44.89%,
104/12/31,71,-186,-8,-123,46070,2462,559,49091,42.30%,45.07%,
104/12/30,-25,15,-11,-21,45999,2475,567,49041,42.24%,45.03%,
104/12/29,-104,16,-8,-96,46024,2460,578,49062,42.26%,45.05%,
104/12/28,1,17,-9,9,46128,2444,586,49158,42.36%,45.14%,
104/12/25,10,10,-5,15,46127,2427,595,49149,42.36%,45.14%,
104/12/24,-172,100,-46,-118,46117,2417,600,49134,42.35%,45.12%,
104/12/23,-336,0,-156,-492,46289,2317,646,49252,42.51%,45.23%,
104/12/22,739,0,193,932,46613,2317,802,49732,42.80%,45.66%,
104/12/21,63,11,36,110,45883,2317,609,48809,42.13%,44.82%,
104/12/18,59,-69,-32,-42,45810,2306,573,48689,42.07%,44.71%,
104/12/17,-74,170,27,123,45751,2375,605,48731,42.01%,44.75%,
104/12/16,-72,0,0,-72,45825,2205,578,48608,42.08%,44.64%,
104/12/15,30,0,-29,1,45897,2205,578,48680,42.15%,44.71%,
104/12/14,109,3,27,139,45867,2205,607,48679,42.12%,44.70%,
104/12/11,250,0,-96,154,45758,2202,580,48540,42.02%,44.57%,
104/12/10,63,11,80,154,45508,2202,676,48386,41.79%,44.43%,
104/12/09,133,0,-82,51,45453,2191,596,48240,41.74%,44.30%,
104/12/08,345,42,-47,340,45320,2191,678,48189,41.62%,44.25%,
104/12/07,49,45,-23,71,44975,2149,725,47849,41.30%,43.94%,
104/12/04,176,0,-25,151,44926,2104,748,47778,41.25%,43.87%,
104/12/03,222,12,-37,197,44750,2104,773,47627,41.09%,43.73%,
104/12/02,61,-100,-96,-135,44528,2092,810,47430,40.89%,43.56%,
104/12/01,125,167,126,418,44467,2192,906,47565,40.83%,43.68%,
104/11/30,270,4,-40,234,44343,2025,780,47148,40.72%,43.30%,
104/11/27,247,0,-59,188,44073,2021,820,46914,40.47%,43.08%,
104/11/26,23,264,54,341,43826,2021,879,46726,40.24%,42.90%,
104/11/25,298,23,-54,267,43803,1757,825,46385,40.22%,42.59%,
104/11/24,348,45,28,421,43505,1734,879,46118,39.95%,42.35%,
104/11/23,288,42,-44,286,43157,1689,851,45697,39.63%,41.96%,
104/11/20,284,25,-141,168,42869,1647,895,45411,39.36%,41.69%,
104/11/19,204,0,195,399,42584,1622,1036,45242,39.10%,41.54%,
104/11/18,259,0,-10,249,42380,1622,841,44843,38.92%,41.18%,
104/11/17,670,44,96,810,42121,1622,851,44594,38.68%,40.95%,
104/11/16,283,90,89,462,41451,1578,755,43784,38.06%,40.20%,
104/11/13,699,20,4,723,41159,1488,666,43313,37.79%,39.77%,
104/11/12,211,162,-21,352,40460,1468,662,42590,37.15%,39.11%,
104/11/11,371,155,-29,497,40261,1306,683,42250,36.97%,38.80%,
104/11/10,131,112,18,261,39890,1151,712,41753,36.63%,38.34%,
104/11/09,-114,190,33,109,39758,1039,694,41491,36.51%,38.10%,
104/11/06,54,-23,-10,21,39872,849,661,41382,36.61%,38.00%,
104/11/05,71,0,10,81,39818,872,671,41361,36.56%,37.98%,
104/11/04,106,23,43,172,39748,872,661,41281,36.50%,37.91%,
104/11/03,81,56,5,142,39642,849,618,41109,36.40%,37.75%,
104/11/02,19,2,4,25,39561,793,613,40967,36.33%,37.62%,
104/10/30,-46,9,-11,-48,39542,791,609,40942,36.31%,37.60%,
104/10/29,82,-2,38,118,39588,782,620,40990,36.35%,37.64%,
104/10/28,19,29,0,48,39506,784,582,40872,36.28%,37.53%,
104/10/27,105,0,-217,-112,39487,755,582,40824,36.26%,37.49%,
104/10/26,60,-10,12,62,39382,755,799,40936,36.16%,37.59%,
104/10/23,21,100,-21,100,39322,765,787,40874,36.11%,37.54%,
104/10/22,61,0,-15,46,39301,665,808,40774,36.09%,37.44%,
104/10/21,-68,0,0,-68,39240,665,823,40728,36.03%,37.40%,
104/10/20,-101,139,25,63,39305,665,823,40793,36.09%,37.46%,
104/10/19,-96,100,28,32,39406,526,798,40730,36.18%,37.40%,
104/10/16,-13,18,-4,1,39502,426,770,40698,36.27%,37.37%,
104/10/15,-94,52,12,-30,39515,408,774,40697,36.28%,37.37%,
104/10/14,-94,96,-1,1,39609,356,762,40727,36.37%,37.40%,
104/10/13,-89,0,-7,-96,39703,260,763,40726,36.46%,37.40%,
104/10/12,-65,-55,1,-119,39792,260,770,40822,36.54%,37.49%,
104/10/08,-133,-60,-3,-196,39857,315,769,40941,36.60%,37.60%,
104/10/07,-168,0,13,-155,39990,375,772,41137,36.72%,37.77%,
104/10/06,-75,0,13,-62,40158,375,759,41292,36.88%,37.92%,
104/10/05,-128,0,-25,-153,40233,375,746,41354,36.94%,37.97%,
104/10/02,-85,-1,-24,-110,40361,375,771,41507,37.06%,38.11%,
104/10/01,171,-40,16,147,40446,376,795,41617,37.14%,38.22%,
104/09/30,84,0,0,84,40275,416,779,41470,36.98%,38.08%,
104/09/25,68,0,-3,65,40191,520,779,41490,36.91%,38.10%,
104/09/24,69,20,54,143,40123,520,782,41425,36.84%,38.04%,
104/09/23,-45,-30,-1,-76,40054,500,728,41282,36.78%,37.91%,
104/09/22,-43,0,3,-40,40099,530,729,41358,36.82%,37.98%,
104/09/21,-75,-18,-7,-100,40142,530,726,41398,36.86%,38.01%,
104/09/18,76,0,13,89,40217,548,733,41498,36.93%,38.11%,
104/09/17,10,0,57,67,40141,548,720,41409,36.86%,38.02%,
104/09/16,-52,-1,-2,-55,40131,548,663,41342,36.85%,37.96%,
104/09/15,37,0,2,39,40229,549,665,41443,36.94%,38.05%,
104/09/14,57,-50,7,14,40183,549,663,41395,36.90%,38.01%,
104/09/11,41,-116,5,-70,40126,599,656,41381,36.85%,38.00%,
104/09/10,-51,-50,61,-40,40085,715,651,41451,36.81%,38.06%,
104/09/09,-25,0,-13,-38,40136,765,590,41491,36.85%,38.09%,
104/09/08,0,-50,22,-28,40131,765,603,41499,36.85%,38.11%,
104/09/07,132,-50,55,137,40130,815,581,41526,36.85%,38.13%,
104/09/04,-45,0,-2,-47,39998,865,526,41389,36.73%,38.01%,
104/09/03,-40,0,34,-6,40044,865,528,41437,36.77%,38.05%,
104/09/02,-13,0,21,8,40111,865,494,41470,36.83%,38.08%,
104/09/01,-39,6,64,31,40124,865,473,41462,36.84%,38.07%,
104/08/31,56,-62,0,-6,40163,859,409,41431,36.88%,38.04%,
104/08/28,-41,-97,14,-124,40107,921,409,41437,36.83%,38.05%,
104/08/27,-27,0,-9,-36,40152,1018,395,41565,36.87%,38.17%,
104/08/26,-86,-10,17,-79,40179,1018,404,41601,36.89%,38.20%,
104/08/25,-118,-98,5,-211,40265,1028,387,41680,36.97%,38.27%,
104/08/24,-49,-21,1,-69,40378,1126,382,41886,37.08%,38.46%,
104/08/21,-64,-151,1,-214,40427,1147,381,41955,37.12%,38.52%,
104/08/20,-105,0,1,-104,40481,1298,380,42159,37.17%,38.71%,
104/08/19,-3,0,0,-3,40586,1298,379,42263,37.27%,38.81%,
104/08/18,-135,38,-10,-107,40590,1298,379,42267,37.27%,38.81%,
104/08/17,-94,-66,-9,-169,40725,1260,389,42374,37.40%,38.91%,
104/08/14,-147,-94,-19,-260,40819,1326,398,42543,37.48%,39.06%,
104/08/13,-152,0,22,-130,40968,1420,417,42805,37.62%,39.31%,
104/08/12,-427,-167,0,-594,41127,1420,395,42942,37.77%,39.44%,
104/08/11,-465,-62,-89,-616,41554,1587,395,43536,38.16%,39.98%,
104/08/10,-134,-145,-8,-287,41968,1649,484,44101,38.54%,40.50%,
104/08/07,-224,0,-2,-226,42102,1794,492,44388,38.66%,40.76%,
104/08/06,-149,0,9,-140,42326,1794,494,44614,38.87%,40.97%,
104/08/05,-118,0,11,-107,42475,1794,485,44754,39.00%,41.09%,
104/08/04,-162,0,-9,-171,42593,1794,474,44861,39.11%,41.19%,
104/08/03,-94,0,-18,-112,42755,1794,483,45032,39.26%,41.35%,
104/07/31,-154,0,-7,-161,42849,1794,501,45144,39.35%,41.46%,
104/07/30,-191,-60,10,-241,43003,1794,508,45305,39.49%,41.60%,
104/07/29,-59,0,-26,-85,43194,1854,498,45546,39.66%,41.82%,
104/07/28,11,-48,10,-27,43253,1854,524,45631,39.72%,41.90%,
104/07/27,-95,0,-36,-131,43242,1902,514,45658,39.71%,41.93%,
104/07/24,-161,-132,-37,-330,43337,1902,550,45789,39.79%,42.04%,
104/07/23,-160,3,-13,-170,43498,2034,587,46119,39.94%,42.35%,
104/07/22,-182,0,-16,-198,43658,2031,600,46289,40.09%,42.51%,
104/07/21,-53,0,2,-51,43840,2031,616,46487,40.26%,42.69%,
104/07/20,-162,-4,43,-123,43893,2031,614,46538,40.31%,42.74%,
104/07/17,-126,49,0,-77,44055,2035,571,46661,40.45%,42.84%,
104/07/16,-64,15,7,-42,44181,1986,571,46738,40.57%,42.92%,
104/07/15,-196,1,6,-189,44245,1971,564,46780,40.63%,42.96%,
104/07/14,-52,70,-6,12,44441,1970,558,46969,40.81%,43.13%,
104/07/13,31,70,10,111,44493,1900,564,46957,40.86%,43.12%,
104/07/09,118,-175,-17,-74,44462,1830,554,46846,40.83%,43.02%,
104/07/08,-161,10,-73,-224,44344,2005,571,46920,40.72%,43.09%,
104/07/07,-143,0,50,-93,44505,1995,644,47144,40.87%,43.29%,
104/07/06,-88,0,-11,-99,44648,1995,594,47237,41.00%,43.38%,
104/07/03,-82,0,80,-2,44736,1995,605,47336,41.08%,43.47%,
104/07/02,-68,12,1,-55,44818,1995,525,47338,41.15%,43.46%,
104/07/01,-31,0,-14,-45,44886,1983,524,47393,41.22%,43.52%,
104/06/30,-143,75,-25,-93,44917,1983,538,47438,41.25%,43.57%,
104/06/29,66,0,12,78,45060,2159,563,47782,41.38%,43.88%,
104/06/26,73,-54,4,23,44994,2159,551,47704,41.32%,43.81%,
104/06/25,72,-25,-13,34,44921,2213,547,47681,41.25%,43.78%,
104/06/24,31,-61,9,-21,44849,2238,560,47647,41.18%,43.75%,
104/06/23,-84,10,-2,-76,44818,2299,551,47668,41.15%,43.77%,
104/06/22,203,-94,-11,98,44902,2289,553,47744,41.23%,43.84%,
104/06/18,58,20,6,84,44699,2383,564,47646,41.05%,43.76%,
104/06/17,19,0,-24,-5,44641,2363,558,47562,40.99%,43.67%,
104/06/16,27,0,-13,14,44623,2363,582,47568,40.98%,43.68%,
104/06/15,-10,-77,0,-87,44596,2363,595,47554,40.95%,43.67%,
104/06/12,-5,3,2,0,44605,2440,595,47640,40.96%,43.75%,
104/06/11,20,7,0,27,44610,2437,593,47640,40.96%,43.74%,
104/06/10,57,5,0,62,44590,2430,593,47613,40.95%,43.73%,
104/06/09,-13,10,0,-3,44533,2425,593,47551,40.89%,43.66%,
104/06/08,19,-108,2,-87,44546,2415,593,47554,40.90%,43.66%,
104/06/05,31,0,0,31,44527,2523,591,47641,40.89%,43.75%,
104/06/04,5,-0,-32,-27,44496,2523,591,47610,40.86%,43.72%,
104/06/03,-90,-15,29,-76,44491,2523,623,47637,40.85%,43.74%,
104/06/02,255,22,81,358,44581,2538,594,47713,40.94%,43.82%,
104/06/01,209,-90,-2,117,44326,2516,513,47355,40.70%,43.48%,
104/05/29,192,-120,0,72,44117,2606,515,47238,40.51%,43.38%,
104/05/28,271,20,11,302,43925,2726,515,47166,40.33%,43.31%,
104/05/27,485,0,-17,468,43654,2706,504,46864,40.09%,43.04%,
104/05/26,264,0,-10,254,43169,2706,521,46396,39.64%,42.60%,
104/05/25,313,30,-7,336,42905,2706,531,46142,39.40%,42.37%,
104/05/22,731,78,13,822,42592,2676,538,45806,39.11%,42.06%,
104/05/21,105,10,-5,110,41861,2598,525,44984,38.44%,41.31%,
104/05/20,63,30,-9,84,41756,2588,530,44874,38.34%,41.20%,
104/05/19,440,10,1,451,41693,2558,539,44790,38.29%,41.13%,
104/05/18,66,20,-3,83,41253,2548,538,44339,37.88%,40.71%,
104/05/15,170,70,-25,215,41187,2528,541,44256,37.82%,40.64%,
104/05/14,169,-14,-8,147,41017,2458,566,44041,37.66%,40.44%,
104/05/13,95,10,-31,74,40848,2472,574,43894,37.51%,40.31%,
104/05/12,108,-100,17,25,40753,2462,605,43820,37.42%,40.24%,
104/05/11,269,-30,-1,238,40645,2562,588,43795,37.32%,40.21%,
104/05/08,140,98,8,246,40376,2592,589,43557,37.08%,40.00%,
104/05/07,-201,-50,-65,-316,40236,2494,581,43311,36.95%,39.77%,
104/05/06,217,98,70,385,40437,2544,646,43627,37.13%,40.06%,
104/05/05,241,21,-7,255,40220,2446,576,43242,36.93%,39.71%,
104/05/04,65,50,-1,114,39979,2425,583,42987,36.71%,39.47%,
104/04/30,306,-30,-6,270,39914,2375,584,42873,36.65%,39.37%,
104/04/29,129,-50,17,96,39608,2405,590,42603,36.37%,39.12%,
104/04/28,131,-108,-1,22,39479,2455,573,42507,36.25%,39.03%,
104/04/27,558,0,29,587,39348,2563,574,42485,36.13%,39.01%,
104/04/24,283,50,-7,326,38790,2563,545,41898,35.62%,38.47%,
104/04/23,594,143,-5,732,38507,2513,552,41572,35.36%,38.17%,
104/04/22,254,-30,6,230,37913,2370,557,40840,34.81%,37.50%,
104/04/21,160,-17,-14,129,37659,2400,551,40610,34.58%,37.29%,
104/04/20,473,4,-14,463,37499,2417,565,40481,34.43%,37.17%,
104/04/17,44,-37,11,18,37026,2413,579,40018,34.00%,36.75%,
104/04/16,293,-30,-7,256,36982,2450,568,40000,33.96%,36.73%,
104/04/15,241,-3,38,276,36689,2480,575,39744,33.69%,36.50%,
104/04/14,94,0,-4,90,36448,2483,537,39468,33.47%,36.24%,
104/04/13,-9,5,-18,-22,36354,2483,541,39378,33.38%,36.16%,
104/04/10,149,9,-48,110,36363,2478,559,39400,33.39%,36.18%,
104/04/09,182,10,-33,159,36214,2469,607,39290,33.25%,36.07%,
104/04/08,43,19,-3,59,36009,2459,640,39108,33.07%,35.92%,
104/04/07,63,137,54,254,35966,2440,643,39049,33.03%,35.86%,
104/04/02,277,127,57,461,35904,2303,589,38796,32.97%,35.63%,
104/04/01,180,25,8,213,35627,2176,532,38335,32.71%,35.20%,
104/03/31,288,88,8,384,35447,2151,524,38122,32.55%,35.01%,
104/03/30,53,0,-30,23,35159,2067,516,37742,32.28%,34.65%,
104/03/27,39,0,-7,32,35106,2067,546,37719,32.24%,34.64%,
104/03/26,72,25,-32,65,35067,2067,553,37687,32.20%,34.61%,
104/03/25,-2,50,14,62,34995,2042,585,37622,32.13%,34.54%,
104/03/24,131,0,-9,122,34997,1992,571,37560,32.14%,34.49%,
104/03/23,92,0,-12,80,34866,1992,580,37438,32.01%,34.37%,
104/03/20,95,0,55,150,34774,1992,592,37358,31.93%,34.30%,
104/03/19,50,0,6,56,34679,1992,537,37208,31.84%,34.16%,
104/03/18,58,0,8,66,34629,1992,531,37152,31.80%,34.12%,
104/03/17,-15,0,-21,-36,34570,1992,523,37085,31.74%,34.05%,
104/03/16,-109,0,0,-109,34585,1992,544,37121,31.76%,34.09%,
104/03/13,149,0,2,151,34694,1992,544,37230,31.86%,34.19%,
104/03/12,54,-0,-1,53,34545,1992,542,37079,31.72%,34.05%,
104/03/11,-104,0,-4,-108,34491,1992,543,37026,31.67%,34.00%,
104/03/10,-190,0,-3,-193,34595,1992,547,37134,31.77%,34.10%,
104/03/09,-213,0,2,-211,34785,1992,550,37327,31.94%,34.27%,
104/03/06,-77,0,27,-50,34998,1992,548,37538,32.14%,34.47%,
104/03/05,43,0,12,55,35075,1992,521,37588,32.21%,34.52%,
104/03/04,-22,-2,7,-17,35032,1992,509,37533,32.17%,34.47%,
104/03/03,18,10,10,38,35054,1994,502,37550,32.19%,34.48%,
104/03/02,-7,0,19,12,35036,1984,492,37512,32.17%,34.44%,
104/02/26,60,0,0,60,35043,1984,473,37500,32.18%,34.44%,
104/02/25,45,0,-27,18,34983,1984,473,37440,32.12%,34.38%,
104/02/24,60,0,0,60,34939,1984,500,37423,32.08%,34.36%,
104/02/13,70,50,-5,115,34879,1984,500,37363,32.03%,34.31%,
104/02/12,56,0,0,56,34809,1934,505,37248,31.96%,34.20%,
104/02/11,-8,41,0,33,34782,1934,505,37221,31.94%,34.18%,
104/02/10,59,21,10,90,34790,1893,505,37188,31.95%,34.15%,
104/02/09,-9,69,12,72,34731,1872,495,37098,31.89%,34.06%,
104/02/06,-11,45,5,39,34740,1803,483,37026,31.90%,34.00%,
104/02/05,-21,0,34,13,34761,1758,478,36997,31.92%,33.97%,
104/02/04,-293,360,21,88,34782,1758,444,36984,31.94%,33.96%,
104/02/03,-41,20,-10,-31,35075,1398,423,36896,32.21%,33.88%,
104/02/02,-173,142,2,-29,35158,1378,433,36969,32.28%,33.94%,
104/01/30,-81,-1,2,-80,35331,1236,431,36998,32.44%,33.97%,
104/01/29,53,0,4,57,35412,1237,429,37078,32.52%,34.05%,
104/01/28,24,0,13,37,35407,1237,425,37069,32.51%,34.04%,
104/01/27,40,0,26,66,35383,1237,412,37032,32.49%,34.00%,
104/01/26,-39,0,0,-39,35343,1237,386,36966,32.45%,33.94%,
104/01/23,-43,0,0,-43,35382,1237,386,37005,32.49%,33.98%,
104/01/22,16,-3,0,13,35425,1237,386,37048,32.53%,34.02%,
104/01/21,17,0,-1,16,35408,1240,386,37034,32.51%,34.00%,
104/01/20,23,0,0,23,35391,1240,387,37018,32.50%,33.99%,
104/01/19,3,0,0,3,35367,1240,387,36994,32.48%,33.97%,
104/01/16,-163,0,-6,-169,35364,1240,387,36991,32.47%,33.96%,
104/01/15,4,0,-1,3,35526,1240,393,37159,32.62%,34.12%,
104/01/14,82,0,0,82,35522,1240,394,37156,32.62%,34.12%,
104/01/13,19,0,1,20,35440,1240,394,37074,32.54%,34.04%,
104/01/12,14,0,0,14,35421,1240,393,37054,32.53%,34.03%,
104/01/09,-132,69,1,-62,35407,1240,393,37040,32.51%,34.01%,
104/01/08,-43,0,0,-43,35539,1171,392,37102,32.63%,34.07%,
104/01/07,-37,50,7,20,35582,1171,392,37145,32.67%,34.11%,
104/01/06,-48,40,0,-8,35619,1121,385,37125,32.71%,34.09%,
104/01/05,-49,33,0,-16,35657,1081,385,37123,32.74%,34.09%,
