日期,外資買賣超,投信買賣超,自營商買賣超,單日合計買賣超,外資估計持股,投信估計持股,自營商估計持股,單日合計估計持股,外資持股比重,三大法人持股比重,
107/03/31,0,0,-12,-12,22711,0,2434,25145,6.93%,7.67%,
107/03/30,-44,0,-32,-76,22711,0,2446,25157,6.93%,7.68%,
107/03/29,-113,0,0,-113,22755,0,2478,25233,6.94%,7.70%,
107/03/28,-12,0,0,-12,22868,0,2478,25346,6.97%,7.73%,
107/03/27,65,0,0,65,22880,0,2478,25358,6.98%,7.74%,
107/03/26,146,0,14,160,22815,0,2478,25293,6.96%,7.72%,
107/03/23,-63,0,13,-50,22669,0,2464,25133,6.91%,7.66%,
107/03/22,-131,0,2,-129,22732,0,2451,25183,6.93%,7.68%,
107/03/21,93,0,4,97,22863,0,2449,25312,6.97%,7.72%,
107/03/20,293,0,22,315,22815,0,2445,25260,6.96%,7.71%,
107/03/19,-60,-112,6,-166,22522,0,2423,24945,6.87%,7.61%,
107/03/16,-188,-303,0,-491,22592,112,2417,25121,6.89%,7.66%,
107/03/15,-13,-304,3,-314,22780,415,2417,25612,6.95%,7.81%,
107/03/14,13,-304,-8,-299,22793,719,2414,25926,6.95%,7.91%,
107/03/13,-700,-315,151,-864,22780,1023,2422,26225,6.95%,8.00%,
107/03/12,-840,0,10,-830,23480,1338,2271,27089,7.16%,8.26%,
107/03/09,-4726,-292,-89,-5107,24320,1338,2261,27919,7.42%,8.52%,
107/03/08,-1068,0,-10,-1078,29036,1630,2350,33016,8.86%,10.07%,
107/03/07,11,0,14,25,30104,1630,2360,34094,9.18%,10.40%,
107/03/06,-10,0,0,-10,30093,1630,2346,34069,9.18%,10.39%,
107/03/05,-224,0,4,-220,30103,1630,2346,34079,9.18%,10.39%,
107/03/02,-86,0,3,-83,30327,1630,2342,34299,9.25%,10.46%,
107/03/01,280,0,6,286,30413,1630,2339,34382,9.28%,10.49%,
107/02/27,-303,0,-8,-311,30123,1630,2333,34086,9.19%,10.40%,
107/02/26,201,0,-10,191,30426,1630,2341,34397,9.28%,10.49%,
107/02/23,305,0,15,320,30225,1630,2351,34206,9.22%,10.44%,
107/02/22,34,0,0,34,29920,1630,2336,33886,9.13%,10.34%,
107/02/21,237,0,-16,221,29886,1630,2336,33852,9.12%,10.33%,
107/02/12,-162,0,-2,-164,29649,1630,2352,33631,9.04%,10.26%,
107/02/09,385,0,1,386,29811,1630,2354,33795,9.09%,10.31%,
107/02/08,292,0,-2,290,29719,1630,2353,33702,9.07%,10.29%,
107/02/07,913,0,-32,881,29427,1630,2355,33412,8.98%,10.20%,
107/02/06,83,0,99,182,28514,1630,2387,32531,8.70%,9.93%,
107/02/05,693,0,44,737,28431,1630,2288,32349,8.67%,9.87%,
107/02/02,4,0,-1,3,27738,1630,2244,31612,8.46%,9.64%,
107/02/01,539,0,-80,459,27714,1630,2245,31589,8.45%,9.63%,
107/01/31,815,0,-9,806,27163,1630,2325,31118,8.29%,9.50%,
107/01/30,-316,0,4,-312,26588,1630,2334,30552,8.11%,9.32%,
107/01/29,-755,520,0,-235,26739,1630,2330,30699,8.16%,9.37%,
107/01/26,54,539,-1,592,27234,1110,2330,30674,8.31%,9.36%,
107/01/25,289,571,-9,851,27180,571,2331,30082,8.29%,9.18%,
107/01/24,291,0,-11,280,26791,0,2340,29131,8.17%,8.88%,
107/01/23,85,0,-188,-103,26470,0,2351,28821,8.07%,8.79%,
107/01/22,343,0,95,438,27219,0,2539,29758,8.30%,9.07%,
107/01/19,1500,0,-25,1475,26876,0,2444,29320,8.20%,8.95%,
107/01/18,-115,0,15,-100,25376,0,2469,27845,7.74%,8.49%,
107/01/17,-36,0,-253,-289,25491,0,2454,27945,7.78%,8.53%,
107/01/16,515,0,181,696,25527,0,2707,28234,7.79%,8.62%,
107/01/15,399,0,23,422,25012,0,2526,27538,7.63%,8.40%,
107/01/12,340,0,23,363,24613,0,2503,27116,7.51%,8.27%,
107/01/11,1164,0,10,1174,24273,0,2480,26753,7.40%,8.16%,
107/01/10,1077,0,5,1082,23109,0,2470,25579,7.05%,7.80%,
107/01/09,1094,0,-285,809,22143,0,2465,24608,6.75%,7.50%,
107/01/08,-146,0,-210,-356,21049,0,2750,23799,6.42%,7.26%,
107/01/05,230,0,-226,4,21195,0,2960,24155,6.46%,7.36%,
107/01/04,-1004,0,345,-659,20965,0,3186,24151,6.39%,7.36%,
107/01/03,1318,0,-110,1208,21883,0,2841,24724,6.67%,7.54%,
107/01/02,118,0,120,238,21165,0,2951,24116,6.45%,7.35%,
106/12/29,182,0,90,272,21047,0,2831,23878,6.42%,7.28%,
106/12/28,-172,0,1,-171,20742,0,2741,23483,6.33%,7.17%,
106/12/27,3940,0,-329,3611,20874,0,2740,23614,6.37%,7.21%,
106/12/26,17,0,0,17,16934,0,3069,20003,5.16%,6.10%,
106/12/25,26,0,0,26,16917,0,3069,19986,5.16%,6.10%,
106/12/22,-558,0,-485,-1043,16891,0,3069,19960,5.15%,6.09%,
106/12/21,452,0,485,937,17449,0,3554,21003,5.32%,6.40%,
106/12/20,379,0,0,379,16981,0,3069,20050,5.18%,6.12%,
106/12/19,159,0,-2,157,16602,0,3069,19671,5.06%,6.00%,
106/12/18,391,0,-20,371,16243,0,3071,19314,4.95%,5.89%,
106/12/15,875,0,0,875,15850,0,3091,18941,4.83%,5.77%,
106/12/14,157,0,1,158,14975,0,3091,18066,4.57%,5.51%,
106/12/13,225,0,-75,150,14818,0,3090,17908,4.52%,5.46%,
106/12/12,182,0,0,182,14593,0,3165,17758,4.45%,5.42%,
106/12/11,-511,0,75,-436,14411,0,3165,17576,4.39%,5.36%,
106/12/08,407,0,-5,402,14920,0,3090,18010,4.55%,5.49%,
106/12/07,337,0,139,476,14128,0,3095,17223,4.31%,5.25%,
106/12/06,-478,0,103,-375,13791,0,2956,16747,4.20%,5.10%,
106/12/05,-993,0,341,-652,14214,0,2853,17067,4.33%,5.20%,
106/12/04,2422,0,-22,2400,15184,0,2512,17696,4.63%,5.40%,
106/12/01,85,0,-19,66,12762,0,2534,15296,3.89%,4.66%,
106/11/30,291,0,-1,290,12434,0,2553,14987,3.79%,4.57%,
106/11/29,320,0,178,498,12143,0,2554,14697,3.70%,4.48%,
106/11/28,183,0,200,383,11823,0,2376,14199,3.60%,4.33%,
106/11/27,-32,0,0,-32,11640,0,2176,13816,3.55%,4.21%,
106/11/24,-116,0,0,-116,11662,0,2176,13838,3.55%,4.21%,
106/11/23,195,0,-4,191,11778,0,2176,13954,3.59%,4.25%,
106/11/22,90,0,8,98,11612,0,2180,13792,3.54%,4.21%,
106/11/21,-36,0,300,264,11522,0,2172,13694,3.51%,4.17%,
106/11/20,96,0,514,610,11558,0,1872,13430,3.52%,4.09%,
106/11/17,-77,0,-8,-85,11462,0,1358,12820,3.49%,3.90%,
106/11/16,-41,0,114,73,11539,0,1366,12905,3.52%,3.94%,
106/11/15,241,0,437,678,11580,0,1252,12832,3.53%,3.91%,
106/11/14,-359,0,51,-308,11339,0,815,12154,3.46%,3.71%,
106/11/13,-304,0,-1,-305,11698,0,764,12462,3.57%,3.80%,
106/11/10,14,0,200,214,12002,0,765,12767,3.66%,3.89%,
106/11/09,-69,0,-120,-189,11988,0,565,12553,3.65%,3.82%,
106/11/08,-72,0,0,-72,12057,0,685,12742,3.67%,3.88%,
106/11/07,-113,0,0,-113,12129,0,685,12814,3.70%,3.91%,
106/11/06,73,0,0,73,12242,0,685,12927,3.73%,3.94%,
106/11/03,142,0,-1,141,12169,0,685,12854,3.71%,3.92%,
106/11/02,71,0,0,71,12027,0,686,12713,3.67%,3.88%,
106/11/01,21,0,0,21,11956,0,686,12642,3.64%,3.85%,
106/10/31,-11,0,0,-11,11935,0,686,12621,3.64%,3.85%,
106/10/30,-23,0,0,-23,11946,0,686,12632,3.64%,3.85%,
106/10/27,-466,0,-1,-467,11969,0,686,12655,3.65%,3.86%,
106/10/26,6,0,0,6,12435,0,687,13122,3.79%,4.00%,
106/10/25,-1,0,0,-1,12419,0,687,13106,3.79%,4.00%,
106/10/24,84,0,0,84,12420,0,687,13107,3.79%,4.00%,
106/10/23,35,0,0,35,12362,0,687,13049,3.77%,3.98%,
106/10/20,-91,0,-6,-97,12327,0,687,13014,3.76%,3.97%,
106/10/19,-33,0,50,17,12418,0,693,13111,3.79%,4.00%,
106/10/18,-101,0,1,-100,12451,0,643,13094,3.80%,4.00%,
106/10/17,-95,0,20,-75,12552,0,642,13194,3.83%,4.03%,
106/10/16,55,0,49,104,12647,0,622,13269,3.86%,4.05%,
106/10/13,5,0,0,5,12592,0,573,13165,3.84%,4.01%,
106/10/12,-55,0,4,-51,12587,0,573,13160,3.84%,4.01%,
106/10/11,-120,0,-2,-122,12642,0,569,13211,3.85%,4.02%,
106/10/06,38,0,0,38,12762,0,571,13333,3.89%,4.06%,
106/10/05,-40,0,0,-40,12724,0,571,13295,3.88%,4.05%,
106/10/03,-166,0,1,-165,12764,0,571,13335,3.89%,4.06%,
106/10/02,84,0,-2,82,12930,0,570,13500,3.94%,4.11%,
106/09/30,0,0,-448,-448,12846,0,572,13418,3.92%,4.09%,
106/09/29,-149,0,-250,-399,12846,0,1020,13866,3.92%,4.23%,
106/09/28,-186,0,-2,-188,12995,0,1270,14265,3.96%,4.35%,
106/09/27,-176,0,0,-176,13181,0,1272,14453,4.02%,4.41%,
106/09/26,-16,0,-3,-19,13357,0,1272,14629,4.07%,4.46%,
106/09/25,314,-598,42,-242,13373,0,1275,14648,4.08%,4.47%,
106/09/22,-146,0,61,-85,13059,598,1233,14890,3.98%,4.54%,
106/09/21,126,0,2,128,13205,598,1172,14975,4.03%,4.57%,
106/09/20,102,0,100,202,13079,598,1170,14847,3.99%,4.53%,
106/09/19,2,-113,4,-107,12977,598,1070,14645,3.96%,4.47%,
106/09/18,565,-809,0,-244,12975,711,1066,14752,3.96%,4.50%,
106/09/15,409,-477,-1,-69,12410,1520,1066,14996,3.78%,4.57%,
106/09/14,93,-139,0,-46,12001,1997,1067,15065,3.66%,4.60%,
106/09/13,487,0,1,488,11908,2136,1067,15111,3.63%,4.61%,
106/09/12,351,0,0,351,11421,2136,1066,14623,3.48%,4.46%,
106/09/11,917,0,0,917,11070,2136,1066,14272,3.37%,4.35%,
106/09/08,329,0,-41,288,10153,2136,1066,13355,3.09%,4.07%,
106/09/07,370,317,-259,428,9824,2136,1107,13067,2.99%,3.98%,
106/09/06,5,1819,-18,1806,9454,1819,1366,12639,2.88%,3.85%,
106/09/05,61,0,1,62,9449,0,1384,10833,2.88%,3.30%,
106/09/04,1,0,-101,-100,9388,0,1383,10771,2.86%,3.28%,
106/09/01,38,0,529,567,9387,0,1484,10871,2.86%,3.31%,
106/08/31,-559,0,690,131,9349,0,955,10304,2.85%,3.14%,
106/08/30,57,0,0,57,9955,0,265,10220,3.03%,3.11%,
106/08/29,-134,0,-70,-204,9898,0,265,10163,3.02%,3.10%,
106/08/28,45,0,-1,44,10032,0,335,10367,3.06%,3.16%,
106/08/25,-51,0,-79,-130,9987,0,336,10323,3.04%,3.14%,
106/08/24,87,0,0,87,10038,0,415,10453,3.06%,3.19%,
106/08/23,-100,0,-63,-163,9951,0,415,10366,3.03%,3.16%,
106/08/22,-28,0,-230,-258,10051,0,478,10529,3.06%,3.21%,
106/08/21,366,0,-10,356,10079,0,708,10787,3.07%,3.29%,
106/08/18,45,0,10,55,9713,0,718,10431,2.96%,3.18%,
106/08/17,264,0,-21,243,9668,0,708,10376,2.95%,3.17%,
106/08/16,351,0,-13,338,9404,0,729,10133,2.87%,3.09%,
106/08/15,114,0,54,168,9053,0,742,9795,2.76%,2.99%,
106/08/14,-446,0,620,174,8939,0,688,9627,2.72%,2.93%,
106/08/11,26,0,0,26,9385,0,68,9453,2.86%,2.88%,
106/08/10,-11,0,1,-10,9359,0,68,9427,2.85%,2.87%,
106/08/09,-103,0,-2,-105,9370,0,67,9437,2.85%,2.87%,
106/08/08,1,0,-2,-1,9473,0,69,9542,2.89%,2.91%,
106/08/07,425,0,1,426,9472,0,71,9543,2.89%,2.91%,
106/08/04,33,0,-1,32,9047,0,70,9117,2.76%,2.78%,
106/08/03,-19,0,-2,-21,9014,0,71,9085,2.75%,2.77%,
106/08/02,-42,0,-5,-47,9033,0,73,9106,2.75%,2.77%,
106/08/01,167,0,0,167,9075,0,78,9153,2.76%,2.78%,
106/07/31,169,0,0,169,8908,0,78,8986,2.71%,2.73%,
106/07/28,26,0,0,26,8739,0,78,8817,2.66%,2.68%,
106/07/27,163,0,1,164,8713,0,78,8791,2.65%,2.67%,
106/07/26,120,0,-1,119,8550,0,77,8627,2.60%,2.62%,
106/07/25,198,0,0,198,8430,0,78,8508,2.57%,2.59%,
106/07/24,35,0,7,42,8232,0,78,8310,2.51%,2.53%,
106/07/21,115,0,0,115,8693,0,71,8764,2.65%,2.67%,
106/07/20,64,0,0,64,8578,0,71,8649,2.61%,2.63%,
106/07/19,-275,0,5,-270,8514,0,71,8585,2.59%,2.61%,
106/07/18,-87,0,1,-86,8789,0,66,8855,2.68%,2.70%,
106/07/17,430,0,-10,420,9056,0,65,9121,2.76%,2.78%,
106/07/14,64,0,-28,36,8626,0,75,8701,2.63%,2.65%,
106/07/13,208,0,-4,204,8562,0,103,8665,2.61%,2.64%,
106/07/12,278,0,-7,271,8354,0,107,8461,2.54%,2.57%,
106/07/11,307,0,8,315,8076,0,114,8190,2.46%,2.49%,
106/07/10,-30,0,2,-28,7769,0,106,7875,2.37%,2.40%,
106/07/07,181,0,-1,180,7799,0,104,7903,2.38%,2.41%,
106/07/06,52,0,9,61,7618,0,105,7723,2.32%,2.35%,
106/07/05,41,0,-10,31,7566,0,96,7662,2.30%,2.33%,
106/07/04,88,0,15,103,7525,0,106,7631,2.29%,2.32%,
106/07/03,136,0,-19,117,7437,0,91,7528,2.26%,2.29%,
106/06/30,19,0,0,19,7301,0,110,7411,2.22%,2.25%,
106/06/29,142,0,0,142,7167,0,110,7277,2.18%,2.21%,
106/06/28,120,0,0,120,7025,0,110,7135,2.14%,2.17%,
106/06/27,6,0,0,6,6905,0,110,7015,2.10%,2.13%,
106/06/26,76,0,24,100,6834,0,110,6944,2.08%,2.11%,
106/06/23,3,0,0,3,6758,0,86,6844,2.06%,2.09%,
106/06/22,52,0,-1,51,6755,0,86,6841,2.06%,2.09%,
106/06/21,153,0,7,160,6703,0,87,6790,2.04%,2.07%,
106/06/20,46,0,3,49,6550,0,80,6630,1.99%,2.01%,
106/06/19,148,0,3,151,6504,0,77,6581,1.98%,2.00%,
106/06/16,59,0,5,64,6356,0,74,6430,1.93%,1.95%,
106/06/15,-18,0,0,-18,6297,0,69,6366,1.92%,1.94%,
106/06/14,-15,0,0,-15,6315,0,69,6384,1.92%,1.94%,
106/06/13,21,0,4,25,6330,0,69,6399,1.93%,1.95%,
106/06/12,47,0,0,47,6309,0,65,6374,1.92%,1.94%,
106/06/09,-96,0,0,-96,6262,0,65,6327,1.91%,1.93%,
106/06/08,-145,0,1,-144,6361,0,65,6426,1.94%,1.96%,
106/06/07,-135,0,0,-135,6496,0,64,6560,1.98%,2.00%,
106/06/06,-128,0,0,-128,6631,0,64,6695,2.02%,2.04%,
106/06/05,3,0,0,3,6759,0,64,6823,2.06%,2.08%,
106/06/03,0,0,0,0,6756,0,64,6820,2.06%,2.08%,
106/06/02,93,0,0,93,6756,0,64,6820,2.06%,2.08%,
106/06/01,145,0,-6,139,6663,0,64,6727,2.03%,2.05%,
106/05/31,-94,0,1,-93,6518,0,70,6588,1.98%,2.00%,
106/05/26,133,0,0,133,6525,0,69,6594,1.99%,2.01%,
106/05/25,79,0,0,79,6392,0,69,6461,1.95%,1.97%,
106/05/24,-175,0,2,-173,6313,0,69,6382,1.92%,1.94%,
106/05/23,-67,0,0,-67,6366,0,67,6433,1.94%,1.96%,
106/05/22,98,0,-1,97,6433,0,67,6500,1.96%,1.98%,
106/05/19,-56,0,0,-56,6335,0,68,6403,1.93%,1.95%,
106/05/18,10,0,0,10,6391,0,68,6459,1.95%,1.97%,
106/05/17,20,0,0,20,6381,0,68,6449,1.94%,1.96%,
106/05/16,-325,0,0,-325,6361,0,68,6429,1.94%,1.96%,
106/05/15,-132,0,1,-131,6589,0,68,6657,2.01%,2.03%,
106/05/12,126,0,0,126,6831,0,67,6898,2.08%,2.10%,
106/05/11,-69,0,0,-69,6705,0,67,6772,2.04%,2.06%,
106/05/10,-78,0,0,-78,6774,0,67,6841,2.06%,2.08%,
106/05/09,-159,0,-2,-161,6852,0,67,6919,2.09%,2.11%,
106/05/08,-123,0,1,-122,7011,0,69,7080,2.13%,2.15%,
106/05/05,-26,0,0,-26,7134,0,68,7202,2.17%,2.19%,
106/05/04,-20,0,0,-20,7160,0,68,7228,2.18%,2.20%,
106/05/03,31,0,0,31,7180,0,68,7248,2.19%,2.21%,
106/05/02,42,0,0,42,7149,0,68,7217,2.18%,2.20%,
106/04/28,36,0,-2,34,7107,0,68,7175,2.16%,2.18%,
106/04/27,28,0,0,28,7071,0,70,7141,2.15%,2.17%,
106/04/26,24,0,0,24,7043,0,70,7113,2.14%,2.16%,
106/04/25,-201,0,0,-201,7019,0,70,7089,2.14%,2.16%,
106/04/24,-38,0,0,-38,7220,0,70,7290,2.20%,2.22%,
106/04/21,-44,0,0,-44,7258,0,70,7328,2.21%,2.23%,
106/04/20,-84,0,0,-84,7302,0,70,7372,2.22%,2.24%,
106/04/19,-58,0,0,-58,6786,0,70,6856,2.07%,2.09%,
106/04/18,-60,0,0,-60,6844,0,70,6914,2.08%,2.10%,
106/04/17,-79,0,2,-77,6904,0,70,6974,2.10%,2.12%,
106/04/14,-224,0,-1,-225,6983,0,68,7051,2.13%,2.15%,
106/04/13,12,0,0,12,7207,0,69,7276,2.19%,2.21%,
106/04/12,-919,0,-3,-922,7195,0,69,7264,2.19%,2.21%,
106/04/11,-221,0,0,-221,7936,0,72,8008,2.42%,2.44%,
106/04/10,-534,0,-1,-535,8155,0,72,8227,2.48%,2.50%,
106/04/07,-85,0,0,-85,8689,0,73,8762,2.65%,2.67%,
106/04/06,55,0,0,55,8774,0,73,8847,2.67%,2.69%,
106/04/05,716,0,0,716,8719,0,73,8792,2.66%,2.68%,
106/03/31,269,0,0,269,8003,0,73,8076,2.44%,2.46%,
106/03/30,248,0,0,248,7746,0,73,7819,2.36%,2.38%,
106/03/29,97,0,0,97,7498,0,73,7571,2.28%,2.30%,
106/03/28,-61,0,4,-57,7401,0,73,7474,2.25%,2.27%,
106/03/27,6,0,1,7,7422,0,69,7491,2.26%,2.28%,
106/03/24,34,0,0,34,7415,0,68,7483,2.26%,2.28%,
106/03/23,224,0,0,224,7370,0,68,7438,2.24%,2.26%,
106/03/22,404,0,-1,403,7146,0,68,7214,2.18%,2.20%,
106/03/21,-402,0,0,-402,6742,0,69,6811,2.05%,2.07%,
106/03/20,-72,0,0,-72,7132,0,69,7201,2.17%,2.19%,
106/03/17,230,0,0,230,7204,0,69,7273,2.19%,2.21%,
106/03/16,634,0,1,635,6974,0,69,7043,2.12%,2.14%,
106/03/15,150,0,3,153,6340,0,68,6408,1.93%,1.95%,
106/03/14,425,0,1,426,6157,0,65,6222,1.87%,1.89%,
106/03/13,114,0,-1,113,5732,0,64,5796,1.74%,1.76%,
106/03/10,-68,0,0,-68,5618,0,65,5683,1.71%,1.73%,
106/03/09,-182,0,1,-181,5686,0,65,5751,1.73%,1.75%,
106/03/08,13,0,-58,-45,5868,0,64,5932,1.79%,1.81%,
106/03/07,33,0,0,33,5855,0,122,5977,1.78%,1.82%,
106/03/06,-328,0,57,-271,5822,0,122,5944,1.77%,1.81%,
106/03/03,60,0,-256,-196,6098,0,65,6163,1.86%,1.88%,
106/03/02,-27,0,0,-27,6038,0,321,6359,1.84%,1.94%,
106/03/01,-50,0,1,-49,6065,0,321,6386,1.85%,1.95%,
106/02/24,-59,0,-1,-60,6115,0,320,6435,1.86%,1.96%,
106/02/23,91,0,0,91,6174,0,321,6495,1.88%,1.98%,
106/02/22,178,0,2,180,6083,0,321,6404,1.85%,1.95%,
106/02/21,-108,0,2,-106,5905,0,319,6224,1.80%,1.90%,
106/02/20,-8,0,-1,-9,6013,0,317,6330,1.83%,1.93%,
106/02/18,0,0,2,2,6021,0,318,6339,1.83%,1.93%,
106/02/17,146,0,0,146,6021,0,316,6337,1.83%,1.93%,
106/02/16,-1,0,0,-1,5913,0,316,6229,1.80%,1.90%,
106/02/15,219,0,0,219,5914,0,316,6230,1.80%,1.90%,
106/02/14,-141,0,-1,-142,5695,0,316,6011,1.73%,1.83%,
106/02/13,43,0,0,43,5836,0,317,6153,1.78%,1.88%,
106/02/10,147,0,0,147,5793,0,317,6110,1.76%,1.86%,
106/02/09,-117,0,1,-116,5646,0,317,5963,1.72%,1.82%,
106/02/08,-310,0,-1,-311,5763,0,316,6079,1.75%,1.85%,
106/02/07,-316,0,0,-316,6073,0,317,6390,1.85%,1.95%,
106/02/06,274,0,1,275,6367,0,317,6684,1.94%,2.04%,
106/02/03,-266,0,113,-153,6093,0,316,6409,1.85%,1.95%,
106/02/02,327,0,4,331,6359,0,203,6562,1.94%,2.00%,
106/01/24,235,0,1,236,6490,0,199,6689,1.98%,2.04%,
106/01/23,12,0,1,13,6239,0,198,6437,1.90%,1.96%,
106/01/20,5,0,0,5,6227,0,197,6424,1.90%,1.96%,
106/01/19,-7,0,-2,-9,6222,0,197,6419,1.89%,1.95%,
106/01/18,89,0,134,223,6229,0,199,6428,1.90%,1.96%,
106/01/17,20,0,-1,19,6150,0,65,6215,1.87%,1.89%,
106/01/16,54,0,-1,53,6130,0,66,6196,1.87%,1.89%,
106/01/13,-69,0,-38,-107,6076,0,67,6143,1.85%,1.87%,
106/01/12,60,0,-16,44,6145,0,105,6250,1.87%,1.90%,
106/01/11,-48,0,0,-48,6085,0,121,6206,1.85%,1.89%,
106/01/10,6,0,-2,4,6133,0,121,6254,1.87%,1.91%,
106/01/09,-175,0,-1,-176,6127,0,123,6250,1.86%,1.90%,
106/01/06,-89,0,-1,-90,6302,0,124,6426,1.92%,1.96%,
106/01/05,61,0,-1,60,6181,0,125,6306,1.88%,1.92%,
106/01/04,27,0,57,84,6120,0,126,6246,1.86%,1.90%,
106/01/03,63,0,0,63,6056,0,69,6125,1.84%,1.86%,
105/12/30,-31,0,-1,-32,5993,0,69,6062,1.82%,1.84%,
105/12/29,-66,0,-1,-67,6024,0,70,6094,1.83%,1.85%,
105/12/28,-11,0,-1,-12,6090,0,71,6161,1.85%,1.87%,
105/12/27,1,0,0,1,6101,0,72,6173,1.86%,1.88%,
105/12/26,7,0,0,7,6100,0,72,6172,1.86%,1.88%,
105/12/23,80,0,0,80,6093,0,72,6165,1.85%,1.87%,
105/12/22,-117,0,0,-117,6013,0,72,6085,1.83%,1.85%,
105/12/21,-110,0,2,-108,6130,0,72,6202,1.87%,1.89%,
105/12/20,326,0,6,332,6240,0,70,6310,1.90%,1.92%,
105/12/19,23,0,5,28,5914,0,64,5978,1.80%,1.82%,
105/12/16,-16,0,7,-9,5891,0,59,5950,1.79%,1.81%,
105/12/15,-31,0,0,-31,5907,0,52,5959,1.80%,1.82%,
105/12/14,198,0,12,210,5938,0,52,5990,1.81%,1.83%,
105/12/13,546,0,1,547,5740,0,40,5780,1.75%,1.76%,
105/12/12,-83,0,11,-72,5194,0,39,5233,1.58%,1.59%,
105/12/09,-283,0,-4,-287,5220,0,28,5248,1.59%,1.60%,
105/12/08,-66,0,-1,-67,5224,0,32,5256,1.59%,1.60%,
105/12/07,-144,0,0,-144,5290,0,33,5323,1.61%,1.62%,
105/12/06,150,0,3,153,5396,0,33,5429,1.64%,1.65%,
105/12/05,-158,0,12,-146,5166,0,30,5196,1.57%,1.58%,
105/12/02,-341,0,1,-340,5324,0,18,5342,1.62%,1.63%,
105/12/01,219,0,-6,213,5618,0,17,5635,1.71%,1.72%,
105/11/30,23,0,5,28,5369,0,23,5392,1.63%,1.64%,
105/11/29,280,0,-2,278,5346,0,18,5364,1.63%,1.64%,
105/11/28,83,0,4,87,5066,0,20,5086,1.54%,1.55%,
105/11/25,-63,0,0,-63,4953,0,16,4969,1.51%,1.51%,
105/11/24,13,0,0,13,5016,0,16,5032,1.53%,1.53%,
105/11/23,30,0,0,30,5003,0,16,5019,1.52%,1.52%,
105/11/22,11,0,8,19,4973,0,16,4989,1.51%,1.51%,
105/11/21,-119,0,-12,-131,4962,0,8,4970,1.51%,1.51%,
105/11/18,-226,0,0,-226,5081,0,20,5101,1.55%,1.56%,
105/11/17,167,0,1,168,5307,0,20,5327,1.61%,1.62%,
105/11/16,53,0,-4,49,5140,0,19,5159,1.56%,1.57%,
105/11/15,36,0,-1,35,5087,0,23,5110,1.55%,1.56%,
105/11/14,-45,0,2,-43,5051,0,24,5075,1.54%,1.55%,
105/11/11,117,0,-4,113,5096,0,22,5118,1.55%,1.56%,
105/11/10,48,0,0,48,4979,0,26,5005,1.51%,1.52%,
105/11/09,-28,0,-17,-45,4931,0,26,4957,1.50%,1.51%,
105/11/08,-46,0,-2,-48,4959,0,43,5002,1.51%,1.52%,
105/11/07,23,0,7,30,5005,0,45,5050,1.52%,1.53%,
105/11/04,1,0,-1,0,4982,0,38,5020,1.52%,1.53%,
105/11/03,17,0,8,25,4981,0,39,5020,1.52%,1.53%,
105/11/02,8,0,30,38,4964,0,31,4995,1.51%,1.52%,
105/11/01,-9,0,1,-8,4956,0,1,4957,1.51%,1.51%,
105/10/31,18,0,0,18,4965,0,0,4965,1.51%,1.51%,
105/10/28,88,0,0,88,4947,0,0,4947,1.50%,1.50%,
105/10/27,-7,0,-1,-8,4859,0,0,4859,1.48%,1.48%,
105/10/26,23,0,0,23,4866,0,0,4866,1.48%,1.48%,
105/10/25,13,0,0,13,4843,0,0,4843,1.47%,1.47%,
105/10/24,22,0,0,22,4830,0,0,4830,1.47%,1.47%,
105/10/21,-118,0,-2,-120,4808,0,0,4808,1.46%,1.46%,
105/10/20,-47,0,-16,-63,4926,0,0,4926,1.50%,1.50%,
105/10/19,132,0,-3,129,4973,0,15,4988,1.51%,1.51%,
105/10/18,7,0,-2,5,4841,0,18,4859,1.47%,1.48%,
105/10/17,-5,0,0,-5,4834,0,20,4854,1.47%,1.48%,
105/10/14,-1,0,15,14,4839,0,20,4859,1.47%,1.48%,
105/10/13,2,0,0,2,4840,0,5,4845,1.47%,1.47%,
105/10/12,6,0,1,7,4838,0,5,4843,1.47%,1.47%,
105/10/11,-61,0,-1,-62,4832,0,4,4836,1.47%,1.47%,
105/10/07,92,0,-2,90,4893,0,5,4898,1.49%,1.49%,
105/10/06,0,0,0,0,4801,0,7,4808,1.46%,1.46%,
105/10/05,4,0,2,6,4801,0,7,4808,1.46%,1.46%,
105/10/04,5,0,4,9,4797,0,5,4802,1.46%,1.46%,
105/10/03,0,0,0,0,4792,0,1,4793,1.46%,1.46%,
105/09/30,-102,0,1,-101,4792,0,1,4793,1.46%,1.46%,
105/09/29,102,0,-2,100,4894,0,0,4894,1.49%,1.49%,
105/09/26,-4,0,0,-4,4792,0,1,4793,1.46%,1.46%,
105/09/23,-42,0,0,-42,4796,0,1,4797,1.46%,1.46%,
105/09/22,-10,0,1,-9,4838,0,1,4839,1.47%,1.47%,
105/09/21,68,0,-1,67,4848,0,0,4848,1.47%,1.47%,
105/09/20,7,0,-1,6,4911,0,0,4911,1.49%,1.49%,
105/09/19,20,0,-8,12,4904,0,0,4904,1.49%,1.49%,
105/09/14,17,0,-1,16,4884,0,0,4884,1.49%,1.49%,
105/09/13,-2,0,-10,-12,4867,0,0,4867,1.48%,1.48%,
105/09/12,-8,0,0,-8,4869,0,0,4869,1.48%,1.48%,
105/09/10,0,0,-4,-4,4877,0,0,4877,1.48%,1.48%,
105/09/09,-8,0,0,-8,4877,0,2,4879,1.48%,1.48%,
105/09/08,1,0,2,3,4885,0,2,4887,1.49%,1.49%,
105/09/07,12,0,-13,-1,4884,0,0,4884,1.49%,1.49%,
105/09/06,-5,0,0,-5,4872,0,5,4877,1.48%,1.48%,
105/09/05,-3,0,-4,-7,4877,0,5,4882,1.48%,1.48%,
105/09/02,-10,0,0,-10,4880,0,9,4889,1.48%,1.48%,
105/09/01,-21,0,2,-19,4890,0,9,4899,1.49%,1.49%,
105/08/31,-16,0,-6,-22,4911,0,7,4918,1.49%,1.49%,
105/08/30,74,0,-2,72,4927,0,13,4940,1.50%,1.50%,
105/08/29,-2,0,-1,-3,4853,0,15,4868,1.48%,1.48%,
105/08/26,0,0,2,2,4855,0,16,4871,1.48%,1.48%,
105/08/25,0,0,-6,-6,4855,0,14,4869,1.48%,1.48%,
105/08/24,-1,0,0,-1,4885,0,20,4905,1.49%,1.50%,
105/08/23,0,0,-1,-1,4886,0,20,4906,1.49%,1.50%,
105/08/22,-25,0,11,-14,4886,0,21,4907,1.49%,1.50%,
105/08/19,-30,0,0,-30,4911,0,10,4921,1.49%,1.49%,
105/08/18,-25,0,0,-25,4941,0,10,4951,1.50%,1.50%,
105/08/17,66,0,0,66,4966,0,10,4976,1.51%,1.51%,
105/08/16,0,0,0,0,4900,0,10,4910,1.49%,1.49%,
105/08/15,28,0,0,28,4900,0,10,4910,1.49%,1.49%,
105/08/12,-19,0,0,-19,4869,0,10,4879,1.48%,1.48%,
105/08/11,10,0,0,10,4888,0,10,4898,1.49%,1.49%,
105/08/10,0,0,0,0,4878,0,10,4888,1.48%,1.48%,
105/08/09,0,0,0,0,4878,0,10,4888,1.48%,1.48%,
105/08/08,-4,0,0,-4,4878,0,10,4888,1.48%,1.48%,
105/08/05,-1,0,0,-1,4882,0,10,4892,1.48%,1.48%,
105/08/04,0,0,0,0,4883,0,10,4893,1.49%,1.49%,
105/08/03,-3,0,0,-3,4883,0,10,4893,1.49%,1.49%,
105/08/02,-1,0,0,-1,4886,0,10,4896,1.49%,1.49%,
105/08/01,1,0,0,1,4887,0,10,4897,1.49%,1.49%,
105/07/29,-50,0,0,-50,4886,0,10,4896,1.49%,1.49%,
105/07/28,149,0,0,149,4936,0,10,4946,1.50%,1.50%,
105/07/27,-29,0,0,-29,4787,0,10,4797,1.46%,1.46%,
105/07/26,30,0,0,30,4816,0,10,4826,1.46%,1.46%,
105/07/25,-63,0,0,-63,4786,0,10,4796,1.46%,1.46%,
105/07/22,-37,0,0,-37,4849,0,10,4859,1.47%,1.47%,
105/07/21,0,0,0,0,4886,0,10,4896,1.49%,1.49%,
105/07/20,5,0,0,5,4886,0,10,4896,1.49%,1.49%,
105/07/19,-1,0,0,-1,4881,0,10,4891,1.48%,1.48%,
105/07/18,17,0,0,17,4882,0,10,4892,1.48%,1.48%,
105/07/15,-67,0,0,-67,4865,0,10,4875,1.48%,1.48%,
105/07/14,25,0,0,25,4932,0,10,4942,1.50%,1.50%,
105/07/13,-1,0,0,-1,4907,0,10,4917,1.49%,1.49%,
105/07/12,-3,0,0,-3,4908,0,10,4918,1.49%,1.49%,
105/07/11,5,0,0,5,4911,0,10,4921,1.49%,1.49%,
105/07/07,0,0,0,0,4906,0,10,4916,1.49%,1.49%,
105/07/06,0,0,0,0,4906,0,10,4916,1.49%,1.49%,
105/07/05,-30,0,0,-30,4906,0,10,4916,1.49%,1.49%,
105/07/04,6,0,0,6,4936,0,10,4946,1.50%,1.50%,
105/07/01,3,0,0,3,4930,0,10,4940,1.50%,1.50%,
105/06/30,19,0,0,19,4927,0,10,4937,1.50%,1.50%,
105/06/29,-6,0,0,-6,4908,0,10,4918,1.49%,1.49%,
105/06/28,3,0,0,3,4914,0,10,4924,1.49%,1.49%,
105/06/27,-3,0,0,-3,4911,0,10,4921,1.49%,1.49%,
105/06/24,-3,0,0,-3,4914,0,10,4924,1.49%,1.49%,
105/06/23,2,0,0,2,4917,0,10,4927,1.50%,1.50%,
105/06/22,1,0,0,1,4915,0,10,4925,1.49%,1.49%,
105/06/21,0,0,0,0,4914,0,10,4924,1.49%,1.49%,
105/06/20,-5,0,0,-5,4914,0,10,4924,1.49%,1.49%,
105/06/17,-80,0,0,-80,4919,0,10,4929,1.50%,1.50%,
105/06/16,-3,0,0,-3,4999,0,10,5009,1.52%,1.52%,
105/06/15,2,0,0,2,5002,0,10,5012,1.52%,1.52%,
105/06/14,-55,0,0,-55,5000,0,10,5010,1.52%,1.52%,
105/06/13,-1,0,0,-1,5054,0,10,5064,1.54%,1.54%,
105/06/08,-12,0,0,-12,5055,0,10,5065,1.54%,1.54%,
105/06/07,-14,0,5,-9,5067,0,10,5077,1.54%,1.54%,
105/06/06,-5,0,-1,-6,5081,0,5,5086,1.55%,1.55%,
105/06/04,0,0,0,0,5086,0,6,5092,1.55%,1.55%,
105/06/03,-6,0,0,-6,5086,0,6,5092,1.55%,1.55%,
105/06/02,-7,0,0,-7,5092,0,6,5098,1.55%,1.55%,
105/06/01,22,0,0,22,5099,0,6,5105,1.55%,1.55%,
105/05/31,15,0,0,15,5077,0,6,5083,1.54%,1.54%,
105/05/30,12,0,0,12,5062,0,6,5068,1.54%,1.54%,
105/05/27,-52,0,2,-50,5050,0,6,5056,1.54%,1.54%,
105/05/26,-33,0,-1,-34,5102,0,4,5106,1.55%,1.55%,
105/05/25,-34,0,0,-34,5135,0,5,5140,1.56%,1.56%,
105/05/24,-5,0,0,-5,5169,0,5,5174,1.57%,1.57%,
105/05/23,21,0,0,21,5174,0,5,5179,1.57%,1.57%,
105/05/20,-6,0,0,-6,5153,0,5,5158,1.57%,1.57%,
105/05/19,13,0,0,13,5159,0,5,5164,1.57%,1.57%,
105/05/18,38,0,0,38,5146,0,5,5151,1.57%,1.57%,
105/05/17,0,0,0,0,5108,0,5,5113,1.55%,1.55%,
105/05/16,-23,0,0,-23,5108,0,5,5113,1.55%,1.55%,
105/05/13,-27,0,0,-27,5131,0,5,5136,1.56%,1.56%,
105/05/12,-12,0,0,-12,5159,0,5,5164,1.57%,1.57%,
105/05/11,-14,0,0,-14,5171,0,5,5176,1.57%,1.57%,
105/05/10,-4,0,0,-4,5185,0,5,5190,1.58%,1.58%,
105/05/09,1,0,0,1,5189,0,5,5194,1.58%,1.58%,
105/05/06,-26,0,5,-21,5188,0,5,5193,1.58%,1.58%,
105/05/05,-10,0,-1,-11,5214,0,0,5214,1.59%,1.59%,
105/05/04,-19,0,0,-19,5224,0,0,5224,1.59%,1.59%,
105/05/03,-23,0,-4,-27,5243,0,0,5243,1.60%,1.60%,
105/04/29,-162,0,-12,-174,5266,0,0,5266,1.60%,1.60%,
105/04/28,-35,0,-4,-39,5428,0,1,5429,1.65%,1.65%,
105/04/27,-4,0,-1,-5,5463,0,5,5468,1.66%,1.66%,
105/04/26,38,0,-4,34,5467,0,6,5473,1.66%,1.66%,
105/04/25,-28,0,-2,-30,5429,0,10,5439,1.65%,1.65%,
105/04/22,5,0,-1,4,5457,0,12,5469,1.66%,1.66%,
105/04/21,7,0,0,7,5452,0,13,5465,1.66%,1.66%,
105/04/20,-10,0,0,-10,5445,0,13,5458,1.66%,1.66%,
105/04/19,-2,0,-2,-4,5455,0,13,5468,1.66%,1.66%,
105/04/18,-153,0,-1,-154,5457,0,15,5472,1.66%,1.66%,
105/04/15,216,0,0,216,5610,0,16,5626,1.71%,1.71%,
105/04/14,27,0,0,27,5394,0,16,5410,1.64%,1.64%,
105/04/13,34,0,0,34,5367,0,16,5383,1.63%,1.63%,
105/04/12,8,0,0,8,5333,0,16,5349,1.62%,1.62%,
105/04/11,0,0,0,0,5325,0,16,5341,1.62%,1.62%,
105/04/08,44,0,0,44,5325,0,16,5341,1.62%,1.62%,
105/04/07,33,0,0,33,5281,0,16,5297,1.61%,1.61%,
105/04/06,-25,0,-3,-28,5248,0,16,5264,1.60%,1.60%,
105/04/01,130,0,0,130,5273,0,19,5292,1.60%,1.61%,
105/03/31,81,0,1,82,5143,0,19,5162,1.56%,1.57%,
105/03/30,73,0,1,74,5062,0,18,5080,1.54%,1.55%,
105/03/29,-51,0,0,-51,4989,0,17,5006,1.52%,1.53%,
105/03/28,-35,0,8,-27,5040,0,17,5057,1.53%,1.54%,
105/03/25,-94,0,0,-94,5165,0,9,5174,1.57%,1.57%,
105/03/24,-44,0,4,-40,6069,0,9,6078,1.85%,1.85%,
105/03/23,-16,0,0,-16,6113,0,5,6118,1.86%,1.86%,
105/03/22,-4,0,-2,-6,6129,0,5,6134,1.87%,1.87%,
105/03/21,112,0,0,112,6133,0,7,6140,1.87%,1.87%,
105/03/18,73,0,0,73,6021,0,7,6028,1.83%,1.83%,
105/03/17,-37,0,2,-35,5948,0,7,5955,1.81%,1.81%,
105/03/16,132,0,3,135,5985,0,5,5990,1.82%,1.82%,
105/03/15,-46,0,-2,-48,5853,0,2,5855,1.78%,1.78%,
105/03/14,17,0,3,20,5899,0,4,5903,1.80%,1.80%,
105/03/11,17,0,0,17,5882,0,1,5883,1.79%,1.79%,
105/03/10,19,0,-2,17,5865,0,1,5866,1.78%,1.78%,
105/03/09,13,0,2,15,4946,0,3,4949,1.50%,1.50%,
105/03/08,64,0,-7,57,4933,0,1,4934,1.50%,1.50%,
105/03/07,28,0,1,29,4869,0,8,4877,1.48%,1.48%,
105/03/04,-37,0,-4,-41,4841,0,7,4848,1.47%,1.47%,
105/03/03,60,0,-5,55,4888,0,11,4899,1.49%,1.49%,
105/03/02,42,0,1,43,4828,0,16,4844,1.47%,1.47%,
105/03/01,41,0,-4,37,4786,0,15,4801,1.46%,1.46%,
105/02/26,23,0,-1,22,4745,0,19,4764,1.44%,1.45%,
105/02/25,17,0,3,20,4722,0,20,4742,1.44%,1.45%,
105/02/24,26,0,0,26,4705,0,17,4722,1.43%,1.44%,
105/02/23,25,0,-2,23,4679,0,17,4696,1.42%,1.43%,
105/02/22,21,0,0,21,4654,0,19,4673,1.42%,1.43%,
105/02/19,20,0,0,20,4633,0,19,4652,1.41%,1.42%,
105/02/18,33,0,-1,32,4613,0,19,4632,1.40%,1.41%,
105/02/17,12,0,0,12,4580,0,20,4600,1.39%,1.40%,
105/02/16,54,0,3,57,4568,0,20,4588,1.39%,1.40%,
105/02/15,58,0,0,58,4514,0,17,4531,1.37%,1.38%,
105/02/03,5,0,0,5,4456,0,17,4473,1.36%,1.37%,
105/02/02,66,0,0,66,4441,0,17,4458,1.35%,1.36%,
105/02/01,20,0,0,20,4375,0,17,4392,1.33%,1.34%,
105/01/30,0,0,0,0,4355,0,17,4372,1.32%,1.33%,
105/01/29,-9,0,0,-9,4355,0,17,4372,1.32%,1.33%,
105/01/28,30,0,0,30,4364,0,17,4381,1.33%,1.34%,
105/01/27,212,0,0,212,4334,0,17,4351,1.32%,1.33%,
105/01/26,26,0,0,26,4122,0,17,4139,1.25%,1.26%,
105/01/25,39,0,0,39,4096,0,17,4113,1.25%,1.26%,
105/01/22,14,0,0,14,4057,0,17,4074,1.23%,1.24%,
105/01/21,-38,0,0,-38,4043,0,17,4060,1.23%,1.24%,
105/01/20,-25,0,-1,-26,4081,0,17,4098,1.24%,1.25%,
105/01/19,71,0,1,72,4488,0,18,4506,1.36%,1.37%,
105/01/18,120,0,0,120,4417,0,17,4434,1.34%,1.35%,
105/01/15,-4,0,0,-4,4297,0,17,4314,1.31%,1.32%,
105/01/14,-184,0,0,-184,4308,0,17,4325,1.31%,1.32%,
105/01/13,10,0,0,10,4492,0,17,4509,1.37%,1.38%,
105/01/12,10,0,0,10,4475,0,17,4492,1.36%,1.37%,
105/01/11,38,0,1,39,4465,0,17,4482,1.36%,1.37%,
105/01/08,58,0,0,58,4427,0,16,4443,1.35%,1.35%,
105/01/07,-11,0,0,-11,4369,0,16,4385,1.33%,1.33%,
105/01/06,16,0,0,16,4380,0,16,4396,1.33%,1.33%,
105/01/05,33,0,4,37,4364,0,16,4380,1.33%,1.33%,
105/01/04,20,0,12,32,4331,0,12,4343,1.32%,1.32%,
104/12/31,77,0,-21,56,4389,0,0,4389,1.33%,1.33%,
104/12/30,41,0,0,41,4312,0,20,4332,1.31%,1.32%,
104/12/29,12,0,3,15,4271,0,20,4291,1.30%,1.31%,
104/12/28,16,0,17,33,4259,0,17,4276,1.29%,1.30%,
104/12/25,-9,0,-8,-17,4243,0,0,4243,1.29%,1.29%,
104/12/24,6,0,0,6,4252,0,1,4253,1.29%,1.29%,
104/12/23,82,0,1,83,4246,0,1,4247,1.29%,1.29%,
104/12/22,-120,0,-5,-125,4164,0,0,4164,1.27%,1.27%,
104/12/21,45,0,0,45,4284,0,5,4289,1.30%,1.30%,
104/12/18,6,0,0,6,4239,0,5,4244,1.29%,1.29%,
104/12/17,-296,0,4,-292,4233,0,5,4238,1.29%,1.29%,
104/12/16,406,0,-1,405,4529,0,1,4530,1.38%,1.38%,
104/12/15,17,0,0,17,4123,0,2,4125,1.25%,1.25%,
104/12/14,-28,0,0,-28,4106,0,2,4108,1.25%,1.25%,
104/12/11,-1,0,0,-1,4134,0,2,4136,1.26%,1.26%,
104/12/10,-38,0,0,-38,4135,0,2,4137,1.26%,1.26%,
104/12/09,-48,0,0,-48,4173,0,2,4175,1.27%,1.27%,
104/12/08,-104,0,0,-104,4221,0,2,4223,1.28%,1.28%,
104/12/07,-68,0,0,-68,4325,0,2,4327,1.32%,1.32%,
104/12/04,-68,0,0,-68,4393,0,2,4395,1.34%,1.34%,
104/12/03,25,0,-6,19,4461,0,2,4463,1.36%,1.36%,
104/12/02,-15,0,0,-15,4436,0,8,4444,1.35%,1.35%,
104/12/01,16,0,0,16,4451,0,8,4459,1.35%,1.35%,
104/11/30,-38,0,0,-38,4435,0,8,4443,1.35%,1.35%,
104/11/27,-59,0,0,-59,4473,0,8,4481,1.36%,1.36%,
104/11/26,35,0,0,35,4532,0,8,4540,1.38%,1.38%,
104/11/25,-80,0,0,-80,4497,0,8,4505,1.37%,1.37%,
104/11/24,-158,0,0,-158,4577,0,8,4585,1.39%,1.39%,
104/11/23,-13,0,0,-13,4735,0,8,4743,1.44%,1.44%,
104/11/20,-12,0,0,-12,4748,0,8,4756,1.44%,1.44%,
104/11/19,4,0,0,4,4760,0,8,4768,1.45%,1.45%,
104/11/18,-71,0,-14,-85,4756,0,8,4764,1.45%,1.45%,
104/11/17,21,0,-16,5,4827,0,22,4849,1.47%,1.48%,
104/11/16,-190,0,-1,-191,4806,0,38,4844,1.46%,1.47%,
104/11/13,3,0,3,6,4996,0,39,5035,1.52%,1.53%,
104/11/12,-51,0,0,-51,4993,0,36,5029,1.52%,1.53%,
104/11/11,-13,0,-1,-14,5044,0,36,5080,1.53%,1.54%,
104/11/10,-7,0,0,-7,5057,0,37,5094,1.54%,1.55%,
104/11/09,-70,0,0,-70,5064,0,37,5101,1.54%,1.55%,
104/11/06,18,0,-1,17,5134,0,37,5171,1.56%,1.57%,
104/11/05,53,0,0,53,5116,0,38,5154,1.56%,1.57%,
104/11/04,112,0,3,115,5063,0,38,5101,1.54%,1.55%,
104/11/03,-29,0,-1,-30,4951,0,35,4986,1.51%,1.52%,
104/11/02,-28,0,0,-28,4980,0,36,5016,1.51%,1.52%,
104/10/30,-44,0,1,-43,5008,0,36,5044,1.52%,1.53%,
104/10/29,-7,0,-3,-10,5052,0,35,5087,1.54%,1.55%,
104/10/28,-16,0,0,-16,5059,0,38,5097,1.54%,1.55%,
104/10/27,-11,0,0,-11,5075,0,38,5113,1.54%,1.55%,
104/10/26,49,0,0,49,5086,0,38,5124,1.55%,1.56%,
104/10/23,49,0,0,49,5037,0,38,5075,1.53%,1.54%,
104/10/22,41,0,0,41,4988,0,38,5026,1.52%,1.53%,
104/10/21,31,0,1,32,4947,0,38,4985,1.50%,1.51%,
104/10/20,65,0,6,71,4916,0,37,4953,1.50%,1.51%,
104/10/19,83,0,0,83,4851,0,31,4882,1.48%,1.49%,
104/10/16,14,0,2,16,4768,0,31,4799,1.45%,1.46%,
104/10/15,8,0,2,10,4754,0,29,4783,1.45%,1.46%,
104/10/14,36,0,2,38,4746,0,27,4773,1.44%,1.45%,
104/10/13,-71,0,3,-68,4710,0,25,4735,1.43%,1.44%,
104/10/12,118,0,-1,117,4781,0,22,4803,1.45%,1.46%,
104/10/08,-2,0,0,-2,4663,0,23,4686,1.42%,1.43%,
104/10/07,53,0,0,53,4665,0,23,4688,1.42%,1.43%,
104/10/06,-41,0,0,-41,4612,0,23,4635,1.40%,1.41%,
104/10/05,93,0,0,93,4653,0,23,4676,1.42%,1.43%,
104/10/02,61,0,5,66,4560,0,23,4583,1.39%,1.40%,
104/10/01,104,0,5,109,4499,0,18,4517,1.37%,1.38%,
104/09/30,-93,0,3,-90,4395,0,13,4408,1.34%,1.34%,
104/09/25,-86,0,2,-84,4488,0,10,4498,1.36%,1.36%,
104/09/24,-188,0,0,-188,4574,0,8,4582,1.39%,1.39%,
104/09/23,-34,0,-1,-35,4762,0,8,4770,1.45%,1.45%,
104/09/22,103,0,0,103,4796,0,9,4805,1.46%,1.46%,
104/09/21,-37,0,-1,-38,4693,0,9,4702,1.43%,1.43%,
104/09/18,90,0,2,92,4730,0,10,4740,1.44%,1.44%,
104/09/17,38,0,-1,37,4640,0,8,4648,1.41%,1.41%,
104/09/16,70,0,0,70,4602,0,9,4611,1.40%,1.40%,
104/09/15,-67,0,0,-67,4532,0,9,4541,1.38%,1.38%,
104/09/14,-90,0,-3,-93,4599,0,9,4608,1.40%,1.40%,
104/09/11,-49,0,0,-49,4689,0,12,4701,1.43%,1.43%,
104/09/10,86,0,1,87,4738,0,12,4750,1.44%,1.44%,
104/09/09,-44,0,2,-42,4652,0,11,4663,1.41%,1.41%,
104/09/08,62,0,0,62,4696,0,9,4705,1.43%,1.43%,
104/09/07,147,0,0,147,4652,0,9,4661,1.41%,1.41%,
104/09/04,-20,0,-1,-21,4505,0,9,4514,1.37%,1.37%,
104/09/03,2,0,0,2,4525,0,10,4535,1.38%,1.38%,
104/09/02,120,0,-2,118,4523,0,10,4533,1.38%,1.38%,
104/09/01,-9,0,-3,-12,4403,0,12,4415,1.34%,1.34%,
104/08/31,308,0,-4,304,4412,0,15,4427,1.34%,1.34%,
104/08/28,-11,0,-2,-13,4104,0,19,4123,1.25%,1.26%,
104/08/27,56,0,-7,49,4115,0,21,4136,1.25%,1.26%,
104/08/26,-15,0,-1,-16,4059,0,28,4087,1.23%,1.24%,
104/08/25,77,0,-1,76,4074,0,29,4103,1.24%,1.25%,
104/08/24,30,0,3,33,3997,0,30,4027,1.21%,1.22%,
104/08/21,-108,0,3,-105,3967,0,27,3994,1.21%,1.22%,
104/08/20,161,0,0,161,4075,0,24,4099,1.24%,1.25%,
104/08/19,-38,0,-4,-42,3914,0,24,3938,1.19%,1.20%,
104/08/18,112,0,-14,98,3942,0,28,3970,1.20%,1.21%,
104/08/17,5,0,0,5,3805,0,42,3847,1.16%,1.17%,
104/08/14,28,0,-4,24,3800,0,42,3842,1.15%,1.16%,
104/08/13,32,0,2,34,3762,0,46,3808,1.14%,1.15%,
104/08/12,-19,0,11,-8,3730,0,44,3774,1.13%,1.14%,
104/08/11,-4,0,-18,-22,3749,0,33,3782,1.14%,1.15%,
104/08/10,-41,0,-2,-43,3753,0,51,3804,1.14%,1.16%,
104/08/07,15,0,-2,13,3794,0,53,3847,1.15%,1.17%,
104/08/06,-28,0,0,-28,3779,0,55,3834,1.15%,1.17%,
104/08/05,35,0,0,35,3807,0,55,3862,1.16%,1.18%,
104/08/04,1,0,11,12,3772,0,55,3827,1.15%,1.17%,
104/08/03,2,0,-3,-1,3541,0,44,3585,1.08%,1.09%,
104/07/31,-1,0,-13,-14,3539,0,47,3586,1.08%,1.09%,
104/07/30,-56,0,0,-56,3530,0,60,3590,1.07%,1.09%,
104/07/29,-13,0,2,-11,3576,0,60,3636,1.09%,1.11%,
104/07/28,46,0,8,54,3589,0,58,3647,1.09%,1.11%,
104/07/27,44,0,15,59,3543,0,50,3593,1.08%,1.10%,
104/07/24,22,0,1,23,3499,0,35,3534,1.06%,1.07%,
104/07/23,11,0,3,14,3477,0,34,3511,1.06%,1.07%,
104/07/22,13,0,14,27,3534,0,31,3565,1.07%,1.08%,
104/07/21,-18,0,0,-18,3521,0,17,3538,1.07%,1.08%,
104/07/20,16,0,-9,7,3539,0,17,3556,1.08%,1.09%,
104/07/17,26,0,0,26,3523,0,26,3549,1.07%,1.08%,
104/07/16,23,0,3,26,3497,0,26,3523,1.06%,1.07%,
104/07/15,-12,0,0,-12,3474,0,23,3497,1.06%,1.07%,
104/07/14,-34,0,-3,-37,3486,0,23,3509,1.06%,1.07%,
104/07/13,-4,0,-7,-11,3520,0,26,3546,1.07%,1.08%,
104/07/09,42,0,4,46,3449,0,33,3482,1.05%,1.06%,
104/07/08,55,0,7,62,3407,0,29,3436,1.03%,1.04%,
104/07/07,-24,0,0,-24,3352,0,22,3374,1.02%,1.03%,
104/07/06,-6,0,0,-6,3376,0,22,3398,1.03%,1.04%,
104/07/03,-21,0,0,-21,3382,0,22,3404,1.03%,1.04%,
104/07/02,-39,0,2,-37,3409,0,22,3431,1.04%,1.05%,
104/07/01,32,0,0,32,3448,0,20,3468,1.05%,1.06%,
104/06/30,-3,0,-3,-6,3416,0,20,3436,1.04%,1.05%,
104/06/29,-15,0,-8,-23,3419,0,23,3442,1.04%,1.05%,
104/06/26,-4,0,0,-4,3434,0,31,3465,1.04%,1.05%,
104/06/25,66,0,0,66,3438,0,31,3469,1.04%,1.05%,
104/06/24,-10,0,10,0,3372,0,31,3403,1.02%,1.03%,
104/06/23,-95,0,12,-83,3382,0,21,3403,1.03%,1.04%,
104/06/22,2,0,0,2,3477,0,9,3486,1.06%,1.06%,
104/06/18,-92,0,0,-92,3475,0,9,3484,1.06%,1.06%,
104/06/17,-49,0,1,-48,3567,0,9,3576,1.08%,1.08%,
104/06/16,-101,0,2,-99,3616,0,8,3624,1.10%,1.10%,
104/06/15,-88,0,6,-82,3717,0,6,3723,1.13%,1.13%,
104/06/12,-28,0,-20,-48,3805,0,0,3805,1.16%,1.16%,
104/06/11,-56,0,0,-56,3833,0,17,3850,1.16%,1.17%,
104/06/10,19,0,-1,18,3889,0,17,3906,1.18%,1.19%,
104/06/09,-218,0,14,-204,3870,0,18,3888,1.18%,1.19%,
104/06/08,-100,0,0,-100,4088,0,4,4092,1.24%,1.24%,
104/06/05,-159,0,-2,-161,4230,0,4,4234,1.29%,1.29%,
104/06/04,-116,0,5,-111,4389,0,6,4395,1.33%,1.33%,
104/06/03,-23,0,-18,-41,4604,0,1,4605,1.40%,1.40%,
104/06/02,138,0,-2,136,4627,0,19,4646,1.41%,1.42%,
104/06/01,63,0,-2,61,4489,0,21,4510,1.37%,1.38%,
104/05/29,141,0,-3,138,4426,0,23,4449,1.35%,1.36%,
104/05/28,80,0,13,93,4285,0,26,4311,1.30%,1.31%,
104/05/27,45,0,0,45,4205,0,13,4218,1.28%,1.28%,
104/05/26,43,0,-11,32,4160,0,13,4173,1.26%,1.26%,
104/05/25,-85,0,-5,-90,4117,0,24,4141,1.25%,1.26%,
104/05/22,18,0,11,29,4202,0,29,4231,1.28%,1.29%,
104/05/21,-175,0,-13,-188,4174,0,18,4192,1.27%,1.28%,
104/05/20,-59,0,-3,-62,4349,0,31,4380,1.32%,1.33%,
104/05/19,-314,0,9,-305,4408,0,34,4442,1.34%,1.35%,
104/05/18,588,0,0,588,4699,0,25,4724,1.43%,1.44%,
104/05/15,-19,0,-2,-21,4112,0,25,4137,1.25%,1.26%,
104/05/14,-21,0,-9,-30,4131,0,27,4158,1.26%,1.27%,
104/05/13,-21,0,0,-21,4152,0,36,4188,1.26%,1.27%,
104/05/12,30,0,2,32,4163,0,36,4199,1.27%,1.28%,
104/05/11,-3,0,2,-1,4133,0,34,4167,1.26%,1.27%,
104/05/08,-35,0,-6,-41,4136,0,32,4168,1.26%,1.27%,
104/05/07,53,0,-1,52,4161,0,38,4199,1.26%,1.27%,
104/05/06,96,0,0,96,4108,0,39,4147,1.25%,1.26%,
104/05/05,-11,0,0,-11,4012,0,39,4051,1.22%,1.23%,
104/05/04,-72,0,0,-72,4023,0,39,4062,1.22%,1.23%,
104/04/30,75,0,0,75,4095,0,39,4134,1.24%,1.25%,
104/04/29,46,0,10,56,4020,0,39,4059,1.22%,1.23%,
104/04/28,58,0,3,61,3974,0,29,4003,1.21%,1.22%,
104/04/27,102,0,6,108,3916,0,26,3942,1.19%,1.20%,
104/04/24,102,0,8,110,3814,0,20,3834,1.16%,1.17%,
104/04/23,11,0,2,13,3712,0,12,3724,1.13%,1.13%,
104/04/22,-42,0,0,-42,3691,0,10,3701,1.12%,1.12%,
104/04/21,-35,0,1,-34,3733,0,10,3743,1.13%,1.13%,
104/04/20,9,0,3,12,3768,0,9,3777,1.15%,1.15%,
104/04/17,48,0,1,49,3821,0,6,3827,1.16%,1.16%,
104/04/16,0,0,-21,-21,3642,0,5,3647,1.11%,1.11%,
104/04/15,-45,0,-1,-46,3542,0,26,3568,1.08%,1.09%,
104/04/14,17,0,0,17,3592,0,27,3619,1.09%,1.10%,
104/04/13,15,0,0,15,3575,0,27,3602,1.09%,1.10%,
104/04/10,41,0,-1,40,3522,0,27,3549,1.07%,1.08%,
104/04/09,2,0,1,3,3481,0,28,3509,1.06%,1.07%,
104/04/08,63,0,-4,59,3479,0,27,3506,1.06%,1.07%,
104/04/07,84,0,0,84,3416,0,31,3447,1.04%,1.05%,
104/04/02,64,0,0,64,3332,0,31,3363,1.01%,1.02%,
104/04/01,17,0,-11,6,3268,0,31,3299,0.99%,1.00%,
104/03/31,6,0,0,6,3272,0,42,3314,0.99%,1.00%,
104/03/30,47,0,2,49,3266,0,42,3308,0.99%,1.00%,
104/03/27,62,0,6,68,3219,0,40,3259,0.98%,0.99%,
104/03/26,15,0,12,27,3157,0,34,3191,0.96%,0.97%,
104/03/25,8,0,4,12,3142,0,22,3164,0.95%,0.96%,
104/03/24,19,0,4,23,3134,0,18,3152,0.95%,0.96%,
104/03/23,14,0,0,14,3115,0,14,3129,0.95%,0.95%,
104/03/20,-7,0,0,-7,3101,0,14,3115,0.94%,0.94%,
104/03/19,24,0,2,26,3108,0,14,3122,0.94%,0.94%,
104/03/18,-4,0,-6,-10,3084,0,12,3096,0.94%,0.94%,
104/03/17,2,0,0,2,3087,0,18,3105,0.94%,0.95%,
104/03/16,7,0,18,25,3123,0,18,3141,0.95%,0.96%,
104/03/13,-39,0,-5,-44,3116,0,0,3116,0.95%,0.95%,
104/03/12,-2,0,0,-2,3842,0,1,3843,1.17%,1.17%,
104/03/11,-31,0,-1,-32,3844,0,1,3845,1.17%,1.17%,
104/03/10,-26,0,-1,-27,3875,0,2,3877,1.18%,1.18%,
104/03/09,-7,0,0,-7,3204,0,3,3207,0.97%,0.97%,
104/03/06,47,0,0,47,3211,0,3,3214,0.98%,0.98%,
104/03/05,49,0,-8,41,3164,0,3,3167,0.96%,0.96%,
104/03/04,-59,0,0,-59,3115,0,11,3126,0.95%,0.95%,
104/03/03,-24,0,0,-24,3174,0,11,3185,0.96%,0.96%,
104/03/02,18,0,2,20,3198,0,11,3209,0.97%,0.97%,
104/02/26,6,0,0,6,3562,0,9,3571,1.08%,1.08%,
104/02/25,30,0,2,32,3556,0,9,3565,1.08%,1.08%,
104/02/24,46,0,0,46,3526,0,7,3533,1.07%,1.07%,
104/02/13,8,0,-16,-8,3480,0,7,3487,1.06%,1.06%,
104/02/12,71,0,0,71,3472,0,23,3495,1.05%,1.06%,
104/02/11,95,0,7,102,3492,0,23,3515,1.06%,1.07%,
104/02/10,29,0,12,41,3398,0,16,3414,1.03%,1.03%,
104/02/09,13,0,0,13,3829,0,4,3833,1.16%,1.16%,
104/02/06,48,0,-1,47,3816,0,4,3820,1.16%,1.16%,
104/02/05,1,0,-2,-1,3768,0,5,3773,1.14%,1.14%,
104/02/04,7,0,2,9,3767,0,7,3774,1.14%,1.14%,
104/02/03,-1,0,0,-1,3981,0,5,3986,1.21%,1.21%,
104/02/02,-32,0,1,-31,3982,0,5,3987,1.21%,1.21%,
104/01/30,-47,0,-1,-48,4014,0,4,4018,1.22%,1.22%,
104/01/29,64,0,4,68,4061,0,5,4066,1.23%,1.23%,
104/01/28,-16,0,0,-16,3886,0,1,3887,1.18%,1.18%,
104/01/27,-38,0,0,-38,3902,0,1,3903,1.19%,1.19%,
104/01/26,-90,0,0,-90,4281,0,1,4282,1.30%,1.30%,
104/01/23,122,0,0,122,4371,0,1,4372,1.33%,1.33%,
104/01/22,243,0,0,243,4249,0,1,4250,1.29%,1.29%,
104/01/21,94,0,-1,93,4006,0,1,4007,1.22%,1.22%,
104/01/20,94,0,-1,93,3912,0,2,3914,1.19%,1.19%,
104/01/19,-53,0,2,-51,3818,0,3,3821,1.16%,1.16%,
104/01/16,-86,0,-3,-89,3871,0,1,3872,1.18%,1.18%,
104/01/15,-155,0,-2,-157,3957,0,4,3961,1.20%,1.20%,
104/01/14,-136,0,1,-135,4112,0,6,4118,1.25%,1.25%,
104/01/13,-283,0,2,-281,4248,0,5,4253,1.29%,1.29%,
104/01/12,-2,0,0,-2,4531,0,3,4534,1.38%,1.38%,
104/01/09,-182,0,2,-180,4533,0,3,4536,1.38%,1.38%,
104/01/08,-125,0,1,-124,4715,0,1,4716,1.43%,1.43%,
104/01/07,-55,0,-1,-56,4840,0,0,4840,1.47%,1.47%,
104/01/06,-141,0,0,-141,4895,0,1,4896,1.49%,1.49%,
104/01/05,-46,0,-1,-47,5026,0,1,5027,1.53%,1.53%,
