日期,外資買賣超,投信買賣超,自營商買賣超,單日合計買賣超,外資估計持股,投信估計持股,自營商估計持股,單日合計估計持股,外資持股比重,三大法人持股比重,
107/03/31,-65,-196,-17,-278,92236,1139,0,93375,29.00%,29.36%,
107/03/30,709,-40,-40,629,92301,1335,0,93636,29.02%,29.44%,
107/03/29,448,-133,-59,256,91592,1375,0,92967,28.80%,29.23%,
107/03/28,652,-136,-151,365,91044,1508,0,92552,28.63%,29.10%,
107/03/27,639,-144,-88,407,90524,1644,0,92168,28.46%,28.98%,
107/03/26,-888,-675,-283,-1846,89884,1788,0,91672,28.26%,28.82%,
107/03/23,219,-402,-378,-561,91100,2463,0,93563,28.64%,29.41%,
107/03/22,819,-38,99,880,90861,2865,99,93825,28.57%,29.50%,
107/03/21,391,-14,-62,315,90042,2903,0,92945,28.31%,29.22%,
107/03/20,49,-99,-105,-155,89450,2917,0,92367,28.12%,29.04%,
107/03/19,-41,-6,83,36,89459,3016,83,92558,28.13%,29.10%,
107/03/16,-495,-114,-82,-691,89500,3022,0,92522,28.14%,29.09%,
107/03/15,-30,-82,-22,-134,89955,3136,24,93115,28.28%,29.27%,
107/03/14,-590,-106,-79,-775,89985,3218,46,93249,28.29%,29.32%,
107/03/13,-392,-113,-67,-572,90525,3324,125,93974,28.46%,29.54%,
107/03/12,-860,-13,192,-681,90817,3437,192,94446,28.55%,29.69%,
107/03/09,-70,1,-70,-139,91218,3450,0,94668,28.68%,29.76%,
107/03/08,-563,-51,66,-548,91338,3449,66,94853,28.72%,29.83%,
107/03/07,-672,-31,-410,-1113,91801,3501,0,95302,28.86%,29.96%,
107/03/06,112,-61,47,98,92426,3532,47,96005,29.06%,30.19%,
107/03/05,-292,-1,-173,-466,91964,3593,0,95557,28.92%,30.05%,
107/03/02,123,63,-223,-37,92847,3594,132,96573,29.19%,30.36%,
107/03/01,1588,58,101,1747,92724,3531,355,96610,29.15%,30.37%,
107/02/27,706,-88,-117,501,91172,3473,254,94899,28.67%,29.84%,
107/02/26,195,20,-227,-12,90670,3561,371,94602,28.51%,29.75%,
107/02/23,536,-3,357,890,90652,3541,598,94791,28.50%,29.80%,
107/02/22,340,-1,40,379,90078,3544,241,93863,28.32%,29.51%,
107/02/21,455,0,103,558,89708,3545,201,93454,28.21%,29.39%,
107/02/12,-1241,-1,-55,-1297,89243,3545,98,92886,28.06%,29.21%,
107/02/09,-929,0,-107,-1036,90497,3546,153,94196,28.45%,29.61%,
107/02/08,-6,-301,7,-300,91282,3546,260,95088,28.70%,29.90%,
107/02/07,349,-129,253,473,91414,3847,253,95514,28.74%,30.03%,
107/02/06,274,0,-1057,-783,91061,3976,0,95037,28.63%,29.88%,
107/02/05,676,-340,-285,51,91217,3976,938,96131,28.68%,30.23%,
107/02/02,1434,0,63,1497,91068,4316,1223,96607,28.63%,30.37%,
107/02/01,275,0,-186,89,89374,4316,1160,94850,28.10%,29.82%,
107/01/31,-1965,28,-2079,-4016,89039,4316,1346,94701,28.00%,29.78%,
107/01/30,-1091,-182,-300,-1573,90905,4288,3425,98618,28.58%,31.01%,
107/01/29,-370,315,1464,1409,91960,4470,3725,100155,28.91%,31.49%,
107/01/26,476,-248,116,344,92228,4155,2261,98644,29.00%,31.02%,
107/01/25,-399,30,-119,-488,91800,4403,2145,98348,28.86%,30.92%,
107/01/24,-154,58,726,630,92118,4373,2264,98755,28.96%,31.05%,
107/01/23,-482,-15,489,-8,92588,4315,1538,98441,29.11%,30.95%,
107/01/22,1679,-38,404,2045,93616,4330,1049,98995,29.43%,31.12%,
107/01/19,-633,0,217,-416,91937,4368,645,96950,28.91%,30.49%,
107/01/18,-65,-30,-25,-120,92193,4368,428,96989,28.99%,30.50%,
107/01/17,96,30,120,246,92364,4398,453,97215,29.04%,30.57%,
107/01/16,-230,20,-2,-212,92559,4368,333,97260,29.10%,30.58%,
107/01/15,237,36,278,551,92582,4348,335,97265,29.11%,30.58%,
107/01/12,618,0,-126,492,92345,4312,57,96714,29.03%,30.41%,
107/01/11,-529,-223,183,-569,91727,4312,183,96222,28.84%,30.25%,
107/01/10,-1460,-664,-230,-2354,92255,4535,0,96790,29.01%,30.44%,
107/01/09,-1319,-394,-284,-1997,93776,5199,34,99009,29.49%,31.14%,
107/01/08,250,-252,246,244,95175,5593,318,101086,29.92%,31.78%,
107/01/05,-614,-514,28,-1100,95142,5845,72,101059,29.91%,31.77%,
107/01/04,-99,-44,-128,-271,96024,6359,44,102427,30.19%,32.21%,
107/01/03,-859,10,-306,-1155,96064,6403,172,102639,30.20%,32.27%,
107/01/02,99,-766,183,-484,97883,6393,478,104754,30.78%,32.94%,
106/12/29,256,0,-28,228,97868,7159,295,105322,30.77%,33.12%,
106/12/28,300,-488,320,132,97686,8227,323,106236,30.71%,33.40%,
106/12/27,581,-59,3,525,97426,8715,3,106144,30.63%,33.37%,
106/12/26,-2298,-1329,-901,-4528,96608,8774,0,105382,30.38%,33.14%,
106/12/25,-203,-296,-260,-759,98781,10102,318,109201,31.06%,34.34%,
106/12/22,-82,-38,9,-111,98974,10398,578,109950,31.12%,34.58%,
106/12/21,-1354,-99,-425,-1878,99729,10436,569,110734,31.36%,34.82%,
106/12/20,3646,54,240,3940,101266,10536,994,112796,31.84%,35.47%,
106/12/19,890,312,65,1267,97861,10482,754,109097,30.77%,34.31%,
106/12/18,-76,0,-144,-220,96975,10170,689,107834,30.49%,33.91%,
106/12/15,647,-174,-133,340,97024,10170,833,108027,30.51%,33.97%,
106/12/14,62,-90,125,97,96572,10344,966,107882,30.36%,33.92%,
106/12/13,154,16,-172,-2,96506,10434,841,107781,30.34%,33.89%,
106/12/12,-331,-190,9,-512,95951,10418,1013,107382,30.17%,33.77%,
106/12/11,679,76,189,944,96495,10608,1004,108107,30.34%,34.00%,
106/12/08,-1,-57,137,79,96258,10533,815,107606,30.27%,33.84%,
106/12/07,-192,-48,-112,-352,96249,10590,678,107517,30.26%,33.81%,
106/12/06,-819,-200,-1008,-2027,97255,10638,790,108683,30.58%,34.18%,
106/12/05,-468,-496,256,-708,97592,10838,1798,110228,30.69%,34.67%,
106/12/04,-2231,-1609,-634,-4474,98098,11335,1542,110975,30.84%,34.89%,
106/12/01,-4236,-614,-822,-5672,100154,12944,2177,115275,31.49%,36.25%,
106/11/30,-330,-716,-307,-1353,102881,13558,2999,119438,32.35%,37.56%,
106/11/29,-241,-100,388,47,103236,14274,3306,120816,32.46%,37.99%,
106/11/28,221,-17,121,325,103447,14374,2918,120739,32.53%,37.97%,
106/11/27,-403,102,131,-170,103695,14390,2797,120882,32.60%,38.01%,
106/11/24,-514,265,-260,-509,104074,14288,2666,121028,32.72%,38.06%,
106/11/23,266,1121,356,1743,104672,14023,2926,121621,32.91%,38.25%,
106/11/22,2050,1869,1191,5110,104396,12902,2570,119868,32.82%,37.69%,
106/11/21,-667,250,219,-198,102333,11033,1379,114745,32.18%,36.09%,
106/11/20,-1621,407,-227,-1441,102974,10783,1160,114917,32.38%,36.14%,
106/11/17,-1458,-53,-233,-1744,104600,10376,1387,116363,32.89%,36.59%,
106/11/16,-201,-89,744,454,105864,10429,1620,117913,33.29%,37.08%,
106/11/15,36,0,-454,-418,106086,10518,876,117480,33.36%,36.95%,
106/11/14,157,-229,-27,-99,106028,10518,1330,117876,33.34%,37.07%,
106/11/13,-17,-50,-594,-661,105825,10747,1357,117929,33.27%,37.08%,
106/11/10,-477,66,-45,-456,105574,10797,1951,118322,33.20%,37.21%,
106/11/09,-127,33,-465,-559,105670,10731,1996,118397,33.23%,37.24%,
106/11/08,2017,-128,136,2025,105914,10699,2461,119074,33.30%,37.44%,
106/11/07,-279,271,-243,-251,104072,10827,2325,117224,32.72%,36.86%,
106/11/06,151,206,-72,285,104827,10556,2568,117951,32.96%,37.09%,
106/11/03,825,246,241,1312,104317,10350,2640,117307,32.80%,36.89%,
106/11/02,-239,151,380,292,103181,10104,2399,115684,32.44%,36.38%,
106/11/01,-863,-135,-87,-1085,102665,9953,2019,114637,32.28%,36.05%,
106/10/31,-2683,62,915,-1706,102881,10088,2106,115075,32.35%,36.19%,
106/10/30,-1163,-921,-1233,-3317,106521,10026,1191,117738,33.49%,37.02%,
106/10/27,-4455,-1970,-1491,-7916,107398,10946,2424,120768,33.77%,37.98%,
106/10/26,-434,59,1375,1000,109380,12917,3915,126212,34.39%,39.69%,
106/10/25,13,246,-251,8,110315,12858,2540,125713,34.69%,39.54%,
106/10/24,601,0,964,1565,110302,12612,2791,125705,34.68%,39.53%,
106/10/23,935,-194,-5,736,109604,12612,1827,124043,34.46%,39.01%,
106/10/20,33,-907,-207,-1081,108669,12806,1832,123307,34.17%,38.78%,
106/10/19,1469,-386,257,1340,108695,13713,2039,124447,34.18%,39.14%,
106/10/18,731,-179,-706,-154,106919,14099,1782,122800,33.62%,38.62%,
106/10/17,28,0,-122,-94,105961,14278,2488,122727,33.32%,38.60%,
106/10/16,62,-367,150,-155,105888,14278,2610,122776,33.29%,38.61%,
106/10/13,529,-73,351,807,108163,14645,2460,125268,34.01%,39.39%,
106/10/12,322,-13,135,444,107569,14718,2109,124396,33.82%,39.12%,
106/10/11,1049,-1,-138,910,106647,14731,1974,123352,33.53%,38.79%,
106/10/06,-1212,-102,-736,-2050,105636,14732,2112,122480,33.21%,38.51%,
106/10/05,-777,-162,1074,135,107039,14834,2848,124721,33.66%,39.23%,
106/10/03,-598,-60,-88,-746,107688,14996,1774,124458,33.86%,39.14%,
106/10/02,-642,0,213,-429,108436,15056,1862,125354,34.10%,39.43%,
106/09/30,-238,77,262,101,109065,15056,1649,125770,34.29%,39.55%,
106/09/29,-35,-10,135,90,109303,13024,1387,123714,34.37%,38.91%,
106/09/28,375,-106,-376,-107,109354,13034,1252,123640,34.38%,38.88%,
106/09/27,-920,90,973,143,107951,13140,1628,122719,33.94%,38.59%,
106/09/26,112,63,644,819,108135,13050,655,121840,34.00%,38.31%,
106/09/25,1419,-1210,-154,55,107274,12987,12,120273,33.73%,37.82%,
106/09/22,1639,-338,-381,920,105475,14196,166,119837,33.16%,37.68%,
106/09/21,37,-683,36,-610,103829,14534,546,118909,32.65%,37.40%,
106/09/20,426,-544,-1343,-1461,103814,15218,510,119542,32.64%,37.59%,
106/09/19,-119,-15,-91,-225,103388,15762,1853,121003,32.51%,38.05%,
106/09/18,-731,58,195,-478,103508,15777,1944,121229,32.55%,38.13%,
106/09/15,48,-317,-57,-326,103867,15719,1749,121335,32.66%,38.16%,
106/09/14,284,-23,-222,39,103818,16036,1806,121660,32.64%,38.26%,
106/09/13,542,-601,-124,-183,103534,16059,2028,121621,32.55%,38.24%,
106/09/12,-306,-441,-11,-758,102965,16660,2152,121777,32.37%,38.29%,
106/09/11,460,-184,-30,246,103311,17101,2163,122575,32.48%,38.54%,
106/09/08,1613,-704,156,1065,102771,17285,2193,122249,32.31%,38.44%,
106/09/07,1826,-1830,-16,-20,101158,17989,2037,121184,31.81%,38.11%,
106/09/06,351,-858,-353,-860,99332,19819,2053,121204,31.23%,38.11%,
106/09/05,1589,-750,-151,688,98815,20677,2406,121898,31.07%,38.34%,
106/09/04,349,-413,-482,-546,97236,21427,2557,121220,30.57%,38.12%,
106/09/01,782,-1454,66,-606,92484,21840,3039,117363,30.50%,38.33%,
106/08/31,55,-395,-212,-552,91752,23294,2973,118019,30.26%,38.53%,
106/08/30,-403,-264,-40,-707,91697,23689,3185,118571,30.24%,38.70%,
106/08/29,116,147,-282,-19,91870,23953,3225,119048,30.30%,38.86%,
106/08/28,69,-27,67,109,91754,23806,3507,119067,30.26%,38.86%,
106/08/25,327,460,-67,720,91685,23833,3440,118958,30.24%,38.83%,
106/08/24,1974,374,472,2820,91380,23373,3507,118260,30.14%,38.60%,
106/08/23,-68,53,74,59,89450,22999,3035,115484,29.50%,37.69%,
106/08/22,-610,110,-130,-630,89518,22946,2961,115425,29.52%,37.68%,
106/08/21,-973,213,803,43,90252,22836,3091,116179,29.76%,37.92%,
106/08/18,-171,55,-171,-287,91258,22623,2288,116169,30.10%,37.94%,
106/08/17,75,35,256,366,91393,22568,2459,116420,30.14%,38.02%,
106/08/16,-1777,40,278,-1459,91318,22533,2203,116054,30.12%,37.91%,
106/08/15,813,1975,91,2879,93014,22493,1926,117433,30.67%,38.36%,
106/08/14,-31,-110,-115,-256,92201,20518,1835,114554,30.41%,37.45%,
106/08/11,297,423,-101,619,92253,20628,1950,114831,30.42%,37.53%,
106/08/10,914,-484,-365,65,91986,20205,2051,114242,30.34%,37.35%,
106/08/09,586,71,-457,200,91166,20689,2416,114271,30.07%,37.34%,
106/08/08,-293,-17,193,-117,90623,20618,2873,114114,29.89%,37.28%,
106/08/07,-143,186,-114,-71,90928,20635,2680,114243,29.99%,37.33%,
106/08/04,587,-276,-163,148,89261,20449,2794,112504,29.44%,36.76%,
106/08/03,-1513,-1603,-1003,-4119,88799,20725,2957,112481,29.28%,36.73%,
106/08/02,-553,57,261,-235,90329,22328,3960,116617,29.79%,38.54%,
106/08/01,-773,-398,-33,-1204,92377,22271,3698,118346,30.46%,39.11%,
106/07/31,4067,184,-1006,3245,93220,22669,3731,119620,30.74%,39.53%,
106/07/28,1986,777,-1268,1495,88801,22485,4737,116023,29.29%,38.35%,
106/07/27,457,200,-183,474,86424,21708,6005,114137,28.50%,37.73%,
106/07/26,106,14,371,491,86008,21508,6188,113704,28.36%,37.58%,
106/07/25,490,63,-207,346,85892,21494,5817,113203,28.33%,37.42%,
106/07/24,99,30,504,633,86007,21431,6024,113462,28.36%,37.50%,
106/07/21,-25,50,654,679,85935,21401,5520,112856,28.34%,37.30%,
106/07/20,-150,-227,-24,-401,86146,21351,4866,112363,28.41%,37.14%,
106/07/19,-59,-571,142,-488,86296,21578,4890,112764,28.46%,37.27%,
106/07/18,14,-547,76,-457,86477,22149,4748,113374,28.52%,37.47%,
106/07/17,24,-83,14,-45,86482,22696,4672,113850,28.52%,37.63%,
106/07/14,-49,-97,-82,-228,86454,22779,4658,113891,28.51%,37.64%,
106/07/13,-809,236,-40,-613,86503,22876,4740,114119,28.53%,37.72%,
106/07/12,-455,130,144,-181,87042,22640,4780,114462,28.71%,37.84%,
106/07/11,-97,-46,9,-134,87499,22510,4636,114645,28.86%,37.90%,
106/07/10,-144,-120,-25,-289,87596,22555,4627,114778,28.89%,37.94%,
106/07/07,-739,-118,289,-568,87740,22675,4652,115067,28.94%,38.04%,
106/07/06,-1078,-50,301,-827,88045,22793,4363,115201,29.04%,38.08%,
106/07/05,-487,-158,116,-529,89122,22843,4062,116027,29.39%,38.35%,
106/07/04,164,-595,-100,-531,90083,23001,3946,117030,29.71%,38.68%,
106/07/03,-94,-455,-42,-591,89919,23596,4046,117561,29.65%,38.85%,
106/06/30,444,-182,77,339,90021,24051,4088,118160,29.69%,39.06%,
106/06/29,277,-801,27,-497,89657,24380,4011,118048,29.57%,39.02%,
106/06/28,-1008,-20,50,-978,89374,25181,3984,118539,29.47%,39.18%,
106/06/27,-97,-176,-138,-411,90381,25201,3934,119516,29.81%,39.51%,
106/06/26,-329,-211,149,-391,90417,25377,4072,119866,29.82%,39.62%,
106/06/23,-376,-35,-94,-505,90763,25588,3923,120274,29.93%,39.75%,
106/06/22,986,140,338,1464,90585,25623,4017,120225,29.87%,39.74%,
106/06/21,-51,551,-79,421,89647,25483,3679,118809,29.56%,39.27%,
106/06/20,-619,321,-84,-382,89704,24932,3758,118394,29.58%,39.13%,
106/06/19,-35,228,235,428,90092,24611,3842,118545,29.71%,39.18%,
106/06/16,-411,87,172,-152,90087,24383,3607,118077,29.71%,39.03%,
106/06/15,160,10,-38,132,90596,24296,3435,118327,29.88%,39.11%,
106/06/14,-135,174,-333,-294,90459,24286,3473,118218,29.83%,39.07%,
106/06/13,462,-275,-72,115,90387,24112,3806,118305,29.81%,39.10%,
106/06/12,81,0,-51,30,87791,24387,3878,116056,29.44%,38.85%,
106/06/09,-2,398,-257,139,87552,24387,3929,115868,29.36%,38.79%,
106/06/08,-562,552,259,249,87573,23989,4186,115748,29.36%,38.74%,
106/06/07,-522,-193,-104,-819,88125,23437,3927,115489,29.55%,38.66%,
106/06/06,-490,-174,-39,-703,88608,23630,4031,116269,29.71%,38.92%,
106/06/05,-413,-361,-140,-914,88988,23804,4070,116862,29.84%,39.12%,
106/06/03,158,-236,108,30,89368,24165,4210,117743,29.96%,39.41%,
106/06/02,-43,-174,12,-205,89210,24401,4102,117713,29.91%,39.40%,
106/06/01,-456,-425,183,-698,89244,24575,4090,117909,29.92%,39.46%,
106/05/31,-1216,-944,-125,-2285,89406,25000,3907,118313,29.98%,39.60%,
106/05/26,947,-298,-321,328,90468,25944,4032,120444,30.33%,40.31%,
106/05/25,-56,-102,-58,-216,89458,26242,4353,120053,29.99%,40.18%,
106/05/24,-14,-117,-20,-151,89479,26344,4411,120234,30.00%,40.24%,
106/05/23,-117,-210,-54,-381,89543,26461,4431,120435,30.02%,40.30%,
106/05/22,-32,153,55,176,89757,26671,4485,120913,30.09%,40.46%,
106/05/19,-270,77,-83,-276,89788,26518,4430,120736,30.11%,40.41%,
106/05/18,737,379,-234,882,90049,26441,4513,121003,30.19%,40.50%,
106/05/17,-330,-65,-307,-702,89298,26062,4747,120107,29.94%,40.20%,
106/05/16,-749,383,106,-260,89618,26127,5054,120799,30.05%,40.43%,
106/05/15,32,301,158,491,90338,25744,4948,121030,30.29%,40.51%,
106/05/12,-551,360,58,-133,90206,25443,4790,120439,30.24%,40.31%,
106/05/11,-220,14,83,-123,90747,25083,4732,120562,30.43%,40.36%,
106/05/10,424,-266,-126,32,90921,25069,4649,120639,30.48%,40.37%,
106/05/09,-987,196,-172,-963,90496,25335,4775,120606,30.34%,40.36%,
106/05/08,-171,-130,-49,-350,91473,25139,4947,121559,30.67%,40.69%,
106/05/05,-1135,231,-149,-1053,91655,25269,4996,121920,30.73%,40.81%,
106/05/04,89,183,-270,2,92781,25038,5145,122964,31.11%,41.16%,
106/05/03,-166,-106,-120,-392,92547,24855,5415,122817,31.03%,41.11%,
106/05/02,-1884,503,-63,-1444,92710,24962,5535,123207,31.08%,41.23%,
106/04/28,3085,883,253,4221,94534,24459,5598,124591,31.70%,41.71%,
106/04/27,-578,-349,71,-856,91315,23576,5345,120236,30.62%,40.25%,
106/04/26,-533,412,-379,-500,91893,23925,5274,121092,30.81%,40.53%,
106/04/25,-1054,168,779,-107,92426,23513,5653,121592,30.99%,40.70%,
106/04/24,-82,905,83,906,93480,23345,4874,121699,31.34%,40.73%,
106/04/21,-9,211,34,236,93562,22440,4791,120793,31.37%,40.44%,
106/04/20,-1091,25,-324,-1390,93571,22229,4757,120557,31.37%,40.35%,
106/04/19,-568,410,350,192,94736,22204,5081,122021,31.76%,40.84%,
106/04/18,725,416,57,1198,95466,21794,4730,121990,32.01%,40.84%,
106/04/17,23,145,97,265,94836,21378,4673,120887,31.80%,40.47%,
106/04/14,299,445,-82,662,94813,21233,4576,120622,31.79%,40.38%,
106/04/13,-267,675,84,492,94514,20788,4658,119960,31.69%,40.16%,
106/04/12,2213,214,-166,2261,94781,20113,4574,119468,31.78%,40.00%,
106/04/11,-229,-17,-66,-312,92569,19899,4740,117208,31.04%,39.24%,
106/04/10,1,-414,23,-390,92938,19916,4806,117660,31.16%,39.39%,
106/04/07,503,-1432,605,-324,93137,20330,4783,118250,31.23%,39.59%,
106/04/06,102,-49,6,59,92599,21762,4178,118539,31.05%,39.72%,
106/04/05,-293,1070,-187,590,92963,21811,4172,118946,31.17%,39.86%,
106/03/31,533,1739,465,2737,93152,20741,4359,118252,31.23%,39.62%,
106/03/30,477,200,-84,593,92789,19714,3894,116397,31.11%,39.00%,
106/03/29,1607,-184,-55,1368,92313,19514,3978,115805,30.95%,38.80%,
106/03/28,2057,-724,-59,1274,90825,19698,4033,114556,30.45%,38.38%,
106/03/27,-90,21,-153,-222,88764,20421,4092,113277,29.76%,37.96%,
106/03/24,-457,778,-301,20,88782,20400,4245,113427,29.77%,38.01%,
106/03/23,393,526,-37,882,89242,19622,4546,113410,29.92%,38.00%,
106/03/22,-2142,95,787,-1260,88639,19096,4583,112318,29.72%,37.64%,
106/03/21,237,120,-107,250,90681,19001,3796,113478,30.40%,38.02%,
106/03/20,359,1003,1120,2482,90435,18881,3903,113219,30.32%,37.94%,
106/03/17,-635,225,38,-372,90026,17878,2783,110687,30.18%,37.09%,
106/03/16,-1525,-75,1117,-483,90786,17653,2745,111184,30.44%,37.26%,
106/03/15,-645,85,80,-480,92211,17728,1628,111567,30.92%,37.39%,
106/03/14,1,90,353,444,92856,17643,1548,112047,31.13%,37.55%,
106/03/13,-158,85,249,176,92879,17553,1195,111627,31.14%,37.41%,
106/03/10,-822,0,97,-725,93050,17468,946,111464,31.20%,37.36%,
106/03/09,-951,-71,233,-789,93987,17468,849,112304,31.51%,37.63%,
106/03/08,188,-54,502,636,95138,17539,616,113293,31.90%,37.97%,
106/03/07,1210,201,112,1523,94940,17593,114,112647,31.83%,37.75%,
106/03/06,465,-255,2,212,93750,17392,2,111144,31.43%,37.25%,
106/03/03,-670,382,-127,-415,93134,17647,0,110781,31.23%,37.13%,
106/03/02,-280,-203,-61,-544,93804,17265,0,111069,31.45%,37.22%,
106/03/01,-354,-263,-298,-915,94220,17468,0,111688,31.59%,37.43%,
106/02/24,-1178,258,-130,-1050,94686,17731,0,112417,31.75%,37.68%,
106/02/23,-627,210,119,-298,95864,17473,119,113456,32.14%,38.02%,
106/02/22,-382,-255,-220,-857,96365,17263,0,113628,32.31%,38.08%,
106/02/21,-12,112,-378,-278,96697,17518,0,114215,32.42%,38.28%,
106/02/20,-59,0,-92,-151,96710,17406,0,114116,32.43%,38.25%,
106/02/18,0,-34,-428,-462,96768,17406,0,114174,32.45%,38.27%,
106/02/17,-1126,-56,-132,-1314,96768,17440,0,114208,32.45%,38.28%,
106/02/16,-340,-121,-327,-788,97894,17496,0,115390,32.82%,38.67%,
106/02/15,-768,347,-793,-1214,98236,17617,0,115853,32.94%,38.83%,
106/02/14,-24,801,44,821,98746,17270,508,116524,33.11%,39.05%,
106/02/13,470,560,460,1490,98770,16469,464,115703,33.12%,38.78%,
106/02/10,-256,797,-40,501,98300,15909,4,114213,32.96%,38.28%,
106/02/09,-370,257,-462,-575,98564,15112,44,113720,33.05%,38.12%,
106/02/08,-721,233,-4,-492,98933,14855,506,114294,33.17%,38.31%,
106/02/07,-1110,-46,137,-1019,99655,14622,510,114787,33.41%,38.47%,
106/02/06,-69,70,101,102,100752,14668,373,115793,33.78%,38.81%,
106/02/03,-220,231,-338,-327,100821,14598,272,115691,33.80%,38.91%,
106/02/02,601,122,550,1273,101103,14367,610,116080,33.90%,39.04%,
106/01/24,1397,-317,-772,308,100502,14245,60,114807,33.70%,38.61%,
106/01/23,329,434,575,1338,99164,14562,832,114558,33.25%,38.54%,
106/01/20,-183,-176,39,-320,99134,14128,257,113519,33.24%,38.18%,
106/01/19,-21,52,-113,-82,99547,14304,218,114069,33.38%,38.37%,
106/01/18,-599,-70,-154,-823,99568,14253,331,114152,33.38%,38.39%,
106/01/17,177,-9,-121,47,100163,14323,485,114971,33.58%,38.67%,
106/01/16,-700,215,115,-370,99986,14332,606,114924,33.52%,38.65%,
106/01/13,11,-269,104,-154,100686,14117,491,115294,33.76%,38.78%,
106/01/12,-422,749,-358,-31,100673,14386,387,115446,33.76%,38.83%,
106/01/11,44,131,114,289,101073,13637,745,115455,33.89%,38.83%,
106/01/10,98,72,70,240,101029,13506,631,115166,33.87%,38.72%,
106/01/09,72,50,-33,89,100870,13434,561,114865,33.82%,38.63%,
106/01/06,-364,100,147,-117,100740,13384,594,114718,33.78%,38.58%,
106/01/05,-112,-140,-79,-331,101104,13284,447,114835,33.90%,38.62%,
106/01/04,291,-94,112,309,101216,13424,526,115166,33.94%,38.73%,
106/01/03,219,-195,-21,3,100795,13518,414,114727,33.80%,38.58%,
105/12/30,182,0,-161,21,100576,13713,435,114724,33.72%,38.58%,
105/12/29,20,100,165,285,100394,13713,596,114703,33.66%,38.57%,
105/12/28,46,0,87,133,100374,13613,431,114418,33.65%,38.47%,
105/12/27,-213,7,141,-65,100307,13613,344,114264,33.63%,38.42%,
105/12/26,121,-65,119,175,100645,13606,203,114454,33.75%,38.49%,
105/12/23,-116,-210,23,-303,100476,13671,84,114231,33.69%,38.41%,
105/12/22,114,-235,61,-60,100468,13881,61,114410,33.69%,38.48%,
105/12/21,260,20,-22,258,100354,14116,0,114470,33.65%,38.50%,
105/12/20,-180,0,-22,-202,100094,14096,0,114190,33.56%,38.40%,
105/12/19,163,0,2,165,100273,14096,2,114371,33.62%,38.46%,
105/12/16,-41,0,-73,-114,100110,14096,0,114206,33.57%,38.41%,
105/12/15,271,-18,-160,93,100201,14096,23,114320,33.60%,38.45%,
105/12/14,-109,0,-126,-235,99930,14114,183,114227,33.51%,38.42%,
105/12/13,679,55,201,935,100039,14114,309,114462,33.54%,38.49%,
105/12/12,-456,46,-48,-458,99507,14060,108,113675,33.36%,38.23%,
105/12/09,-298,-133,44,-387,99894,14014,156,114064,33.49%,38.36%,
105/12/08,545,-775,-90,-320,100191,14147,112,114450,33.59%,38.49%,
105/12/07,174,-345,202,31,99715,14922,202,114839,33.43%,38.62%,
105/12/06,262,-83,-52,127,99604,15267,0,114871,33.40%,38.64%,
105/12/05,121,-438,-8,-325,99369,15350,0,114719,33.32%,38.59%,
105/12/02,-12,-452,-57,-521,99248,15788,0,115036,33.28%,38.70%,
105/12/01,-187,-27,42,-172,99260,16240,42,115542,33.28%,38.87%,
105/11/30,238,49,-40,247,99539,16267,0,115806,33.37%,38.96%,
105/11/29,1052,-139,-22,891,99750,16218,0,115968,33.45%,39.02%,
105/11/28,633,-25,-28,580,98698,16357,0,115055,33.09%,38.71%,
105/11/25,469,-10,-115,344,98049,16382,0,114431,32.88%,38.51%,
105/11/24,-274,-1,24,-251,98124,16392,24,114540,32.90%,38.54%,
105/11/23,1025,-136,-80,809,98393,16393,0,114786,32.99%,38.62%,
105/11/22,453,-542,-394,-483,97518,16528,0,114046,32.70%,38.38%,
105/11/21,851,-54,66,863,97670,17070,388,115128,32.75%,38.75%,
105/11/18,127,8,55,190,96619,17124,322,114065,32.40%,38.39%,
105/11/17,-273,-86,-228,-587,96473,17116,267,113856,32.35%,38.32%,
105/11/16,-356,-454,114,-696,96746,17202,495,114443,32.44%,38.52%,
105/11/15,620,-177,218,661,97418,17656,381,115455,32.66%,38.85%,
105/11/14,-1091,-632,-147,-1870,96798,17833,163,114794,32.46%,38.64%,
105/11/11,-402,-118,22,-498,96967,18465,310,115742,32.51%,38.96%,
105/11/10,119,68,93,280,96918,18583,288,115789,32.50%,38.98%,
105/11/09,-728,350,-96,-474,96799,18516,195,115510,32.46%,38.89%,
105/11/08,-115,-95,-186,-396,97227,18166,291,115684,32.60%,38.94%,
105/11/07,247,139,477,863,97342,18261,477,116080,32.64%,39.08%,
105/11/04,-140,-30,-61,-231,97095,18122,0,115217,32.56%,38.78%,
105/11/03,217,-1,-296,-80,97735,18152,0,115887,32.77%,39.00%,
105/11/02,-1077,221,-386,-1242,97518,18153,0,115671,32.70%,38.93%,
105/11/01,336,-74,78,340,98594,17932,78,116604,33.06%,39.25%,
105/10/31,-375,-31,-70,-476,98248,18006,0,116254,32.94%,39.12%,
105/10/28,585,499,-519,565,98623,18037,0,116660,33.07%,39.26%,
105/10/27,78,101,23,202,97057,17538,130,114725,32.54%,38.61%,
105/10/26,1741,591,-417,1915,97165,17437,107,114709,32.58%,38.60%,
105/10/25,592,260,-20,832,95423,16846,524,112793,31.99%,37.96%,
105/10/24,980,227,360,1567,94656,16586,544,111786,31.74%,37.62%,
105/10/21,-10,263,24,277,93577,16359,184,110120,31.38%,37.06%,
105/10/20,-389,481,160,252,90979,16096,160,107235,32.71%,38.29%,
105/10/19,76,303,-162,217,91368,15615,0,106983,32.85%,38.21%,
105/10/18,35,60,77,172,91542,15312,77,106931,32.92%,38.20%,
105/10/17,1627,384,-15,1996,91408,15252,0,106660,32.87%,38.11%,
105/10/14,1132,-135,-190,807,89780,14868,0,104648,32.28%,37.39%,
105/10/13,490,-87,70,473,88451,15003,79,103533,31.80%,36.98%,
105/10/12,-116,20,9,-87,87741,15090,9,102840,31.55%,36.74%,
105/10/11,-486,114,-337,-709,88897,15070,0,103967,31.96%,37.14%,
105/10/07,1267,-362,-679,226,89383,14956,0,104339,32.14%,37.28%,
105/10/06,475,170,-248,397,88583,15318,9,103910,31.85%,37.11%,
105/10/05,1090,0,257,1347,88650,15148,257,104055,31.88%,37.17%,
105/10/04,1112,0,-503,609,87567,15148,0,102715,31.49%,36.69%,
105/10/03,1288,130,-762,656,86401,15148,0,101549,31.07%,36.27%,
105/09/30,4765,-170,80,4675,85296,15018,735,101049,30.67%,36.08%,
105/09/29,2845,522,365,3732,81284,14788,655,96727,29.23%,34.53%,
105/09/26,5267,-15,-4,5248,78439,14266,291,92996,28.20%,33.20%,
105/09/23,3137,101,-373,2865,73772,14281,295,88348,26.53%,31.54%,
105/09/22,2261,1482,-909,2834,70635,14180,668,85483,25.40%,30.50%,
105/09/21,4803,2787,-354,7236,68529,12698,1577,82804,24.64%,29.54%,
105/09/20,1675,2679,-1634,2720,63771,9911,1931,75613,22.93%,27.00%,
105/09/19,1945,462,213,2620,61970,7232,3565,72767,22.28%,25.99%,
105/09/14,23,37,-25,35,60026,6770,3352,70148,21.58%,25.06%,
105/09/13,-35,10,-334,-359,59994,6733,3377,70104,21.57%,25.04%,
105/09/12,-998,25,-80,-1053,59258,6723,3711,69692,21.31%,24.89%,
105/09/10,-118,-88,-192,-398,58090,6698,3791,68579,20.89%,24.49%,
105/09/09,429,0,-283,146,58208,6786,3982,68976,20.93%,24.63%,
105/09/08,207,99,-3033,-2727,57779,6786,4265,68830,20.77%,24.57%,
105/09/07,721,73,3246,4040,57572,6687,7298,71557,20.70%,25.73%,
105/09/06,1607,207,1899,3713,56902,6614,4052,67568,20.46%,24.30%,
105/09/05,11,-59,249,201,55607,6407,2153,64167,19.99%,23.07%,
105/09/02,-106,-750,-49,-905,55840,6466,1904,64210,20.08%,23.09%,
105/09/01,383,-260,-30,93,55946,7216,1953,65115,20.11%,23.41%,
105/08/31,207,0,-238,-31,55538,7476,1983,64997,19.97%,23.37%,
105/08/30,-305,50,186,-69,56532,7476,2221,66229,20.33%,23.82%,
105/08/29,-835,0,75,-760,56862,7426,2035,66323,20.44%,23.84%,
105/08/26,-648,-46,-569,-1263,57697,7426,1960,67083,20.74%,24.12%,
105/08/25,-530,-129,486,-173,58345,7472,2529,68346,20.98%,24.58%,
105/08/24,-698,-188,75,-811,58955,7601,2043,68599,21.20%,24.67%,
105/08/23,-306,-114,-58,-478,59773,7789,1968,69530,21.49%,25.00%,
105/08/22,-451,-33,-213,-697,59140,7903,2026,69069,21.26%,24.83%,
105/08/19,236,-29,-240,-33,59566,7936,2239,69741,21.42%,25.08%,
105/08/18,467,-35,22,454,59444,7965,2479,69888,21.37%,25.13%,
105/08/17,-185,-10,-17,-212,58987,8000,2457,69444,21.21%,24.97%,
105/08/16,-251,-245,249,-247,59840,8010,2474,70324,21.51%,25.28%,
105/08/15,519,0,-16,503,60436,8255,2225,70916,21.73%,25.50%,
105/08/12,140,-50,136,226,59917,8255,2241,70413,21.54%,25.31%,
105/08/11,-117,53,-471,-535,59777,8305,2105,70187,21.49%,25.23%,
105/08/10,-44,348,-109,195,59894,8252,2576,70722,21.53%,25.42%,
105/08/09,67,168,-293,-58,60061,7904,2685,70650,21.59%,25.40%,
105/08/08,475,368,438,1281,59594,7736,2978,70308,21.43%,25.28%,
105/08/05,414,553,-144,823,59419,7368,2540,69327,21.36%,24.92%,
105/08/04,610,169,214,993,58926,6815,2684,68425,21.19%,24.61%,
105/08/03,-1143,454,-193,-882,58252,6646,2470,67368,20.94%,24.22%,
105/08/02,96,226,206,528,60258,6192,2663,69113,21.67%,24.85%,
105/08/01,304,280,217,801,60162,5966,2457,68585,21.63%,24.66%,
105/07/29,1140,140,783,2063,59859,5686,2240,67785,21.52%,24.37%,
105/07/28,-740,-150,-436,-1326,58719,5546,1457,65722,21.11%,23.63%,
105/07/27,284,-140,-34,110,59059,5696,1893,66648,21.23%,23.96%,
105/07/26,330,-180,-76,74,58336,5836,1927,66099,20.97%,23.76%,
105/07/25,3,-322,-258,-577,58009,6016,2003,66028,20.86%,23.74%,
105/07/22,1064,0,-184,880,58006,6338,2261,66605,20.86%,23.95%,
105/07/21,768,-1,316,1083,56766,6338,2445,65549,20.41%,23.57%,
105/07/20,236,0,-29,207,56198,6339,2129,64666,20.21%,23.26%,
105/07/19,314,20,59,393,55962,6339,2158,64459,20.12%,23.18%,
105/07/18,89,-489,128,-272,56243,6319,2099,64661,20.22%,23.25%,
105/07/15,250,40,-646,-356,55909,6808,1971,64688,20.10%,23.26%,
105/07/14,592,0,756,1348,55478,6768,2617,64863,19.95%,23.33%,
105/07/13,160,-160,28,28,54886,6768,1861,63515,19.73%,22.83%,
105/07/12,-28,0,-210,-238,54712,6928,1833,63473,19.67%,22.82%,
105/07/11,1037,0,607,1644,54745,6928,2043,63716,19.68%,22.91%,
105/07/07,-26,642,21,637,53632,6928,1436,61996,19.28%,22.29%,
105/07/06,-17,-64,-49,-130,53658,6286,1415,61359,19.29%,22.06%,
105/07/05,524,199,178,901,53886,6350,1464,61700,19.37%,22.18%,
105/07/04,45,-75,63,33,53096,6151,1286,60533,19.09%,21.76%,
105/07/01,53,-100,83,36,53051,6226,1223,60500,19.07%,21.75%,
105/06/30,173,0,63,236,53361,6326,1140,60827,19.19%,21.88%,
105/06/29,500,0,102,602,53632,6387,1077,61096,19.28%,21.96%,
105/06/28,91,0,14,105,53122,6387,975,60484,19.10%,21.75%,
105/06/27,37,-39,23,21,53031,6387,961,60379,19.07%,21.71%,
105/06/24,-201,-42,-249,-492,52996,6426,938,60360,19.05%,21.70%,
105/06/23,203,0,2,205,53229,6468,1187,60884,19.14%,21.89%,
105/06/22,108,0,35,143,53026,6468,1185,60679,19.06%,21.81%,
105/06/21,-564,10,55,-499,52986,6468,1150,60604,19.06%,21.80%,
105/06/20,-448,0,31,-417,53128,6458,1095,60681,19.11%,21.83%,
105/06/17,-297,-165,113,-349,53575,6458,1064,61097,19.27%,21.98%,
105/06/16,-646,-300,-466,-1412,54259,6623,951,61833,19.52%,22.24%,
105/06/15,-692,-154,62,-784,54765,6923,1417,63105,19.70%,22.70%,
105/06/14,-152,0,-58,-210,55457,7077,1355,63889,19.95%,22.98%,
105/06/13,-297,-55,-93,-445,55609,7077,1413,64099,20.00%,23.05%,
105/06/08,-81,0,66,-15,55906,7132,1506,64544,20.11%,23.22%,
105/06/07,1090,-880,-7,203,55975,7132,1440,64547,20.13%,23.21%,
105/06/06,-229,-340,24,-545,54768,8012,1447,64227,19.70%,23.10%,
105/06/04,125,0,22,147,54797,8352,1423,64572,19.71%,23.23%,
105/06/03,588,0,-217,371,54672,8352,1401,64425,19.66%,23.17%,
105/06/02,284,0,-141,143,54121,8352,1618,64091,19.47%,23.06%,
105/06/01,308,95,365,768,53808,8352,1759,63919,19.35%,22.99%,
105/05/31,320,20,-142,198,53501,8257,1394,63152,19.24%,22.71%,
105/05/30,205,0,102,307,53181,8237,1536,62954,19.13%,22.65%,
105/05/27,254,30,4,288,52976,8237,1434,62647,19.05%,22.53%,
105/05/26,1319,0,-58,1261,53088,8207,1430,62725,19.10%,22.57%,
105/05/25,573,552,-101,1024,52169,8207,1488,61864,18.76%,22.25%,
105/05/24,605,279,-295,589,51596,7655,1589,60840,18.56%,21.89%,
105/05/23,1390,971,-167,2194,49941,7376,1884,59201,17.96%,21.29%,
105/05/20,240,702,-285,657,48523,6405,2051,56979,17.45%,20.49%,
105/05/19,-311,92,1,-218,48274,5703,2336,56313,17.36%,20.25%,
105/05/18,1431,598,58,2087,48584,5611,2335,56530,17.47%,20.33%,
105/05/17,990,1346,53,2389,47669,5013,2277,54959,17.15%,19.77%,
105/05/16,-539,25,116,-398,46070,3667,2224,51961,16.57%,18.69%,
105/05/13,860,0,-174,686,46593,3642,2108,52343,16.76%,18.83%,
105/05/12,304,21,-167,158,45522,3642,2282,51446,16.37%,18.50%,
105/05/11,-718,641,200,123,45218,3621,2449,51288,16.26%,18.44%,
105/05/10,-128,200,71,143,45720,2980,2249,50949,16.44%,18.32%,
105/05/09,-235,72,261,98,45843,2780,2178,50801,16.49%,18.27%,
105/05/06,101,0,43,144,46118,2708,1917,50743,16.59%,18.25%,
105/05/05,79,30,-40,69,46017,2708,1874,50599,16.55%,18.20%,
105/05/04,387,-9,37,415,45938,2678,1914,50530,16.52%,18.17%,
105/05/03,-460,0,68,-392,45550,2687,1877,50114,16.38%,18.02%,
105/04/29,-480,0,134,-346,45604,2687,1809,50100,16.40%,18.02%,
105/04/28,-308,0,17,-291,46084,2687,1675,50446,16.58%,18.15%,
105/04/27,35,0,120,155,46392,2687,1658,50737,16.69%,18.25%,
105/04/26,106,0,-10,96,46357,2687,1538,50582,16.67%,18.19%,
105/04/25,258,0,12,270,46251,2687,1548,50486,16.64%,18.16%,
105/04/22,-691,0,67,-624,46193,2687,1536,50416,16.61%,18.13%,
105/04/21,-1546,-65,-3,-1614,46846,2687,1469,51002,16.85%,18.35%,
105/04/20,-1466,-34,177,-1323,48371,2752,1472,52595,17.40%,18.92%,
105/04/19,-207,0,156,-51,49838,2786,1295,53919,17.93%,19.40%,
105/04/18,-1104,0,-314,-1418,50295,2786,1139,54220,18.09%,19.50%,
105/04/15,138,29,-15,152,51759,2786,1453,55998,18.62%,20.14%,
105/04/14,-31,0,137,106,51574,2757,1468,55799,18.55%,20.07%,
105/04/13,-323,0,58,-265,51624,2757,1331,55712,18.57%,20.04%,
105/04/12,11,0,27,38,51911,2757,1273,55941,18.67%,20.12%,
105/04/11,-814,-455,28,-1241,52294,2757,1246,56297,18.81%,20.25%,
105/04/08,480,-951,416,-55,53052,3213,1218,57483,19.08%,20.67%,
105/04/07,358,-151,-406,-199,52522,4164,802,57488,18.89%,20.68%,
105/04/06,695,-60,-250,385,52719,4315,1208,58242,18.96%,20.95%,
105/04/01,41,0,-50,-9,52239,4375,1458,58072,18.79%,20.89%,
105/03/31,-201,0,-194,-395,52198,4375,1508,58081,18.77%,20.89%,
105/03/30,743,0,76,819,52399,3812,1702,57913,18.85%,20.83%,
105/03/29,893,-13,-57,823,52051,3812,1626,57489,18.72%,20.68%,
105/03/28,346,-1646,-513,-1813,51138,3825,1683,56646,18.39%,20.37%,
105/03/25,-78,-28,156,50,50825,5471,2196,58492,18.28%,21.04%,
105/03/24,2411,-140,85,2356,50955,5499,2040,58494,18.33%,21.04%,
105/03/23,406,0,-496,-90,49044,5639,1955,56638,17.64%,20.37%,
105/03/22,-66,0,-71,-137,48688,5639,2451,56778,17.51%,20.42%,
105/03/21,247,0,92,339,48904,5639,2522,57065,17.59%,20.53%,
105/03/18,419,196,-131,484,48657,5639,2430,56726,17.50%,20.40%,
105/03/17,416,0,-320,96,48662,5443,2561,56666,17.50%,20.38%,
105/03/16,497,-50,-213,234,48246,5443,2881,56570,17.35%,20.34%,
105/03/15,532,-150,-999,-617,47877,5493,3094,56464,17.22%,20.31%,
105/03/14,-307,13,914,620,47289,5643,4093,57025,17.01%,20.51%,
105/03/11,597,0,-33,564,47751,5630,3179,56560,17.17%,20.34%,
105/03/10,743,-372,-42,329,48934,5630,3212,57776,17.60%,20.78%,
105/03/09,-328,260,-12,-80,48928,6002,3254,58184,17.60%,20.93%,
105/03/08,488,17,69,574,49296,5742,3266,58304,17.73%,20.97%,
105/03/07,550,25,-22,553,48816,5725,3197,57738,17.56%,20.77%,
105/03/04,-128,114,20,6,48268,5700,3219,57187,17.36%,20.57%,
105/03/03,-422,77,-165,-510,48459,5586,3199,57244,17.43%,20.59%,
105/03/02,1133,1345,-501,1977,48912,5509,3364,57785,17.59%,20.78%,
105/03/01,568,803,1189,2560,47822,4164,3865,55851,17.20%,20.09%,
105/02/26,573,0,35,608,47234,3361,2676,53271,16.99%,19.16%,
105/02/25,-584,0,119,-465,46861,3361,2641,52863,16.85%,19.01%,
105/02/24,-889,0,-166,-1055,47017,3361,2522,52900,16.91%,19.03%,
105/02/23,-971,0,-52,-1023,49254,3361,2688,55303,17.72%,19.90%,
105/02/22,-759,62,-240,-937,48985,3361,2740,55086,17.62%,19.82%,
105/02/19,-873,91,7,-775,49743,3299,2980,56022,17.89%,20.15%,
105/02/18,-168,1544,-533,843,50606,3208,2973,56787,18.20%,20.42%,
105/02/17,354,300,-190,464,50774,1664,3506,55944,18.26%,20.12%,
105/02/16,-7,119,827,939,51640,1364,3696,56700,18.57%,20.39%,
105/02/15,-961,-0,860,-101,51947,1245,2869,56061,18.68%,20.16%,
105/02/03,-282,205,3,-74,53226,1245,2009,56480,19.14%,20.31%,
105/02/02,-448,0,88,-360,53538,1040,2006,56584,19.26%,20.36%,
105/02/01,1336,50,-73,1313,53692,1040,1918,56650,19.31%,20.37%,
105/01/30,5,664,-376,293,52629,990,1991,55610,18.93%,20.00%,
105/01/29,358,137,1717,2212,52624,326,2367,55317,18.93%,19.90%,
105/01/28,-2164,0,650,-1514,52072,189,650,52911,18.73%,19.03%,
105/01/27,-954,0,-129,-1083,54366,189,0,54555,19.55%,19.62%,
105/01/26,-386,0,-48,-434,55221,189,94,55504,19.86%,19.96%,
105/01/25,-77,0,32,-45,55527,189,142,55858,19.97%,20.09%,
105/01/22,-1056,0,-18,-1074,55616,189,110,55915,20.00%,20.11%,
105/01/21,-1012,-160,-43,-1215,56392,189,128,56709,20.28%,20.39%,
105/01/20,-1940,-512,-352,-2804,57405,349,171,57925,20.65%,20.84%,
105/01/19,-1479,0,-264,-1743,59138,861,523,60522,21.27%,21.77%,
105/01/18,-457,-8,598,133,60617,861,787,62265,21.80%,22.39%,
105/01/15,1540,-4,189,1725,61074,869,189,62132,21.97%,22.35%,
105/01/14,-261,70,-412,-603,59371,873,0,60244,21.36%,21.67%,
105/01/13,682,0,-28,654,59497,803,0,60300,21.40%,21.69%,
105/01/12,-404,-200,-179,-783,58957,803,0,59760,21.21%,21.50%,
105/01/11,155,-304,54,-95,59565,1003,170,60738,21.43%,21.85%,
105/01/08,309,-72,65,302,59476,1307,116,60899,21.39%,21.90%,
105/01/07,60,-60,51,51,58492,1379,51,59922,21.04%,21.55%,
105/01/06,641,-88,-438,115,58276,1439,0,59715,20.96%,21.48%,
105/01/05,-1354,-61,-102,-1517,57019,1527,316,58862,20.51%,21.17%,
105/01/04,374,-60,-31,283,57811,1588,418,59817,20.79%,21.51%,
104/12/31,-54,-1084,-81,-1219,57427,1648,449,59524,20.66%,21.41%,
104/12/30,296,-40,-65,191,56891,2031,530,59452,20.46%,21.38%,
104/12/29,99,-189,-18,-108,56605,2071,595,59271,20.36%,21.32%,
104/12/28,-588,-131,-46,-765,56923,2260,613,59796,20.47%,21.50%,
104/12/25,169,-710,311,-230,57411,2391,659,60461,20.65%,21.75%,
104/12/24,251,-313,-40,-102,57242,3101,348,60691,20.59%,21.83%,
104/12/23,869,0,33,902,56991,3414,388,60793,20.50%,21.87%,
104/12/22,-41,-204,-26,-271,56768,3414,355,60537,20.42%,21.78%,
104/12/21,-179,-88,94,-173,56854,3618,381,60853,20.45%,21.89%,
104/12/18,-631,-320,-52,-1003,57313,3707,287,61307,20.62%,22.06%,
104/12/17,-1941,-302,284,-1959,58011,4027,339,62377,20.87%,22.44%,
104/12/16,-643,-917,-110,-1670,59018,4329,55,63402,21.23%,22.81%,
104/12/15,117,-76,25,66,59638,5246,165,65049,21.45%,23.40%,
104/12/14,-142,-1574,140,-1576,58501,5322,140,63963,21.04%,23.01%,
104/12/11,49,-66,-454,-471,58643,6896,0,65539,21.09%,23.57%,
104/12/10,61,-63,-218,-220,59358,6962,0,66320,21.35%,23.86%,
104/12/09,250,-236,-70,-56,59413,7025,0,66438,21.37%,23.90%,
104/12/08,1447,-2100,-749,-1402,59177,7262,0,66439,21.29%,23.90%,
104/12/07,-583,-340,-76,-999,57620,9361,279,67260,20.73%,24.20%,
104/12/04,192,-497,-87,-392,58092,9701,355,68148,20.90%,24.52%,
104/12/03,-41,-271,-155,-467,58280,10198,442,68920,20.96%,24.79%,
104/12/02,605,-351,107,361,58662,10469,597,69728,21.10%,25.08%,
104/12/01,882,-97,459,1244,57957,10820,490,69267,20.85%,24.92%,
104/11/30,106,0,31,137,57075,10917,31,68023,20.53%,24.47%,
104/11/27,413,-282,-104,27,56919,10917,0,67836,20.47%,24.40%,
104/11/26,603,0,25,628,55820,11199,25,67044,20.08%,24.12%,
104/11/25,188,-140,-169,-121,56743,11199,0,67942,20.41%,24.44%,
104/11/24,868,0,-170,698,56493,11339,5,67837,20.32%,24.40%,
104/11/23,1552,-1,-115,1436,57155,11339,175,68669,20.56%,24.70%,
104/11/20,985,-56,-52,877,55603,11340,290,67233,20.00%,24.18%,
104/11/19,846,100,-28,918,54618,11396,342,66356,19.65%,23.87%,
104/11/18,1609,57,370,2036,54000,11296,370,65666,19.42%,23.62%,
104/11/17,2025,-113,-232,1680,52491,11239,0,63730,18.88%,22.92%,
104/11/16,-2813,-250,-38,-3101,50466,11352,105,61923,18.15%,22.27%,
104/11/13,225,0,143,368,52102,11602,143,63847,18.74%,22.97%,
104/11/12,178,-1,-316,-139,51876,11602,0,63478,18.66%,22.83%,
104/11/11,301,-278,-645,-622,51736,11603,223,63562,18.61%,22.87%,
104/11/10,156,0,-97,59,49855,11881,868,62604,17.93%,22.52%,
104/11/09,-132,0,-366,-498,49599,11881,965,62445,17.84%,22.46%,
104/11/06,1739,-64,135,1810,49668,11881,1331,62880,17.86%,22.61%,
104/11/05,-2298,-35,-127,-2460,47816,11945,1196,60957,17.20%,21.93%,
104/11/04,-2276,102,315,-1859,50114,11980,1323,63417,18.02%,22.81%,
104/11/03,-720,-243,53,-910,52336,11878,1008,65222,18.82%,23.46%,
104/11/02,-1753,-725,-87,-2565,52311,12121,955,65387,18.82%,23.53%,
104/10/30,-4415,-327,-61,-4803,52801,12846,1042,66689,18.99%,23.99%,
104/10/29,-5033,-2727,-2509,-10269,56796,13173,1103,71072,20.43%,25.57%,
104/10/28,-518,66,1464,1012,61203,15899,3613,80715,22.01%,29.03%,
104/10/27,-3644,110,-492,-4026,61721,15833,2149,79703,22.20%,28.67%,
104/10/26,797,117,1993,2907,65160,15723,2641,83524,23.44%,30.05%,
104/10/23,-425,-124,80,-469,64461,15606,648,80715,23.19%,29.04%,
104/10/22,-1181,4,-103,-1280,64845,15730,568,81143,23.33%,29.19%,
104/10/21,-212,-394,671,65,65841,15726,671,82238,23.68%,29.58%,
104/10/20,121,-805,-189,-873,65850,16120,0,81970,23.69%,29.49%,
104/10/19,1071,-503,-187,381,65729,16924,0,82653,23.64%,29.73%,
104/10/16,204,-895,-69,-760,64659,17427,57,82143,23.26%,29.55%,
104/10/15,-399,-416,-231,-1046,64455,18322,126,82903,23.18%,29.82%,
104/10/14,-1474,-137,-16,-1627,64854,18738,357,83949,23.33%,30.20%,
104/10/13,-293,41,221,-31,66258,18875,374,85507,23.83%,30.76%,
104/10/12,1310,28,-117,1221,66537,18834,153,85524,23.93%,30.76%,
104/10/08,-237,-40,-416,-693,65217,18806,270,84293,23.46%,30.32%,
104/10/07,-798,-121,-248,-1167,65259,18845,686,84790,23.47%,30.50%,
104/10/06,425,-445,-508,-528,65460,18966,934,85360,23.55%,30.71%,
104/10/05,-3,-473,-20,-496,65111,19411,1441,85963,23.42%,30.92%,
104/10/02,-1928,162,223,-1543,64714,19884,1461,86059,23.28%,30.96%,
104/10/01,-178,-507,851,166,66521,19722,1238,87481,23.93%,31.47%,
104/09/30,-288,-18,-434,-740,66654,20229,387,87270,23.98%,31.40%,
104/09/25,-141,-280,-235,-656,66894,19566,821,87281,24.06%,31.40%,
104/09/24,-361,-620,-470,-1451,67035,19846,1056,87937,24.11%,31.63%,
104/09/23,-893,-16,-365,-1274,66531,20466,1526,88523,23.93%,31.84%,
104/09/22,-573,-71,135,-509,67412,20482,1891,89785,24.25%,32.30%,
104/09/21,-948,-32,-273,-1253,67786,20554,1756,90096,24.38%,32.41%,
104/09/18,-736,-72,73,-735,68734,20586,2029,91349,24.72%,32.86%,
104/09/17,-201,-338,53,-486,69469,20658,1956,92083,24.99%,33.13%,
104/09/16,-808,-482,131,-1159,57709,20996,1903,80608,22.91%,31.15%,
104/09/15,-1367,-218,-94,-1679,58693,21478,1772,81943,23.30%,31.67%,
104/09/14,-909,527,88,-294,60060,21696,1866,83622,23.85%,32.33%,
104/09/11,-841,-149,337,-653,60949,21169,1778,83896,24.20%,32.46%,
104/09/10,-584,2,98,-484,61770,21318,1441,84529,24.52%,32.71%,
104/09/09,30,183,1052,1265,62786,21316,1343,85445,24.93%,33.08%,
104/09/08,1813,-140,291,1964,62102,21133,291,83526,24.66%,32.37%,
104/09/07,920,-710,-118,92,60363,21273,0,81636,23.97%,31.62%,
104/09/04,-1023,-669,-381,-2073,59443,21983,0,81426,23.60%,31.51%,
104/09/03,-25,20,164,159,60331,22652,210,83193,23.95%,32.18%,
104/09/02,-981,119,-36,-898,60196,22632,46,82874,23.90%,32.06%,
104/09/01,-2319,466,-119,-1972,61119,22513,82,83714,24.27%,32.40%,
104/08/31,2094,-9,-96,1989,63394,22047,201,85642,25.17%,33.18%,
104/08/28,-2277,-12,239,-2050,61265,22056,297,83618,24.32%,32.36%,
104/08/27,-1619,355,58,-1206,63588,22068,58,85714,25.25%,33.21%,
104/08/26,260,-217,-407,-364,65165,21713,0,86878,25.87%,33.68%,
104/08/25,-43,13,24,-6,64989,21930,24,86943,25.80%,33.70%,
104/08/24,495,-1467,-1262,-2234,65033,21917,0,86950,25.82%,33.71%,
104/08/21,-947,-1147,-500,-2594,64462,23384,241,88087,25.59%,34.09%,
104/08/20,-1011,254,73,-684,65076,24531,741,90348,25.84%,34.93%,
104/08/19,-848,100,-447,-1195,65512,24277,668,90457,26.01%,34.99%,
104/08/18,-847,327,-363,-883,66365,24177,1115,91657,26.35%,35.45%,
104/08/17,-136,-138,462,188,67202,23850,1478,92530,26.68%,37.74%,
104/08/14,-450,31,314,-105,67338,23988,1017,92343,26.74%,37.66%,
104/08/13,-674,-33,402,-305,67701,23957,703,92361,26.88%,37.65%,
104/08/12,-34,-9,-1181,-1224,68375,23990,301,92666,27.15%,37.76%,
104/08/11,-725,427,-651,-949,68399,23999,1482,93880,27.16%,38.29%,
104/08/10,-1412,263,566,-583,69424,23572,2133,95129,27.56%,38.79%,
104/08/07,-423,159,-200,-464,70836,23309,1567,95712,28.12%,38.99%,
104/08/06,-620,-1508,-587,-2715,71263,23150,1767,96180,28.29%,39.17%,
104/08/05,4142,-547,378,3973,71883,24658,2354,98895,28.54%,40.34%,
104/08/04,-710,15,-1107,-1802,67796,25205,1976,94977,26.92%,38.79%,
104/08/03,793,-129,-336,328,68506,25190,3083,96779,27.20%,39.55%,
104/07/31,456,90,-1457,-911,67781,25319,3419,96519,26.91%,39.46%,
104/07/30,-2536,950,-209,-1795,67325,25229,4876,97430,26.73%,39.88%,
104/07/29,-2733,317,-430,-2846,70112,24279,5085,99476,27.84%,40.67%,
104/07/28,521,749,1181,2451,72663,23962,5515,102140,28.85%,41.73%,
104/07/27,9,-277,-644,-912,72342,23213,4333,99888,28.72%,40.75%,
104/07/24,383,-20,43,406,71917,23490,4977,100384,28.55%,40.99%,
104/07/23,1622,238,-323,1537,71167,23510,4934,99611,28.26%,40.69%,
104/07/22,338,-9,-403,-74,70946,23272,5258,99476,28.17%,40.63%,
104/07/21,520,76,91,687,70607,23281,5661,99549,28.03%,40.67%,
104/07/20,1057,132,94,1283,70087,23205,5570,98862,27.83%,40.40%,
104/07/17,198,-26,1075,1247,68986,23073,5476,97535,27.39%,39.86%,
104/07/16,-114,62,298,246,68787,23099,4401,96287,27.31%,39.32%,
104/07/15,268,3,-118,153,68901,23037,4103,96041,27.36%,39.22%,
104/07/14,94,640,-54,680,68633,23034,4221,95888,27.25%,39.16%,
104/07/13,-1666,407,479,-780,68539,22394,4275,95208,27.21%,38.86%,
104/07/09,-308,168,264,124,70194,21987,3796,95977,27.87%,39.13%,
104/07/08,-531,-50,424,-157,70888,21819,3532,96239,28.15%,39.22%,
104/07/07,-867,5,-458,-1320,71074,21869,3108,96051,28.22%,39.13%,
104/07/06,-521,70,-277,-728,71940,21864,3566,97370,28.56%,39.67%,
104/07/03,-287,259,-86,-114,72461,21794,3843,98098,28.77%,39.97%,
104/07/02,-1953,228,133,-1592,72848,21535,3929,98312,28.92%,40.04%,
104/07/01,-54,1478,-255,1169,74801,21307,3796,99904,29.70%,40.67%,
104/06/30,-447,-42,110,-379,75055,19829,4051,98935,29.80%,40.23%,
104/06/29,110,13,-289,-166,75502,20581,3941,100024,29.98%,40.69%,
104/06/26,-617,56,198,-363,75392,20568,4230,100190,29.93%,40.76%,
104/06/25,-942,1590,-817,-169,75509,20512,4032,100053,29.98%,40.70%,
104/06/24,998,73,201,1272,76451,18922,4849,100222,30.35%,40.73%,
104/06/23,580,583,-24,1139,75453,18849,4648,98950,29.96%,40.22%,
104/06/22,1476,459,344,2279,74874,18266,4672,97812,29.73%,39.75%,
104/06/18,308,10,-376,-58,73398,17807,4328,95533,29.14%,38.81%,
104/06/17,406,-126,247,527,73047,17797,4704,95548,29.00%,38.83%,
104/06/16,224,-83,-24,117,72641,17923,4457,95021,28.84%,38.62%,
104/06/15,-473,0,-154,-627,72417,18006,4481,94904,28.75%,38.57%,
104/06/12,-1355,241,-320,-1434,57801,18006,4635,80442,26.00%,35.89%,
104/06/11,-872,1393,393,914,59146,17765,4955,81866,26.61%,36.53%,
104/06/10,1032,1310,152,2494,60098,16372,4562,81032,27.04%,36.18%,
104/06/09,-554,73,-273,-754,59585,15062,4410,79057,26.81%,35.32%,
104/06/08,-722,0,-21,-743,60139,14989,4683,79811,27.06%,35.65%,
104/06/05,-49,78,42,71,60751,14989,4704,80444,27.33%,35.93%,
104/06/04,-15,46,-1460,-1429,60799,14911,4662,80372,27.35%,35.90%,
104/06/03,778,511,282,1571,60815,14865,6122,81802,27.36%,36.53%,
104/06/02,484,118,755,1357,60033,14354,5840,80227,27.01%,36.09%,
104/06/01,228,184,319,731,59548,14236,5085,78869,26.79%,35.48%,
104/05/29,597,34,29,660,59320,14052,4766,78138,26.69%,35.15%,
104/05/28,12,-125,271,158,58713,14018,4737,77468,26.42%,34.85%,
104/05/27,87,30,-349,-232,58701,14143,4466,77310,26.41%,34.78%,
104/05/26,-966,1123,163,320,58615,14113,4815,77543,26.37%,34.88%,
104/05/25,-627,1081,-107,347,59779,12990,4652,77421,26.89%,34.82%,
104/05/22,896,880,131,1907,60006,11909,4759,76674,27.00%,34.49%,
104/05/21,-817,144,209,-464,59110,11029,4628,74767,26.59%,33.63%,
104/05/20,290,254,332,876,59927,10885,4419,75231,26.96%,33.84%,
104/05/19,-1038,112,839,-87,59637,10631,4087,74355,26.83%,33.45%,
104/05/18,1128,-415,91,804,60674,10519,3248,74441,27.30%,33.49%,
104/05/15,488,-554,-204,-270,59546,10934,3157,73637,26.79%,33.13%,
104/05/14,58,-184,34,-92,59059,11488,3361,73908,26.57%,33.25%,
104/05/13,-1424,0,-113,-1537,58451,11672,3327,73450,26.30%,33.04%,
104/05/12,419,-241,293,471,59764,11672,3440,74876,26.89%,33.68%,
104/05/11,665,-144,-158,363,59416,11913,3147,74476,26.73%,33.50%,
104/05/08,358,0,-1057,-699,58751,12057,3304,74112,26.43%,33.34%,
104/05/07,2259,12,-31,2240,58243,12057,4361,74661,26.20%,33.58%,
104/05/06,-281,-17,331,33,55918,12045,4392,72355,25.16%,32.55%,
104/05/05,461,-76,25,410,56040,12062,4061,72163,25.21%,32.46%,
104/05/04,-2038,-290,59,-2269,56179,12138,4036,72353,25.27%,32.54%,
104/04/30,984,-218,-462,304,58172,12428,3977,74577,26.17%,33.55%,
104/04/29,463,-183,-60,220,57199,12646,4439,74284,25.73%,33.41%,
104/04/28,-1525,50,254,-1221,56736,12829,4499,74064,25.53%,33.32%,
104/04/27,-38,135,-61,36,58309,12779,4245,75333,26.23%,33.88%,
104/04/24,150,499,1224,1873,58307,12644,4306,75257,26.23%,33.85%,
104/04/23,-1023,293,-226,-956,58109,12145,3082,73336,26.14%,32.99%,
104/04/22,1388,501,-690,1199,59138,11852,3308,74298,26.61%,33.43%,
104/04/21,933,116,-2,1047,57830,11351,3998,73179,26.02%,32.92%,
104/04/20,1259,388,-233,1414,56957,11235,4000,72192,25.62%,32.47%,
104/04/17,2802,1013,-630,3185,55898,10847,4233,70978,25.15%,31.93%,
104/04/16,-181,272,181,272,53415,9834,4863,68112,24.03%,30.64%,
104/04/15,847,117,543,1507,53615,9562,4682,67859,24.12%,30.52%,
104/04/14,90,277,578,945,52822,9445,4139,66406,23.76%,29.87%,
104/04/13,1264,213,-85,1392,52662,9168,3561,65391,23.69%,29.41%,
104/04/10,303,285,-103,485,51398,8955,3646,63999,23.12%,28.79%,
104/04/09,1248,49,584,1881,51095,8670,3750,63515,22.99%,28.57%,
104/04/08,-508,175,233,-100,49848,8621,3166,61635,22.43%,27.73%,
104/04/07,-201,20,4,-177,50405,8446,2932,61783,22.68%,27.80%,
104/04/02,685,276,38,999,50606,8426,2928,61960,22.77%,27.88%,
104/04/01,912,390,485,1787,49922,8150,2890,60962,22.46%,27.43%,
104/03/31,1036,2,269,1307,49010,7760,2405,59175,22.05%,26.62%,
104/03/30,1027,150,-145,1032,48014,8630,2137,58781,21.60%,26.44%,
104/03/27,281,431,-129,583,46987,8480,2282,57749,21.14%,25.98%,
104/03/26,598,0,-380,218,46818,8049,2411,57278,21.06%,25.76%,
104/03/25,-71,16,73,18,45867,8049,2791,56707,20.63%,25.51%,
104/03/24,178,503,-168,513,46223,8033,2718,56974,20.79%,25.63%,
104/03/23,-369,321,125,77,46046,7530,2886,56462,20.71%,25.39%,
104/03/20,-1125,40,-381,-1466,46014,7209,2761,55984,20.70%,25.18%,
104/03/19,971,642,-518,1095,46739,7169,3142,57050,21.03%,25.67%,
104/03/18,931,1100,-170,1861,46088,6527,3660,56275,20.73%,25.31%,
104/03/17,2062,396,1459,3917,45238,5427,3830,54495,20.35%,24.51%,
104/03/16,1058,26,26,1110,43186,5031,2371,50588,19.43%,22.76%,
104/03/13,465,632,-170,927,42393,5005,2345,49743,19.07%,22.38%,
104/03/12,2718,89,-60,2747,41928,4373,2515,48816,18.86%,21.96%,
104/03/11,443,54,521,1018,39170,4284,2575,46029,17.62%,20.71%,
104/03/10,1020,101,-259,862,38859,4230,2054,45143,17.48%,20.31%,
104/03/09,-239,80,-537,-696,37741,4129,2313,44183,16.98%,19.88%,
104/03/06,452,1,-14,439,37670,4049,2850,44569,16.95%,20.05%,
104/03/05,269,42,-715,-404,37219,4048,2864,44131,16.74%,19.85%,
104/03/04,676,-2,371,1045,36950,4006,3579,44535,16.62%,20.03%,
104/03/03,476,7,-240,243,36274,4008,3208,43490,16.32%,19.57%,
104/03/02,502,238,433,1173,35798,4001,3448,43247,16.10%,19.45%,
104/02/26,137,-14,21,144,35417,3763,3015,42195,15.93%,18.98%,
104/02/25,-485,68,391,-26,35200,3777,2994,41971,15.83%,18.88%,
104/02/24,360,86,329,775,35336,3709,2603,41648,15.90%,18.74%,
104/02/13,819,-80,-79,660,34906,3623,2274,40803,15.70%,18.35%,
104/02/12,742,22,-15,749,34454,3703,2353,40510,15.50%,18.23%,
104/02/11,437,-17,-130,290,33932,3681,2368,39981,15.26%,17.98%,
104/02/10,218,18,-138,98,33495,3698,2498,39691,15.07%,17.86%,
104/02/09,525,58,-245,338,33397,3680,2636,39713,15.02%,17.86%,
104/02/06,1030,-229,-61,740,33871,3622,2881,40374,15.24%,18.17%,
104/02/05,-319,449,-221,-91,32841,3851,2942,39634,14.77%,17.83%,
104/02/04,1173,-1080,332,425,32906,3402,3163,39471,14.80%,17.75%,
104/02/03,218,-87,-17,114,31417,4482,2831,38730,14.13%,17.42%,
104/02/02,189,-97,86,178,31199,4569,2848,38616,14.03%,17.37%,
104/01/30,86,123,15,224,31010,4666,2762,38438,13.95%,17.29%,
104/01/29,211,0,1,212,30924,4543,2747,38214,13.91%,17.19%,
104/01/28,623,0,-54,569,30713,4543,2746,38002,13.82%,17.10%,
104/01/27,585,21,-122,484,30031,4543,2800,37374,13.51%,16.81%,
104/01/26,1593,41,609,2243,29564,4522,2922,37008,13.30%,16.65%,
104/01/23,875,210,-102,983,27971,4481,2313,34765,12.58%,15.64%,
104/01/22,1087,23,1150,2260,27095,4271,2415,33781,12.19%,15.20%,
104/01/21,208,0,136,344,26008,4248,1265,31521,11.70%,14.18%,
104/01/20,296,20,9,325,26313,4248,1129,31690,11.84%,14.26%,
104/01/19,138,-15,-3,120,26233,4228,1120,31581,11.80%,14.21%,
104/01/16,-309,-20,-33,-362,26095,4243,1123,31461,11.74%,14.16%,
104/01/15,568,-15,8,561,26376,4263,1156,31795,11.86%,14.30%,
104/01/14,-399,0,19,-380,25808,4278,1148,31234,11.61%,14.05%,
104/01/13,-180,95,-8,-93,26008,4278,1129,31415,11.70%,14.13%,
104/01/12,-26,240,-25,189,26188,4183,1137,31508,11.78%,14.17%,
104/01/09,256,0,-17,239,26215,3943,1162,31320,11.79%,14.09%,
104/01/08,-2,-18,-233,-253,25888,3943,1179,31010,11.64%,13.95%,
104/01/07,215,172,209,596,25890,3961,1412,31263,11.64%,14.06%,
104/01/06,-1142,30,-73,-1185,25675,3789,1203,30667,11.55%,13.80%,
104/01/05,-179,0,-29,-208,27178,3759,1276,32213,12.22%,14.49%,
