日期,外資買賣超,投信買賣超,自營商買賣超,單日合計買賣超,外資估計持股,投信估計持股,自營商估計持股,單日合計估計持股,外資持股比重,三大法人持股比重,
107/03/31,-74,66,-95,-103,76603,35396,7300,119299,20.71%,32.26%,
107/03/30,1629,1449,-272,2806,76677,35330,7395,119402,20.73%,32.28%,
107/03/29,2601,215,539,3355,75048,33881,7667,116596,20.29%,31.53%,
107/03/28,-2566,1584,205,-777,72447,33666,7128,113241,19.59%,30.62%,
107/03/27,2308,5974,727,9009,74951,32082,6923,113956,20.26%,30.81%,
107/03/26,906,204,609,1719,72615,26108,6196,104919,19.63%,28.37%,
107/03/23,142,-300,-580,-738,71709,25904,5587,103200,19.39%,27.91%,
107/03/22,-852,1071,-891,-672,71567,26204,6167,103938,19.35%,28.10%,
107/03/21,2319,0,1427,3746,72428,25133,7058,104619,19.58%,28.29%,
107/03/20,-844,789,-150,-205,70435,25133,5631,101199,19.04%,27.36%,
107/03/19,2685,0,35,2720,71328,24344,5781,101453,19.28%,27.43%,
107/03/16,1063,-100,208,1171,68643,24344,5746,98733,18.56%,26.70%,
107/03/15,-218,0,-217,-435,67634,24444,5538,97616,18.28%,26.39%,
107/03/14,-832,310,945,423,67871,24444,5755,98070,18.35%,26.52%,
107/03/13,-238,134,24,-80,68605,24134,4810,97549,18.55%,26.38%,
107/03/12,463,339,242,1044,69010,24000,4786,97796,18.66%,26.44%,
107/03/09,-1522,2369,-877,-30,68699,23661,4544,96904,18.57%,26.20%,
107/03/08,2691,520,132,3343,70103,21292,5421,96816,18.95%,26.17%,
107/03/07,-199,-263,1396,934,67298,20772,5289,93359,18.19%,25.24%,
107/03/06,-138,600,-338,124,67467,21035,3893,92395,18.24%,24.98%,
107/03/05,281,212,-1459,-966,67541,20435,4231,92207,18.26%,24.93%,
107/03/02,-1654,-254,392,-1516,67660,20223,5690,93573,18.29%,25.30%,
107/03/01,614,480,812,1906,69369,20477,5298,95144,18.75%,25.72%,
107/02/27,145,153,345,643,68822,19997,4486,93305,18.61%,25.23%,
107/02/26,-960,581,-376,-755,68987,19844,4141,92972,18.65%,25.14%,
107/02/23,-1297,3280,630,2613,69941,19263,4517,93721,18.91%,25.34%,
107/02/22,-627,492,54,-81,71019,15983,3887,90889,19.20%,24.57%,
107/02/21,-884,300,457,-127,71646,15491,3833,90970,19.37%,24.60%,
107/02/12,-1448,0,-121,-1569,72501,15191,3376,91068,19.60%,24.62%,
107/02/09,2502,-2723,-274,-495,73782,15191,3497,92470,19.95%,25.00%,
107/02/08,-716,50,-43,-709,71274,17914,3771,92959,19.27%,25.13%,
107/02/07,234,177,592,1003,71981,17864,3814,93659,19.46%,25.32%,
107/02/06,826,-1422,-199,-795,71567,17687,3222,92476,19.35%,25.00%,
107/02/05,1434,150,-1024,560,70740,19109,3421,93270,19.12%,25.21%,
107/02/02,-837,0,9,-828,69306,18959,4445,92710,18.74%,25.07%,
107/02/01,125,0,-185,-60,70143,18959,4436,93538,18.96%,25.29%,
107/01/31,207,-971,-172,-936,69930,18959,4621,93510,18.91%,25.29%,
107/01/30,1041,-100,-1132,-191,69713,19930,4793,94436,18.85%,25.54%,
107/01/29,-927,-150,-223,-1300,68770,20030,5925,94725,18.59%,25.61%,
107/01/26,1513,327,227,2067,69706,20180,6148,96034,18.84%,25.96%,
107/01/25,-84,0,-470,-554,68193,19853,5921,93967,18.44%,25.41%,
107/01/24,-381,-13,158,-236,67838,19853,6391,94082,18.34%,25.44%,
107/01/23,501,334,-110,725,68202,19866,6233,94301,18.44%,25.50%,
107/01/22,-1045,999,-17,-63,67694,19532,6343,93569,18.30%,25.30%,
107/01/19,-3711,351,355,-3005,68792,18533,6360,93685,18.60%,25.33%,
107/01/18,-1268,3021,-1832,-79,72491,18182,6005,96678,19.60%,26.14%,
107/01/17,-2504,931,-135,-1708,73752,15161,7837,96750,19.94%,26.16%,
107/01/16,-2369,1918,-531,-982,76256,14230,7972,98458,20.62%,26.62%,
107/01/15,2620,1251,3437,7308,78600,12312,8503,99415,21.25%,26.88%,
107/01/12,-452,272,341,161,75982,11061,5066,92109,20.54%,24.90%,
107/01/11,286,262,-127,421,76352,10789,4725,91866,20.64%,24.84%,
107/01/10,-499,297,-62,-264,76070,10527,4852,91449,20.57%,24.73%,
107/01/09,1451,186,-182,1455,77215,10230,4914,92359,20.88%,24.98%,
107/01/08,334,15,-2,347,75765,10044,5096,90905,20.48%,24.57%,
107/01/05,337,-12,164,489,75556,10029,5098,90683,20.43%,24.52%,
107/01/04,226,2710,652,3588,75175,10041,4934,90150,20.32%,24.37%,
107/01/03,167,1614,495,2276,74927,7331,4282,86540,20.26%,23.40%,
107/01/02,359,2977,837,4173,74647,5717,3787,84151,20.18%,22.75%,
106/12/29,-265,600,-132,203,74237,2740,2950,79927,20.07%,21.61%,
106/12/28,-2904,-10,-193,-3107,74484,2715,3082,80281,20.14%,21.71%,
106/12/27,304,176,1356,1836,77143,2725,3275,83143,20.86%,22.48%,
106/12/26,-276,0,-141,-417,76830,2549,1919,81298,20.77%,21.98%,
106/12/25,-44,0,17,-27,77105,2549,2060,81714,20.85%,22.10%,
106/12/22,-400,-25,-261,-686,77149,2549,2043,81741,20.86%,22.10%,
106/12/21,-2437,0,-154,-2591,77549,2574,2304,82427,20.97%,22.29%,
106/12/20,2071,279,422,2772,79986,2574,2458,85018,21.62%,22.98%,
106/12/19,-269,0,-73,-342,77901,2295,2036,82232,21.06%,22.23%,
106/12/18,-998,0,10,-988,78170,2295,2109,82574,21.13%,22.32%,
106/12/15,172,0,-31,141,79168,2295,2099,83562,21.40%,22.59%,
106/12/14,-376,0,-59,-435,78973,2295,2130,83398,21.35%,22.55%,
106/12/13,-375,0,-11,-386,79349,2295,2189,83833,21.45%,22.66%,
106/12/12,-612,0,1,-611,80073,2295,2200,84568,21.65%,22.87%,
106/12/11,-451,-660,-44,-1155,80667,2295,2199,85161,21.81%,23.03%,
106/12/08,-1410,750,39,-621,81108,2955,2243,86306,21.93%,23.34%,
106/12/07,-1827,492,-184,-1519,82580,2205,2204,86989,22.33%,23.52%,
106/12/06,-681,-50,-348,-1079,84407,1713,2388,88508,22.82%,23.93%,
106/12/05,-579,-354,-420,-1353,85079,1763,2736,89578,23.00%,24.22%,
106/12/04,-171,0,-462,-633,85656,2117,3156,90929,23.16%,24.59%,
106/12/01,-2169,0,-1110,-3279,85888,2117,3618,91623,23.22%,24.77%,
106/11/30,814,371,1490,2675,88057,2117,4728,94902,23.81%,25.66%,
106/11/29,3236,350,783,4369,87239,1746,3238,92223,23.59%,24.94%,
106/11/28,224,165,-308,81,84003,1396,2455,87854,22.71%,23.75%,
106/11/27,-384,0,-802,-1186,83803,1231,2763,87797,22.66%,23.74%,
106/11/24,270,0,333,603,84187,1231,3565,88983,22.76%,24.06%,
106/11/23,-1207,0,-686,-1893,83917,1231,3232,88380,22.69%,23.90%,
106/11/22,1510,0,1208,2718,85124,1231,3918,90273,23.01%,24.40%,
106/11/21,25,0,-43,-18,83611,1231,2710,87552,22.61%,23.68%,
106/11/20,-195,-415,-311,-921,83586,1231,2753,87570,22.60%,23.68%,
106/11/17,-219,0,1037,818,83748,1646,3064,88458,22.64%,23.91%,
106/11/16,-1191,0,354,-837,83932,1646,2027,87605,22.69%,23.68%,
106/11/15,-1070,660,199,-211,85123,1646,1673,88442,23.01%,23.91%,
106/11/14,-193,-271,27,-437,86162,986,1474,88622,23.30%,23.97%,
106/11/13,-2114,32,21,-2061,86459,1257,1447,89163,23.38%,24.11%,
106/11/10,444,12,-105,351,88573,1225,1426,91224,23.95%,24.67%,
106/11/09,286,10,-133,163,88129,1213,1531,90873,23.83%,24.57%,
106/11/08,-1587,-159,79,-1667,87843,1203,1664,90710,23.75%,24.53%,
106/11/07,1741,70,-442,1369,89430,1362,1585,92377,24.18%,24.98%,
106/11/06,-402,0,-52,-454,87648,1292,2027,90967,23.70%,24.60%,
106/11/03,285,0,319,604,88050,1292,2079,91421,23.81%,24.72%,
106/11/02,1610,0,-449,1161,87759,1292,1760,90811,23.73%,24.56%,
106/11/01,-2979,0,287,-2692,86332,1292,2209,89833,23.34%,24.29%,
106/10/31,-22,225,298,501,88511,1292,1922,91725,23.93%,24.80%,
106/10/30,-5551,736,-546,-5361,88472,1067,1624,91163,23.92%,24.65%,
106/10/27,1768,0,-119,1649,93853,331,2170,96354,25.37%,26.05%,
106/10/26,928,250,395,1573,92001,331,2289,94621,24.87%,25.58%,
106/10/25,-1340,0,-150,-1490,91067,81,1894,93042,24.62%,25.15%,
106/10/24,-319,0,81,-238,92407,81,2044,94532,24.98%,25.55%,
106/10/23,-510,0,778,268,92716,81,1963,94760,25.07%,25.62%,
106/10/20,-195,0,-48,-243,93226,81,1185,94492,25.21%,25.55%,
106/10/19,-1129,0,102,-1027,93421,81,1233,94735,25.26%,25.62%,
106/10/18,642,0,-137,505,94550,81,1131,95762,25.56%,25.89%,
106/10/17,-459,0,266,-193,93893,81,1268,95242,25.39%,25.75%,
106/10/16,15,0,-148,-133,94319,81,1002,95402,25.50%,25.79%,
106/10/13,262,0,-438,-176,94265,81,1150,95496,25.49%,25.82%,
106/10/12,359,0,576,935,93964,81,1588,95633,25.40%,25.85%,
106/10/11,3056,0,701,3757,93605,81,1012,94698,25.31%,25.61%,
106/10/06,871,0,0,871,90549,81,311,90941,24.48%,24.59%,
106/10/05,-15,26,0,11,89678,81,311,90070,24.25%,24.36%,
106/10/03,-226,38,0,-188,89693,55,311,90059,24.25%,24.35%,
106/10/02,195,0,-4,191,89919,17,311,90247,24.31%,24.40%,
106/09/30,0,0,12,12,89724,17,315,90056,24.26%,24.35%,
106/09/29,-402,0,0,-402,89724,497,303,90524,24.26%,24.48%,
106/09/28,54,0,0,54,90126,497,303,90926,24.37%,24.59%,
106/09/27,959,0,-4,955,90072,497,303,90872,24.35%,24.57%,
106/09/26,611,0,-35,576,89113,497,307,89917,24.09%,24.31%,
106/09/25,594,0,4,598,88502,497,342,89341,23.93%,24.16%,
106/09/22,48,0,0,48,87908,497,338,88743,23.77%,24.00%,
106/09/21,446,0,-262,184,87860,497,338,88695,23.75%,23.98%,
106/09/20,803,0,-32,771,87414,497,600,88511,23.63%,23.93%,
106/09/19,473,0,-103,370,86611,497,632,87740,23.42%,23.73%,
106/09/18,-244,67,0,-177,86138,497,735,87370,23.29%,23.62%,
106/09/15,-60,268,0,208,86382,430,735,87547,23.35%,23.67%,
106/09/14,366,144,0,510,86442,162,735,87339,23.37%,23.61%,
106/09/13,453,0,-171,282,86076,18,735,86829,23.27%,23.47%,
106/09/12,-57,0,-31,-88,85623,18,906,86547,23.15%,23.40%,
106/09/11,-361,0,122,-239,85680,18,937,86635,23.16%,23.42%,
106/09/08,680,0,37,717,86041,18,815,86874,23.26%,23.49%,
106/09/07,87,0,2,89,85361,18,778,86157,23.08%,23.30%,
106/09/06,-439,0,80,-359,85274,18,776,86068,23.05%,23.26%,
106/09/05,139,0,359,498,85714,18,696,86428,23.17%,23.36%,
106/09/04,121,0,0,121,85475,18,337,85830,23.11%,23.21%,
106/09/01,685,0,0,685,85354,18,337,85709,23.08%,23.18%,
106/08/31,154,0,0,154,84669,18,337,85024,22.89%,22.99%,
106/08/30,98,0,0,98,84515,18,337,84870,22.85%,22.95%,
106/08/29,642,0,0,642,84417,18,337,84772,22.82%,22.92%,
106/08/28,-262,0,0,-262,83775,18,337,84130,22.65%,22.75%,
106/08/25,304,0,0,304,84037,18,337,84392,22.72%,22.82%,
106/08/24,-445,0,-80,-525,83733,18,337,84088,22.64%,22.74%,
106/08/23,247,0,80,327,84178,18,417,84613,22.76%,22.88%,
106/08/22,151,0,0,151,83931,18,337,84286,22.69%,22.79%,
106/08/21,274,0,-9,265,83680,18,337,84035,22.62%,22.72%,
106/08/18,-1268,0,-13,-1281,83406,18,346,83770,22.55%,22.65%,
106/08/17,1063,-39,-179,845,84673,18,359,85050,22.89%,22.99%,
106/08/16,-280,-961,-107,-1348,83610,57,538,84205,22.60%,22.76%,
106/08/15,2557,0,-2,2555,83890,1018,645,85553,22.68%,23.13%,
106/08/14,940,0,0,940,80333,1018,647,81998,21.72%,22.17%,
106/08/11,757,0,-70,687,79393,1018,647,81058,21.46%,21.91%,
106/08/10,-261,0,70,-191,78636,1018,717,80371,21.26%,21.73%,
106/08/09,637,0,-30,607,78897,1018,647,80562,21.33%,21.78%,
106/08/08,186,0,30,216,78260,1018,677,79955,21.16%,21.62%,
106/08/07,570,0,-50,520,78074,1018,647,79739,21.11%,21.56%,
106/08/04,-46,0,50,4,77504,1018,697,79219,20.95%,21.41%,
106/08/03,877,0,0,877,77550,1018,647,79215,20.97%,21.42%,
106/08/02,1017,0,1,1018,76673,1018,647,78338,20.73%,21.18%,
106/08/01,-383,0,-5,-388,75656,1018,646,77320,20.45%,20.90%,
106/07/31,522,0,0,522,76039,1018,651,77708,20.56%,21.01%,
106/07/28,621,0,0,621,75517,1018,651,77186,20.42%,20.87%,
106/07/27,563,0,-43,520,74896,1018,651,76565,20.25%,20.70%,
106/07/26,371,500,-14,857,74360,1018,694,76072,20.10%,20.56%,
106/07/25,178,500,5,683,73989,518,708,75215,20.00%,20.33%,
106/07/24,-25,0,0,-25,73873,18,703,74594,19.97%,20.16%,
106/07/21,162,0,0,162,73898,18,703,74619,19.98%,20.17%,
106/07/20,7,0,0,7,73736,18,703,74457,19.93%,20.12%,
106/07/19,-219,0,0,-219,73729,18,703,74450,19.93%,20.12%,
106/07/18,-19,0,0,-19,73948,18,703,74669,19.99%,20.18%,
106/07/17,-31,0,-3,-34,74367,18,703,75088,20.11%,20.30%,
106/07/14,22,0,-4,18,74398,18,706,75122,20.11%,20.31%,
106/07/13,-20,0,-5,-25,74376,18,710,75104,20.11%,20.31%,
106/07/12,76,0,-10,66,74396,18,715,75129,20.11%,20.31%,
106/07/11,30,0,5,35,74320,18,725,75063,20.09%,20.29%,
106/07/10,30,0,-60,-30,74290,18,720,75028,20.08%,20.28%,
106/07/07,-205,0,-7,-212,74260,18,780,75058,20.08%,20.30%,
106/07/06,26,0,0,26,74465,18,787,75270,20.13%,20.35%,
106/07/05,-122,0,-1,-123,74439,18,787,75244,20.12%,20.34%,
106/07/04,-220,0,182,-38,74561,18,788,75367,20.16%,20.38%,
106/07/03,-84,0,0,-84,74781,18,606,75405,20.22%,20.39%,
106/06/30,43,2,2,47,74865,18,606,75489,20.24%,20.41%,
106/06/29,-30,0,0,-30,74822,0,604,75426,20.23%,20.39%,
106/06/28,22,0,0,22,74852,0,604,75456,20.24%,20.40%,
106/06/27,69,0,7,76,74830,0,604,75434,20.23%,20.39%,
106/06/26,181,0,60,241,74761,0,597,75358,20.21%,20.37%,
106/06/23,-303,0,0,-303,74580,0,537,75117,20.16%,20.31%,
106/06/22,34,0,1,35,74883,0,537,75420,20.24%,20.39%,
106/06/21,582,0,13,595,74849,0,536,75385,20.24%,20.38%,
106/06/20,-129,0,1,-128,74267,0,523,74790,20.08%,20.22%,
106/06/19,78,0,54,132,74396,0,522,74918,20.11%,20.25%,
106/06/16,94,0,0,94,74318,0,468,74786,20.09%,20.22%,
106/06/15,128,0,0,128,74224,0,468,74692,20.07%,20.20%,
106/06/14,515,0,0,515,74096,0,468,74564,20.03%,20.16%,
106/06/13,675,0,0,675,73581,0,468,74049,19.89%,20.02%,
106/06/12,569,0,-20,549,72906,0,468,73374,19.71%,19.84%,
106/06/09,459,0,-165,294,72337,0,488,72825,19.56%,19.69%,
106/06/08,457,0,-10,447,71878,0,653,72531,19.43%,19.61%,
106/06/07,888,0,0,888,71421,0,663,72084,19.31%,19.49%,
106/06/06,956,-37,60,979,71093,0,663,71756,19.52%,19.70%,
106/06/05,1274,-25,-20,1229,70137,0,603,70740,19.26%,19.42%,
106/06/03,0,0,26,26,68863,13,623,69499,18.91%,19.08%,
106/06/02,284,0,0,284,68863,13,597,69473,18.91%,19.07%,
106/06/01,470,0,30,500,68579,13,597,69189,18.83%,18.99%,
106/05/31,1149,0,129,1278,68109,13,567,68689,18.70%,18.86%,
106/05/26,728,0,0,728,66960,13,438,67411,18.39%,18.51%,
106/05/25,273,0,0,273,66232,13,438,66683,18.19%,18.31%,
106/05/24,190,0,46,236,65959,13,438,66410,18.11%,18.23%,
106/05/23,413,0,63,476,65842,13,392,66247,18.08%,18.19%,
106/05/22,641,0,3,644,65429,13,329,65771,17.97%,18.06%,
106/05/19,101,0,59,160,64788,13,326,65127,17.79%,17.88%,
106/05/18,93,0,0,93,64687,13,267,64967,17.76%,17.84%,
106/05/17,157,0,1,158,64594,13,267,64874,17.74%,17.82%,
106/05/16,71,0,-12,59,64437,13,266,64716,17.69%,17.77%,
106/05/15,-214,0,1,-213,64366,13,278,64657,17.68%,17.76%,
106/05/12,-82,0,0,-82,64584,13,277,64874,17.74%,17.82%,
106/05/11,-5,0,0,-5,64666,13,277,64956,17.76%,17.84%,
106/05/10,67,0,0,67,64671,13,277,64961,17.76%,17.84%,
106/05/09,-295,0,0,-295,64604,13,277,64894,17.74%,17.82%,
106/05/08,-46,0,2,-44,64899,13,277,65189,17.82%,17.90%,
106/05/05,-151,0,0,-151,64945,13,275,65233,17.83%,17.91%,
106/05/04,-58,0,2,-56,65096,13,275,65384,17.88%,17.96%,
106/05/03,-148,0,1,-147,65154,13,273,65440,17.89%,17.97%,
106/05/02,-71,0,1,-70,65302,13,272,65587,17.93%,18.01%,
106/04/28,-217,0,3,-214,65373,13,271,65657,17.95%,18.03%,
106/04/27,64,0,0,64,65590,13,268,65871,18.01%,18.09%,
106/04/26,-15,0,0,-15,65526,13,268,65807,17.99%,18.07%,
106/04/25,-139,0,0,-139,65541,13,268,65822,18.00%,18.08%,
106/04/24,-147,0,0,-147,65630,13,268,65911,18.02%,18.10%,
106/04/21,-49,0,0,-49,65777,13,268,66058,18.06%,18.14%,
106/04/20,-218,0,0,-218,65826,13,268,66107,18.08%,18.16%,
106/04/19,-75,0,0,-75,65644,13,268,65925,18.03%,18.11%,
106/04/18,120,0,-1,119,65719,13,268,66000,18.05%,18.13%,
106/04/17,-157,0,0,-157,65599,13,269,65881,18.01%,18.09%,
106/04/14,-26,-2,0,-28,65756,13,269,66038,18.06%,18.14%,
106/04/13,-52,0,-309,-361,65782,15,269,66066,18.06%,18.14%,
106/04/12,-26,0,0,-26,65834,15,578,66427,18.08%,18.24%,
106/04/11,18,0,0,18,65860,15,578,66453,18.09%,18.25%,
106/04/10,36,0,120,156,65842,15,578,66435,18.08%,18.24%,
106/04/07,199,0,200,399,65806,15,458,66279,18.07%,18.20%,
106/04/06,250,0,0,250,65607,15,258,65880,18.02%,18.09%,
106/04/05,337,0,1,338,65357,15,258,65630,17.95%,18.02%,
106/03/31,-82,0,0,-82,65020,15,257,65292,17.85%,17.92%,
106/03/30,-80,0,1,-79,65102,2,257,65361,17.88%,17.95%,
106/03/29,-151,0,8,-143,65182,2,256,65440,17.90%,17.97%,
106/03/28,-384,0,13,-371,65333,2,248,65583,17.94%,18.01%,
106/03/27,-362,0,0,-362,65717,2,235,65954,18.05%,18.11%,
106/03/24,-279,0,0,-279,66079,2,235,66316,18.15%,18.21%,
106/03/23,339,0,0,339,66358,2,235,66595,18.22%,18.28%,
106/03/22,134,0,2,136,66019,2,235,66256,18.13%,18.19%,
106/03/21,39,-29,-7,3,65885,2,233,66120,18.09%,18.15%,
106/03/20,63,-31,-12,20,65846,31,240,66117,18.08%,18.15%,
106/03/17,427,0,5,432,65805,62,252,66119,18.07%,18.15%,
106/03/16,43,0,3,46,65378,62,247,65687,17.95%,18.03%,
106/03/15,51,0,4,55,65335,62,244,65641,17.94%,18.02%,
106/03/14,46,0,0,46,65284,62,240,65586,17.93%,18.01%,
106/03/13,59,0,0,59,65238,62,240,65540,17.91%,17.99%,
106/03/10,-259,0,3,-256,65179,62,240,65481,17.90%,17.98%,
106/03/09,-52,0,1,-51,65438,62,237,65737,17.97%,18.05%,
106/03/08,-22,0,0,-22,65490,62,236,65788,17.98%,18.06%,
106/03/07,61,0,0,61,65477,62,236,65775,17.98%,18.06%,
106/03/06,-122,0,0,-122,65416,62,236,65714,17.96%,18.04%,
106/03/03,87,0,-2,85,65537,62,236,65835,18.00%,18.08%,
106/03/02,40,0,0,40,65450,62,238,65750,17.97%,18.05%,
106/03/01,-172,0,0,-172,65410,62,238,65710,17.96%,18.04%,
106/02/24,178,0,1,179,65582,62,238,65882,18.01%,18.09%,
106/02/23,228,0,5,233,65404,62,237,65703,17.96%,18.04%,
106/02/22,439,0,3,442,65176,62,232,65470,17.90%,17.98%,
106/02/21,305,0,10,315,64737,62,229,65028,17.78%,17.86%,
106/02/20,844,0,1,845,64432,62,219,64713,17.69%,17.77%,
106/02/18,0,0,-5,-5,63588,62,218,63868,17.46%,17.54%,
106/02/17,556,0,0,556,63588,62,223,63873,17.46%,17.54%,
106/02/16,368,0,-7,361,63032,62,223,63317,17.31%,17.39%,
106/02/15,923,0,0,923,62664,62,230,62956,17.21%,17.29%,
106/02/14,617,0,2,619,61741,62,230,62033,16.95%,17.03%,
106/02/13,-66,0,13,-53,61124,62,228,61414,16.78%,16.86%,
106/02/10,154,0,0,154,61190,62,215,61467,16.80%,16.87%,
106/02/09,219,0,-1,218,61036,62,215,61313,16.76%,16.83%,
106/02/08,323,0,-10,313,60817,62,216,61095,16.70%,16.78%,
106/02/07,188,0,0,188,60494,62,226,60782,16.61%,16.69%,
106/02/06,0,0,-2,-2,60306,62,226,60594,16.56%,16.64%,
106/02/03,371,10,0,381,60306,62,228,60596,16.56%,16.64%,
106/02/02,-192,0,-2,-194,59935,52,228,60215,16.46%,16.54%,
106/01/24,412,0,-9,403,60128,52,230,60410,16.51%,16.59%,
106/01/23,155,0,0,155,59716,52,239,60007,16.40%,16.48%,
106/01/20,243,0,0,243,59561,52,239,59852,16.36%,16.44%,
106/01/19,92,0,-3,89,59318,52,239,59609,16.29%,16.37%,
106/01/18,45,0,-7,38,59226,52,242,59520,16.26%,16.34%,
106/01/17,122,0,0,122,59181,52,249,59482,16.25%,16.33%,
106/01/16,-40,0,0,-40,59059,52,249,59360,16.22%,16.30%,
106/01/13,99,0,100,199,59099,52,249,59400,16.23%,16.31%,
106/01/12,146,0,0,146,59000,52,149,59201,16.20%,16.25%,
106/01/11,279,0,0,279,58854,52,149,59055,16.16%,16.21%,
106/01/10,164,0,0,164,58575,52,149,58776,16.08%,16.13%,
106/01/09,187,0,-1,186,58411,52,149,58612,16.04%,16.09%,
106/01/06,358,2,-1,359,58224,52,150,58426,15.99%,16.04%,
106/01/05,146,3,-3,146,57866,50,151,58067,15.89%,15.94%,
106/01/04,118,0,0,118,57720,47,154,57921,15.85%,15.90%,
106/01/03,-36,0,0,-36,57602,47,154,57803,15.82%,15.87%,
105/12/30,-19,0,0,-19,57638,47,154,57839,15.83%,15.88%,
105/12/29,-220,0,0,-220,57657,47,154,57858,15.83%,15.88%,
105/12/28,165,0,1,166,57877,47,154,58078,15.89%,15.94%,
105/12/27,-42,0,0,-42,57712,47,153,57912,15.85%,15.90%,
105/12/26,-9,0,0,-9,57754,47,153,57954,15.86%,15.91%,
105/12/23,-10,0,0,-10,57763,47,153,57963,15.86%,15.91%,
105/12/22,-121,0,9,-112,57773,47,153,57973,15.86%,15.91%,
105/12/21,-112,0,52,-60,57894,47,144,58085,15.90%,15.95%,
105/12/20,-98,0,14,-84,58006,47,92,58145,15.93%,15.97%,
105/12/19,-274,0,9,-265,58104,47,78,58229,15.95%,15.98%,
105/12/16,8,0,-51,-43,58378,47,69,58494,16.03%,16.06%,
105/12/15,21,0,2,23,58370,47,120,58537,16.03%,16.08%,
105/12/14,22,0,0,22,58349,47,118,58514,16.02%,16.06%,
105/12/13,108,0,0,108,58327,47,118,58492,16.02%,16.06%,
105/12/12,-29,0,14,-15,58219,47,118,58384,15.99%,16.03%,
105/12/09,-181,0,5,-176,58248,47,104,58399,15.99%,16.03%,
105/12/08,-45,0,-11,-56,58379,47,99,58525,16.03%,16.07%,
105/12/07,97,0,-10,87,58424,47,110,58581,16.04%,16.08%,
105/12/06,103,0,16,119,58327,47,120,58494,16.02%,16.07%,
105/12/05,-117,0,-15,-132,58224,47,104,58375,15.99%,16.03%,
105/12/02,-25,0,-17,-42,58341,47,119,58507,16.02%,16.06%,
105/12/01,33,0,0,33,58366,47,136,58549,16.03%,16.08%,
105/11/30,-24,0,0,-24,58333,47,136,58516,16.02%,16.07%,
105/11/29,19,0,0,19,58357,47,136,58540,16.02%,16.07%,
105/11/28,104,0,11,115,58338,47,136,58521,16.02%,16.07%,
105/11/25,106,0,0,106,58234,47,125,58406,15.99%,16.04%,
105/11/24,54,0,0,54,58128,47,125,58300,15.96%,16.01%,
105/11/23,102,0,4,106,58074,47,125,58246,15.95%,16.00%,
105/11/22,279,0,10,289,57972,47,121,58140,15.92%,15.97%,
105/11/21,-21,0,0,-21,57693,47,111,57851,15.84%,15.88%,
105/11/18,10,0,0,10,57714,47,111,57872,15.85%,15.89%,
105/11/17,-3,0,-2,-5,57728,47,111,57886,15.85%,15.89%,
105/11/16,-65,0,7,-58,57731,47,113,57891,15.85%,15.89%,
105/11/15,-39,0,0,-39,57796,47,106,57949,15.87%,15.91%,
105/11/14,-79,0,1,-78,57835,47,106,57988,15.88%,15.92%,
105/11/11,-91,0,0,-91,57914,47,105,58066,15.90%,15.94%,
105/11/10,275,0,-3,272,58005,47,105,58157,15.93%,15.97%,
105/11/09,-87,0,-21,-108,57730,47,108,57885,15.85%,15.89%,
105/11/08,-144,0,1,-143,57817,47,129,57993,15.88%,15.93%,
105/11/07,-61,0,3,-58,57961,47,128,58136,15.92%,15.97%,
105/11/04,-24,0,0,-24,58022,47,125,58194,15.93%,15.98%,
105/11/03,-6,0,10,4,58046,47,125,58218,15.94%,15.99%,
105/11/02,94,0,25,119,58052,47,115,58214,15.94%,15.98%,
105/11/01,-47,0,5,-42,57958,47,90,58095,15.91%,15.95%,
105/10/31,79,0,9,88,58005,47,85,58137,15.93%,15.97%,
105/10/28,-210,0,4,-206,57926,47,76,58049,15.91%,15.94%,
105/10/27,-1,0,-3,-4,58136,47,72,58255,15.96%,15.99%,
105/10/26,-61,0,0,-61,58137,47,75,58259,15.96%,15.99%,
105/10/25,-72,0,0,-72,58198,47,75,58320,15.98%,16.01%,
105/10/24,93,0,0,93,58270,47,75,58392,16.00%,16.03%,
105/10/21,51,15,-9,57,58177,47,75,58299,15.97%,16.00%,
105/10/20,22,16,-8,30,58126,32,84,58242,15.96%,15.99%,
105/10/19,10,0,3,13,58104,16,92,58212,15.95%,15.98%,
105/10/18,35,0,-2,33,58094,16,89,58199,15.95%,15.98%,
105/10/17,-97,0,1,-96,58059,16,91,58166,15.94%,15.97%,
105/10/14,-755,0,6,-749,58156,16,90,58262,15.97%,16.00%,
105/10/13,-364,0,-4,-368,58911,16,84,59011,16.18%,16.21%,
105/10/12,-145,0,1,-144,59275,16,88,59379,16.28%,16.31%,
105/10/11,-474,0,8,-466,59420,16,87,59523,16.32%,16.35%,
105/10/07,-8,0,0,-8,59894,16,79,59989,16.45%,16.48%,
105/10/06,-42,0,-11,-53,59902,16,79,59997,16.45%,16.48%,
105/10/05,-44,0,0,-44,59944,16,90,60050,16.46%,16.49%,
105/10/04,38,0,-1,37,59986,16,90,60092,16.47%,16.50%,
105/10/03,-22,0,0,-22,59948,16,91,60055,16.46%,16.49%,
105/09/30,-73,0,2,-71,59970,16,91,60077,16.47%,16.50%,
105/09/29,-61,0,0,-61,60043,15,89,60147,16.49%,16.52%,
105/09/26,107,0,-3,104,60104,15,89,60208,16.50%,16.53%,
105/09/23,-129,0,0,-129,59997,15,92,60104,16.48%,16.51%,
105/09/22,-45,0,-2,-47,60126,15,92,60233,16.51%,16.54%,
105/09/21,-69,0,-1,-70,60171,15,94,60280,16.52%,16.55%,
105/09/20,12,0,-2,10,60240,15,95,60350,16.54%,16.57%,
105/09/19,521,0,10,531,60228,15,97,60340,16.54%,16.57%,
105/09/14,280,0,11,291,59707,15,87,59809,16.40%,16.43%,
105/09/13,87,0,-2,85,59427,15,76,59518,16.32%,16.34%,
105/09/12,-110,0,2,-108,59340,15,78,59433,16.29%,16.32%,
105/09/10,1,0,-17,-16,59450,15,76,59541,16.32%,16.34%,
105/09/09,99,0,0,99,59449,15,93,59557,16.32%,16.35%,
105/09/08,151,0,0,151,59350,15,93,59458,16.30%,16.33%,
105/09/07,78,0,-2,76,59199,15,93,59307,16.26%,16.29%,
105/09/06,-44,0,31,-13,59121,15,95,59231,16.23%,16.26%,
105/09/05,7,0,0,7,59165,15,64,59244,16.25%,16.27%,
105/09/02,117,0,-15,102,59158,15,64,59237,16.24%,16.26%,
105/09/01,99,0,-1,98,59041,15,79,59135,16.21%,16.24%,
105/08/31,134,0,-33,101,58942,15,80,59037,16.19%,16.22%,
105/08/30,454,0,17,471,58808,15,113,58936,16.15%,16.19%,
105/08/29,99,0,-19,80,58344,15,96,58455,16.02%,16.05%,
105/08/26,-127,0,3,-124,58245,15,115,58375,15.99%,16.03%,
105/08/25,-776,15,8,-753,58372,15,112,58499,16.03%,16.06%,
105/08/24,-43,-1,0,-44,59148,0,104,59252,16.24%,16.27%,
105/08/23,24,0,-5,19,59181,0,104,59285,16.25%,16.28%,
105/08/22,114,0,-11,103,59157,0,109,59266,16.24%,16.27%,
105/08/19,12,0,0,12,59043,0,120,59163,16.21%,16.24%,
105/08/18,268,-1,-11,256,59030,0,120,59150,16.21%,16.24%,
105/08/17,54,0,-2,52,58762,0,131,58893,16.14%,16.18%,
105/08/16,168,-2,0,166,58709,0,133,58842,16.12%,16.16%,
105/08/15,-50,0,0,-50,58541,0,133,58674,16.07%,16.11%,
105/08/12,-451,-270,-12,-733,58591,0,133,58724,16.09%,16.13%,
105/08/11,76,0,2,78,59042,0,145,59187,16.21%,16.25%,
105/08/10,-139,0,0,-139,58966,0,143,59109,16.19%,16.23%,
105/08/09,342,0,1,343,59105,0,143,59248,16.23%,16.27%,
105/08/08,-790,-1,1,-790,58763,0,142,58905,16.14%,16.18%,
105/08/05,1312,-1,-2,1309,59553,0,141,59694,16.35%,16.39%,
105/08/04,183,0,-4,179,58241,0,143,58384,15.99%,16.03%,
105/08/03,241,-538,-7,-304,58058,0,147,58205,15.94%,15.98%,
105/08/02,516,-900,0,-384,57823,0,154,57977,15.88%,15.92%,
105/08/01,285,0,0,285,57307,0,154,57461,15.74%,15.78%,
105/07/29,125,-2,0,123,57022,0,154,57176,15.66%,15.70%,
105/07/28,84,0,0,84,56897,0,154,57051,15.62%,15.66%,
105/07/27,339,-1,0,338,56813,0,154,56967,15.60%,15.64%,
105/07/26,117,0,0,117,56474,0,154,56628,15.51%,15.55%,
105/07/25,249,-458,-1,-210,56357,0,154,56511,15.48%,15.52%,
105/07/22,-21,-1067,0,-1088,56098,0,155,56253,15.40%,15.44%,
105/07/21,288,-164,16,140,56119,0,155,56274,15.41%,15.45%,
105/07/20,-328,-110,-19,-457,55831,0,139,55970,15.33%,15.37%,
105/07/19,172,-833,0,-661,56159,0,158,56317,15.42%,15.46%,
105/07/18,467,0,0,467,55987,84,158,56229,15.37%,15.44%,
105/07/15,-281,-459,-198,-938,55520,84,158,55762,15.25%,15.32%,
105/07/14,51,-501,198,-252,55801,543,356,56700,15.32%,15.57%,
105/07/13,3,0,0,3,55750,1044,158,56952,15.31%,15.64%,
105/07/12,-23,0,0,-23,55747,1044,158,56949,15.31%,15.64%,
105/07/11,-101,-500,0,-601,55770,1044,158,56972,15.31%,15.64%,
105/07/07,-272,-60,0,-332,55871,1544,158,57573,15.34%,15.81%,
105/07/06,-588,-500,0,-1088,56143,1604,158,57905,15.42%,15.90%,
105/07/05,-193,-500,41,-652,56731,2104,158,58993,15.58%,16.20%,
105/07/04,280,0,-1,279,56928,2604,117,59649,15.63%,16.38%,
105/07/01,-96,0,-6,-102,56648,2604,118,59370,15.56%,16.31%,
105/06/30,-61,-170,-8,-239,56744,2604,124,59472,15.58%,16.33%,
105/06/29,-114,0,-1,-115,56811,6437,132,63380,15.60%,17.41%,
105/06/28,-337,0,0,-337,56925,6437,133,63495,15.63%,17.44%,
105/06/27,576,29,0,605,57200,6437,133,63770,15.71%,17.52%,
105/06/24,-798,-955,-25,-1778,56624,6408,133,63165,15.55%,17.35%,
105/06/23,-919,0,-1,-920,57422,7363,158,64943,15.77%,17.84%,
105/06/22,414,-680,0,-266,58341,7363,159,65863,16.02%,18.09%,
105/06/21,-850,-307,2,-1155,57927,8043,159,66129,15.91%,18.17%,
105/06/20,852,-912,20,-40,58777,8350,157,67284,16.14%,18.48%,
105/06/17,452,-807,3,-352,57925,9262,137,67324,15.91%,18.49%,
105/06/16,-15,-177,3,-189,57473,10069,134,67676,15.78%,18.59%,
105/06/15,534,0,1,535,57488,10246,131,67865,15.79%,18.64%,
105/06/14,-87,-1320,14,-1393,56954,10246,130,67330,15.64%,18.49%,
105/06/13,-197,-580,-15,-792,57041,11566,116,68723,15.66%,18.87%,
105/06/08,36,0,2,38,57278,12146,131,69555,16.22%,19.60%,
105/06/07,-60,-86,19,-127,57242,12146,129,69517,16.21%,19.59%,
105/06/06,234,0,-10,224,57302,12232,110,69644,16.23%,19.62%,
105/06/04,0,0,-1,-1,57068,12232,120,69420,16.16%,19.56%,
105/06/03,34,-300,0,-266,57068,12232,121,69421,16.16%,19.56%,
105/06/02,-308,0,10,-298,57053,12532,121,69706,16.16%,19.75%,
105/06/01,1541,-426,0,1115,57361,12532,111,70004,16.25%,19.84%,
105/05/31,1325,-857,-1,467,55820,12958,111,68889,15.81%,19.52%,
105/05/30,-65,200,1,136,54495,13815,112,68422,15.43%,19.38%,
105/05/27,360,650,0,1010,54560,13615,111,68286,15.45%,19.34%,
105/05/26,-306,808,-12,490,54181,12965,111,67257,15.34%,19.05%,
105/05/25,65,0,-130,-65,54487,12157,123,66767,15.43%,18.91%,
105/05/24,129,0,6,135,54553,12157,253,66963,15.45%,18.97%,
105/05/23,678,0,1,679,54424,12157,247,66828,15.41%,18.93%,
105/05/20,472,0,-4,468,53746,12157,246,66149,15.22%,18.74%,
105/05/19,-31,-139,4,-166,53274,12157,250,65681,15.09%,18.61%,
105/05/18,411,0,-2,409,53304,12296,246,65846,15.10%,18.66%,
105/05/17,280,0,1,281,52893,12296,248,65437,14.98%,18.54%,
105/05/16,121,0,-2,119,52613,12296,247,65156,14.90%,18.46%,
105/05/13,-531,0,-3,-534,52492,12296,249,65037,14.87%,18.43%,
105/05/12,220,0,-43,177,53023,12296,252,65571,15.02%,18.58%,
105/05/11,192,0,0,192,52803,12296,295,65394,14.95%,18.52%,
105/05/10,457,0,19,476,52636,12296,295,65227,14.91%,18.48%,
105/05/09,-631,-458,-744,-1833,52179,12296,276,64751,14.78%,18.35%,
105/05/06,130,0,8,138,52744,12754,1020,66518,14.94%,18.85%,
105/05/05,100,0,0,100,52614,12754,1012,66380,14.90%,18.81%,
105/05/04,123,0,10,133,52778,12754,1012,66544,14.95%,18.86%,
105/05/03,18,-560,0,-542,52655,12754,1002,66411,14.91%,18.81%,
105/04/29,1041,-51,7,997,52637,13314,1002,66953,14.91%,18.97%,
105/04/28,-32,-102,-10,-144,51596,13365,995,65956,14.61%,18.68%,
105/04/27,-93,0,0,-93,51628,13467,1005,66100,14.62%,18.73%,
105/04/26,1250,-103,2,1149,51711,13467,1005,66183,14.64%,18.75%,
105/04/25,-221,0,-12,-233,50461,13570,1003,65034,14.29%,18.42%,
105/04/22,751,-284,31,498,50343,13570,1015,64928,14.26%,18.40%,
105/04/21,-838,-20,6,-852,49592,13854,984,64430,14.04%,18.25%,
105/04/20,1172,-50,55,1177,50415,13874,978,65267,14.28%,18.49%,
105/04/19,-14,0,0,-14,49243,13924,923,64090,13.95%,18.16%,
105/04/18,-246,0,-9,-255,49257,13924,923,64104,13.95%,18.16%,
105/04/15,1747,-233,0,1514,49503,13924,932,64359,14.02%,18.24%,
105/04/14,304,0,60,364,47756,14157,932,62845,13.52%,17.80%,
105/04/13,493,0,2,495,47452,14157,872,62481,13.44%,17.70%,
105/04/12,223,0,-2,221,46959,14157,870,61986,13.30%,17.56%,
105/04/11,-52,0,1,-51,46736,14157,872,61765,13.24%,17.50%,
105/04/08,-1075,0,-9,-1084,46788,14157,871,61816,13.25%,17.51%,
105/04/07,-2364,0,113,-2251,47863,14157,880,62900,13.55%,17.82%,
105/04/06,449,-500,-1,-52,50227,14157,767,65151,14.22%,18.45%,
105/04/01,133,0,2,135,49901,14657,768,65326,14.13%,18.51%,
105/03/31,-180,0,1,-179,49768,14657,766,65191,14.09%,18.47%,
105/03/30,492,0,-68,424,49948,15337,765,66050,14.15%,18.72%,
105/03/29,1048,-688,3,363,49456,15337,833,65626,14.01%,18.60%,
105/03/28,-111,0,59,-52,48465,16025,830,65320,13.73%,18.51%,
105/03/25,-2564,0,107,-2457,48576,16025,771,65372,13.76%,18.53%,
105/03/24,290,0,444,734,51017,16025,664,67706,14.45%,19.19%,
105/03/23,212,0,0,212,50727,16025,220,66972,14.37%,18.98%,
105/03/22,-335,0,-2,-337,50515,16025,220,66760,14.31%,18.92%,
105/03/21,306,-800,-6,-500,50850,16025,222,67097,14.40%,19.01%,
105/03/18,-309,-570,0,-879,50544,16825,228,67597,14.31%,19.15%,
105/03/17,952,60,0,1012,50796,17395,228,68419,14.39%,19.39%,
105/03/16,39,-165,48,-78,49844,17335,228,67407,14.12%,19.10%,
105/03/15,713,-140,31,604,49805,17500,180,67485,14.10%,19.12%,
105/03/14,-74,-155,36,-193,49092,17640,149,66881,13.90%,18.95%,
105/03/11,1615,2184,0,3799,49166,17795,113,67074,13.92%,19.00%,
105/03/10,297,176,2,475,47551,15611,113,63275,13.47%,17.93%,
105/03/09,805,2631,73,3509,47254,15435,111,62800,13.38%,17.79%,
105/03/08,708,6313,-7,7014,46449,12804,38,59291,13.15%,16.79%,
105/03/07,-118,1936,-11,1807,45741,6491,45,52277,12.95%,14.80%,
105/03/04,361,3435,13,3809,45859,4555,56,50470,12.99%,14.30%,
105/03/03,173,850,-6,1017,45524,1120,43,46687,12.89%,13.22%,
105/03/02,48,0,-1,47,45351,270,49,45670,12.84%,12.92%,
105/03/01,27,0,-17,10,45303,270,50,45623,12.83%,12.91%,
105/02/26,31,0,-2,29,45276,270,67,45613,12.82%,12.91%,
105/02/25,115,0,0,115,45245,270,69,45584,12.81%,12.90%,
105/02/24,-32,0,-91,-123,45130,270,69,45469,12.78%,12.87%,
105/02/23,54,0,5,59,45162,270,160,45592,11.61%,11.72%,
105/02/22,83,0,0,83,45108,270,155,45533,11.59%,11.70%,
105/02/19,27,0,0,27,45025,270,155,45450,11.57%,11.68%,
105/02/18,-71,0,-14,-85,44998,270,155,45423,11.56%,11.67%,
105/02/17,197,0,4,201,45069,270,169,45508,11.58%,11.69%,
105/02/16,-7,0,17,10,44872,270,165,45307,11.53%,11.64%,
105/02/15,84,0,0,84,44974,270,148,45392,11.56%,11.67%,
105/02/03,141,0,-7,134,44890,270,148,45308,11.54%,11.65%,
105/02/02,-22,0,21,-1,44849,270,155,45274,11.52%,11.63%,
105/02/01,10,0,-3,7,44871,270,134,45275,11.53%,11.63%,
105/01/30,0,20,0,20,44861,270,137,45268,11.53%,11.63%,
105/01/29,4,0,-4,0,44861,250,137,45248,11.53%,11.63%,
105/01/28,161,0,14,175,44857,250,141,45248,11.53%,11.63%,
105/01/27,62,0,0,62,44696,250,127,45073,11.49%,11.59%,
105/01/26,-43,0,0,-43,44634,250,127,45011,11.47%,11.57%,
105/01/25,26,0,-24,2,44677,250,127,45054,11.48%,11.58%,
105/01/22,53,0,0,53,44651,250,151,45052,11.47%,11.57%,
105/01/21,115,0,4,119,44598,250,151,44999,11.46%,11.56%,
105/01/20,19,-17,-7,-5,44483,250,147,44880,11.43%,11.53%,
105/01/19,-163,0,15,-148,44464,267,154,44885,11.43%,11.54%,
105/01/18,259,0,-1,258,44617,267,139,45023,11.47%,11.57%,
105/01/15,134,-17,-15,102,44358,267,140,44765,11.40%,11.50%,
105/01/14,-17,0,0,-17,44224,284,155,44663,11.36%,11.47%,
105/01/13,-38,0,-1,-39,44231,284,155,44670,11.37%,11.48%,
105/01/12,192,0,10,202,44269,284,156,44709,11.38%,11.49%,
105/01/11,65,0,21,86,44077,284,146,44507,11.33%,11.44%,
105/01/08,81,0,0,81,44012,284,125,44421,11.31%,11.42%,
105/01/07,198,0,3,201,43900,284,125,44309,11.28%,11.39%,
105/01/06,433,0,0,433,43572,284,122,43978,11.20%,11.30%,
105/01/05,-99,0,-3,-102,43139,284,122,43545,11.09%,11.19%,
105/01/04,-77,0,-1,-78,43228,284,125,43637,11.11%,11.22%,
104/12/31,-349,0,-16,-365,43305,284,126,43715,11.13%,11.24%,
104/12/30,-65,0,0,-65,43654,284,142,44080,11.22%,11.33%,
104/12/29,-14,116,0,102,43719,284,142,44145,11.23%,11.34%,
104/12/28,-23,119,2,98,43733,168,142,44043,11.24%,11.32%,
104/12/25,-29,0,-33,-62,43756,49,140,43945,11.24%,11.29%,
104/12/24,-56,0,1,-55,43785,49,173,44007,11.25%,11.31%,
104/12/23,206,0,34,240,43841,49,172,44062,11.27%,11.33%,
104/12/22,178,0,8,186,43635,49,138,43822,11.21%,11.26%,
104/12/21,264,0,1,265,43457,49,130,43636,11.17%,11.22%,
104/12/18,26,0,-17,9,43193,49,129,43371,11.10%,11.15%,
104/12/17,234,0,3,237,43167,49,146,43362,11.09%,11.14%,
104/12/16,313,0,8,321,42933,49,143,43125,11.03%,11.08%,
104/12/15,206,0,0,206,42620,49,135,42804,10.95%,11.00%,
104/12/14,-127,0,2,-125,42414,49,135,42598,10.90%,10.95%,
104/12/11,291,0,-10,281,42541,49,133,42723,10.93%,10.98%,
104/12/10,129,0,1,130,42226,49,143,42418,10.85%,10.90%,
104/12/09,-334,0,-5,-339,42097,49,142,42288,10.82%,10.87%,
104/12/08,-115,0,-15,-130,42431,49,147,42627,10.90%,10.95%,
104/12/07,-333,0,2,-331,42546,49,162,42757,10.93%,10.98%,
104/12/04,677,0,1,678,42879,49,160,43088,11.02%,11.07%,
104/12/03,94,0,3,97,42202,49,159,42410,10.84%,10.89%,
104/12/02,107,0,1,108,42108,49,156,42313,10.82%,10.87%,
104/12/01,343,0,6,349,42001,49,155,42205,10.79%,10.84%,
104/11/30,47,0,2,49,41658,49,149,41856,10.70%,10.75%,
104/11/27,28,0,0,28,41611,49,147,41807,10.69%,10.74%,
104/11/26,100,0,0,100,41583,49,147,41779,10.69%,10.74%,
104/11/25,238,0,2,240,41483,49,147,41679,10.66%,10.71%,
104/11/24,-160,0,-2,-162,41245,49,145,41439,10.60%,10.65%,
104/11/23,10,0,1,11,41405,49,147,41601,10.64%,10.69%,
104/11/20,40,0,-1,39,41395,49,146,41590,10.64%,10.69%,
104/11/19,2,0,0,2,41355,49,147,41551,10.63%,10.68%,
104/11/18,-99,0,0,-99,41353,49,147,41549,10.63%,10.68%,
104/11/17,57,0,-15,42,41452,49,147,41648,10.65%,10.70%,
104/11/16,91,0,-3,88,41395,49,162,41606,10.64%,10.69%,
104/11/13,-304,0,0,-304,41304,49,165,41518,10.61%,10.67%,
104/11/12,-54,0,-2,-56,41608,49,165,41822,10.69%,10.75%,
104/11/11,11,0,0,11,41662,49,167,41878,10.71%,10.77%,
104/11/10,273,0,0,273,41651,49,167,41867,10.70%,10.76%,
104/11/09,5,0,12,17,41500,49,167,41716,10.66%,10.72%,
104/11/06,-23,0,-2,-25,41495,49,155,41699,10.66%,10.71%,
104/11/05,526,0,1,527,41508,49,157,41714,10.67%,10.72%,
104/11/04,270,5,2,277,40982,49,156,41187,10.53%,10.58%,
104/11/03,28,0,0,28,40712,44,154,40910,10.46%,10.51%,
104/11/02,97,0,0,97,40684,44,154,40882,10.45%,10.50%,
104/10/30,-8,0,1,-7,40587,44,154,40785,10.43%,10.48%,
104/10/29,55,0,-1,54,40595,44,153,40792,10.43%,10.48%,
104/10/28,49,0,0,49,40540,44,154,40738,10.42%,10.47%,
104/10/27,259,0,0,259,40491,44,154,40689,10.40%,10.45%,
104/10/26,313,0,0,313,40306,44,154,40504,10.36%,10.41%,
104/10/23,-30,0,-9,-39,39993,44,154,40191,10.28%,10.33%,
104/10/22,-6,0,-6,-12,40023,44,163,40230,10.28%,10.33%,
104/10/21,200,0,9,209,39996,44,169,40209,10.28%,10.33%,
104/10/20,249,0,3,252,39796,44,160,40000,10.23%,10.28%,
104/10/19,338,0,-8,330,39547,44,157,39748,10.16%,10.21%,
104/10/16,-200,0,13,-187,39194,44,165,39403,10.07%,10.12%,
104/10/15,184,0,0,184,39305,44,152,39501,10.10%,10.15%,
104/10/14,314,0,0,314,39219,44,152,39415,10.08%,10.13%,
104/10/13,163,0,0,163,38905,44,152,39101,10.00%,10.05%,
104/10/12,159,0,0,159,38742,44,152,38938,9.95%,10.00%,
104/10/08,-97,0,0,-97,38583,44,152,38779,9.91%,9.96%,
104/10/07,162,0,0,162,38652,44,152,38848,9.93%,9.98%,
104/10/06,-90,0,1,-89,38490,44,152,38686,9.89%,9.94%,
104/10/05,-32,0,10,-22,38532,44,151,38727,9.90%,9.95%,
104/10/02,175,4,-1,178,38564,44,141,38749,9.91%,9.96%,
104/10/01,-142,0,2,-140,38379,40,142,38561,9.86%,9.91%,
104/09/30,-103,0,-1,-104,38521,40,140,38701,9.90%,9.95%,
104/09/25,58,0,0,58,38614,40,141,38795,9.92%,9.97%,
104/09/24,-52,0,-8,-60,38556,40,141,38737,9.91%,9.96%,
104/09/23,47,0,0,47,38608,40,149,38797,9.92%,9.97%,
104/09/22,151,0,-2,149,38551,40,149,38740,9.91%,9.96%,
104/09/21,-62,-42,-4,-108,38400,40,151,38591,9.87%,9.92%,
104/09/18,189,0,-1,188,38462,82,155,38699,9.88%,9.94%,
104/09/17,311,0,2,313,38273,82,156,38511,9.83%,9.89%,
104/09/16,127,0,7,134,37962,82,154,38198,9.75%,9.81%,
104/09/15,5,0,-4,1,37835,82,147,38064,9.72%,9.78%,
104/09/14,53,0,0,53,37830,82,151,38063,9.72%,9.78%,
104/09/11,133,0,-3,130,37777,82,151,38010,9.71%,9.77%,
104/09/10,110,0,0,110,37644,82,154,37880,9.67%,9.73%,
104/09/09,72,0,0,72,37534,82,154,37770,9.64%,9.70%,
104/09/08,42,0,-3,39,37462,82,154,37698,9.63%,9.69%,
104/09/07,94,0,0,94,37420,82,157,37659,9.61%,9.67%,
104/09/04,-9,0,-1,-10,37326,82,157,37565,9.59%,9.65%,
104/09/03,111,0,0,111,37335,82,158,37575,9.59%,9.65%,
104/09/02,86,0,0,86,37224,82,158,37464,9.56%,9.62%,
104/09/01,152,-11,0,141,37151,82,158,37391,9.55%,9.61%,
104/08/31,1,-7,0,-6,36999,93,158,37250,9.51%,9.57%,
104/08/28,263,0,-5,258,36998,100,158,37256,9.51%,9.58%,
104/08/27,7,0,-11,-4,36735,100,163,36998,9.44%,9.51%,
104/08/26,-27,0,-2,-29,36728,100,174,37002,9.44%,9.51%,
104/08/25,38,0,-1,37,36755,100,176,37031,9.44%,9.51%,
104/08/24,-118,0,-21,-139,36717,100,177,36994,9.43%,9.50%,
104/08/21,63,0,3,66,36835,100,198,37133,9.46%,9.54%,
104/08/20,30,0,-3,27,36772,100,195,37067,9.45%,9.53%,
104/08/19,-136,0,-7,-143,36742,100,198,37040,9.44%,9.52%,
104/08/18,38,0,3,41,36878,100,205,37183,9.48%,9.56%,
104/08/17,21,0,0,21,36840,100,202,37142,9.47%,9.55%,
104/08/14,20,0,-3,17,36819,100,202,37121,9.46%,9.54%,
104/08/13,55,0,-1,54,36786,100,205,37091,9.45%,9.53%,
104/08/12,-24,0,16,-8,36731,100,206,37037,9.44%,9.52%,
104/08/11,-143,0,-19,-162,36755,100,190,37045,9.44%,9.51%,
104/08/10,4,0,-4,0,36851,100,209,37160,9.47%,9.55%,
104/08/07,42,0,-3,39,36847,100,213,37160,9.47%,9.55%,
104/08/06,-109,0,-2,-111,36805,100,216,37121,9.46%,9.54%,
104/08/05,19,0,10,29,36914,100,218,37232,9.48%,9.56%,
104/08/04,-209,0,14,-195,36895,100,208,37203,9.48%,9.56%,
104/08/03,-78,0,-7,-85,37153,100,194,37447,9.55%,9.63%,
104/07/31,-36,0,-4,-40,37231,100,201,37532,9.57%,9.65%,
104/07/30,9,0,-1,8,37267,100,205,37572,9.58%,9.66%,
104/07/29,-48,0,3,-45,37258,100,206,37564,9.57%,9.65%,
104/07/28,44,11,4,59,37306,100,203,37609,9.59%,9.67%,
104/07/27,-13,0,17,4,37272,89,199,37560,9.58%,9.65%,
104/07/24,18,3,3,24,37285,89,182,37556,9.58%,9.65%,
104/07/23,-45,0,3,-42,37267,86,179,37532,9.58%,9.65%,
104/07/22,-19,0,5,-14,37312,86,176,37574,9.59%,9.66%,
104/07/21,14,0,0,14,37331,86,171,37588,9.59%,9.66%,
104/07/20,-51,0,0,-51,37327,86,171,37584,9.59%,9.66%,
104/07/17,11,27,0,38,37378,86,171,37635,9.60%,9.67%,
104/07/16,130,0,0,130,37367,59,171,37597,9.60%,9.66%,
104/07/15,23,7,-4,26,37237,59,171,37467,9.57%,9.63%,
104/07/14,10,0,-4,6,37214,52,175,37441,9.56%,9.62%,
104/07/13,56,0,-2,54,37204,52,179,37435,9.56%,9.62%,
104/07/09,31,0,1,32,37148,52,181,37381,9.54%,9.60%,
104/07/08,-98,0,9,-89,37117,52,180,37349,9.54%,9.60%,
104/07/07,13,0,7,20,37215,52,171,37438,9.56%,9.62%,
104/07/06,-67,0,0,-67,37202,52,164,37418,9.56%,9.62%,
104/07/03,-162,0,-14,-176,37269,52,164,37485,9.58%,9.64%,
104/07/02,-28,0,-1,-29,37431,52,178,37661,9.62%,9.68%,
104/07/01,12,0,3,15,37459,52,179,37690,9.62%,9.68%,
104/06/30,33,0,-2,31,37447,52,176,37675,9.62%,9.68%,
104/06/29,-58,0,1,-57,37414,52,178,37644,9.61%,9.67%,
104/06/26,-18,0,2,-16,37472,52,177,37701,9.63%,9.69%,
104/06/25,12,0,4,16,37490,52,175,37717,9.63%,9.69%,
104/06/24,-98,0,0,-98,37478,52,171,37701,9.63%,9.69%,
104/06/23,-85,0,14,-71,37576,52,171,37799,9.65%,9.71%,
104/06/22,-102,6,-10,-106,37661,52,157,37870,9.68%,9.73%,
104/06/18,73,0,0,73,37763,46,167,37976,9.70%,9.75%,
104/06/17,-68,0,0,-68,37680,46,167,37893,9.68%,9.73%,
104/06/16,27,0,0,27,37748,46,167,37961,9.70%,9.75%,
104/06/15,74,0,0,74,37721,46,167,37934,9.69%,9.74%,
104/06/12,42,0,0,42,37647,46,167,37860,9.67%,9.72%,
104/06/11,58,0,-7,51,37595,46,167,37808,9.66%,9.71%,
104/06/10,176,0,-3,173,37537,46,174,37757,9.64%,9.70%,
104/06/09,103,0,3,106,37361,46,177,37584,9.60%,9.66%,
104/06/08,-62,0,-2,-64,37258,46,174,37478,9.57%,9.63%,
104/06/05,-330,0,2,-328,37372,46,176,37594,9.74%,9.80%,
104/06/04,9,0,-1,8,37692,46,174,37912,9.83%,9.89%,
104/06/03,-316,0,0,-316,37683,46,175,37904,9.83%,9.89%,
104/06/02,-262,0,0,-262,37999,46,175,38220,9.91%,9.97%,
104/06/01,14,0,0,14,38246,46,175,38467,9.97%,10.03%,
104/05/29,-224,0,0,-224,38232,46,175,38453,9.97%,10.03%,
104/05/28,-405,46,0,-359,38456,46,175,38677,10.03%,10.09%,
104/05/27,-370,0,0,-370,38861,0,175,39036,10.13%,10.18%,
104/05/26,-80,0,0,-80,39231,0,175,39406,10.23%,10.28%,
104/05/25,-144,0,0,-144,39311,0,175,39486,10.25%,10.30%,
104/05/22,-2,0,-7,-9,39445,0,175,39620,10.29%,10.34%,
104/05/21,-36,0,-16,-52,39447,0,182,39629,10.29%,10.34%,
104/05/20,-48,0,-4,-52,39483,0,198,39681,10.29%,10.34%,
104/05/19,37,0,-9,28,39531,0,202,39733,10.31%,10.36%,
104/05/18,6,0,7,13,39494,0,211,39705,10.30%,10.36%,
104/05/15,53,0,-14,39,39488,0,204,39692,10.30%,10.35%,
104/05/14,-75,0,-4,-79,39435,0,218,39653,10.28%,10.34%,
104/05/13,-5,0,-1,-6,39510,0,222,39732,10.30%,10.36%,
104/05/12,271,0,10,281,39515,0,223,39738,10.30%,10.36%,
104/05/11,111,0,1,112,39244,0,213,39457,10.23%,10.29%,
104/05/08,38,0,-1,37,39133,0,212,39345,10.20%,10.26%,
104/05/07,33,0,-12,21,39095,0,213,39308,10.19%,10.25%,
104/05/06,288,-70,-19,199,39062,0,225,39287,10.19%,10.25%,
104/05/05,264,-200,-9,55,38774,22,244,39040,10.11%,10.18%,
104/05/04,-32,-96,8,-120,38510,222,253,38985,10.04%,10.16%,
104/04/30,74,-225,2,-149,38542,318,245,39105,10.05%,10.20%,
104/04/29,86,-108,11,-11,38468,543,243,39254,10.03%,10.24%,
104/04/28,98,0,3,101,38382,651,232,39265,10.01%,10.24%,
104/04/27,45,0,0,45,38284,651,229,39164,9.98%,10.21%,
104/04/24,88,0,15,103,38239,651,229,39119,9.97%,10.20%,
104/04/23,42,-50,-2,-10,38151,651,214,39016,9.95%,10.18%,
104/04/22,-315,-112,-2,-429,38109,701,216,39026,9.94%,10.18%,
104/04/21,20,-100,6,-74,38424,813,218,39455,10.02%,10.29%,
104/04/20,-144,-69,2,-211,38404,913,212,39529,10.01%,10.30%,
104/04/17,-25,0,0,-25,38548,982,210,39740,10.05%,10.36%,
104/04/16,1,0,-24,-23,38559,982,210,39751,10.05%,10.36%,
104/04/15,-70,-47,0,-117,38558,982,234,39774,10.05%,10.37%,
104/04/14,84,0,0,84,38628,1029,234,39891,10.07%,10.40%,
104/04/13,123,0,0,123,38544,1029,234,39807,10.05%,10.38%,
104/04/10,0,0,0,0,38421,1029,234,39684,10.02%,10.35%,
104/04/09,78,-185,2,-105,38421,1029,234,39684,10.02%,10.35%,
104/04/08,-36,0,0,-36,38343,1214,232,39789,10.00%,10.38%,
104/04/07,62,0,0,62,38379,1214,232,39825,10.01%,10.39%,
104/04/02,93,0,-5,88,38317,1214,232,39763,9.99%,10.37%,
104/04/01,-16,0,0,-16,38224,1214,237,39675,9.97%,10.35%,
104/03/31,121,0,2,123,38240,1214,237,39691,9.97%,10.35%,
104/03/30,-46,0,0,-46,38119,1155,235,39509,9.94%,10.30%,
104/03/27,92,0,2,94,38165,1155,235,39555,9.95%,10.31%,
104/03/26,32,0,6,38,38128,1155,233,39516,9.94%,10.30%,
104/03/25,99,0,6,105,38096,1155,227,39478,9.93%,10.29%,
104/03/24,49,0,95,144,37997,1155,221,39373,9.91%,10.27%,
104/03/23,112,0,105,217,37948,1155,126,39229,9.89%,10.22%,
104/03/20,-296,0,0,-296,37836,1155,21,39012,9.87%,10.18%,
104/03/19,-58,0,0,-58,38117,1155,21,39293,9.94%,10.25%,
104/03/18,65,0,0,65,38145,1155,21,39321,9.95%,10.26%,
104/03/17,157,0,2,159,38080,1155,21,39256,9.93%,10.24%,
104/03/16,138,-93,7,52,37923,1155,19,39097,9.89%,10.20%,
104/03/13,43,0,12,55,37785,1248,12,39045,9.85%,10.18%,
104/03/12,2,0,-1,1,37742,1248,0,38990,9.84%,10.16%,
104/03/11,-111,0,-1,-112,37740,1248,0,38988,9.84%,10.16%,
104/03/10,-63,0,-2,-65,37851,1248,0,39099,9.83%,10.15%,
104/03/09,-20,-2,0,-22,37914,1248,0,39162,9.85%,10.17%,
104/03/06,7,0,-5,2,37934,1250,0,39184,9.86%,10.18%,
104/03/05,-9,-1,-1,-11,37927,1250,0,39177,9.85%,10.17%,
104/03/04,92,-12,-100,-20,37936,1251,0,39187,9.86%,10.19%,
104/03/03,16,-1,2,17,37844,1263,33,39140,9.83%,10.17%,
104/03/02,-150,0,0,-150,37864,1264,31,39159,9.84%,10.18%,
104/02/26,1,-2,-5,-6,38004,1264,31,39299,9.87%,10.21%,
104/02/25,-6,0,-1,-7,38003,1266,36,39305,9.87%,10.21%,
104/02/24,125,0,6,131,38009,1266,37,39312,9.87%,10.21%,
104/02/13,16,-4,-6,6,37866,1266,31,39163,9.84%,10.18%,
104/02/12,-6,0,0,-6,37850,1270,37,39157,9.83%,10.17%,
104/02/11,17,0,0,17,37856,1270,37,39163,9.84%,10.18%,
104/02/10,38,0,17,55,37840,1270,37,39147,9.83%,10.17%,
104/02/09,-25,0,0,-25,37802,1270,20,39092,9.82%,10.16%,
104/02/06,6,0,0,6,37827,1270,20,39117,9.83%,10.17%,
104/02/05,-45,0,0,-45,37821,1270,20,39111,9.83%,10.17%,
104/02/04,-115,0,-6,-121,37866,1270,20,39156,9.84%,10.18%,
104/02/03,-130,0,24,-106,37981,1270,26,39277,9.87%,10.21%,
104/02/02,-232,100,-19,-151,38111,1270,2,39383,9.90%,10.23%,
104/01/30,-53,-4,0,-57,38343,1170,21,39534,9.96%,10.27%,
104/01/29,-41,0,21,-20,38396,1174,21,39591,9.98%,10.29%,
104/01/28,-125,78,0,-47,38437,1174,0,39611,9.99%,10.30%,
104/01/27,-120,80,-11,-51,38562,1096,0,39658,10.02%,10.30%,
104/01/26,-17,0,-1,-18,38682,1016,9,39707,10.05%,10.32%,
104/01/23,-218,0,7,-211,38699,1016,10,39725,10.05%,10.32%,
104/01/22,-397,98,-13,-312,38906,1016,3,39925,10.11%,10.37%,
104/01/21,-242,0,0,-242,39303,918,16,40237,10.21%,10.45%,
104/01/20,454,180,0,634,39545,918,16,40479,10.27%,10.51%,
104/01/19,85,0,3,88,39091,738,16,39845,10.16%,10.36%,
104/01/16,-82,0,-2,-84,39006,738,13,39757,10.13%,10.33%,
104/01/15,-30,0,-3,-33,39088,738,15,39841,10.16%,10.36%,
104/01/14,20,279,-3,296,39118,738,18,39874,10.16%,10.36%,
104/01/13,67,398,0,465,39098,459,21,39578,10.16%,10.28%,
104/01/12,64,0,0,64,39031,61,21,39113,10.14%,10.16%,
104/01/09,109,0,1,110,38967,61,21,39049,10.12%,10.14%,
104/01/08,64,0,8,72,38858,61,20,38939,10.10%,10.12%,
104/01/07,-32,0,-2,-34,38794,61,12,38867,10.08%,10.10%,
104/01/06,37,0,0,37,38826,61,14,38901,10.09%,10.11%,
104/01/05,-39,0,0,-39,38789,61,14,38864,10.08%,10.10%,
