日期,外資買賣超,投信買賣超,自營商買賣超,單日合計買賣超,外資估計持股,投信估計持股,自營商估計持股,單日合計估計持股,外資持股比重,三大法人持股比重,
107/03/31,-2,0,0,-2,37970,558,22,38550,8.58%,8.71%,
107/03/30,1,-2,5,4,37972,558,22,38552,8.58%,8.71%,
107/03/29,13,0,3,16,37971,560,17,38548,8.58%,8.71%,
107/03/28,17,0,0,17,37958,560,14,38532,8.58%,8.71%,
107/03/27,-116,0,0,-116,37941,560,14,38515,8.57%,8.70%,
107/03/26,-3,0,-1,-4,38057,560,14,38631,8.60%,8.73%,
107/03/23,23,0,-1,22,38060,560,15,38635,8.60%,8.73%,
107/03/22,-19,0,-1,-20,38037,560,16,38613,8.60%,8.73%,
107/03/21,12,0,-8,4,38056,560,17,38633,8.60%,8.73%,
107/03/20,-232,-4,0,-236,38044,560,25,38629,8.60%,8.73%,
107/03/19,-43,-3,0,-46,38276,564,25,38865,8.65%,8.78%,
107/03/16,-79,0,0,-79,38319,567,25,38911,8.66%,8.79%,
107/03/15,-43,0,4,-39,38378,567,25,38970,8.67%,8.80%,
107/03/14,-84,0,0,-84,38421,567,21,39009,8.68%,8.81%,
107/03/13,-28,-4,0,-32,38505,567,21,39093,8.70%,8.83%,
107/03/12,-4,0,6,2,38533,571,21,39125,8.71%,8.84%,
107/03/09,-19,0,2,-17,38537,571,15,39123,8.71%,8.84%,
107/03/08,-80,0,-1,-81,38556,571,13,39140,8.71%,8.84%,
107/03/07,-47,0,3,-44,38636,571,14,39221,8.73%,8.86%,
107/03/06,-92,0,-1,-93,38683,571,11,39265,8.74%,8.87%,
107/03/05,-173,5,0,-168,38775,571,12,39358,8.76%,8.89%,
107/03/02,-176,0,-1,-177,38948,566,12,39526,8.80%,8.93%,
107/03/01,-133,0,-1,-134,39124,566,13,39703,8.84%,8.97%,
107/02/27,-60,0,0,-60,39257,566,14,39837,8.87%,9.00%,
107/02/26,18,-140,-1,-123,39317,566,14,39897,8.89%,9.02%,
107/02/23,117,-837,0,-720,39299,706,15,40020,8.88%,9.04%,
107/02/22,-88,-2,0,-90,39182,1543,15,40740,8.86%,9.21%,
107/02/21,-54,0,-5,-59,39270,1545,15,40830,8.88%,9.23%,
107/02/12,-192,0,-6,-198,39324,1545,20,40889,8.89%,9.24%,
107/02/09,-34,0,1,-33,39516,1545,26,41087,8.93%,9.29%,
107/02/08,-54,0,12,-42,39550,1545,25,41120,8.94%,9.30%,
107/02/07,-442,0,0,-442,39604,1545,13,41162,8.95%,9.30%,
107/02/06,-127,0,-9,-136,40046,1545,13,41604,9.05%,9.40%,
107/02/05,51,0,-4,47,40173,1545,22,41740,9.08%,9.43%,
107/02/02,-65,0,0,-65,40122,1545,26,41693,9.07%,9.43%,
107/02/01,109,0,0,109,40187,1545,26,41758,9.08%,9.44%,
107/01/31,-121,0,0,-121,40078,1545,26,41649,9.06%,9.42%,
107/01/30,-66,0,0,-66,40199,1545,26,41770,9.09%,9.45%,
107/01/29,-59,0,0,-59,40265,1545,26,41836,9.10%,9.46%,
107/01/26,-16,-6,3,-19,40324,1545,26,41895,9.11%,9.47%,
107/01/25,-45,0,0,-45,40340,1551,23,41914,9.12%,9.48%,
107/01/24,-7,-5,-1,-13,40385,1551,23,41959,9.13%,9.49%,
107/01/23,16,0,1,17,40392,1556,24,41972,9.13%,9.49%,
107/01/22,-14,0,-39,-53,40376,1556,23,41955,9.13%,9.49%,
107/01/19,-72,0,-18,-90,40390,1556,62,42008,9.13%,9.50%,
107/01/18,-17,0,0,-17,40462,1556,80,42098,9.14%,9.51%,
107/01/17,-201,0,4,-197,40479,1556,80,42115,9.15%,9.52%,
107/01/16,50,-5,3,48,40680,1556,76,42312,9.19%,9.56%,
107/01/15,-27,0,8,-19,40630,1561,73,42264,9.18%,9.55%,
107/01/12,-91,0,0,-91,40657,1561,65,42283,9.19%,9.56%,
107/01/11,-139,0,0,-139,40748,1561,65,42374,9.21%,9.58%,
107/01/10,-148,-5,0,-153,40887,1561,65,42513,9.24%,9.61%,
107/01/09,-72,0,-10,-82,41035,1566,65,42666,9.27%,9.64%,
107/01/08,-226,0,-1,-227,41107,1566,75,42748,9.29%,9.66%,
107/01/05,-235,-4,7,-232,41333,1566,76,42975,9.34%,9.71%,
107/01/04,-351,0,25,-326,41568,1570,69,43207,9.39%,9.76%,
107/01/03,-227,0,23,-204,41919,1570,44,43533,9.47%,9.83%,
107/01/02,-167,0,0,-167,42146,1570,21,43737,9.53%,9.89%,
106/12/29,67,0,0,67,42313,1570,21,43904,9.56%,9.92%,
106/12/28,21,16,0,37,42246,1578,21,43845,9.55%,9.91%,
106/12/27,-118,17,-2,-103,42225,1562,21,43808,9.54%,9.90%,
106/12/26,-105,14,0,-91,42343,1545,23,43911,9.57%,9.92%,
106/12/25,-19,0,1,-18,42448,1531,23,44002,9.59%,9.94%,
106/12/22,-92,0,-11,-103,42467,1531,22,44020,9.60%,9.95%,
106/12/21,-71,0,1,-70,42558,1531,33,44122,9.62%,9.97%,
106/12/20,-141,130,3,-8,42629,1531,32,44192,9.63%,9.98%,
106/12/19,-39,135,-1,95,42770,1401,29,44200,9.67%,9.99%,
106/12/18,-40,122,-11,71,42809,1266,30,44105,9.68%,9.97%,
106/12/15,9,0,0,9,42849,1144,41,44034,9.68%,9.95%,
106/12/14,-135,0,0,-135,42840,1144,41,44025,9.68%,9.95%,
106/12/13,-120,0,0,-120,42975,1144,41,44160,9.71%,9.98%,
106/12/12,-131,0,0,-131,43095,1144,41,44280,9.74%,10.01%,
106/12/11,56,0,2,58,43226,1144,41,44411,9.77%,10.04%,
106/12/08,12,0,1,13,43170,1144,39,44353,9.76%,10.03%,
106/12/07,13,0,0,13,43158,1144,38,44340,9.75%,10.02%,
106/12/06,-1,0,2,1,43145,1144,38,44327,9.75%,10.02%,
106/12/05,-204,-16,-26,-246,43146,1144,36,44326,9.75%,10.02%,
106/12/04,-346,0,-1,-347,43350,1160,62,44572,9.80%,10.08%,
106/12/01,-9,0,12,3,43696,1160,63,44919,9.88%,10.16%,
106/11/30,60,0,8,68,43705,1160,51,44916,9.88%,10.15%,
106/11/29,-65,0,0,-65,43646,1160,43,44849,9.86%,10.13%,
106/11/28,5,0,0,5,43711,1160,43,44914,9.88%,10.15%,
106/11/27,34,0,19,53,43706,1160,43,44909,9.88%,10.15%,
106/11/24,-17,0,2,-15,43672,1160,24,44856,9.87%,10.14%,
106/11/23,-77,0,18,-59,43689,1160,22,44871,9.87%,10.14%,
106/11/22,-58,0,0,-58,43781,1160,4,44945,9.90%,10.16%,
106/11/21,32,0,0,32,43839,1160,4,45003,9.91%,10.17%,
106/11/20,-66,0,-1,-67,43807,1160,4,44971,9.90%,10.16%,
106/11/17,72,0,0,72,43873,1160,5,45038,9.92%,10.18%,
106/11/16,153,0,0,153,43801,1160,5,44966,9.90%,10.16%,
106/11/15,115,0,3,118,43648,1160,5,44813,9.87%,10.13%,
106/11/14,-107,0,0,-107,43533,1160,2,44695,9.84%,10.10%,
106/11/13,-178,10,2,-166,43640,1160,2,44802,9.86%,10.12%,
106/11/10,-532,4,0,-528,43818,1150,0,44968,9.90%,10.16%,
106/11/09,-275,3,-74,-346,44350,1146,0,45496,10.02%,10.28%,
106/11/08,-97,-2,0,-99,44625,1143,68,45836,10.09%,10.36%,
106/11/07,116,0,0,116,44722,1145,68,45935,10.11%,10.38%,
106/11/06,-220,0,0,-220,44606,1145,68,45819,10.08%,10.35%,
106/11/03,74,0,-7,67,44826,1145,68,46039,10.13%,10.40%,
106/11/02,-55,0,0,-55,44752,1145,75,45972,10.11%,10.39%,
106/11/01,8,0,-1,7,44807,1145,75,46027,10.13%,10.41%,
106/10/31,245,0,-1,244,44799,1145,76,46020,10.13%,10.41%,
106/10/30,-32,0,-76,-108,44554,1145,77,45776,10.07%,10.35%,
106/10/27,58,0,-26,32,44586,1145,153,45884,10.08%,10.37%,
106/10/26,328,0,0,328,44528,1145,179,45852,10.06%,10.36%,
106/10/25,146,0,1,147,44200,1145,179,45524,9.99%,10.29%,
106/10/24,-174,0,11,-163,44054,1145,178,45377,9.96%,10.26%,
106/10/23,301,0,-82,219,44228,1145,167,45540,10.00%,10.30%,
106/10/20,242,0,1,243,43927,1145,249,45321,9.93%,10.25%,
106/10/19,56,-1,6,61,43685,1145,248,45078,9.87%,10.19%,
106/10/18,493,0,2,495,43629,1146,242,45017,9.86%,10.17%,
106/10/17,268,0,-9,259,43136,1146,240,44522,9.75%,10.06%,
106/10/16,-311,0,4,-307,42868,1146,249,44263,9.69%,10.01%,
106/10/13,442,0,-19,423,43179,1146,245,44570,9.76%,10.07%,
106/10/12,228,0,8,236,42757,1146,264,44167,9.66%,9.98%,
106/10/11,715,0,-3,712,42529,1146,256,43931,9.61%,9.93%,
106/10/06,173,0,0,173,41814,1146,259,43219,9.45%,9.77%,
106/10/05,363,-9,0,354,41641,1146,259,43046,9.41%,9.73%,
106/10/03,214,-28,-28,158,41278,1155,259,42692,9.33%,9.65%,
106/10/02,153,0,14,167,41064,1183,287,42534,9.28%,9.61%,
106/09/30,0,0,9,9,40911,1183,273,42367,9.25%,9.58%,
106/09/29,318,0,-31,287,40911,2135,264,43310,9.25%,9.79%,
106/09/28,-118,0,62,-56,40593,2135,295,43023,9.17%,9.72%,
106/09/27,995,418,-1,1412,40711,2135,233,43079,9.20%,9.74%,
106/09/26,92,977,86,1155,39726,1717,234,41677,8.98%,9.42%,
106/09/25,726,580,-1,1305,39710,740,148,40598,8.97%,9.17%,
106/09/22,128,0,1,129,38974,160,149,39283,8.81%,8.88%,
106/09/21,190,0,71,261,38831,160,148,39139,8.78%,8.85%,
106/09/20,373,0,77,450,38631,160,77,38868,8.73%,8.78%,
106/09/19,237,45,-13,269,38258,160,0,38418,8.65%,8.69%,
106/09/18,26,45,2,73,38021,115,8,38144,8.59%,8.62%,
106/09/15,70,22,-10,82,37995,70,6,38071,8.59%,8.61%,
106/09/14,275,48,0,323,37925,48,16,37989,8.57%,8.58%,
106/09/13,93,0,2,95,37650,0,16,37666,8.51%,8.51%,
106/09/12,-37,0,0,-37,37557,0,14,37571,8.49%,8.49%,
106/09/11,9,0,11,20,37594,0,14,37608,8.50%,8.50%,
106/09/08,14,-1,-5,8,37585,0,3,37588,8.49%,8.49%,
106/09/07,-4,0,-13,-17,37571,0,8,37579,8.49%,8.49%,
106/09/06,107,0,0,107,37575,0,21,37596,8.49%,8.49%,
106/09/05,155,0,0,155,37468,0,21,37489,8.47%,8.47%,
106/09/04,151,0,0,151,37323,0,21,37344,8.43%,8.43%,
106/09/01,28,0,0,28,37172,0,21,37193,8.40%,8.40%,
106/08/31,-105,0,-3,-108,37144,0,21,37165,8.39%,8.39%,
106/08/30,169,0,0,169,37249,0,24,37273,8.42%,8.43%,
106/08/29,22,0,0,22,37080,0,24,37104,8.38%,8.39%,
106/08/28,19,0,-1,18,37058,0,24,37082,8.37%,8.38%,
106/08/25,32,0,-1,31,37039,0,25,37064,8.37%,8.38%,
106/08/24,96,-70,0,26,37007,0,26,37033,8.36%,8.37%,
106/08/23,105,-71,2,36,36911,0,26,36937,8.34%,8.35%,
106/08/22,100,0,0,100,36806,6,24,36836,8.32%,8.33%,
106/08/21,294,0,-4,290,36706,6,24,36736,8.30%,8.31%,
106/08/18,-85,0,0,-85,36412,6,28,36446,8.23%,8.24%,
106/08/17,89,0,-4,85,36497,6,28,36531,8.25%,8.26%,
106/08/16,104,0,0,104,36408,6,32,36446,8.23%,8.24%,
106/08/15,-39,0,-1,-40,36250,6,32,36288,8.19%,8.20%,
106/08/14,172,0,0,172,36289,6,33,36328,8.20%,8.21%,
106/08/11,1,0,0,1,36117,6,33,36156,8.16%,8.17%,
106/08/10,68,0,-34,34,36116,6,33,36155,8.16%,8.17%,
106/08/09,58,0,-2,56,36048,6,67,36121,8.15%,8.17%,
106/08/08,-43,0,0,-43,35980,6,69,36055,8.13%,8.15%,
106/08/07,71,0,0,71,36023,6,69,36098,8.14%,8.16%,
106/08/04,214,0,0,214,35952,6,69,36027,8.12%,8.14%,
106/08/03,70,0,-1,69,35738,6,69,35813,8.08%,8.10%,
106/08/02,199,0,13,212,35668,6,70,35744,8.06%,8.08%,
106/08/01,63,-6,0,57,35469,6,57,35532,8.02%,8.03%,
106/07/31,-7,0,34,27,35406,12,57,35475,8.00%,8.02%,
106/07/28,220,0,0,220,35413,12,23,35448,8.00%,8.01%,
106/07/27,300,0,0,300,35193,12,23,35228,7.95%,7.96%,
106/07/26,233,0,-2,231,34893,12,23,34928,7.89%,7.90%,
106/07/25,66,0,2,68,34660,12,25,34697,7.83%,7.84%,
106/07/24,80,0,0,80,34594,12,23,34629,7.82%,7.83%,
106/07/21,288,0,0,288,34514,12,23,34549,7.80%,7.81%,
106/07/20,383,0,0,383,34226,12,23,34261,7.73%,7.74%,
106/07/19,-124,0,0,-124,33843,12,23,33878,7.65%,7.66%,
106/07/18,-355,0,0,-355,33981,12,23,34016,7.68%,7.69%,
106/07/17,-104,0,-1,-105,34336,12,23,34371,7.76%,7.77%,
106/07/14,5,0,-3,2,34440,12,24,34476,7.78%,7.79%,
106/07/13,-4,0,-4,-8,34435,12,27,34474,7.78%,7.79%,
106/07/12,19,0,-13,6,34439,12,31,34482,7.78%,7.79%,
106/07/11,-7,0,6,-1,34420,12,44,34476,7.78%,7.79%,
106/07/10,-37,0,-3,-40,34427,12,38,34477,7.78%,7.79%,
106/07/07,-24,0,-6,-30,34464,12,41,34517,7.79%,7.80%,
106/07/06,14,0,0,14,34488,12,47,34547,7.79%,7.80%,
106/07/05,-41,0,0,-41,34474,12,47,34533,7.79%,7.80%,
106/07/04,-17,0,-9,-26,34515,12,47,34574,7.80%,7.81%,
106/07/03,28,0,0,28,34532,12,56,34600,7.80%,7.82%,
106/06/30,0,-3,0,-3,34504,12,56,34572,7.80%,7.82%,
106/06/29,10,0,0,10,34504,0,56,34560,7.80%,7.81%,
106/06/28,37,0,0,37,34494,0,56,34550,7.80%,7.81%,
106/06/27,135,0,0,135,34457,0,56,34513,7.79%,7.80%,
106/06/26,138,0,19,157,34332,0,56,34388,7.76%,7.77%,
106/06/23,17,0,0,17,34194,0,37,34231,7.73%,7.74%,
106/06/22,116,0,0,116,34177,0,37,34214,7.72%,7.73%,
106/06/21,103,0,11,114,34061,0,37,34098,7.70%,7.71%,
106/06/20,-8,0,2,-6,33958,0,26,33984,7.67%,7.68%,
106/06/19,-38,0,0,-38,33966,0,24,33990,7.68%,7.69%,
106/06/16,-47,0,0,-47,34004,0,24,34028,7.68%,7.69%,
106/06/15,-159,0,0,-159,34051,0,24,34075,7.69%,7.70%,
106/06/14,-54,0,0,-54,34210,0,24,34234,7.73%,7.74%,
106/06/13,-19,0,0,-19,34265,0,24,34289,7.74%,7.75%,
106/06/12,-8,0,0,-8,34284,0,24,34308,7.75%,7.76%,
106/06/09,-34,0,0,-34,34292,0,24,34316,7.75%,7.76%,
106/06/08,-25,0,0,-25,34326,0,24,34350,7.76%,7.77%,
106/06/07,-112,0,0,-112,34351,0,24,34375,7.76%,7.77%,
106/06/06,-32,-8,0,-40,34463,0,24,34487,7.79%,7.80%,
106/06/05,-49,-7,0,-56,34495,4,24,34523,7.80%,7.81%,
106/06/03,0,0,0,0,34544,11,24,34579,7.81%,7.82%,
106/06/02,106,0,0,106,34544,11,24,34579,7.81%,7.82%,
106/06/01,135,0,0,135,34438,11,24,34473,7.78%,7.79%,
106/05/31,-40,0,0,-40,34303,11,24,34338,7.75%,7.76%,
106/05/26,86,0,0,86,34343,11,24,34378,7.76%,7.77%,
106/05/25,42,0,0,42,34257,11,24,34292,7.74%,7.75%,
106/05/24,106,0,0,106,34215,11,24,34250,7.73%,7.74%,
106/05/23,-35,0,3,-32,34109,11,24,34144,7.71%,7.72%,
106/05/22,11,0,0,11,34144,11,21,34176,7.72%,7.73%,
106/05/19,-60,0,0,-60,34133,11,21,34165,7.71%,7.72%,
106/05/18,-44,0,-8,-52,34193,11,21,34225,7.73%,7.74%,
106/05/17,117,0,-6,111,34237,11,29,34277,7.74%,7.75%,
106/05/16,91,0,6,97,34120,11,35,34166,7.71%,7.72%,
106/05/15,30,0,15,45,34029,11,29,34069,7.69%,7.70%,
106/05/12,-27,0,0,-27,33999,11,14,34024,7.68%,7.69%,
106/05/11,-7,0,0,-7,34026,11,14,34051,7.69%,7.70%,
106/05/10,382,0,0,382,34001,11,14,34026,7.68%,7.69%,
106/05/09,203,0,2,205,33619,11,14,33644,7.60%,7.61%,
106/05/08,225,0,0,225,33416,11,12,33439,7.55%,7.56%,
106/05/05,31,0,2,33,33191,11,12,33214,7.50%,7.51%,
106/05/04,196,0,0,196,33158,11,10,33179,7.49%,7.49%,
106/05/03,98,0,0,98,32962,11,10,32983,7.45%,7.45%,
106/05/02,96,0,0,96,32864,11,10,32885,7.43%,7.43%,
106/04/28,469,0,0,469,32768,11,10,32789,7.40%,7.40%,
106/04/27,350,0,0,350,32299,11,10,32320,7.30%,7.30%,
106/04/26,208,0,0,208,31949,11,10,31970,7.22%,7.22%,
106/04/25,10,0,1,11,31741,11,10,31762,7.17%,7.17%,
106/04/24,-116,0,0,-116,31731,11,9,31751,7.17%,7.17%,
106/04/21,213,0,1,214,31847,11,9,31867,7.20%,7.20%,
106/04/20,64,0,0,64,31634,11,8,31653,7.15%,7.15%,
106/04/19,130,0,-1,129,31570,11,8,31589,7.13%,7.13%,
106/04/18,456,0,-3,453,31440,11,9,31460,7.10%,7.10%,
106/04/17,96,0,0,96,30974,11,12,30997,7.00%,7.01%,
106/04/14,-75,-5,0,-80,30878,11,12,30901,6.98%,6.99%,
106/04/13,185,0,0,185,30953,16,12,30981,6.99%,7.00%,
106/04/12,201,0,0,201,30768,16,12,30796,6.95%,6.96%,
106/04/11,322,0,0,322,30567,16,12,30595,6.91%,6.92%,
106/04/10,25,0,0,25,30245,16,12,30273,6.83%,6.84%,
106/04/07,398,0,-1,397,30220,16,12,30248,6.83%,6.84%,
106/04/06,35,0,0,35,29822,16,13,29851,6.74%,6.75%,
106/04/05,237,0,0,237,29787,16,13,29816,6.73%,6.74%,
106/03/31,246,0,-9,237,29550,16,13,29579,6.68%,6.69%,
106/03/30,170,0,0,170,29304,199,22,29525,6.62%,6.67%,
106/03/29,126,0,0,126,29134,199,22,29355,6.58%,6.63%,
106/03/28,215,0,2,217,29008,199,22,29229,6.55%,6.60%,
106/03/27,154,0,0,154,28793,199,20,29012,6.51%,6.56%,
106/03/24,81,0,0,81,28639,199,20,28858,6.47%,6.52%,
106/03/23,30,0,0,30,28558,199,20,28777,6.45%,6.50%,
106/03/22,104,0,2,106,28528,199,20,28747,6.45%,6.50%,
106/03/21,36,82,3,121,28424,199,18,28641,6.42%,6.47%,
106/03/20,-5,80,-300,-225,28388,117,15,28520,6.41%,6.44%,
106/03/17,103,0,0,103,28393,37,315,28745,6.42%,6.50%,
106/03/16,47,0,54,101,28290,37,315,28642,6.39%,6.47%,
106/03/15,13,0,34,47,28243,37,261,28541,6.38%,6.45%,
106/03/14,79,0,39,118,28203,37,227,28467,6.37%,6.43%,
106/03/13,35,0,175,210,28124,37,188,28349,6.35%,6.40%,
106/03/10,408,0,6,414,28089,37,13,28139,6.35%,6.36%,
106/03/09,168,0,0,168,27681,37,7,27725,6.25%,6.26%,
106/03/08,264,0,0,264,27513,37,7,27557,6.22%,6.23%,
106/03/07,45,0,-2,43,27249,37,7,27293,6.16%,6.17%,
106/03/06,68,0,0,68,27204,37,9,27250,6.15%,6.16%,
106/03/03,113,0,0,113,27136,37,9,27182,6.13%,6.14%,
106/03/02,13,0,2,15,27023,37,9,27069,6.11%,6.12%,
106/03/01,129,0,1,130,27010,37,7,27054,6.10%,6.11%,
106/02/24,307,0,0,307,26881,37,6,26924,6.07%,6.08%,
106/02/23,200,0,1,201,26574,37,6,26617,6.00%,6.01%,
106/02/22,211,0,3,214,26374,37,5,26416,5.96%,5.97%,
106/02/21,7,0,2,9,26163,37,2,26202,5.91%,5.92%,
106/02/20,131,0,-5,126,26156,37,0,26193,5.91%,5.92%,
106/02/18,0,0,0,0,26025,37,0,26062,5.88%,5.89%,
106/02/17,92,0,0,92,26025,37,0,26062,5.88%,5.89%,
106/02/16,4,0,0,4,25933,37,0,25970,5.86%,5.87%,
106/02/15,119,0,0,119,25929,37,0,25966,5.86%,5.87%,
106/02/14,51,0,-1,50,25810,37,0,25847,5.83%,5.84%,
106/02/13,48,0,0,48,25759,37,1,25797,5.82%,5.83%,
106/02/10,220,0,0,220,25711,37,1,25749,5.81%,5.82%,
106/02/09,152,0,0,152,25491,37,1,25529,5.76%,5.77%,
106/02/08,120,0,-5,115,25339,37,1,25377,5.73%,5.74%,
106/02/07,85,0,1,86,25219,37,6,25262,5.70%,5.71%,
106/02/06,50,0,-3,47,25173,37,5,25215,5.69%,5.70%,
106/02/03,133,2,0,135,25123,37,8,25168,5.68%,5.69%,
106/02/02,274,0,0,274,24990,35,8,25033,5.65%,5.66%,
106/01/24,9,0,0,9,24716,35,8,24759,5.58%,5.59%,
106/01/23,-11,0,0,-11,24707,35,8,24750,5.58%,5.59%,
106/01/20,-49,0,0,-49,24718,35,8,24761,5.58%,5.59%,
106/01/19,-14,0,-2,-16,24767,35,8,24810,5.60%,5.61%,
106/01/18,34,0,-1,33,24781,35,10,24826,5.60%,5.61%,
106/01/17,-15,0,0,-15,24747,35,11,24793,5.59%,5.60%,
106/01/16,-12,0,-1,-13,24762,35,11,24808,5.59%,5.60%,
106/01/13,-29,0,0,-29,24774,35,12,24821,5.60%,5.61%,
106/01/12,-6,0,0,-6,24803,35,12,24850,5.60%,5.61%,
106/01/11,18,0,0,18,24809,35,12,24856,5.61%,5.62%,
106/01/10,56,0,0,56,24791,35,12,24838,5.60%,5.61%,
106/01/09,-2,0,0,-2,24735,35,12,24782,5.59%,5.60%,
106/01/06,-21,0,0,-21,24737,35,12,24784,5.59%,5.60%,
106/01/05,25,1,0,26,24758,35,12,24805,5.59%,5.60%,
106/01/04,-16,0,0,-16,24733,34,12,24779,5.59%,5.60%,
106/01/03,14,0,0,14,24749,34,12,24795,5.59%,5.60%,
105/12/30,13,0,0,13,24735,34,12,24781,5.59%,5.60%,
105/12/29,1,0,0,1,24722,34,12,24768,5.59%,5.60%,
105/12/28,208,0,-55,153,24721,34,12,24767,5.59%,5.60%,
105/12/27,17,0,0,17,24513,34,67,24614,5.54%,5.56%,
105/12/26,21,0,0,21,24496,34,67,24597,5.53%,5.55%,
105/12/23,87,0,0,87,24475,34,67,24576,5.53%,5.55%,
105/12/22,4,0,1,5,24388,34,67,24489,5.51%,5.53%,
105/12/21,55,0,16,71,24384,34,66,24484,5.51%,5.53%,
105/12/20,153,0,5,158,24329,34,50,24413,5.50%,5.52%,
105/12/19,68,0,0,68,24176,34,45,24255,5.46%,5.48%,
105/12/16,74,0,-20,54,24108,34,45,24187,5.45%,5.47%,
105/12/15,65,0,0,65,24034,34,65,24133,5.43%,5.45%,
105/12/14,31,0,0,31,23969,34,65,24068,5.42%,5.44%,
105/12/13,2,0,0,2,23938,34,65,24037,5.41%,5.43%,
105/12/12,1,0,-14,-13,23936,34,65,24035,5.41%,5.43%,
105/12/09,4,0,-16,-12,23935,34,79,24048,5.41%,5.44%,
105/12/08,59,0,-1,58,23931,34,95,24060,5.41%,5.44%,
105/12/07,159,0,0,159,23872,34,96,24002,5.39%,5.42%,
105/12/06,40,0,1,41,23713,34,96,23843,5.36%,5.39%,
105/12/05,-18,0,0,-18,23673,34,95,23802,5.35%,5.38%,
105/12/02,8,0,20,28,23691,34,95,23820,5.35%,5.38%,
105/12/01,16,0,30,46,23683,34,75,23792,5.35%,5.37%,
105/11/30,47,0,0,47,23667,34,45,23746,5.35%,5.37%,
105/11/29,13,0,4,17,23620,34,45,23699,5.34%,5.36%,
105/11/28,-6,0,0,-6,23607,34,41,23682,5.33%,5.35%,
105/11/25,-73,0,0,-73,23613,34,41,23688,5.33%,5.35%,
105/11/24,101,0,8,109,23686,34,41,23761,5.35%,5.37%,
105/11/23,-6,0,0,-6,23585,34,33,23652,5.33%,5.35%,
105/11/22,22,0,0,22,23591,34,33,23658,5.33%,5.35%,
105/11/21,-13,0,0,-13,23569,34,33,23636,5.32%,5.34%,
105/11/18,54,0,0,54,23582,34,33,23649,5.33%,5.35%,
105/11/17,-19,0,0,-19,23528,34,33,23595,5.32%,5.34%,
105/11/16,23,0,1,24,23547,34,33,23614,5.32%,5.34%,
105/11/15,-29,0,0,-29,23524,34,32,23590,5.31%,5.32%,
105/11/14,-35,0,0,-35,23553,34,32,23619,5.32%,5.33%,
105/11/11,-82,0,0,-82,23588,34,32,23654,5.33%,5.34%,
105/11/10,48,0,0,48,23670,34,32,23736,5.35%,5.36%,
105/11/09,-49,0,0,-49,23622,34,32,23688,5.34%,5.35%,
105/11/08,-13,0,0,-13,23671,34,32,23737,5.35%,5.36%,
105/11/07,0,0,0,0,23684,34,32,23750,5.35%,5.36%,
105/11/04,-11,0,0,-11,23684,34,32,23750,5.35%,5.36%,
105/11/03,62,0,0,62,23695,34,32,23761,5.35%,5.36%,
105/11/02,40,0,0,40,23633,34,32,23699,5.34%,5.35%,
105/11/01,-1,0,0,-1,23593,34,32,23659,5.33%,5.34%,
105/10/31,-20,0,0,-20,23594,34,32,23660,5.33%,5.34%,
105/10/28,-51,0,0,-51,23614,34,32,23680,5.33%,5.34%,
105/10/27,-35,0,0,-35,23665,34,32,23731,5.35%,5.36%,
105/10/26,-57,0,0,-57,23700,34,32,23766,5.35%,5.36%,
105/10/25,-57,0,0,-57,23757,34,32,23823,5.37%,5.38%,
105/10/24,-183,0,0,-183,23814,34,32,23880,5.38%,5.39%,
105/10/21,-41,9,0,-32,23997,34,32,24063,5.42%,5.43%,
105/10/20,-65,9,0,-56,23999,25,32,24056,5.42%,5.43%,
105/10/19,-26,0,0,-26,24064,16,32,24112,5.44%,5.45%,
105/10/18,-10,0,0,-10,24090,16,32,24138,5.44%,5.45%,
105/10/17,-9,0,-5,-14,24100,16,32,24148,5.44%,5.45%,
105/10/14,-7,0,0,-7,24109,16,37,24162,5.45%,5.46%,
105/10/13,-134,0,0,-134,24116,16,37,24169,5.45%,5.46%,
105/10/12,73,0,0,73,24250,16,37,24303,5.48%,5.49%,
105/10/11,37,0,0,37,24177,16,37,24230,5.46%,5.47%,
105/10/07,35,0,0,35,24140,16,37,24193,5.45%,5.46%,
105/10/06,75,0,0,75,24105,16,37,24158,5.45%,5.46%,
105/10/05,326,0,0,326,24030,16,37,24083,5.43%,5.44%,
105/10/04,93,0,0,93,23704,16,37,23757,5.36%,5.37%,
105/10/03,-16,0,0,-16,23611,16,37,23664,5.33%,5.34%,
105/09/30,-1,0,0,-1,23627,16,37,23680,5.34%,5.35%,
105/09/29,113,0,0,113,23628,16,37,23681,5.34%,5.35%,
105/09/26,-120,0,0,-120,23515,16,37,23568,5.31%,5.32%,
105/09/23,-32,0,0,-32,23635,16,37,23688,5.34%,5.35%,
105/09/22,38,0,0,38,23667,16,37,23720,5.35%,5.36%,
105/09/21,178,0,2,180,23629,16,37,23682,5.34%,5.35%,
105/09/20,-8,0,0,-8,23451,16,35,23502,5.30%,5.31%,
105/09/19,-18,0,0,-18,23459,16,35,23510,5.30%,5.31%,
105/09/14,-23,0,0,-23,23477,16,35,23528,5.30%,5.31%,
105/09/13,-57,0,0,-57,23500,16,35,23551,5.31%,5.32%,
105/09/12,-30,0,-5,-35,23557,16,35,23608,5.32%,5.33%,
105/09/10,0,0,0,0,23587,16,40,23643,5.33%,5.34%,
105/09/09,20,0,0,20,23587,16,40,23643,5.33%,5.34%,
105/09/08,-16,0,0,-16,23567,16,40,23623,5.32%,5.33%,
105/09/07,41,0,0,41,23583,16,40,23639,5.33%,5.34%,
105/09/06,-10,0,0,-10,23542,16,40,23598,5.32%,5.33%,
105/09/05,-10,0,1,-9,23552,16,40,23608,5.32%,5.33%,
105/09/02,3,0,4,7,23562,16,39,23617,5.32%,5.33%,
105/09/01,-11,0,0,-11,23559,16,35,23610,5.32%,5.33%,
105/08/31,52,0,0,52,23570,16,35,23621,5.32%,5.33%,
105/08/30,-261,0,-5,-266,23518,16,35,23569,5.31%,5.32%,
105/08/29,-25,0,0,-25,23779,16,40,23835,5.37%,5.38%,
105/08/26,-22,0,0,-22,23804,16,40,23860,5.38%,5.39%,
105/08/25,-4,-3,0,-7,23826,16,40,23882,5.38%,5.39%,
105/08/24,0,0,0,0,23830,19,40,23889,5.38%,5.39%,
105/08/23,-9,0,0,-9,23830,19,40,23889,5.38%,5.39%,
105/08/22,-167,0,0,-167,23839,19,40,23898,5.39%,5.40%,
105/08/19,58,0,0,58,24006,19,40,24065,5.42%,5.43%,
105/08/18,100,0,0,100,23948,19,40,24007,5.41%,5.42%,
105/08/17,50,0,-2,48,23848,19,40,23907,5.39%,5.40%,
105/08/16,-31,0,-2,-33,23798,19,42,23859,5.38%,5.39%,
105/08/15,157,0,0,157,23829,19,44,23892,5.38%,5.39%,
105/08/12,211,0,44,255,23672,19,44,23735,5.35%,5.36%,
105/08/11,229,0,-6,223,23461,19,0,23480,5.30%,5.30%,
105/08/10,405,0,0,405,23232,19,2,23253,5.25%,5.25%,
105/08/09,130,0,1,131,22827,19,2,22848,5.16%,5.16%,
105/08/08,119,0,1,120,22697,19,1,22717,5.13%,5.13%,
105/08/05,200,0,-5,195,22578,19,0,22597,5.10%,5.10%,
105/08/04,345,0,-11,334,22378,19,1,22398,5.06%,5.06%,
105/08/03,99,0,-4,95,22033,19,12,22064,4.98%,4.99%,
105/08/02,34,0,0,34,21934,19,16,21969,4.95%,4.96%,
105/08/01,148,0,0,148,21900,19,16,21935,4.95%,4.96%,
105/07/29,148,0,0,148,21752,19,16,21787,4.91%,4.92%,
105/07/28,275,0,0,275,21604,19,16,21639,4.88%,4.89%,
105/07/27,539,0,0,539,21329,19,16,21364,4.82%,4.83%,
105/07/26,247,0,-1,246,20790,19,16,20825,4.70%,4.71%,
105/07/25,72,0,0,72,20543,19,17,20579,4.64%,4.65%,
105/07/22,251,0,1,252,20471,19,17,20507,4.62%,4.63%,
105/07/21,136,0,-47,89,20220,19,16,20255,4.57%,4.58%,
105/07/20,108,0,63,171,20084,19,63,20166,4.54%,4.56%,
105/07/19,55,0,0,55,19976,19,0,19995,4.51%,4.51%,
105/07/18,-57,0,0,-57,19921,19,0,19940,4.50%,4.50%,
105/07/15,103,0,0,103,19978,19,0,19997,4.51%,4.51%,
105/07/14,-243,0,0,-243,19875,19,0,19894,4.49%,4.49%,
105/07/13,-128,0,-3,-131,20118,19,0,20137,4.54%,4.54%,
105/07/12,-139,0,0,-139,20246,19,3,20268,4.57%,4.57%,
105/07/11,-149,0,0,-149,20385,19,3,20407,4.60%,4.60%,
105/07/07,53,0,0,53,20534,19,3,20556,4.64%,4.64%,
105/07/06,-70,0,-1,-71,20481,19,3,20503,4.63%,4.63%,
105/07/05,-177,0,0,-177,20551,19,4,20574,4.64%,4.65%,
105/07/04,-188,0,-1,-189,20728,19,4,20751,4.68%,4.69%,
105/07/01,-94,0,0,-94,20916,19,5,20940,4.72%,4.73%,
105/06/30,-84,0,0,-84,21010,19,5,21034,4.75%,4.76%,
105/06/29,-24,0,0,-24,21094,0,5,21099,4.77%,4.77%,
105/06/28,-107,0,0,-107,21118,0,5,21123,4.77%,4.77%,
105/06/27,-3,-139,-1,-143,21235,0,5,21240,4.80%,4.80%,
105/06/24,-193,-140,-14,-347,21238,0,6,21244,4.80%,4.80%,
105/06/23,-104,0,-1,-105,21431,40,20,21491,4.84%,4.85%,
105/06/22,-109,0,0,-109,21535,40,21,21596,4.86%,4.87%,
105/06/21,-23,0,3,-20,21644,40,21,21705,4.89%,4.90%,
105/06/20,-56,0,10,-46,21767,40,18,21825,4.92%,4.93%,
105/06/17,-20,0,3,-17,21823,40,8,21871,4.93%,4.94%,
105/06/16,-215,0,-10,-225,21843,40,5,21888,4.93%,4.94%,
105/06/15,18,0,1,19,22058,40,15,22113,4.98%,4.99%,
105/06/14,-128,0,0,-128,22040,40,14,22094,4.98%,4.99%,
105/06/13,-96,0,0,-96,22168,40,14,22222,5.01%,5.02%,
105/06/08,-65,0,0,-65,22264,40,14,22318,5.03%,5.04%,
105/06/07,-13,0,-12,-25,22329,40,14,22383,5.04%,5.05%,
105/06/06,-55,0,0,-55,22342,40,26,22408,5.05%,5.06%,
105/06/04,0,0,0,0,22397,40,26,22463,5.06%,5.07%,
105/06/03,218,0,0,218,22397,40,26,22463,5.06%,5.07%,
105/06/02,-47,0,0,-47,22179,40,26,22245,5.01%,5.02%,
105/06/01,11,-30,0,-19,22226,40,26,22292,5.02%,5.03%,
105/05/31,-78,0,0,-78,22215,70,26,22311,5.02%,5.04%,
105/05/30,-13,0,0,-13,22293,70,26,22389,5.04%,5.06%,
105/05/27,-7,0,0,-7,22306,70,26,22402,5.04%,5.06%,
105/05/26,-183,0,12,-171,22313,70,26,22409,5.04%,5.06%,
105/05/25,-20,0,0,-20,22496,70,14,22580,5.08%,5.10%,
105/05/24,-92,0,0,-92,22516,70,14,22600,5.09%,5.11%,
105/05/23,40,0,0,40,22608,70,14,22692,5.11%,5.13%,
105/05/20,-41,0,0,-41,22568,70,14,22652,5.10%,5.12%,
105/05/19,-33,0,0,-33,22609,70,14,22693,5.11%,5.13%,
105/05/18,-52,0,0,-52,22686,70,14,22770,5.12%,5.14%,
105/05/17,9,0,-3,6,22738,70,14,22822,5.14%,5.16%,
105/05/16,-54,0,3,-51,22729,70,17,22816,5.13%,5.15%,
105/05/13,-20,0,0,-20,22783,70,14,22867,5.15%,5.17%,
105/05/12,10,0,0,10,22803,70,14,22887,5.15%,5.17%,
105/05/11,-18,0,0,-18,22793,70,14,22877,5.15%,5.17%,
105/05/10,-3,0,0,-3,22811,70,14,22895,5.15%,5.17%,
105/05/09,-27,0,0,-27,22814,70,14,22898,5.15%,5.17%,
105/05/06,2,0,0,2,22841,70,14,22925,5.16%,5.18%,
105/05/05,-5,0,2,-3,22839,70,14,22923,5.16%,5.18%,
105/05/04,-37,0,1,-36,22800,70,12,22882,5.15%,5.17%,
105/05/03,-79,30,0,-49,22837,70,11,22918,5.16%,5.18%,
105/04/29,-50,0,0,-50,22916,40,11,22967,5.18%,5.19%,
105/04/28,-109,0,1,-108,22966,40,11,23017,5.19%,5.20%,
105/04/27,-71,0,0,-71,23075,40,10,23125,5.21%,5.22%,
105/04/26,-15,0,0,-15,23136,40,10,23186,5.23%,5.24%,
105/04/25,-9,0,0,-9,23151,40,10,23201,5.23%,5.24%,
105/04/22,-47,0,0,-47,23160,40,10,23210,5.23%,5.24%,
105/04/21,7,0,0,7,23207,40,10,23257,5.24%,5.25%,
105/04/20,-108,0,0,-108,23200,40,10,23250,5.24%,5.25%,
105/04/19,-37,0,-7,-44,23308,40,10,23358,5.27%,5.28%,
105/04/18,-33,0,0,-33,23345,40,17,23402,5.27%,5.28%,
105/04/15,22,21,-4,39,23378,40,17,23435,5.28%,5.29%,
105/04/14,21,0,2,23,23356,19,21,23396,5.28%,5.29%,
105/04/13,-19,0,3,-16,23335,19,19,23373,5.27%,5.28%,
105/04/12,-113,0,0,-113,23354,19,16,23389,5.28%,5.29%,
105/04/11,36,0,0,36,23467,19,16,23502,5.30%,5.31%,
105/04/08,-14,0,-2,-16,23431,19,16,23466,5.29%,5.30%,
105/04/07,314,0,3,317,23445,19,18,23482,5.30%,5.31%,
105/04/06,-100,0,-2,-102,23131,19,15,23165,5.23%,5.24%,
105/04/01,151,0,0,151,23231,19,17,23267,5.25%,5.26%,
105/03/31,-43,0,-3,-46,23080,19,17,23116,5.21%,5.22%,
105/03/30,100,0,0,100,23123,6,20,23149,5.22%,5.23%,
105/03/29,-29,0,0,-29,23023,6,20,23049,5.20%,5.21%,
105/03/28,-2,0,3,1,23052,6,20,23078,5.21%,5.22%,
105/03/25,13,0,0,13,23054,6,17,23077,5.21%,5.22%,
105/03/24,63,0,0,63,23041,6,17,23064,5.21%,5.22%,
105/03/23,-63,0,0,-63,22978,6,17,23001,5.19%,5.20%,
105/03/22,28,0,0,28,23041,6,17,23064,5.21%,5.22%,
105/03/21,-37,0,0,-37,23013,6,17,23036,5.20%,5.21%,
105/03/18,40,0,-25,15,23050,6,17,23073,5.21%,5.22%,
105/03/17,-49,0,-125,-174,23010,6,42,23058,5.20%,5.21%,
105/03/16,59,0,10,69,23059,6,167,23232,5.21%,5.25%,
105/03/15,-50,0,0,-50,23000,6,157,23163,5.20%,5.24%,
105/03/14,41,0,0,41,23050,6,157,23213,5.21%,5.25%,
105/03/11,-22,0,3,-19,23009,6,157,23172,5.20%,5.24%,
105/03/10,123,0,0,123,23031,6,154,23191,5.20%,5.24%,
105/03/09,68,0,0,68,22908,6,154,23068,5.18%,5.22%,
105/03/08,-14,0,-1,-15,22840,6,154,23000,5.16%,5.20%,
105/03/07,-138,0,0,-138,22901,6,155,23062,5.17%,5.21%,
105/03/04,-31,0,7,-24,23039,6,155,23200,5.20%,5.24%,
105/03/03,-66,0,0,-66,23070,6,148,23224,5.21%,5.24%,
105/03/02,-29,0,0,-29,23136,6,148,23290,5.23%,5.26%,
105/03/01,-9,0,12,3,23165,6,148,23319,5.23%,5.26%,
105/02/26,-15,0,0,-15,23174,6,136,23316,5.24%,5.27%,
105/02/25,33,0,1,34,23189,6,136,23331,5.24%,5.27%,
105/02/24,-19,0,-10,-29,23156,6,135,23297,5.23%,5.26%,
105/02/23,-63,0,-1,-64,23175,6,145,23326,5.24%,5.27%,
105/02/22,-68,0,5,-63,23238,6,146,23390,5.25%,5.28%,
105/02/19,-45,0,0,-45,23306,6,141,23453,5.27%,5.30%,
105/02/18,0,0,16,16,23351,6,141,23498,5.28%,5.31%,
105/02/17,11,0,6,17,23387,6,125,23518,5.28%,5.31%,
105/02/16,20,0,6,26,23376,6,119,23501,5.28%,5.31%,
105/02/15,10,0,0,10,23356,6,113,23475,5.28%,5.31%,
105/02/03,-4,0,20,16,23346,6,113,23465,5.27%,5.30%,
105/02/02,7,0,9,16,23350,6,93,23449,5.28%,5.30%,
105/02/01,75,-35,7,47,23343,6,84,23433,5.27%,5.29%,
105/01/30,0,19,0,19,23268,41,77,23386,5.26%,5.29%,
105/01/29,149,0,30,179,23268,22,77,23367,5.26%,5.28%,
105/01/28,-10,0,2,-8,23119,22,47,23188,5.22%,5.24%,
105/01/27,5,0,0,5,23129,22,45,23196,5.23%,5.25%,
105/01/26,-14,0,-60,-74,23124,22,45,23191,5.22%,5.24%,
105/01/25,-54,0,0,-54,23138,22,105,23265,5.23%,5.26%,
105/01/22,-18,0,0,-18,23192,22,105,23319,5.24%,5.27%,
105/01/21,-39,0,9,-30,23210,22,105,23337,5.24%,5.27%,
105/01/20,-71,-16,2,-85,23249,22,96,23367,5.25%,5.28%,
105/01/19,-14,-1,1,-14,23320,38,94,23452,5.27%,5.30%,
105/01/18,12,0,2,14,23334,39,93,23466,5.27%,5.30%,
105/01/15,-19,-16,-11,-46,23322,39,91,23452,5.27%,5.30%,
105/01/14,-43,0,0,-43,23341,55,102,23498,5.27%,5.31%,
105/01/13,-80,0,0,-80,23384,55,102,23541,5.28%,5.32%,
105/01/12,-24,0,-14,-38,23463,55,102,23620,5.30%,5.34%,
105/01/11,8,0,0,8,23487,55,116,23658,5.31%,5.35%,
105/01/08,3,0,0,3,23479,55,116,23650,5.30%,5.34%,
105/01/07,-151,0,0,-151,23476,55,116,23647,5.30%,5.34%,
105/01/06,0,0,0,0,23544,55,116,23715,5.32%,5.36%,
105/01/05,24,0,-1,23,23544,55,116,23715,5.32%,5.36%,
105/01/04,-85,35,-6,-56,23520,55,117,23692,5.31%,5.35%,
104/12/31,-10,0,-1,-11,23605,20,123,23748,5.33%,5.36%,
104/12/30,-28,0,6,-22,23615,222,124,23961,5.34%,5.42%,
104/12/29,-4,94,11,101,23643,222,118,23983,5.34%,5.42%,
104/12/28,12,94,2,108,23647,128,107,23882,5.34%,5.39%,
104/12/25,26,0,0,26,23635,34,105,23774,5.34%,5.37%,
104/12/24,-8,0,2,-6,23609,34,105,23748,5.33%,5.36%,
104/12/23,-11,0,-3,-14,23617,34,103,23754,5.34%,5.37%,
104/12/22,-18,0,0,-18,23628,34,106,23768,5.34%,5.37%,
104/12/21,-9,0,-5,-14,23646,34,106,23786,5.34%,5.37%,
104/12/18,29,0,0,29,23655,34,111,23800,5.34%,5.37%,
104/12/17,16,0,11,27,23626,34,111,23771,5.34%,5.37%,
104/12/16,14,0,24,38,23610,34,100,23744,5.33%,5.36%,
104/12/15,11,0,-1,10,23596,34,76,23706,5.33%,5.35%,
104/12/14,92,0,2,94,23585,34,77,23696,5.33%,5.36%,
104/12/11,11,0,0,11,23493,34,75,23602,5.31%,5.33%,
104/12/10,-9,0,8,-1,23482,34,75,23591,5.31%,5.33%,
104/12/09,85,0,-6,79,23491,34,67,23592,5.31%,5.33%,
104/12/08,8,0,0,8,23406,34,73,23513,5.29%,5.31%,
104/12/07,41,0,9,50,23398,34,73,23505,5.29%,5.31%,
104/12/04,35,0,-4,31,23357,34,64,23455,5.28%,5.30%,
104/12/03,24,0,2,26,23322,34,68,23424,5.27%,5.29%,
104/12/02,92,0,-1,91,23298,34,66,23398,5.26%,5.28%,
104/12/01,-31,0,4,-27,23206,34,67,23307,5.24%,5.26%,
104/11/30,-6,0,-1,-7,23237,34,63,23334,5.25%,5.27%,
104/11/27,8,0,10,18,23243,34,64,23341,5.25%,5.27%,
104/11/26,62,0,20,82,23235,34,54,23323,5.25%,5.27%,
104/11/25,25,0,2,27,23173,34,34,23241,5.24%,5.26%,
104/11/24,47,0,0,47,23148,34,32,23214,5.23%,5.24%,
104/11/23,-3,0,1,-2,23101,34,32,23167,5.22%,5.23%,
104/11/20,58,0,0,58,23104,34,31,23169,5.22%,5.23%,
104/11/19,-19,0,0,-19,23046,34,31,23111,5.21%,5.22%,
104/11/18,23,0,0,23,23065,34,31,23130,5.21%,5.22%,
104/11/17,24,0,-2,22,23042,34,31,23107,5.21%,5.22%,
104/11/16,3,0,-2,1,23018,34,33,23085,5.20%,5.22%,
104/11/13,22,0,-2,20,23015,34,35,23084,5.20%,5.22%,
104/11/12,-31,0,0,-31,22993,34,37,23064,5.19%,5.21%,
104/11/11,-11,0,10,-1,23024,34,37,23095,5.20%,5.22%,
104/11/10,23,0,16,39,23035,34,27,23096,5.20%,5.21%,
104/11/09,-10,0,0,-10,23012,34,11,23057,5.20%,5.21%,
104/11/06,11,0,0,11,23022,34,11,23067,5.20%,5.21%,
104/11/05,34,0,0,34,23011,34,11,23056,5.20%,5.21%,
104/11/04,110,8,1,119,22977,34,11,23022,5.19%,5.20%,
104/11/03,139,0,-1,138,22867,26,10,22903,5.17%,5.18%,
104/11/02,134,0,0,134,22728,26,11,22765,5.13%,5.14%,
104/10/30,-17,0,1,-16,22594,26,11,22631,5.10%,5.11%,
104/10/29,0,0,-14,-14,22611,26,10,22647,5.11%,5.12%,
104/10/28,29,0,-13,16,22611,26,24,22661,5.11%,5.12%,
104/10/27,92,0,-46,46,22582,26,37,22645,5.10%,5.11%,
104/10/26,115,0,-6,109,22490,26,83,22599,5.08%,5.10%,
104/10/23,132,0,55,187,22375,26,89,22490,5.05%,5.08%,
104/10/22,64,0,21,85,22243,26,34,22303,5.02%,5.03%,
104/10/21,-4,0,9,5,22179,26,13,22218,5.01%,5.02%,
104/10/20,51,0,0,51,22183,26,4,22213,5.01%,5.02%,
104/10/19,30,0,0,30,22132,26,4,22162,5.00%,5.01%,
104/10/16,53,0,0,53,22102,26,4,22132,4.99%,5.00%,
104/10/15,25,0,0,25,22049,26,4,22079,4.98%,4.99%,
104/10/14,62,0,0,62,22024,26,4,22054,4.98%,4.99%,
104/10/13,35,0,0,35,21962,26,4,21992,4.96%,4.97%,
104/10/12,69,0,0,69,21927,26,4,21957,4.95%,4.96%,
104/10/08,22,0,-2,20,21858,26,4,21888,4.94%,4.95%,
104/10/07,110,0,0,110,21836,26,6,21868,4.93%,4.94%,
104/10/06,62,0,-1,61,21726,26,6,21758,4.91%,4.92%,
104/10/05,20,1,3,24,21664,26,7,21697,4.89%,4.90%,
104/10/02,71,7,0,78,21644,25,4,21673,4.89%,4.90%,
104/10/01,86,0,1,87,21573,18,4,21595,4.87%,4.87%,
104/09/30,39,0,3,42,21487,18,3,21508,4.85%,4.85%,
104/09/25,10,0,0,10,21448,0,0,21448,4.84%,4.84%,
104/09/24,83,0,-22,61,21438,0,0,21438,4.84%,4.84%,
104/09/23,-37,0,1,-36,21355,0,18,21373,4.82%,4.82%,
104/09/22,97,0,1,98,21392,0,17,21409,4.83%,4.83%,
104/09/21,-15,-101,-5,-121,21295,0,16,21311,4.81%,4.81%,
104/09/18,21,0,0,21,21310,3,21,21334,4.81%,4.82%,
104/09/17,169,0,-18,151,21289,3,21,21313,4.81%,4.82%,
104/09/16,174,0,7,181,21120,3,39,21162,4.77%,4.78%,
104/09/15,22,0,1,23,20946,3,32,20981,4.73%,4.74%,
104/09/14,66,0,3,69,20924,3,31,20958,4.73%,4.74%,
104/09/11,40,0,-11,29,20858,3,28,20889,4.71%,4.72%,
104/09/10,51,0,-4,47,20818,3,39,20860,4.70%,4.71%,
104/09/09,89,0,15,104,20767,3,43,20813,4.69%,4.70%,
104/09/08,3,0,-2,1,20678,3,28,20709,4.67%,4.68%,
104/09/07,17,1,0,18,20677,3,30,20710,4.67%,4.68%,
104/09/04,116,-5,0,111,20660,2,30,20692,4.67%,4.68%,
104/09/03,-58,0,23,-35,20544,7,30,20581,4.64%,4.65%,
104/09/02,76,0,0,76,20602,7,7,20616,4.65%,4.65%,
104/09/01,19,-23,0,-4,20526,7,7,20540,4.64%,4.64%,
104/08/31,22,-14,-1,7,20507,30,7,20544,4.63%,4.64%,
104/08/28,43,0,-2,41,20485,44,8,20537,4.63%,4.64%,
104/08/27,19,0,-15,4,20442,44,10,20496,4.62%,4.63%,
104/08/26,-146,0,-4,-150,20423,44,25,20492,4.61%,4.63%,
104/08/25,38,0,0,38,20569,44,29,20642,4.65%,4.67%,
104/08/24,-251,0,-7,-258,20531,44,29,20604,4.64%,4.66%,
104/08/21,-105,0,-1,-106,20782,44,36,20862,4.69%,4.71%,
104/08/20,-128,0,-4,-132,20887,44,37,20968,4.72%,4.74%,
104/08/19,-206,0,-1,-207,21015,44,41,21100,4.75%,4.77%,
104/08/18,12,0,0,12,21221,44,42,21307,4.79%,4.81%,
104/08/17,4,0,-1,3,21209,44,42,21295,4.79%,4.81%,
104/08/14,-9,0,-8,-17,21205,44,43,21292,4.79%,4.81%,
104/08/13,65,0,-15,50,21212,44,51,21307,4.79%,4.81%,
104/08/12,7,3,29,39,21147,44,66,21257,4.78%,4.80%,
104/08/11,-27,0,-25,-52,21140,41,37,21218,4.78%,4.80%,
104/08/10,7,0,-5,2,21167,41,62,21270,4.78%,4.80%,
104/08/07,47,0,2,49,21160,41,67,21268,4.78%,4.80%,
104/08/06,-1,0,5,4,21113,41,65,21219,4.77%,4.79%,
104/08/05,82,0,-1,81,21114,41,60,21215,4.77%,4.79%,
104/08/04,-11,0,16,5,21032,41,61,21134,4.75%,4.77%,
104/08/03,-38,0,-9,-47,21043,41,45,21129,4.75%,4.77%,
104/07/31,-124,0,-10,-134,21081,41,54,21176,4.76%,4.78%,
104/07/30,47,0,-2,45,21205,41,64,21310,4.79%,4.81%,
104/07/29,36,0,0,36,21158,41,66,21265,4.78%,4.80%,
104/07/28,111,0,11,122,21122,41,66,21229,4.77%,4.79%,
104/07/27,-13,0,21,8,21011,41,55,21107,4.75%,4.77%,
104/07/24,-25,21,2,-2,21024,41,34,21099,4.75%,4.77%,
104/07/23,23,0,-2,21,21049,20,32,21101,4.75%,4.76%,
104/07/22,-107,0,13,-94,21026,20,34,21080,4.75%,4.76%,
104/07/21,-13,0,-1,-14,21133,20,21,21174,4.77%,4.78%,
104/07/20,4,0,-2,2,21146,20,22,21188,4.78%,4.79%,
104/07/17,-2,0,0,-2,21142,20,24,21186,4.78%,4.79%,
104/07/16,36,0,0,36,21144,20,24,21188,4.78%,4.79%,
104/07/15,-56,0,-1,-57,21108,20,24,21152,4.77%,4.78%,
104/07/14,-34,0,-4,-38,21164,20,25,21209,4.78%,4.79%,
104/07/13,41,0,-6,35,21198,20,29,21247,4.79%,4.80%,
104/07/09,12,0,9,21,21157,20,35,21212,4.78%,4.79%,
104/07/08,106,0,4,110,21145,20,26,21191,4.78%,4.79%,
104/07/07,49,0,-3,46,21039,20,22,21081,4.75%,4.76%,
104/07/06,167,0,3,170,20990,20,25,21035,4.74%,4.75%,
104/07/03,-7,0,0,-7,20823,20,22,20865,4.70%,4.71%,
104/07/02,3,0,-4,-1,20830,20,22,20872,4.71%,4.72%,
104/07/01,39,0,-3,36,20827,20,26,20873,4.70%,4.71%,
104/06/30,54,0,0,54,20788,20,29,20837,4.70%,4.71%,
104/06/29,-34,0,7,-27,20734,110,29,20873,4.68%,4.71%,
104/06/26,-10,0,0,-10,20768,110,22,20900,4.69%,4.72%,
104/06/25,43,0,0,43,20778,110,22,20910,4.69%,4.72%,
104/06/24,-23,0,0,-23,20735,110,22,20867,4.68%,4.71%,
104/06/23,28,0,-27,1,20758,110,22,20890,4.69%,4.72%,
104/06/22,-111,6,-2,-107,20730,110,49,20889,4.68%,4.72%,
104/06/18,-4,0,-6,-10,20881,104,51,21036,4.72%,4.76%,
104/06/17,-321,0,15,-306,20885,104,57,21046,4.72%,4.76%,
104/06/16,-57,0,10,-47,21206,104,42,21352,4.79%,4.82%,
104/06/15,26,0,0,26,21263,104,32,21399,4.80%,4.83%,
104/06/12,44,0,0,44,21237,104,32,21373,4.80%,4.83%,
104/06/11,-130,0,13,-117,21193,104,32,21329,4.79%,4.82%,
104/06/10,53,0,1,54,21323,104,19,21446,4.82%,4.85%,
104/06/09,-83,0,-275,-358,21270,104,18,21392,4.80%,4.83%,
104/06/08,0,0,1,1,21353,104,293,21750,4.82%,4.91%,
104/06/05,-128,-6,-5,-139,21353,104,292,21749,4.82%,4.91%,
104/06/04,-93,-5,30,-68,21481,110,297,21888,4.85%,4.94%,
104/06/03,512,0,250,762,21574,115,267,21956,4.87%,4.96%,
104/06/02,398,0,-1,397,21062,115,17,21194,4.76%,4.79%,
104/06/01,455,0,1,456,20664,115,18,20797,4.67%,4.70%,
104/05/29,175,0,0,175,20209,115,17,20341,4.56%,4.59%,
104/05/28,251,-1,0,250,20034,115,17,20166,4.53%,4.56%,
104/05/27,-8,0,0,-8,19783,116,17,19916,4.47%,4.50%,
104/05/26,-25,0,0,-25,19791,116,17,19924,4.47%,4.50%,
104/05/25,-59,0,0,-59,19816,116,17,19949,4.48%,4.51%,
104/05/22,-59,0,-5,-64,19875,116,17,20008,4.49%,4.52%,
104/05/21,-108,0,-18,-126,19934,116,22,20072,4.50%,4.53%,
104/05/20,-209,0,-3,-212,20042,116,40,20198,4.53%,4.57%,
104/05/19,-69,0,-4,-73,20251,116,43,20410,4.57%,4.61%,
104/05/18,-125,0,-29,-154,20320,116,47,20483,4.59%,4.63%,
104/05/15,56,0,-121,-65,20445,116,76,20637,4.62%,4.66%,
104/05/14,-15,2,-3,-16,20389,116,197,20702,4.61%,4.68%,
104/05/13,105,0,10,115,20404,114,200,20718,4.61%,4.68%,
104/05/12,145,0,76,221,20299,114,190,20603,4.59%,4.66%,
104/05/11,0,1,1,2,20154,114,114,20382,4.55%,4.60%,
104/05/08,327,0,20,347,20154,113,113,20380,4.55%,4.60%,
104/05/07,416,0,30,446,19827,113,93,20033,4.48%,4.53%,
104/05/06,361,0,8,369,19411,113,63,19587,4.38%,4.42%,
104/05/05,91,0,2,93,19050,113,55,19218,4.30%,4.34%,
104/05/04,12,0,-1,11,18959,113,53,19125,4.28%,4.32%,
104/04/30,176,-1,0,175,18947,113,54,19114,4.28%,4.32%,
104/04/29,232,0,15,247,18771,114,54,18939,4.24%,4.28%,
104/04/28,241,-2,0,239,18538,114,39,18691,4.19%,4.22%,
104/04/27,53,0,3,56,18297,116,39,18452,4.13%,4.17%,
104/04/24,299,0,12,311,18244,116,36,18396,4.12%,4.15%,
104/04/23,41,0,1,42,17945,116,24,18085,4.05%,4.08%,
104/04/22,42,0,1,43,17904,116,23,18043,4.04%,4.07%,
104/04/21,64,0,1,65,17862,116,22,18000,4.03%,4.06%,
104/04/20,139,-1,4,142,17798,116,21,17935,4.02%,4.05%,
104/04/17,108,0,0,108,17659,117,17,17793,3.99%,4.02%,
104/04/16,-112,0,-28,-140,17551,117,17,17685,3.96%,3.99%,
104/04/15,-197,90,0,-107,17663,117,45,17825,3.99%,4.03%,
104/04/14,60,0,-225,-165,17860,27,45,17932,4.03%,4.05%,
104/04/13,3,0,-31,-28,17800,27,270,18097,4.02%,4.09%,
104/04/10,37,0,91,128,17797,27,301,18125,4.02%,4.09%,
104/04/09,35,0,167,202,17760,27,210,17997,4.01%,4.06%,
104/04/08,-101,0,0,-101,17725,27,43,17795,4.00%,4.02%,
104/04/07,31,0,0,31,17826,27,43,17896,4.03%,4.05%,
104/04/02,6,0,0,6,17795,27,43,17865,4.02%,4.04%,
104/04/01,-106,0,0,-106,17789,27,43,17859,4.02%,4.04%,
104/03/31,40,0,-1,39,17895,27,43,17965,4.04%,4.06%,
104/03/30,-59,0,4,-55,17855,4,44,17903,4.03%,4.04%,
104/03/27,38,0,2,40,17914,4,40,17958,4.05%,4.06%,
104/03/26,12,0,3,15,17892,4,38,17934,4.04%,4.05%,
104/03/25,-56,0,7,-49,17880,4,35,17919,4.04%,4.05%,
104/03/24,-10,-1,0,-11,17936,4,28,17968,4.05%,4.06%,
104/03/23,-43,-1,0,-44,17946,5,28,17979,4.05%,4.06%,
104/03/20,-66,-1,-3,-70,17989,6,28,18023,4.06%,4.07%,
104/03/19,-14,-1,0,-15,18055,7,31,18093,4.08%,4.09%,
104/03/18,-12,0,14,2,18069,8,31,18108,4.08%,4.09%,
104/03/17,43,0,3,46,18081,8,17,18106,4.08%,4.09%,
104/03/16,-5,1,14,10,18038,8,14,18060,4.07%,4.07%,
104/03/13,6,0,0,6,18043,7,0,18050,4.08%,4.08%,
104/03/12,-24,0,0,-24,18037,7,0,18044,4.07%,4.07%,
104/03/11,-77,0,0,-77,18061,7,0,18068,4.08%,4.08%,
104/03/10,-40,0,-4,-44,18138,7,0,18145,4.10%,4.10%,
104/03/09,15,-1,-4,10,18178,7,0,18185,4.11%,4.11%,
104/03/06,10,2,-6,6,18163,8,3,18174,4.10%,4.10%,
104/03/05,-52,-1,-3,-56,18153,6,9,18168,4.10%,4.10%,
104/03/04,-31,2,0,-29,18205,7,12,18224,4.11%,4.11%,
104/03/03,-3,0,-7,-10,18236,5,12,18253,4.12%,4.12%,
104/03/02,-12,0,2,-10,18239,5,19,18263,4.12%,4.13%,
104/02/26,-23,-1,0,-24,18251,5,17,18273,4.12%,4.12%,
104/02/25,-17,0,-3,-20,18274,6,17,18297,4.13%,4.14%,
104/02/24,3,0,9,12,18291,6,20,18317,4.13%,4.14%,
104/02/13,-26,-2,-15,-43,18288,6,11,18305,4.13%,4.13%,
104/02/12,-15,0,0,-15,18314,8,26,18348,4.14%,4.15%,
104/02/11,-29,0,0,-29,18329,8,26,18363,4.14%,4.15%,
104/02/10,43,0,21,64,18358,8,26,18392,4.15%,4.16%,
104/02/09,-31,-2,0,-33,18315,8,5,18328,4.14%,4.14%,
104/02/06,-13,0,-3,-16,18346,10,5,18361,4.14%,4.14%,
104/02/05,2,0,0,2,18359,10,8,18377,4.15%,4.15%,
104/02/04,26,0,0,26,18357,10,8,18375,4.15%,4.15%,
104/02/03,-50,0,1,-49,18331,10,8,18349,4.14%,4.14%,
104/02/02,-19,0,-2,-21,18381,10,7,18398,4.15%,4.15%,
104/01/30,9,-3,0,6,18400,10,9,18419,4.16%,4.16%,
104/01/29,-27,0,0,-27,18391,13,9,18413,4.15%,4.15%,
104/01/28,4,0,-4,0,18418,13,9,18440,4.16%,4.16%,
104/01/27,10,0,-1,9,18414,13,13,18440,4.16%,4.17%,
104/01/26,-52,0,14,-38,18404,13,14,18431,4.16%,4.17%,
104/01/23,38,0,0,38,18456,13,0,18469,4.17%,4.17%,
104/01/22,28,-10,-6,12,18418,13,0,18431,4.16%,4.16%,
104/01/21,52,0,0,52,18390,23,5,18418,4.15%,4.16%,
104/01/20,74,0,0,74,18338,23,5,18366,4.14%,4.15%,
104/01/19,0,-1,-6,-7,18264,23,5,18292,4.13%,4.14%,
104/01/16,-58,0,3,-55,18264,24,11,18299,4.13%,4.14%,
104/01/15,-18,0,0,-18,18322,24,8,18354,4.14%,4.15%,
104/01/14,24,0,0,24,18340,24,8,18372,4.14%,4.15%,
104/01/13,30,0,-1,29,18316,24,8,18348,4.14%,4.15%,
104/01/12,-24,0,0,-24,18286,24,9,18319,4.13%,4.14%,
104/01/09,-7,0,4,-3,18310,24,9,18343,4.14%,4.15%,
104/01/08,26,0,0,26,18317,24,5,18346,4.14%,4.15%,
104/01/07,4,0,4,8,18291,24,5,18320,4.13%,4.14%,
104/01/06,-58,0,0,-58,18287,24,1,18312,4.13%,4.14%,
104/01/05,-61,0,1,-60,18345,24,1,18370,4.14%,4.15%,
