日期,外資買賣超,投信買賣超,自營商買賣超,單日合計買賣超,外資估計持股,投信估計持股,自營商估計持股,單日合計估計持股,外資持股比重,三大法人持股比重,
107/03/31,0,0,0,0,5902,655,32,6589,6.59%,7.33%,
107/03/30,143,0,0,143,5902,655,32,6589,6.59%,7.33%,
107/03/29,397,0,3,400,5759,655,32,6446,6.43%,7.17%,
107/03/28,-12,0,0,-12,5337,655,29,6021,5.96%,6.70%,
107/03/27,-251,0,-1,-252,5403,655,29,6087,6.03%,6.77%,
107/03/26,33,0,0,33,5670,655,30,6355,6.33%,7.07%,
107/03/23,54,0,0,54,5620,655,30,6305,6.27%,7.01%,
107/03/22,-73,0,0,-73,5578,655,30,6263,6.23%,6.97%,
107/03/21,-54,0,0,-54,5651,655,30,6336,6.31%,7.05%,
107/03/20,-26,0,0,-26,5718,655,30,6403,6.38%,7.12%,
107/03/19,-302,0,1,-301,5759,655,30,6444,6.43%,7.17%,
107/03/16,101,-79,-4,18,6044,655,29,6728,6.75%,7.49%,
107/03/15,40,0,0,40,6178,734,33,6945,6.90%,7.72%,
107/03/14,150,0,-1,149,6156,734,33,6923,6.87%,7.69%,
107/03/13,112,0,0,112,6008,734,34,6776,6.71%,7.54%,
107/03/12,-121,0,2,-119,5898,734,34,6666,6.58%,7.41%,
107/03/09,14,0,-20,-6,5999,734,32,6765,6.70%,7.52%,
107/03/08,-27,0,20,-7,5985,734,52,6771,6.68%,7.53%,
107/03/07,-298,0,1,-297,6018,734,32,6784,6.72%,7.54%,
107/03/06,22,0,-2,20,6316,734,31,7081,7.05%,7.87%,
107/03/05,31,0,0,31,6294,734,33,7061,7.03%,7.85%,
107/03/02,2,0,0,2,6262,734,33,7029,6.99%,7.81%,
107/03/01,19,0,0,19,6260,734,33,7027,6.99%,7.81%,
107/02/27,-95,-231,1,-325,6242,734,33,7009,6.97%,7.79%,
107/02/26,-39,0,0,-39,6368,965,32,7365,7.11%,8.18%,
107/02/23,-1,0,0,-1,6407,965,32,7404,7.15%,8.22%,
107/02/22,48,0,0,48,6438,965,32,7435,7.19%,8.26%,
107/02/21,8,0,0,8,6390,965,32,7387,7.13%,8.20%,
107/02/12,-16,0,-2,-18,6382,965,32,7379,7.12%,8.19%,
107/02/09,-37,0,-7,-44,6478,965,34,7477,7.23%,8.30%,
107/02/08,-89,0,-2,-91,6515,965,41,7521,7.27%,8.35%,
107/02/07,408,0,1,409,6604,965,43,7612,7.37%,8.45%,
107/02/06,25,0,-29,-4,6180,965,42,7187,6.90%,7.98%,
107/02/05,-51,-315,-10,-376,6155,965,71,7191,6.87%,7.98%,
107/02/02,-158,-343,-27,-528,6209,1280,81,7570,6.93%,8.39%,
107/02/01,-206,-346,-18,-570,6367,1623,108,8098,7.11%,8.97%,
107/01/31,-178,0,-24,-202,6571,1969,126,8666,7.34%,9.59%,
107/01/30,-29,0,-11,-40,6743,1969,150,8862,7.53%,9.81%,
107/01/29,-76,0,-60,-136,6712,1969,161,8842,7.49%,9.78%,
107/01/26,-163,0,-6,-169,6778,1969,221,8968,7.57%,9.92%,
107/01/25,19,0,0,19,6787,1969,227,8983,7.58%,9.94%,
107/01/24,19,0,-28,-9,6768,1969,227,8964,7.56%,9.92%,
107/01/23,-12,0,7,-5,6739,1969,255,8963,7.52%,9.91%,
107/01/22,42,268,20,330,6741,1969,248,8958,7.53%,9.91%,
107/01/19,65,0,-1,64,6708,1701,228,8637,7.49%,9.56%,
107/01/18,170,-18,0,152,6664,1701,229,8594,7.44%,9.52%,
107/01/17,-104,-38,-38,-180,6485,1719,229,8433,7.24%,9.33%,
107/01/16,-293,-9,-1,-303,6608,1757,267,8632,7.38%,9.56%,
107/01/15,-4,5,-102,-101,7079,1766,268,9113,7.90%,10.09%,
107/01/12,16,0,-384,-368,7187,1761,370,9318,8.02%,10.31%,
107/01/11,-46,0,-60,-106,7073,1761,754,9588,7.90%,10.60%,
107/01/10,-977,-50,-478,-1505,7102,1761,814,9677,7.93%,10.70%,
107/01/09,-599,0,-81,-680,8151,1811,1292,11254,9.10%,12.44%,
107/01/08,-283,0,9,-274,8766,1811,1373,11950,9.79%,13.21%,
107/01/05,-59,0,-16,-75,9041,1811,1364,12216,10.10%,13.51%,
107/01/04,-11,0,-3,-14,9176,1811,1380,12367,10.25%,13.68%,
107/01/03,-19,0,5,-14,9186,1811,1383,12380,10.26%,13.69%,
107/01/02,-4,20,40,56,9205,1811,1378,12394,10.28%,13.71%,
106/12/29,72,35,7,114,9209,1791,1338,12338,10.28%,13.64%,
106/12/28,-20,35,0,15,9215,1550,1331,12096,10.29%,13.39%,
106/12/27,-46,0,-8,-54,9335,1515,1331,12181,10.42%,13.48%,
106/12/26,-5,0,-19,-24,9373,1515,1339,12227,10.47%,13.54%,
106/12/25,32,0,19,51,9378,1515,1358,12251,10.47%,13.56%,
106/12/22,37,0,88,125,9365,1515,1339,12219,10.46%,13.53%,
106/12/21,34,0,18,52,9327,1515,1251,12093,10.42%,13.39%,
106/12/20,88,0,42,130,9228,1515,1233,11976,10.31%,13.26%,
106/12/19,-14,0,-10,-24,9140,1515,1191,11846,10.21%,13.12%,
106/12/18,53,0,67,120,9142,1515,1201,11858,10.21%,13.13%,
106/12/15,0,0,19,19,9089,1515,1134,11738,10.15%,13.00%,
106/12/14,39,0,-43,-4,9089,1515,1115,11719,10.15%,12.98%,
106/12/13,0,0,-6,-6,9009,1515,1158,11682,10.06%,12.93%,
106/12/12,12,-100,43,-45,8988,1515,1164,11667,10.04%,12.92%,
106/12/11,0,0,174,174,8972,1615,1121,11708,10.02%,12.96%,
106/12/08,10,0,170,180,8945,1615,947,11507,9.99%,12.74%,
106/12/07,-54,0,67,13,8935,1615,777,11327,9.98%,12.55%,
106/12/06,-62,0,159,97,8935,1615,710,11260,9.98%,12.48%,
106/12/05,-27,0,4,-23,8997,1615,551,11163,10.05%,12.38%,
106/12/04,-70,0,-172,-242,9074,1615,547,11236,10.13%,12.45%,
106/12/01,-128,0,-7,-135,9041,1615,719,11375,10.10%,12.61%,
106/11/30,-60,0,-100,-160,9266,1615,726,11607,10.35%,12.87%,
106/11/29,-38,0,-6,-44,9314,1615,826,11755,10.40%,13.02%,
106/11/28,-62,0,-4,-66,9257,1615,832,11704,10.34%,12.97%,
106/11/27,-48,0,1,-47,9291,1615,836,11742,10.38%,13.02%,
106/11/24,-24,0,-1,-25,9315,1615,835,11765,10.40%,13.03%,
106/11/23,-80,-170,5,-245,9308,1615,836,11759,10.39%,13.03%,
106/11/22,-88,0,-15,-103,9251,1785,831,11867,10.33%,13.14%,
106/11/21,-151,0,2,-149,9250,1785,846,11881,10.33%,13.16%,
106/11/20,37,-100,-24,-87,9346,1785,844,11975,10.44%,13.27%,
106/11/17,188,-100,-3,85,9300,1885,868,12053,10.39%,13.35%,
106/11/16,-8,-100,-2,-110,9059,1985,871,11915,10.12%,13.19%,
106/11/15,-93,0,-2,-95,9056,2085,873,12014,10.11%,13.29%,
106/11/14,-44,0,-7,-51,9070,2085,875,12030,10.13%,13.31%,
106/11/13,-110,-207,-9,-326,9123,2085,882,12090,10.19%,13.38%,
106/11/10,164,5,-5,164,9266,2292,891,12449,10.35%,13.77%,
106/11/09,-73,363,-53,237,9071,2287,896,12254,10.13%,13.55%,
106/11/08,146,185,-82,249,9120,1924,949,11993,10.18%,13.27%,
106/11/07,42,145,-21,166,8913,1739,1031,11683,9.95%,12.93%,
106/11/06,21,0,3,24,8825,1594,1052,11471,9.86%,12.70%,
106/11/03,73,0,-57,16,8804,1594,1049,11447,9.83%,12.67%,
106/11/02,98,12,92,202,8731,1594,1106,11431,9.75%,12.65%,
106/11/01,27,20,-4,43,8633,1582,1014,11229,9.64%,12.43%,
106/10/31,34,15,-24,25,8606,1562,1018,11186,9.61%,12.38%,
106/10/30,53,35,50,138,8608,1547,1042,11197,9.61%,12.39%,
106/10/27,15,0,6,21,8555,1512,992,11059,9.55%,12.24%,
106/10/26,-82,10,-1,-73,8540,1512,986,11038,9.54%,12.23%,
106/10/25,54,353,-23,384,8622,1502,987,11111,9.63%,12.31%,
106/10/24,135,115,259,509,8568,1149,1010,10727,9.57%,11.89%,
106/10/23,-16,0,0,-16,8373,1034,751,10158,9.35%,11.27%,
106/10/20,96,0,61,157,8389,1034,751,10174,9.37%,11.29%,
106/10/19,48,0,-7,41,8257,1034,690,9981,9.22%,11.07%,
106/10/18,28,-1,7,34,8289,1034,697,10020,9.26%,11.12%,
106/10/17,-6,-80,0,-86,8261,1035,690,9986,9.22%,11.07%,
106/10/16,8,0,0,8,8267,1115,690,10072,9.23%,11.17%,
106/10/13,61,0,-1,60,8259,1115,690,10064,9.22%,11.16%,
106/10/12,27,0,-137,-110,8198,1115,691,10004,9.15%,11.09%,
106/10/11,6,0,80,86,8171,1115,828,10114,9.12%,11.21%,
106/10/06,-1,0,10,9,8150,1115,748,10013,9.10%,11.10%,
106/10/05,16,25,8,49,8151,1115,738,10004,9.10%,11.09%,
106/10/03,-89,133,25,69,8135,1090,730,9955,9.08%,11.10%,
106/10/02,19,75,55,149,8204,957,705,9866,9.16%,11.01%,
106/09/30,5,-9,0,-4,8185,882,650,9717,9.14%,10.84%,
106/09/29,-31,-50,0,-81,8180,26,650,8856,9.13%,9.88%,
106/09/28,-26,-68,0,-94,8195,76,650,8921,9.15%,9.96%,
106/09/27,-5,-58,0,-63,8220,144,650,9014,9.18%,10.06%,
106/09/26,-54,-161,1,-214,8221,202,650,9073,9.18%,10.13%,
106/09/25,16,-187,-2,-173,8273,363,649,9285,9.24%,10.37%,
106/09/22,-36,-119,0,-155,8250,550,651,9451,9.21%,10.55%,
106/09/21,-12,-100,0,-112,8281,669,651,9601,9.25%,10.72%,
106/09/20,-6,-102,0,-108,8271,769,651,9691,9.24%,10.82%,
106/09/19,3,0,0,3,8282,871,651,9804,9.25%,10.94%,
106/09/18,7,0,0,7,8255,871,651,9777,9.22%,10.91%,
106/09/15,57,-20,-1,36,8299,871,651,9821,9.27%,10.96%,
106/09/14,-28,0,0,-28,8462,891,652,10005,9.45%,11.17%,
106/09/13,162,0,5,167,8488,891,652,10031,9.48%,11.20%,
106/09/12,155,-216,-2,-63,8326,891,647,9864,9.30%,11.01%,
106/09/11,194,0,0,194,8172,1107,649,9928,9.12%,11.07%,
106/09/08,149,0,10,159,8063,1107,649,9819,9.00%,10.95%,
106/09/07,398,-121,0,277,7913,1107,639,9659,8.84%,10.78%,
106/09/06,58,-495,0,-437,7515,1228,639,9382,8.39%,10.47%,
106/09/05,20,-220,0,-200,7401,1723,639,9763,8.26%,10.89%,
106/09/04,-1,-200,0,-201,7452,1943,639,10034,8.32%,11.19%,
106/09/01,-92,0,80,-12,7453,2143,639,10235,8.32%,11.41%,
106/08/31,-13,0,0,-13,7485,2143,559,10187,8.36%,11.36%,
106/08/30,34,0,0,34,7463,2143,559,10165,8.33%,11.33%,
106/08/29,20,0,0,20,7332,2143,559,10034,8.19%,11.19%,
106/08/28,28,0,-2,26,7641,2143,559,10343,8.53%,11.53%,
106/08/25,-85,0,3,-82,7617,2143,561,10321,8.50%,11.51%,
106/08/24,-64,0,0,-64,7722,2143,558,10423,8.62%,11.62%,
106/08/23,-60,-150,0,-210,7624,2143,558,10325,8.51%,11.51%,
106/08/22,-132,-108,0,-240,7491,2293,558,10342,8.36%,11.53%,
106/08/21,-31,-92,0,-123,7628,2401,558,10587,8.52%,11.81%,
106/08/18,-218,-32,0,-250,8018,2493,558,11069,8.95%,12.34%,
106/08/17,173,-181,0,-8,7955,2525,558,11038,8.88%,12.31%,
106/08/16,-147,-108,0,-255,7651,2706,558,10915,8.54%,12.17%,
106/08/15,-245,-100,-169,-514,7797,2814,558,11169,8.71%,12.46%,
106/08/14,-165,-28,-10,-203,7535,2914,727,11176,8.41%,12.46%,
106/08/11,-233,0,0,-233,7805,2942,737,11484,8.71%,12.80%,
106/08/10,-28,-105,13,-120,8009,2942,737,11688,8.94%,13.03%,
106/08/09,236,-246,6,-4,8016,3047,724,11787,8.95%,13.14%,
106/08/08,150,-276,3,-123,7770,3293,718,11781,8.68%,13.14%,
106/08/07,48,-381,-29,-362,7620,3569,715,11904,8.51%,13.27%,
106/08/04,86,-166,2,-78,7572,3950,744,12266,8.45%,13.67%,
106/08/03,63,-173,3,-107,7486,4116,742,12344,8.36%,13.76%,
106/08/02,59,-110,-37,-88,7423,4289,739,12451,8.29%,13.93%,
106/08/01,54,0,-65,-11,7364,4399,776,12539,8.22%,14.02%,
106/07/31,56,-60,-15,-19,7310,4399,841,12550,8.16%,14.03%,
106/07/28,94,0,20,114,7326,4459,856,12641,8.18%,14.14%,
106/07/27,18,40,10,68,7232,4459,836,12527,8.07%,14.00%,
106/07/26,11,-23,3,-9,7214,4419,826,12459,8.05%,13.93%,
106/07/25,50,-204,8,-146,7203,4442,823,12468,8.04%,13.94%,
106/07/24,51,-110,3,-56,7153,4646,815,12614,7.99%,14.11%,
106/07/21,-62,-164,-1,-227,7102,4756,812,12670,7.93%,14.17%,
106/07/20,-21,-180,0,-201,7164,4920,813,12897,8.00%,14.43%,
106/07/19,4,-155,4,-147,7229,5100,813,13142,8.07%,14.70%,
106/07/18,-110,-40,8,-142,7210,5255,809,13274,8.05%,14.85%,
106/07/17,94,0,35,129,7289,5295,801,13385,8.14%,14.97%,
106/07/14,13,-26,1,-12,7187,5295,766,13248,8.02%,14.81%,
106/07/13,-31,-86,-2,-119,7166,5321,765,13252,8.00%,14.82%,
106/07/12,-25,0,-5,-30,7197,5407,767,13371,8.04%,14.96%,
106/07/11,47,-21,0,26,7222,5407,772,13401,8.06%,14.98%,
106/07/10,104,0,-93,11,7175,5428,772,13375,8.01%,14.96%,
106/07/07,11,0,-7,4,7071,5428,865,13364,7.90%,14.95%,
106/07/06,-2,0,5,3,7096,5428,872,13396,7.92%,14.98%,
106/07/05,15,0,-6,9,7098,5428,867,13393,7.93%,14.98%,
106/07/04,14,-2,-1,11,7345,5428,873,13646,8.20%,15.26%,
106/07/03,-23,0,11,-12,7441,5430,874,13745,8.31%,15.38%,
106/06/30,-23,0,6,-17,7465,5430,863,13758,8.34%,15.39%,
106/06/29,39,170,3,212,7504,5761,857,14122,8.38%,15.80%,
106/06/28,129,29,-2,156,7491,5591,854,13936,8.36%,15.58%,
106/06/27,105,60,-17,148,7362,5562,856,13780,8.22%,15.41%,
106/06/26,24,92,22,138,7291,5502,873,13666,8.14%,15.28%,
106/06/23,44,165,15,224,7267,5410,851,13528,8.11%,15.13%,
106/06/22,146,51,97,294,7209,5245,836,13290,8.05%,14.87%,
106/06/21,120,0,-12,108,7056,5194,739,12989,7.88%,14.53%,
106/06/20,-11,155,30,174,6926,5194,751,12871,7.73%,14.39%,
106/06/19,77,248,75,400,6929,5039,721,12689,7.74%,14.20%,
106/06/16,131,85,107,323,6852,4791,646,12289,7.65%,13.74%,
106/06/15,36,72,0,108,6718,4706,539,11963,7.50%,13.38%,
106/06/14,-71,0,7,-64,6690,4634,539,11863,7.47%,13.27%,
106/06/13,-22,0,5,-17,6757,4634,532,11923,7.54%,13.33%,
106/06/12,-27,-30,30,-27,6779,4634,527,11940,7.57%,13.35%,
106/06/09,-24,-36,50,-10,6796,4664,497,11957,7.59%,13.37%,
106/06/08,-3,0,0,-3,6827,4700,447,11974,7.62%,13.39%,
106/06/07,-1,0,0,-1,6830,4700,447,11977,7.63%,13.40%,
106/06/06,25,0,0,25,6845,4700,447,11992,7.64%,13.41%,
106/06/05,37,0,0,37,6820,4700,447,11967,7.61%,13.38%,
106/06/03,10,-35,-4,-29,6783,4700,447,11930,7.57%,13.34%,
106/06/02,-27,-202,8,-221,6773,4735,451,11959,7.56%,13.37%,
106/06/01,11,-140,-3,-132,6800,4937,443,12180,7.59%,13.62%,
106/05/31,-33,0,-1,-34,6789,5077,446,12312,7.58%,13.77%,
106/05/26,-114,40,9,-65,6828,5077,447,12352,7.62%,13.81%,
106/05/25,-41,-70,0,-111,6938,5037,438,12413,7.75%,13.89%,
106/05/24,25,-140,-1,-116,6967,5107,438,12512,7.78%,13.99%,
106/05/23,214,-147,-2,65,6820,5247,439,12506,7.79%,14.16%,
106/05/22,78,-125,-1,-48,6587,5394,441,12422,7.53%,14.07%,
106/05/19,-12,-225,26,-211,6509,5519,442,12470,7.44%,14.12%,
106/05/18,-30,-28,-1,-59,6514,5744,416,12674,7.44%,14.34%,
106/05/17,-45,-82,1,-126,6530,5772,417,12719,7.46%,14.40%,
106/05/16,-27,0,24,-3,6575,5854,416,12845,7.51%,14.54%,
106/05/15,24,-22,0,2,6712,5854,392,12958,7.67%,14.67%,
106/05/12,1,0,16,17,6691,5876,392,12959,7.64%,14.66%,
106/05/11,86,0,22,108,6690,5876,376,12942,7.64%,14.65%,
106/05/10,21,0,-12,9,6604,5876,354,12834,7.54%,14.52%,
106/05/09,20,0,-2,18,6583,5876,366,12825,7.52%,14.52%,
106/05/08,-21,-20,43,2,6563,5876,368,12807,7.50%,14.50%,
106/05/05,-44,0,-3,-47,6584,5896,325,12805,7.52%,14.49%,
106/05/04,47,0,8,55,6627,5896,328,12851,7.57%,14.55%,
106/05/03,12,0,12,24,6629,5896,320,12845,7.57%,14.58%,
106/05/02,50,75,49,174,6617,5896,308,12821,7.56%,14.55%,
106/04/28,2,290,103,395,6567,5821,259,12647,7.50%,14.35%,
106/04/27,157,-10,63,210,6565,5531,156,12252,7.50%,13.91%,
106/04/26,18,-10,-1,7,6408,5541,93,12042,7.32%,13.67%,
106/04/25,48,-10,77,115,6422,5551,94,12067,7.34%,13.70%,
106/04/24,21,-10,-2,9,6374,5561,17,11952,7.28%,13.57%,
106/04/21,31,-35,0,-4,6353,5571,19,11943,7.26%,13.56%,
106/04/20,29,-10,-1,18,6322,5606,19,11947,7.22%,13.56%,
106/04/19,50,-10,1,41,6293,5616,20,11929,7.19%,13.54%,
106/04/18,15,-10,4,9,6243,5626,19,11888,7.13%,13.49%,
106/04/17,29,-10,-9,10,6228,5636,15,11879,7.11%,13.48%,
106/04/14,-28,-39,1,-66,6219,5646,24,11889,7.10%,13.49%,
106/04/13,41,-128,-2,-89,6247,5685,23,11955,7.14%,13.57%,
106/04/12,-28,-190,-19,-237,6206,5813,25,12044,7.09%,13.67%,
106/04/11,-23,-135,-58,-216,6234,6003,44,12281,7.12%,13.94%,
106/04/10,-86,-50,5,-131,6257,6138,102,12497,7.15%,14.18%,
106/04/07,-136,0,-4,-140,6343,6188,97,12628,7.25%,14.33%,
106/04/06,-48,0,-5,-53,6489,6188,101,12778,7.41%,14.50%,
106/04/05,47,0,-2,45,6537,6188,106,12831,7.47%,14.56%,
106/03/31,-14,-20,-14,-48,6490,6188,108,12786,7.41%,14.51%,
106/03/30,-72,-24,-4,-100,6504,6346,122,12972,7.43%,14.72%,
106/03/29,-102,0,-4,-106,6441,6370,126,12937,7.36%,14.68%,
106/03/28,-40,-64,-24,-128,6543,6370,130,13043,7.48%,14.81%,
106/03/27,34,-42,-51,-59,6573,6434,154,13161,7.51%,14.94%,
106/03/24,-9,0,3,-6,6539,6476,205,13220,7.47%,15.00%,
106/03/23,58,0,11,69,6548,6476,202,13226,7.48%,15.01%,
106/03/22,36,0,3,39,6460,6476,191,13127,7.38%,14.89%,
106/03/21,-24,-90,-29,-143,6424,6476,188,13088,7.34%,14.85%,
106/03/20,-2,-91,47,-46,6448,6566,217,13231,7.37%,15.02%,
106/03/17,84,-300,1,-215,6460,6657,170,13287,7.38%,15.08%,
106/03/16,36,-100,-5,-69,6376,6957,169,13502,7.28%,15.31%,
106/03/15,25,-330,-1,-306,6340,7057,174,13571,7.24%,15.39%,
106/03/14,-22,-819,37,-804,6315,7387,175,13877,7.21%,15.73%,
106/03/13,-797,-314,22,-1089,6337,8206,138,14681,7.24%,16.65%,
106/03/10,-193,-422,-184,-799,7134,8520,116,15770,8.15%,17.88%,
106/03/09,-12,-70,23,-59,7327,8942,300,16569,8.37%,18.79%,
106/03/08,-37,0,26,-11,7339,9012,277,16628,8.39%,18.86%,
106/03/07,103,-50,61,114,7376,9012,251,16639,8.43%,18.87%,
106/03/06,79,-120,99,58,7273,9062,190,16525,8.31%,18.74%,
106/03/03,59,-122,7,-56,7194,9182,91,16467,8.22%,18.67%,
106/03/02,-31,-126,-17,-174,7135,9304,84,16523,8.15%,18.73%,
106/03/01,-49,0,-16,-65,7166,9430,101,16697,8.19%,18.93%,
106/02/24,-9,-30,-1,-40,7215,9430,117,16762,8.24%,19.00%,
106/02/23,-358,0,-28,-386,7224,9460,118,16802,8.25%,19.05%,
106/02/22,-80,-27,11,-96,7459,9460,146,17065,8.52%,19.35%,
106/02/21,-97,-24,-14,-135,7516,9487,135,17138,8.59%,19.44%,
106/02/20,-52,52,3,3,7550,9511,149,17210,8.63%,19.52%,
106/02/18,0,0,46,46,7605,9459,146,17210,8.69%,19.52%,
106/02/17,-156,0,-51,-207,7605,9459,100,17164,8.69%,19.46%,
106/02/16,104,15,80,199,7725,9459,151,17335,8.83%,19.66%,
106/02/15,-86,0,5,-81,7617,9444,71,17132,8.70%,19.43%,
106/02/14,-75,-79,-7,-161,7676,9444,66,17186,8.77%,19.49%,
106/02/13,26,-133,-20,-127,7698,9523,73,17294,8.80%,19.62%,
106/02/10,-123,-80,-19,-222,7689,9656,93,17438,8.79%,19.78%,
106/02/09,-114,-120,-13,-247,8011,9736,112,17859,9.15%,20.25%,
106/02/08,-160,-216,24,-352,8164,9856,125,18145,9.33%,20.58%,
106/02/07,10,-578,-21,-589,8322,10072,101,18495,9.51%,20.98%,
106/02/06,24,-70,16,-30,8453,10650,122,19225,9.66%,21.80%,
106/02/03,247,0,-3,244,8448,10720,106,19274,9.65%,22.03%,
106/02/02,-12,-100,2,-110,8257,10720,109,19086,9.44%,21.82%,
106/01/24,-64,0,-38,-102,8264,10820,107,19191,9.44%,21.93%,
106/01/23,-53,0,-28,-81,8328,10820,145,19293,9.52%,22.06%,
106/01/20,-16,45,-50,-21,8377,10820,173,19370,9.57%,22.14%,
106/01/19,55,49,-52,52,8367,10775,223,19365,9.56%,22.13%,
106/01/18,141,2,-28,115,8727,10726,275,19728,9.97%,22.55%,
106/01/17,-109,0,21,-88,8585,10724,303,19612,9.81%,22.42%,
106/01/16,125,-10,-3,112,8805,10724,282,19811,10.06%,22.64%,
106/01/13,122,1,-12,111,8680,10734,285,19699,9.92%,22.52%,
106/01/12,-12,0,-3,-15,8558,10733,297,19588,9.78%,22.39%,
106/01/11,171,0,-16,155,8560,10733,300,19593,9.78%,22.39%,
106/01/10,15,0,8,23,8414,10733,316,19463,9.61%,22.24%,
106/01/09,98,121,-8,211,8474,10733,308,19515,9.68%,22.30%,
106/01/06,50,0,-76,-26,8376,10612,316,19304,9.57%,22.06%,
106/01/05,128,-3,-17,108,8323,10612,392,19327,9.51%,22.09%,
106/01/04,-50,148,12,110,8195,10615,409,19219,9.36%,21.96%,
106/01/03,-89,20,-45,-114,8222,10467,397,19086,9.40%,21.82%,
105/12/30,-211,590,-30,349,8290,10447,442,19179,9.47%,21.92%,
105/12/29,-17,271,-15,239,8458,9857,472,18787,9.67%,21.48%,
105/12/28,-46,210,19,183,8470,9586,487,18543,9.68%,21.20%,
105/12/27,-8,34,-11,15,8548,9376,468,18392,9.77%,21.02%,
105/12/26,-29,120,-6,85,8620,9342,479,18441,9.85%,21.08%,
105/12/23,10,120,0,130,8649,9222,485,18356,9.88%,20.98%,
105/12/22,-109,6,64,-39,8639,9102,485,18226,9.87%,20.83%,
105/12/21,-42,256,19,233,8751,9096,421,18268,10.00%,20.88%,
105/12/20,-12,180,33,201,8793,8840,402,18035,10.05%,20.62%,
105/12/19,-145,280,1,136,8798,8660,369,17827,10.05%,20.37%,
105/12/16,79,122,15,216,8944,8380,368,17692,10.22%,20.22%,
105/12/15,-78,0,-32,-110,8854,8258,353,17465,10.12%,19.96%,
105/12/14,-409,51,-36,-394,8864,8258,385,17507,10.13%,20.01%,
105/12/13,738,419,-37,1120,9272,8207,421,17900,10.59%,20.45%,
105/12/12,25,979,-15,989,8533,7788,458,16779,9.75%,19.18%,
105/12/09,-365,310,-49,-104,8402,6809,473,15684,9.60%,17.93%,
105/12/08,-147,478,-66,265,8767,6499,522,15788,10.02%,18.05%,
105/12/07,-184,40,22,-122,8914,6021,588,15523,10.19%,17.75%,
105/12/06,-325,292,-157,-190,9098,5981,566,15645,10.40%,17.89%,
105/12/05,-591,473,36,-82,9338,5689,723,15750,10.67%,18.00%,
105/12/02,-480,355,32,-93,9919,5216,687,15822,11.33%,18.08%,
105/12/01,683,359,-255,787,10117,4861,655,15633,11.56%,17.87%,
105/11/30,47,178,-47,178,9224,4502,910,14636,10.54%,16.73%,
105/11/29,-64,146,11,93,9131,4324,957,14412,10.43%,16.47%,
105/11/28,-191,357,-18,148,9195,4178,946,14319,10.51%,16.37%,
105/11/25,-97,295,0,198,9387,3821,964,14172,10.73%,16.20%,
105/11/24,45,-143,-9,-107,9483,3526,964,13973,10.84%,15.97%,
105/11/23,-387,-84,-25,-496,9430,3669,973,14072,10.78%,16.09%,
105/11/22,-361,-164,-7,-532,9706,3753,998,14457,11.09%,16.52%,
105/11/21,-115,-316,15,-416,9879,3917,1005,14801,11.29%,16.92%,
105/11/18,-519,-66,69,-516,9963,4233,990,15186,11.39%,17.36%,
105/11/17,-435,-39,0,-474,10482,4299,921,15702,11.98%,17.95%,
105/11/16,-485,57,-15,-443,10917,4338,921,16176,12.48%,18.49%,
105/11/15,-691,53,1,-637,11102,4281,936,16319,12.69%,18.65%,
105/11/14,-224,159,73,8,11693,4228,935,16856,13.36%,19.26%,
105/11/11,-671,0,24,-647,11916,4069,862,16847,13.62%,19.26%,
105/11/10,105,283,4,392,12587,4069,838,17494,14.39%,20.00%,
105/11/09,-63,-205,-30,-298,12482,3786,834,17102,14.27%,19.55%,
105/11/08,129,-250,-21,-142,12545,3991,864,17400,14.34%,19.89%,
105/11/07,26,-201,11,-164,12416,4241,885,17542,14.19%,20.05%,
105/11/04,-79,-153,-102,-334,12390,4442,874,17706,14.16%,20.24%,
105/11/03,-175,0,7,-168,12469,4595,976,18040,14.25%,20.62%,
105/11/02,-256,10,-75,-321,12645,4595,969,18209,14.45%,20.81%,
105/11/01,-23,10,3,-10,12901,4585,1044,18530,14.74%,21.18%,
105/10/31,-62,0,6,-56,12924,4575,1041,18540,14.77%,21.19%,
105/10/28,-96,0,3,-93,12986,4575,1035,18596,14.84%,21.25%,
105/10/27,-120,25,-1,-96,13082,4575,1032,18689,14.95%,21.36%,
105/10/26,-138,26,-3,-115,13200,4550,1033,18783,15.09%,21.47%,
105/10/25,-203,0,18,-185,13338,4524,1036,18898,15.24%,21.60%,
105/10/24,-245,-86,39,-292,13541,4524,1018,19083,15.48%,21.82%,
105/10/21,411,-223,-73,115,13786,4610,979,19375,15.76%,22.15%,
105/10/20,-71,-356,15,-412,13375,4833,1052,19260,15.29%,22.02%,
105/10/19,-152,-220,21,-351,13545,5189,1037,19771,15.48%,22.60%,
105/10/18,-72,-100,9,-163,13690,5409,1016,20115,15.65%,23.00%,
105/10/17,-393,0,-43,-436,13762,5509,1007,20278,15.73%,23.18%,
105/10/14,-173,-33,-32,-238,14155,5509,1050,20714,16.18%,23.68%,
105/10/13,-281,-14,-25,-320,14328,5542,1082,20952,16.38%,23.95%,
105/10/12,-41,0,-102,-143,14596,5556,1107,21259,16.68%,24.30%,
105/10/11,-218,0,-49,-267,14543,5556,1209,21308,16.62%,24.35%,
105/10/07,-8,50,33,75,14744,5556,1258,21558,16.85%,24.64%,
105/10/06,-85,0,46,-39,14752,5506,1225,21483,16.86%,24.56%,
105/10/05,-379,0,-10,-389,14837,5506,1179,21522,16.96%,24.60%,
105/10/04,-370,0,-10,-380,15216,5506,1189,21911,17.39%,25.04%,
105/10/03,76,95,74,245,15585,5506,1199,22290,17.81%,25.48%,
105/09/30,-183,-42,71,-154,15499,5411,1125,22035,17.72%,25.19%,
105/09/29,-267,-112,77,-302,15682,5588,1054,22324,17.92%,25.51%,
105/09/26,-88,0,26,-62,15999,5700,977,22676,18.29%,25.92%,
105/09/23,-91,0,101,10,16087,5700,951,22738,18.39%,25.99%,
105/09/22,-43,0,227,184,16178,5700,850,22728,18.49%,25.98%,
105/09/21,-61,-70,43,-88,16220,5700,623,22543,18.54%,25.77%,
105/09/20,55,-63,53,45,16281,5770,580,22631,18.61%,25.87%,
105/09/19,-41,-64,-2,-107,16227,5833,527,22587,18.55%,25.82%,
105/09/14,-53,-87,-2,-142,16268,5897,529,22694,18.59%,25.94%,
105/09/13,-139,-30,-68,-237,16321,5984,531,22836,18.65%,26.10%,
105/09/12,-226,-30,-29,-285,16489,6014,599,23102,18.85%,26.41%,
105/09/10,-140,-58,13,-185,16715,6044,628,23387,19.10%,26.73%,
105/09/09,-46,-120,-21,-187,16855,6102,615,23572,19.26%,26.94%,
105/09/08,-225,-60,-24,-309,16901,6222,636,23759,19.32%,27.16%,
105/09/07,625,55,86,766,17126,6282,660,24068,19.57%,27.51%,
105/09/06,-243,-1262,-23,-1528,16501,6227,574,23302,18.86%,26.64%,
105/09/05,-114,-724,-21,-859,16744,7489,597,24830,19.14%,28.38%,
105/09/02,-236,-110,-15,-361,16808,8213,618,25639,19.21%,29.31%,
105/09/01,46,-50,153,149,17029,8323,633,25985,19.46%,29.70%,
105/08/31,60,0,-27,33,16969,8373,480,25822,19.40%,29.52%,
105/08/30,-11,-210,7,-214,16909,8373,507,25789,19.33%,29.48%,
105/08/29,-45,0,18,-27,16920,8583,500,26003,19.34%,29.72%,
105/08/26,-196,-25,30,-191,16965,8583,482,26030,19.39%,29.75%,
105/08/25,-109,0,-83,-192,17211,8608,452,26271,19.67%,30.03%,
105/08/24,115,-1,223,337,17320,8608,535,26463,19.80%,30.25%,
105/08/23,155,0,28,183,17205,8609,312,26126,19.66%,29.86%,
105/08/22,164,-10,-1,153,17050,8609,284,25943,19.49%,29.66%,
105/08/19,-76,0,18,-58,16886,8619,285,25790,19.30%,29.48%,
105/08/18,-33,0,5,-28,16911,8619,267,25797,19.33%,29.49%,
105/08/17,226,-215,-24,-13,16944,8619,262,25825,19.37%,29.52%,
105/08/16,106,-1,-22,83,16719,8834,286,25839,19.11%,29.54%,
105/08/15,-62,50,-226,-238,16673,8835,308,25816,19.06%,29.51%,
105/08/12,471,32,155,658,16755,8785,534,26074,19.15%,29.80%,
105/08/11,34,-191,74,-83,16255,8753,379,25387,18.58%,29.02%,
105/08/10,29,0,102,131,16221,8944,305,25470,18.54%,29.11%,
105/08/09,-55,386,-96,235,16192,8944,203,25339,18.51%,28.97%,
105/08/08,-151,423,56,328,16217,8558,299,25074,18.54%,28.67%,
105/08/05,94,218,63,375,16370,8135,243,24748,18.71%,28.29%,
105/08/04,-53,-632,-108,-793,16276,7917,180,24373,18.60%,27.86%,
105/08/03,-98,-249,-94,-441,16329,8549,288,25166,18.66%,28.76%,
105/08/02,-275,-96,-7,-378,16427,8798,382,25607,18.78%,29.28%,
105/08/01,43,-53,-81,-91,16702,8894,389,25985,19.09%,29.70%,
105/07/29,-105,-1,14,-92,16699,8947,470,26116,19.09%,29.86%,
105/07/28,-118,76,67,25,16804,8948,456,26208,19.21%,29.96%,
105/07/27,-94,210,-123,-7,16922,8872,389,26183,19.34%,29.93%,
105/07/26,331,-14,18,335,17016,8662,512,26190,19.45%,29.94%,
105/07/25,-133,94,-86,-125,16685,8676,494,25855,19.07%,29.55%,
105/07/22,-255,399,-71,73,16818,8582,580,25980,19.22%,29.69%,
105/07/21,39,-111,81,9,17083,8183,651,25917,19.53%,29.63%,
105/07/20,249,-323,-8,-82,17044,8294,570,25908,19.48%,29.61%,
105/07/19,29,-239,-11,-221,16796,8617,578,25991,19.20%,29.71%,
105/07/18,48,-393,123,-222,16767,8856,589,26212,19.16%,29.96%,
105/07/15,91,-141,-51,-101,16719,9249,466,26434,19.11%,30.22%,
105/07/14,-14,-10,-3,-27,16628,9390,517,26535,19.00%,30.33%,
105/07/13,86,-6,157,237,16703,9400,520,26623,19.09%,30.43%,
105/07/12,44,-50,-15,-21,16617,9406,363,26386,18.99%,30.16%,
105/07/11,-96,-84,75,-105,16573,9456,378,26407,18.94%,30.18%,
105/07/07,-132,-50,59,-123,16669,9540,303,26512,19.05%,30.30%,
105/07/06,217,-60,7,164,16801,9590,244,26635,19.20%,30.44%,
105/07/05,139,122,-78,183,16615,9650,237,26502,18.99%,30.29%,
105/07/04,215,0,35,250,16476,9528,315,26319,18.83%,30.08%,
105/07/01,145,0,-16,129,16261,9528,280,26069,18.59%,29.80%,
105/06/30,297,-265,14,46,16151,9528,296,25975,18.46%,29.69%,
105/06/29,554,119,36,709,15854,9490,282,25626,18.12%,29.29%,
105/06/28,117,135,-23,229,15300,9371,246,24917,17.49%,28.48%,
105/06/27,768,-99,-32,637,15183,9236,269,24688,17.35%,28.22%,
105/06/24,155,104,-277,-18,14215,9335,301,23851,16.25%,27.27%,
105/06/23,54,-15,-45,-6,14060,9231,578,23869,16.07%,27.28%,
105/06/22,-39,28,12,1,14025,9246,623,23894,16.03%,27.31%,
105/06/21,-20,122,23,125,14064,9218,611,23893,16.07%,27.31%,
105/06/20,92,29,5,126,14084,9096,588,23768,16.10%,27.17%,
105/06/17,-162,100,-12,-74,13992,9067,583,23642,16.43%,27.46%,
105/06/16,664,-30,-27,607,14204,8967,595,23766,16.68%,27.61%,
105/06/15,251,-274,-2,-25,13590,8997,622,23209,15.96%,26.96%,
105/06/14,-64,65,52,53,13339,9271,624,23234,15.66%,26.97%,
105/06/13,257,-29,-9,219,13403,9206,572,23181,15.74%,26.92%,
105/06/08,167,-35,-1,131,13146,9235,581,22962,15.44%,26.66%,
105/06/07,164,0,54,218,13029,9270,582,22881,15.30%,26.56%,
105/06/06,-143,523,27,407,12865,9270,528,22663,15.11%,26.31%,
105/06/04,2,-35,18,-15,13008,8747,501,22256,15.27%,25.84%,
105/06/03,-340,-8,-9,-357,13006,8782,483,22271,15.27%,25.86%,
105/06/02,308,130,72,510,13136,8790,492,22418,15.42%,26.03%,
105/06/01,472,-30,180,622,12818,8660,420,21898,15.05%,25.43%,
105/05/31,475,-13,-53,409,12398,8690,240,21328,14.56%,24.77%,
105/05/30,-133,156,23,46,11923,8703,293,20919,14.00%,24.28%,
105/05/27,421,0,-6,415,12056,8547,270,20873,14.16%,24.24%,
105/05/26,261,-203,-35,23,11635,8547,276,20458,13.66%,23.75%,
105/05/25,476,235,16,727,11374,8750,311,20435,13.35%,23.71%,
105/05/24,187,-92,10,105,11021,8515,295,19831,12.94%,23.01%,
105/05/23,459,359,117,935,10834,8607,285,19726,12.72%,22.89%,
105/05/20,585,50,0,635,10475,8248,168,18891,12.30%,21.92%,
105/05/19,611,-34,0,577,9791,8198,168,18157,11.50%,21.06%,
105/05/18,45,57,-46,56,9180,8232,168,17580,10.78%,20.38%,
105/05/17,1806,633,-76,2363,9135,8175,214,17524,10.73%,20.32%,
105/05/16,715,596,-37,1274,7320,7542,290,15152,8.59%,17.54%,
105/05/13,252,232,-78,406,6605,6946,327,13878,7.75%,16.07%,
105/05/12,-220,0,8,-212,6353,6714,405,13472,7.46%,15.60%,
105/05/11,457,225,-153,529,6573,6714,397,13684,7.71%,15.84%,
105/05/10,-33,0,2,-31,6116,6489,550,13155,7.18%,15.23%,
105/05/09,-65,42,-38,-61,6149,6489,548,13186,7.22%,15.27%,
105/05/06,98,98,-4,192,6214,6447,586,13247,7.29%,15.33%,
105/05/05,-64,100,-70,-34,6116,6349,590,13055,7.18%,15.11%,
105/05/04,127,0,94,221,6180,6249,660,13089,7.25%,15.15%,
105/05/03,43,0,104,147,6053,6249,566,12868,7.10%,14.89%,
105/04/29,-85,0,27,-58,5991,6249,462,12702,7.03%,14.70%,
105/04/28,36,420,51,507,6076,6249,435,12760,7.13%,14.77%,
105/04/27,9,400,-5,404,6020,5829,384,12233,7.07%,14.17%,
105/04/26,-73,0,50,-23,6011,5429,389,11829,7.05%,13.70%,
105/04/25,-260,180,-176,-256,6084,5429,339,11852,7.14%,13.73%,
105/04/22,-5,814,-32,777,6334,5249,515,12098,7.43%,14.02%,
105/04/21,-43,718,11,686,6296,4435,547,11278,7.39%,13.09%,
105/04/20,118,0,-7,111,6339,3717,536,10592,7.44%,12.30%,
105/04/19,-137,0,239,102,6221,3717,543,10481,7.30%,12.17%,
105/04/18,20,0,9,29,6358,3717,304,10379,7.46%,12.06%,
105/04/15,16,-52,36,0,6338,3717,295,10350,7.44%,12.03%,
105/04/14,16,0,0,16,6322,3769,259,10350,7.42%,12.03%,
105/04/13,-31,48,0,17,6456,3769,259,10484,7.58%,12.19%,
105/04/12,-587,0,19,-568,6487,3721,259,10467,7.61%,12.16%,
105/04/11,14,560,54,628,7074,3721,240,11035,8.30%,12.83%,
105/04/08,-91,202,15,126,7060,3161,186,10407,8.29%,12.12%,
105/04/07,175,80,40,295,7151,2959,171,10281,8.39%,11.97%,
105/04/06,-21,0,-20,-41,6976,2879,131,9986,8.19%,11.63%,
105/04/01,140,0,5,145,6997,2879,151,10027,8.21%,11.67%,
105/03/31,-147,0,-10,-157,6857,2879,146,9882,8.05%,11.51%,
105/03/30,-125,122,10,7,7004,3170,156,10330,8.22%,12.02%,
105/03/29,-227,0,-5,-232,7129,3048,146,10323,8.37%,12.02%,
105/03/28,-65,66,-100,-99,7356,3048,151,10555,8.63%,12.29%,
105/03/25,-83,29,0,-54,7421,2982,251,10654,8.71%,12.41%,
105/03/24,-143,-147,40,-250,7504,2953,251,10708,8.81%,12.47%,
105/03/23,-66,82,-35,-19,7647,3100,211,10958,8.98%,12.77%,
105/03/22,119,-84,-75,-40,7713,3018,246,10977,9.05%,12.78%,
105/03/21,419,63,105,587,7594,3102,321,11017,8.91%,12.82%,
105/03/18,379,31,-9,401,7175,3039,216,10430,8.42%,12.14%,
105/03/17,349,-212,-93,44,6811,3008,225,10044,7.99%,11.69%,
105/03/16,162,200,-20,342,6472,3220,318,10010,7.60%,11.64%,
105/03/15,202,1243,-381,1064,6322,3020,338,9680,7.42%,11.26%,
105/03/14,348,59,99,506,6120,1777,719,8616,7.18%,10.03%,
105/03/11,472,151,7,630,5772,1718,620,8110,6.77%,9.44%,
105/03/10,75,0,-29,46,5300,1567,613,7480,6.22%,8.71%,
105/03/09,-130,-30,-22,-182,5225,1567,642,7434,6.13%,8.66%,
105/03/08,67,-20,-50,-3,5368,1597,664,7629,6.30%,8.88%,
105/03/07,-98,0,-2,-100,5301,1617,714,7632,6.22%,8.88%,
105/03/04,-55,0,-12,-67,5382,1617,716,7715,6.32%,8.99%,
105/03/03,-50,0,12,-38,5427,1617,728,7772,6.37%,9.05%,
105/03/02,-36,0,5,-31,5491,1617,716,7824,6.44%,9.11%,
105/03/01,-64,0,23,-41,5599,1617,711,7927,6.57%,9.23%,
105/02/26,55,-18,5,42,5663,1617,688,7968,6.65%,9.29%,
105/02/25,5,0,0,5,5608,1635,683,7926,6.58%,9.23%,
105/02/24,-249,0,-33,-282,5553,1635,683,7871,6.52%,9.17%,
105/02/23,480,-20,-47,413,5802,1635,716,8153,6.81%,9.50%,
105/02/22,450,0,-221,229,5357,1655,763,7775,6.29%,9.05%,
105/02/19,51,0,-236,-185,4925,1655,984,7564,5.78%,8.80%,
105/02/18,-26,0,103,77,4886,1655,1220,7761,5.73%,9.02%,
105/02/17,26,0,309,335,4912,1655,1117,7684,5.76%,8.93%,
105/02/16,-89,0,-32,-121,4886,1655,808,7349,5.73%,8.55%,
105/02/15,84,0,-26,58,4931,1655,840,7426,5.79%,8.64%,
105/02/03,84,0,25,109,4847,1655,866,7368,5.69%,8.57%,
105/02/02,-33,0,0,-33,4789,1655,841,7285,5.62%,8.54%,
105/02/01,22,0,19,41,4792,1655,841,7288,5.62%,8.54%,
105/01/30,-21,119,637,735,4770,1655,822,7247,5.60%,8.50%,
105/01/29,33,0,0,33,4791,1536,185,6512,5.62%,7.64%,
105/01/28,48,0,0,48,4737,1536,185,6458,5.56%,7.58%,
105/01/27,9,-20,15,4,4689,1536,185,6410,5.50%,7.52%,
105/01/26,10,-58,-15,-63,4680,1556,170,6406,5.49%,7.51%,
105/01/25,45,0,-45,0,4685,1614,185,6484,5.50%,7.61%,
105/01/22,-115,0,2,-113,4640,1614,230,6484,5.44%,7.60%,
105/01/21,-9,0,-39,-48,4764,1614,228,6606,5.59%,7.75%,
105/01/20,-135,-4,54,-85,4773,1614,267,6654,5.60%,7.80%,
105/01/19,338,100,25,463,4968,1618,213,6799,5.83%,7.98%,
105/01/18,102,0,51,153,4590,1518,188,6296,5.39%,7.39%,
105/01/15,-50,-4,-25,-79,4488,1518,137,6143,5.27%,7.21%,
105/01/14,-78,0,13,-65,4538,1522,162,6222,5.32%,7.29%,
105/01/13,318,0,42,360,4616,1522,149,6287,5.42%,7.38%,
105/01/12,-41,-2,-18,-61,4371,1522,107,6000,5.13%,7.04%,
105/01/11,-106,0,8,-98,4325,1524,125,5974,5.07%,7.00%,
105/01/08,72,270,-19,323,4421,1524,117,6062,5.19%,7.11%,
105/01/07,79,0,-1,78,4349,1254,136,5739,5.10%,6.73%,
105/01/06,16,0,5,21,4270,1254,137,5661,5.01%,6.64%,
105/01/05,-75,0,0,-75,4220,1254,132,5606,4.95%,6.57%,
105/01/04,431,0,-4,427,4255,1254,132,5641,4.99%,6.61%,
104/12/31,162,0,24,186,3779,1254,136,5169,4.43%,6.06%,
104/12/30,129,0,22,151,3617,1220,112,4949,4.24%,5.80%,
104/12/29,16,32,28,76,3487,1220,90,4797,4.09%,5.62%,
104/12/28,-31,31,24,24,3471,1188,62,4721,4.07%,5.53%,
104/12/25,72,0,0,72,3502,1157,38,4697,4.11%,5.51%,
104/12/24,59,0,5,64,3430,1157,38,4625,4.02%,5.42%,
104/12/23,38,0,1,39,3371,1157,33,4561,3.95%,5.34%,
104/12/22,5,0,6,11,3333,1157,32,4522,3.91%,5.30%,
104/12/21,-155,0,0,-155,3368,1157,26,4551,3.95%,5.34%,
104/12/18,-315,0,20,-295,3398,1157,26,4581,3.99%,5.38%,
104/12/17,366,-35,0,331,3713,1157,6,4876,4.36%,5.72%,
104/12/16,9,130,-1,138,3390,1192,6,4588,3.98%,5.38%,
104/12/15,52,0,0,52,3381,1062,7,4450,3.97%,5.22%,
104/12/14,151,0,-94,57,3329,1062,7,4398,3.90%,5.15%,
104/12/11,-90,0,-10,-100,3178,1062,101,4341,3.73%,5.09%,
104/12/10,-18,0,16,-2,3258,1062,111,4431,3.82%,5.19%,
104/12/09,-17,0,45,28,3266,1062,95,4423,3.83%,5.19%,
104/12/08,-200,310,-25,85,3283,1062,50,4395,3.85%,5.15%,
104/12/07,244,150,-97,297,3473,752,75,4300,4.07%,5.04%,
104/12/04,91,0,-30,61,3254,602,172,4028,3.82%,4.73%,
104/12/03,-33,15,-15,-33,3163,602,202,3967,3.71%,4.65%,
104/12/02,67,15,-57,25,3196,587,217,4000,3.75%,4.69%,
104/12/01,35,-20,-167,-152,3129,572,274,3975,3.67%,4.66%,
104/11/30,13,-30,2,-15,3094,592,441,4127,3.63%,4.84%,
104/11/27,188,0,-70,118,3081,622,439,4142,3.61%,4.86%,
104/11/26,48,60,-16,92,2893,622,509,4024,3.39%,4.72%,
104/11/25,22,-20,47,49,2835,562,525,3922,3.32%,4.60%,
104/11/24,97,165,195,457,2803,582,478,3863,3.29%,4.54%,
104/11/23,18,-30,-16,-28,2706,417,283,3406,3.17%,3.99%,
104/11/20,5,-129,87,-37,2678,447,299,3424,3.14%,4.02%,
104/11/19,12,25,145,182,2673,576,212,3461,3.13%,4.06%,
104/11/18,4,0,2,6,2661,551,67,3279,3.12%,3.85%,
104/11/17,9,4,-3,10,2657,551,65,3273,3.12%,3.84%,
104/11/16,-16,-10,1,-25,2648,547,68,3263,3.10%,3.82%,
104/11/13,12,0,0,12,2664,557,67,3288,3.12%,3.85%,
104/11/12,67,-20,0,47,2652,557,67,3276,3.11%,3.84%,
104/11/11,40,-20,0,20,2785,577,67,3429,3.27%,4.03%,
104/11/10,11,0,-1,10,2745,597,67,3409,3.22%,4.00%,
104/11/09,-21,-20,0,-41,2752,597,68,3417,3.23%,4.01%,
104/11/06,9,0,-7,2,2773,617,68,3458,3.25%,4.05%,
104/11/05,46,-40,0,6,2764,617,75,3456,3.24%,4.05%,
104/11/04,66,-19,-14,33,2718,657,75,3450,3.19%,4.05%,
104/11/03,3,0,0,3,2642,676,89,3407,3.10%,4.00%,
104/11/02,6,0,1,7,2639,676,89,3404,3.09%,3.99%,
104/10/30,-6,0,0,-6,2933,676,88,3697,3.44%,4.34%,
104/10/29,6,0,0,6,2939,676,88,3703,3.45%,4.35%,
104/10/28,13,0,0,13,2933,676,88,3697,3.44%,4.34%,
104/10/27,6,0,2,8,2920,676,88,3684,3.42%,4.32%,
104/10/26,13,-28,0,-15,2914,676,86,3676,3.42%,4.32%,
104/10/23,6,-29,0,-23,2901,704,86,3691,3.40%,4.33%,
104/10/22,13,0,15,28,2895,733,86,3714,3.40%,4.36%,
104/10/21,10,15,0,25,2882,733,71,3686,3.38%,4.32%,
104/10/20,32,15,39,86,2872,718,71,3661,3.37%,4.30%,
104/10/19,3,60,0,63,2840,703,32,3575,3.33%,4.19%,
104/10/16,31,51,0,82,2837,643,32,3512,3.33%,4.12%,
104/10/15,0,40,0,40,2806,592,32,3430,3.29%,4.02%,
104/10/14,27,0,0,27,2806,552,32,3390,3.29%,3.98%,
104/10/13,13,-48,0,-35,2779,552,32,3363,3.26%,3.95%,
104/10/12,-4,-30,0,-34,2766,600,32,3398,3.24%,3.98%,
104/10/08,-21,-34,0,-55,2770,630,32,3432,3.25%,4.03%,
104/10/07,11,-10,0,1,2791,664,32,3487,3.27%,4.09%,
104/10/06,6,-10,8,4,2780,674,32,3486,3.26%,4.09%,
104/10/05,5,-20,-1,-16,2774,684,24,3482,3.25%,4.08%,
104/10/02,-14,-9,1,-22,2769,704,25,3498,3.25%,4.11%,
104/10/01,2,0,-3,-1,2783,713,24,3520,3.26%,4.13%,
104/09/30,-3,-10,-1,-14,2781,713,27,3521,3.26%,4.13%,
104/09/25,29,-128,0,-99,2784,1012,28,3824,3.26%,4.48%,
104/09/24,8,0,-21,-13,2755,1140,28,3923,3.23%,4.60%,
104/09/23,18,0,5,23,2747,1140,49,3936,3.22%,4.62%,
104/09/22,-29,0,5,-24,2729,1140,44,3913,3.20%,4.59%,
104/09/21,-7,227,-3,217,2758,1140,39,3937,3.23%,4.61%,
104/09/18,58,0,12,70,2765,913,42,3720,3.24%,4.36%,
104/09/17,-3,0,5,2,2707,913,30,3650,3.17%,4.28%,
104/09/16,-21,0,7,-14,2710,913,25,3648,3.18%,4.28%,
104/09/15,26,0,12,38,2731,913,18,3662,3.20%,4.29%,
104/09/14,37,0,-1,36,2705,913,6,3624,3.17%,4.25%,
104/09/11,9,0,0,9,2668,913,7,3588,3.13%,4.21%,
104/09/10,-30,0,0,-30,2659,913,7,3579,3.12%,4.20%,
104/09/09,25,0,1,26,2689,913,7,3609,3.15%,4.23%,
104/09/08,1,0,0,1,2664,913,6,3583,3.12%,4.20%,
104/09/07,-64,9,0,-55,2663,913,6,3582,3.12%,4.20%,
104/09/04,-7,110,-11,92,2727,904,6,3637,3.20%,4.27%,
104/09/03,-10,110,0,100,2734,794,17,3545,3.21%,4.16%,
104/09/02,15,17,2,34,2744,684,17,3445,3.22%,4.04%,
104/09/01,12,40,8,60,2729,667,15,3411,3.20%,4.00%,
104/08/31,7,60,-2,65,2717,627,7,3351,3.19%,3.93%,
104/08/28,19,0,-1,18,2710,567,9,3286,3.18%,3.86%,
104/08/27,-4,0,-1,-5,2691,567,10,3268,3.16%,3.84%,
104/08/26,8,0,0,8,2695,567,11,3273,3.16%,3.84%,
104/08/25,18,0,-1,17,2687,567,11,3265,3.15%,3.83%,
104/08/24,-61,0,-1,-62,2659,567,12,3238,3.12%,3.80%,
104/08/21,-67,0,0,-67,2720,567,13,3300,3.19%,3.87%,
104/08/20,-73,0,2,-71,2787,567,13,3367,3.27%,3.95%,
104/08/19,-27,0,-1,-28,2912,567,11,3490,3.42%,4.10%,
104/08/18,83,0,-7,76,2974,567,12,3553,3.49%,4.17%,
104/08/17,35,0,5,40,2891,567,19,3477,3.39%,4.08%,
104/08/14,18,0,-2,16,2856,567,14,3437,3.35%,4.03%,
104/08/13,25,0,2,27,2838,567,16,3421,3.33%,4.01%,
104/08/12,15,0,3,18,2829,567,14,3410,3.32%,4.00%,
104/08/11,23,-2,-5,16,2814,567,11,3392,3.30%,3.98%,
104/08/10,21,0,0,21,2791,569,16,3376,3.27%,3.96%,
104/08/07,25,0,2,27,2770,569,16,3355,3.25%,3.94%,
104/08/06,9,10,1,20,2745,569,14,3328,3.22%,3.90%,
104/08/05,34,0,0,34,2736,559,13,3308,3.21%,3.88%,
104/08/04,16,10,4,30,2702,559,13,3274,3.17%,3.84%,
104/08/03,19,0,-2,17,2686,549,9,3244,3.15%,3.81%,
104/07/31,-1,-18,0,-19,2667,549,11,3227,3.13%,3.79%,
104/07/30,13,10,0,23,2668,567,11,3246,3.13%,3.81%,
104/07/29,10,15,0,25,2655,557,11,3223,3.11%,3.78%,
104/07/28,8,17,6,31,2645,542,11,3198,3.10%,3.75%,
104/07/27,-1,0,2,1,2637,525,5,3167,3.09%,3.71%,
104/07/24,6,0,0,6,2638,525,3,3166,3.09%,3.71%,
104/07/23,7,0,1,8,2632,525,3,3160,3.09%,3.71%,
104/07/22,9,0,1,10,2625,525,2,3152,3.08%,3.70%,
104/07/21,12,0,0,12,2616,525,1,3142,3.07%,3.69%,
104/07/20,16,0,0,16,2604,525,1,3130,3.05%,3.67%,
104/07/17,1,2,0,3,2588,525,1,3114,3.03%,3.65%,
104/07/16,15,0,0,15,2587,523,1,3111,3.03%,3.65%,
104/07/15,3,1,0,4,2572,523,1,3096,3.02%,3.64%,
104/07/14,10,0,-3,7,2569,522,1,3092,3.01%,3.62%,
104/07/13,13,0,-2,11,2559,522,4,3085,3.00%,3.62%,
104/07/09,3,0,3,6,2546,522,6,3074,2.99%,3.61%,
104/07/08,19,0,0,19,2543,522,3,3068,2.98%,3.60%,
104/07/07,3,-20,2,-15,2524,522,3,3049,2.96%,3.58%,
104/07/06,10,-16,1,-5,2521,542,1,3064,2.96%,3.60%,
104/07/03,12,-22,-3,-13,2511,558,0,3069,2.94%,3.60%,
104/07/02,10,0,1,11,2499,580,3,3082,2.93%,3.61%,
104/07/01,-25,0,0,-25,2521,580,2,3103,2.96%,3.64%,
104/06/30,4,0,-1,3,2547,580,2,3129,2.99%,3.67%,
104/06/29,7,0,3,10,2543,478,3,3024,2.98%,3.54%,
104/06/26,34,0,-1,33,2536,478,0,3014,2.97%,3.53%,
104/06/25,26,0,-1,25,2502,478,0,2980,2.93%,3.49%,
104/06/24,13,0,0,13,2476,478,0,2954,2.90%,3.46%,
104/06/23,34,-15,-2,17,2463,478,0,2941,2.89%,3.45%,
104/06/22,-51,-21,1,-71,2429,493,1,2923,2.85%,3.43%,
104/06/18,-32,5,-1,-28,2480,514,0,2994,2.91%,3.51%,
104/06/17,-30,10,-2,-22,2512,509,1,3022,2.95%,3.55%,
104/06/16,-22,-65,3,-84,2543,499,3,3045,2.98%,3.57%,
104/06/15,-4,30,0,26,2565,564,0,3129,3.01%,3.67%,
104/06/12,7,20,-1,26,2566,534,0,3100,3.01%,3.64%,
104/06/11,-135,0,-2,-137,2547,514,0,3061,2.99%,3.59%,
104/06/10,-6,0,0,-6,2682,514,2,3198,3.14%,3.75%,
104/06/09,21,0,0,21,2688,514,2,3204,3.15%,3.76%,
104/06/08,-3,0,1,-2,2667,514,2,3183,3.13%,3.74%,
104/06/05,-24,0,1,-23,2670,514,1,3185,3.13%,3.73%,
104/06/04,-26,0,0,-26,2694,514,0,3208,3.16%,3.76%,
104/06/03,3,0,0,3,2322,514,0,2836,2.75%,3.35%,
104/06/02,4,0,0,4,2320,514,0,2834,2.74%,3.34%,
104/06/01,17,0,0,17,2316,514,0,2830,2.74%,3.34%,
104/05/29,-10,0,0,-10,2299,514,0,2813,2.72%,3.32%,
104/05/28,-20,0,0,-20,2309,514,0,2823,2.73%,3.33%,
104/05/27,-33,0,0,-33,2329,514,0,2843,2.75%,3.35%,
104/05/26,-17,0,-1,-18,2372,514,0,2886,2.80%,3.40%,
104/05/25,-18,0,0,-18,2469,514,0,2983,2.92%,3.52%,
104/05/22,-16,0,0,-16,2452,514,0,2966,2.90%,3.50%,
104/05/21,-22,0,-4,-26,2566,514,0,3080,3.04%,3.64%,
104/05/20,-10,10,-1,-1,2578,514,2,3094,3.05%,3.66%,
104/05/19,-31,-16,-1,-48,2509,504,3,3016,2.97%,3.57%,
104/05/18,7,0,-2,5,2540,520,4,3064,3.00%,3.62%,
104/05/15,-3,-75,1,-77,2533,520,6,3059,3.00%,3.62%,
104/05/14,-18,0,-2,-20,2535,595,5,3135,3.00%,3.70%,
104/05/13,13,0,0,13,2553,595,7,3155,3.02%,3.73%,
104/05/12,-80,0,-1,-81,2541,595,7,3143,3.00%,3.71%,
104/05/11,-10,0,0,-10,3004,595,8,3607,3.55%,4.26%,
104/05/08,9,0,0,9,3013,595,8,3616,3.56%,4.27%,
104/05/07,25,0,0,25,3004,595,8,3607,3.55%,4.26%,
104/05/06,42,0,0,42,2596,595,8,3199,3.07%,3.78%,
104/05/05,22,0,0,22,2554,595,8,3157,3.02%,3.73%,
104/05/04,21,0,0,21,2532,595,8,3135,3.00%,3.71%,
104/04/30,53,0,0,53,2512,595,8,3115,2.97%,3.68%,
104/04/29,28,0,4,32,2459,595,8,3062,2.91%,3.62%,
104/04/28,15,0,0,15,2431,595,4,3030,2.87%,3.58%,
104/04/27,34,0,1,35,2416,595,4,3015,2.86%,3.57%,
104/04/24,52,48,3,103,2382,595,3,2980,2.82%,3.53%,
104/04/23,-12,0,0,-12,2330,547,0,2877,2.76%,3.41%,
104/04/22,-30,0,0,-30,2342,547,0,2889,2.77%,3.42%,
104/04/21,8,0,-1,7,2372,547,0,2919,2.80%,3.45%,
104/04/20,18,0,0,18,2364,547,0,2911,2.80%,3.45%,
104/04/17,16,0,0,16,2346,547,0,2893,2.77%,3.42%,
104/04/16,40,0,-5,35,2330,547,0,2877,2.76%,3.41%,
104/04/15,62,0,-93,-31,2290,547,5,2842,2.71%,3.36%,
104/04/14,-7,20,-22,-9,2337,547,98,2982,2.76%,3.52%,
104/04/13,0,21,-12,9,2344,527,120,2991,2.77%,3.54%,
104/04/10,-36,49,0,13,2344,506,132,2982,2.77%,3.53%,
104/04/09,-23,0,0,-23,2380,457,132,2969,2.81%,3.51%,
104/04/08,43,0,0,43,2403,457,132,2992,2.84%,3.54%,
104/04/07,-8,0,0,-8,2364,457,132,2953,2.80%,3.50%,
104/04/02,42,-68,0,-26,2372,457,132,2961,2.80%,3.50%,
104/04/01,-30,-111,0,-141,2345,525,132,3002,2.77%,3.55%,
104/03/31,69,-91,0,-22,2375,636,132,3143,2.81%,3.72%,
104/03/30,13,-63,-114,-164,2306,999,132,3437,2.73%,4.07%,
104/03/27,40,-117,0,-77,2293,1062,246,3601,2.71%,4.26%,
104/03/26,78,0,-7,71,2253,1179,246,3678,2.66%,4.35%,
104/03/25,54,0,-3,51,2175,1179,253,3607,2.57%,4.27%,
104/03/24,54,0,-15,39,2209,1179,256,3644,2.61%,4.31%,
104/03/23,18,20,-1,37,2175,1179,271,3625,2.57%,4.29%,
104/03/20,83,0,35,118,2257,1159,272,3688,2.67%,4.37%,
104/03/19,123,-35,1,89,2174,1159,237,3570,2.57%,4.22%,
104/03/18,28,0,-18,10,2051,1194,236,3481,2.42%,4.11%,
104/03/17,83,0,1,84,2023,1194,254,3471,2.39%,4.11%,
104/03/16,26,1,2,29,1940,1194,253,3387,2.29%,4.00%,
104/03/13,-39,0,-3,-42,1914,1193,251,3358,2.26%,3.97%,
104/03/12,152,0,-3,149,1953,1193,254,3400,2.31%,4.02%,
104/03/11,25,0,0,25,1791,1193,257,3241,2.12%,3.84%,
104/03/10,53,0,-1,52,1766,1193,257,3216,2.09%,3.81%,
104/03/09,37,-1,0,36,1713,1193,258,3164,2.02%,3.74%,
104/03/06,-10,30,0,20,1676,1194,258,3128,1.98%,3.70%,
104/03/05,-2,0,-1,-3,1686,1164,258,3108,1.99%,3.67%,
104/03/04,-1,20,0,19,1684,1164,259,3107,1.99%,3.68%,
104/03/03,17,0,0,17,1683,1144,259,3086,1.99%,3.65%,
104/03/02,-1,0,0,-1,1666,1144,259,3069,1.97%,3.63%,
104/02/26,18,-1,0,17,1681,1144,259,3084,1.99%,3.65%,
104/02/25,23,0,34,57,1663,1145,259,3067,1.97%,3.63%,
104/02/24,10,0,38,48,1640,1145,225,3010,1.94%,3.56%,
104/02/13,3,-1,2,4,1630,1145,187,2962,1.93%,3.51%,
104/02/12,-8,0,0,-8,1799,1146,185,3130,2.13%,3.71%,
104/02/11,-13,0,0,-13,1930,1146,185,3261,2.28%,3.86%,
104/02/10,15,0,2,17,1943,1146,185,3274,2.30%,3.88%,
104/02/09,-3,10,0,7,2101,1146,183,3430,2.48%,4.05%,
104/02/06,-3,0,0,-3,2104,1136,183,3423,2.49%,4.05%,
104/02/05,-2,0,0,-2,2107,1136,183,3426,2.49%,4.05%,
104/02/04,-2,0,0,-2,2109,1136,183,3428,2.49%,4.05%,
104/02/03,1,0,-40,-39,2079,1136,183,3398,2.46%,4.02%,
104/02/02,-3,0,0,-3,2078,1136,223,3437,2.46%,4.07%,
104/01/30,-30,-2,0,-32,2081,1136,223,3440,2.46%,4.07%,
104/01/29,-30,20,1,-9,2111,1138,223,3472,2.50%,4.11%,
104/01/28,-14,0,0,-14,1901,1118,222,3241,2.25%,3.84%,
104/01/27,30,0,10,40,1915,1118,222,3255,2.26%,3.85%,
104/01/26,-10,0,0,-10,1885,1118,212,3215,2.23%,3.81%,
104/01/23,-20,0,0,-20,1895,1118,212,3225,2.24%,3.82%,
104/01/22,-26,59,-9,24,1972,1118,212,3302,2.33%,3.91%,
104/01/21,58,0,0,58,2095,1059,221,3375,2.48%,4.00%,
104/01/20,21,0,0,21,1980,1059,221,3260,2.34%,3.86%,
104/01/19,56,0,0,56,1919,1059,221,3199,2.27%,3.79%,
104/01/16,-30,31,-45,-44,1938,1059,221,3218,2.29%,3.81%,
104/01/15,61,64,3,128,1968,1028,266,3262,2.33%,3.86%,
104/01/14,-8,32,-21,3,1911,964,263,3138,2.26%,3.71%,
104/01/13,26,47,-18,55,1919,932,284,3135,2.27%,3.71%,
104/01/12,39,117,12,168,1893,885,302,3080,2.24%,3.65%,
104/01/09,14,50,-21,43,1868,768,290,2926,2.21%,3.46%,
104/01/08,-14,44,-24,6,1841,718,311,2870,2.18%,3.40%,
104/01/07,37,30,-10,57,1845,674,335,2854,2.18%,3.38%,
104/01/06,29,0,0,29,1796,644,345,2785,2.12%,3.29%,
104/01/05,-8,0,0,-8,1767,644,345,2756,2.09%,3.26%,
