日期,外資買賣超,投信買賣超,自營商買賣超,單日合計買賣超,外資估計持股,投信估計持股,自營商估計持股,單日合計估計持股,外資持股比重,三大法人持股比重,
107/03/31,0,-30,-4,-34,2659,5645,617,8921,4.50%,14.59%,
107/03/30,-44,0,-14,-58,2659,5675,621,8955,4.50%,14.65%,
107/03/29,-79,0,-31,-110,2659,5675,635,8969,4.50%,14.67%,
107/03/28,49,110,55,214,2838,5675,666,9179,4.80%,15.02%,
107/03/27,59,0,-94,-35,2789,5565,611,8965,4.72%,14.67%,
107/03/26,-230,23,-94,-301,2730,5565,705,9000,4.62%,14.73%,
107/03/23,562,16,-15,563,2960,5542,799,9301,5.01%,15.23%,
107/03/22,-795,0,-212,-1007,2413,5526,814,8753,4.08%,14.30%,
107/03/21,702,79,40,821,3208,5526,1026,9760,5.43%,15.99%,
107/03/20,-19,396,-144,233,2506,5447,986,8939,4.24%,14.61%,
107/03/19,-103,386,332,615,2525,5051,1130,8706,4.27%,14.23%,
107/03/16,269,0,131,400,2624,4665,798,8087,4.44%,13.24%,
107/03/15,-29,0,-171,-200,2355,4665,667,7687,3.98%,12.57%,
107/03/14,-86,0,173,87,2384,4665,838,7887,4.03%,12.90%,
107/03/13,-23,-30,-13,-66,2470,4665,665,7800,4.18%,12.77%,
107/03/12,-75,-40,-66,-181,2489,4695,678,7862,4.21%,12.87%,
107/03/09,67,-10,131,188,2569,4735,744,8048,4.35%,13.18%,
107/03/08,20,-8,6,18,2537,4745,613,7895,4.29%,12.93%,
107/03/07,-79,-50,-75,-204,2517,4753,607,7877,4.26%,12.90%,
107/03/06,81,-146,-65,-130,2669,4803,682,8154,4.51%,13.35%,
107/03/05,90,0,120,210,2588,4949,747,8284,4.38%,13.56%,
107/03/02,-112,-106,-13,-231,2498,4949,627,8074,4.02%,13.01%,
107/03/01,72,-30,-2,40,2610,5055,640,8305,4.20%,13.38%,
107/02/27,-232,-17,-118,-367,2530,5085,642,8257,4.07%,13.30%,
107/02/26,92,-112,106,86,2757,5102,760,8619,4.44%,13.89%,
107/02/23,-339,-46,-142,-527,2665,5214,654,8533,4.29%,13.75%,
107/02/22,-65,-90,174,19,2921,5260,796,8977,4.70%,14.46%,
107/02/21,-133,23,70,-40,2936,5350,622,8908,4.73%,14.36%,
107/02/12,-641,209,21,-411,3069,5327,552,8948,4.94%,14.42%,
107/02/09,304,55,-118,241,3280,5118,531,8929,5.28%,14.38%,
107/02/08,-409,35,-65,-439,2976,5063,649,8688,4.79%,14.00%,
107/02/07,-88,40,-80,-128,3382,5028,714,9124,5.45%,14.70%,
107/02/06,-202,19,-353,-536,3470,4988,794,9252,5.59%,14.91%,
107/02/05,-98,285,101,288,3672,4969,1147,9788,5.91%,15.77%,
107/02/02,297,254,21,572,3770,4684,1046,9500,6.07%,15.31%,
107/02/01,-280,391,112,223,3473,4430,1025,8928,5.59%,14.38%,
107/01/31,102,81,-236,-53,3753,4039,913,8705,6.04%,14.02%,
107/01/30,-395,186,175,-34,3707,3958,1149,8814,5.97%,14.20%,
107/01/29,-236,193,-177,-220,4092,3772,974,8838,6.59%,14.24%,
107/01/26,80,214,145,439,4328,3579,1151,9058,6.97%,14.59%,
107/01/25,74,-321,-271,-518,4248,3365,1006,8619,6.84%,13.88%,
107/01/24,65,0,-105,-40,4173,3686,1277,9136,6.72%,14.72%,
107/01/23,496,225,162,883,4108,3686,1382,9176,6.62%,14.79%,
107/01/22,-863,0,-487,-1350,3612,3461,1220,8293,5.82%,13.36%,
107/01/19,1063,1215,254,2532,4512,3461,1707,9680,7.27%,15.60%,
107/01/18,265,293,-129,429,3449,2246,1453,7148,5.55%,11.51%,
107/01/17,193,851,159,1203,3184,1953,1582,6719,5.13%,10.83%,
107/01/16,-235,226,99,90,2991,1102,1423,5516,4.81%,8.88%,
107/01/15,-50,205,226,381,3226,876,1324,5426,5.19%,8.74%,
107/01/12,134,0,417,551,3276,671,1098,5045,5.27%,8.12%,
107/01/11,15,0,18,33,3142,671,681,4494,5.06%,7.24%,
107/01/10,10,0,-9,1,3127,671,663,4461,5.03%,7.18%,
107/01/09,6,0,9,15,3117,671,672,4460,5.02%,7.18%,
107/01/08,13,0,-13,0,3190,671,663,4524,5.14%,7.29%,
107/01/05,-61,0,-53,-114,3177,671,676,4524,5.11%,7.28%,
107/01/04,100,-24,100,176,3259,671,729,4659,5.25%,7.51%,
107/01/03,-184,0,7,-177,3149,695,629,4473,5.07%,7.20%,
107/01/02,232,0,67,299,3333,695,622,4650,5.37%,7.49%,
106/12/29,86,0,-42,44,3101,695,555,4351,4.99%,7.00%,
106/12/28,-3,0,24,21,3015,353,597,3965,4.85%,6.38%,
106/12/27,26,0,-25,1,3011,353,573,3937,4.85%,6.34%,
106/12/26,3,0,-98,-95,2985,353,598,3936,4.81%,6.34%,
106/12/25,-47,0,25,-22,2982,353,696,4031,4.80%,6.49%,
106/12/22,35,161,-2,194,3029,353,671,4053,4.88%,6.53%,
106/12/21,-49,0,35,-14,2994,192,673,3859,4.82%,6.21%,
106/12/20,101,0,36,137,3043,192,638,3873,4.90%,6.24%,
106/12/19,9,0,-49,-40,3069,192,602,3863,4.94%,6.22%,
106/12/18,31,0,67,98,3060,192,651,3903,4.93%,6.29%,
106/12/15,25,0,-59,-34,3029,192,584,3805,4.88%,6.13%,
106/12/14,47,0,28,75,2984,192,643,3819,4.80%,6.15%,
106/12/13,62,0,-32,30,2937,192,615,3744,4.73%,6.03%,
106/12/12,-17,0,-27,-44,2875,192,647,3714,4.63%,5.98%,
106/12/11,-111,-148,-92,-351,2892,192,674,3758,4.66%,6.06%,
106/12/08,92,-65,228,255,3000,340,766,4106,4.83%,6.61%,
106/12/07,137,-186,-25,-74,2894,405,538,3837,4.66%,6.18%,
106/12/06,127,-330,-81,-284,2757,591,563,3911,4.44%,6.30%,
106/12/05,-14,-857,-43,-914,2630,921,644,4195,4.23%,6.75%,
106/12/04,-59,0,-36,-95,2644,1778,687,5109,4.26%,8.23%,
106/12/01,-27,13,40,26,2703,1778,723,5204,4.35%,8.38%,
106/11/30,-57,0,-12,-69,2730,1765,683,5178,4.39%,8.34%,
106/11/29,-57,0,-35,-92,2787,1765,695,5247,4.49%,8.45%,
106/11/28,-10,158,43,191,2844,1765,730,5339,4.58%,8.60%,
106/11/27,13,72,-80,5,2854,1607,687,5148,4.59%,8.29%,
106/11/24,4,-211,157,-50,2841,1535,767,5143,4.57%,8.28%,
106/11/23,-18,-236,-102,-356,2837,1746,610,5193,4.57%,8.37%,
106/11/22,-31,-207,65,-173,2855,1982,712,5549,4.60%,8.94%,
106/11/21,-10,0,33,23,2886,2189,647,5722,4.65%,9.22%,
106/11/20,-34,0,-90,-124,2896,2189,614,5699,4.66%,9.18%,
106/11/17,82,0,13,95,2930,2189,704,5823,4.72%,9.38%,
106/11/16,21,0,-5,16,2848,2189,691,5728,4.58%,9.22%,
106/11/15,-23,0,-30,-53,2798,2189,696,5683,4.50%,9.15%,
106/11/14,25,0,-82,-57,2810,2189,726,5725,4.52%,9.22%,
106/11/13,-292,0,-120,-412,2785,2189,808,5782,4.48%,9.31%,
106/11/10,298,0,185,483,2971,2189,928,6088,4.78%,9.80%,
106/11/09,-83,33,-281,-331,2673,2189,743,5605,4.30%,9.03%,
106/11/08,36,0,155,191,2707,2156,1024,5887,4.36%,9.49%,
106/11/07,-295,0,-12,-307,2569,2156,869,5594,4.13%,9.01%,
106/11/06,-82,0,-1,-83,2864,2156,881,5901,4.61%,9.50%,
106/11/03,-304,0,132,-172,2946,2156,882,5984,4.74%,9.64%,
106/11/02,39,0,-136,-97,3250,2156,750,6156,5.23%,9.91%,
106/11/01,-46,22,-565,-589,3211,2156,886,6253,5.17%,10.07%,
106/10/31,151,524,580,1255,3257,2134,1451,6842,5.24%,11.02%,
106/10/30,1,0,-26,-25,3106,1610,871,5587,5.00%,9.00%,
106/10/27,-40,0,253,213,3105,1610,897,5612,5.00%,9.04%,
106/10/26,-16,0,17,1,3145,1610,644,5399,5.06%,8.69%,
106/10/25,-20,0,-49,-69,3161,1610,627,5398,5.09%,8.70%,
106/10/24,-47,0,12,-35,3181,1610,676,5467,5.12%,8.80%,
106/10/23,-62,0,-94,-156,3228,1610,664,5502,5.20%,8.87%,
106/10/20,-109,0,-242,-351,3290,1610,758,5658,5.30%,9.12%,
106/10/19,-132,0,402,270,3399,1610,1000,6009,5.47%,9.68%,
106/10/18,32,0,12,44,3531,1610,598,5739,5.69%,9.25%,
106/10/17,-1,0,-18,-19,3499,1610,586,5695,5.63%,9.17%,
106/10/16,78,-71,-31,-24,3500,1610,604,5714,5.64%,9.21%,
106/10/13,-39,0,26,-13,3422,1681,635,5738,5.51%,9.24%,
106/10/12,198,0,-32,166,3461,1681,609,5751,5.57%,9.26%,
106/10/11,-131,0,-25,-156,3286,1681,641,5608,5.29%,9.03%,
106/10/06,75,0,-111,-36,3417,1681,666,5764,5.50%,9.28%,
106/10/05,42,0,-266,-224,3327,1681,777,5785,5.36%,9.32%,
106/10/03,-193,0,207,14,3285,1681,1043,6009,5.29%,9.68%,
106/10/02,282,25,62,369,3478,1681,836,5995,5.60%,9.66%,
106/09/30,5,267,241,513,3196,1656,774,5626,5.15%,9.07%,
106/09/29,65,0,-47,18,3191,1615,533,5339,5.14%,8.60%,
106/09/28,-185,0,20,-165,3126,1615,580,5321,5.03%,8.57%,
106/09/27,206,262,7,475,3418,1615,560,5593,5.50%,9.01%,
106/09/26,299,-95,-68,136,3212,1353,553,5118,5.17%,8.24%,
106/09/25,31,0,-13,18,2913,1448,621,4982,4.69%,8.02%,
106/09/22,66,0,-112,-46,2882,1448,634,4964,4.64%,8.00%,
106/09/21,85,72,173,330,2816,1448,746,5010,4.53%,8.07%,
106/09/20,46,53,-9,90,2731,1376,573,4680,4.40%,7.54%,
106/09/19,45,87,-268,-136,2685,1323,582,4590,4.32%,7.39%,
106/09/18,89,219,238,546,2640,1236,850,4726,4.25%,7.61%,
106/09/15,-131,40,-65,-156,2551,1017,612,4180,4.11%,6.74%,
106/09/14,95,50,0,145,2682,977,677,4336,4.32%,6.99%,
106/09/13,112,0,11,123,2587,927,677,4191,4.16%,6.75%,
106/09/12,-57,0,-150,-207,2475,927,666,4068,3.98%,6.55%,
106/09/11,333,0,154,487,2532,927,816,4275,4.08%,6.89%,
106/09/08,-38,0,-222,-260,2199,927,662,3788,3.54%,6.10%,
106/09/07,165,163,-221,107,2237,927,884,4048,3.60%,6.52%,
106/09/06,237,556,121,914,2072,764,1105,3941,3.33%,6.34%,
106/09/05,104,0,372,476,1730,208,984,2922,2.78%,4.70%,
106/09/04,-60,0,-38,-98,1632,208,612,2452,2.62%,3.94%,
106/09/01,53,0,21,74,1692,208,650,2550,2.72%,4.10%,
106/08/31,-1,0,-10,-11,1639,208,629,2476,2.64%,3.99%,
106/08/30,17,0,-139,-122,1640,208,639,2487,2.64%,4.01%,
106/08/29,-440,0,107,-333,1623,208,778,2609,2.61%,4.20%,
106/08/28,99,0,-13,86,2063,208,671,2942,3.32%,4.74%,
106/08/25,86,0,-69,17,1964,208,684,2856,3.16%,4.60%,
106/08/24,-511,-25,-121,-657,1878,208,753,2839,3.02%,4.57%,
106/08/23,446,0,134,580,2389,233,874,3496,3.84%,5.62%,
106/08/22,-275,0,-196,-471,1943,233,740,2916,3.13%,4.70%,
106/08/21,-17,90,-43,30,2218,233,936,3387,3.57%,5.45%,
106/08/18,136,0,391,527,2235,143,979,3357,3.60%,5.41%,
106/08/17,370,0,217,587,2099,143,588,2830,3.38%,4.56%,
106/08/16,43,-26,50,67,1729,143,371,2243,2.78%,3.61%,
106/08/15,30,-58,-10,-38,1686,169,321,2176,2.71%,3.50%,
106/08/14,-162,-97,-84,-343,1656,227,331,2214,2.66%,3.56%,
106/08/11,40,0,76,116,1818,324,415,2557,2.92%,4.11%,
106/08/10,-50,0,-41,-91,1777,324,339,2440,2.86%,3.93%,
106/08/09,-13,-282,-174,-469,1826,324,380,2530,2.94%,4.07%,
106/08/08,-125,-109,-133,-367,1839,606,554,2999,2.96%,4.83%,
106/08/07,75,0,73,148,1964,715,687,3366,3.16%,5.42%,
106/08/04,-24,0,54,30,1889,715,614,3218,3.04%,5.18%,
106/08/03,-56,0,11,-45,1890,715,560,3165,3.04%,5.09%,
106/08/02,56,0,169,225,1946,715,549,3210,3.13%,5.17%,
106/08/01,-72,0,-60,-132,1890,715,380,2985,3.04%,4.80%,
106/07/31,79,0,-84,-5,1962,715,440,3117,3.16%,5.02%,
106/07/28,58,-60,-96,-98,1883,715,524,3122,3.03%,5.03%,
106/07/27,-145,-80,-182,-407,1830,775,620,3225,2.94%,5.19%,
106/07/26,-73,0,318,245,1990,855,802,3647,3.20%,5.87%,
106/07/25,111,-6,34,139,2063,855,484,3402,3.32%,5.48%,
106/07/24,110,-844,-58,-792,1952,861,450,3263,3.14%,5.25%,
106/07/21,21,0,-2,19,1842,1705,508,4055,2.96%,6.53%,
106/07/20,10,-224,-44,-258,1821,1705,510,4036,2.93%,6.50%,
106/07/19,-17,-178,147,-48,1811,1929,554,4294,2.91%,6.91%,
106/07/18,11,0,-55,-44,1828,2107,407,4342,2.94%,6.99%,
106/07/17,30,0,74,104,1817,2107,462,4386,2.92%,7.06%,
106/07/14,22,0,-86,-64,1798,2107,388,4293,2.89%,6.91%,
106/07/13,-10,0,170,160,1765,2107,474,4346,2.84%,7.00%,
106/07/12,-79,850,38,809,1775,2107,304,4186,2.86%,6.75%,
106/07/11,106,0,147,253,1853,1257,266,3376,2.98%,5.43%,
106/07/10,-52,0,-13,-65,1744,1257,119,3120,2.81%,5.03%,
106/07/07,-18,0,106,88,1793,1257,132,3182,2.88%,5.12%,
106/07/06,-1,20,0,19,1808,1257,26,3091,2.91%,4.98%,
106/07/05,3,0,-20,-17,1809,1237,26,3072,2.91%,4.95%,
106/07/04,-147,70,0,-77,1806,1237,46,3089,2.91%,4.98%,
106/07/03,-24,0,0,-24,1951,1167,46,3164,3.14%,5.10%,
106/06/30,134,0,0,134,1975,1167,46,3188,3.18%,5.14%,
106/06/29,10,10,0,20,1841,1309,46,3196,2.96%,5.14%,
106/06/28,-41,-35,0,-76,1831,1299,46,3176,2.95%,5.12%,
106/06/27,-28,-126,0,-154,1861,1334,46,3241,2.99%,5.21%,
106/06/26,32,-30,-27,-25,1889,1460,46,3395,3.04%,5.47%,
106/06/23,-26,0,-45,-71,1857,1490,73,3420,2.99%,5.51%,
106/06/22,-127,0,1,-126,1883,1490,118,3491,3.03%,5.62%,
106/06/21,-44,-71,1,-114,2010,1490,117,3617,3.23%,5.82%,
106/06/20,-593,0,16,-577,2054,1561,116,3731,3.30%,6.00%,
106/06/19,-131,-39,11,-159,2647,1561,100,4308,4.26%,6.94%,
106/06/16,-321,-16,2,-335,2778,1600,89,4467,4.47%,7.19%,
106/06/15,5,-31,60,34,3099,1616,87,4802,4.99%,7.73%,
106/06/14,519,-100,-27,392,3094,1647,27,4768,4.98%,7.68%,
106/06/13,483,-36,-115,332,2575,1747,54,4376,4.14%,7.04%,
106/06/12,-102,24,-74,-152,2091,1783,169,4043,3.36%,6.51%,
106/06/09,86,240,-2,324,2193,1759,243,4195,3.53%,6.76%,
106/06/08,56,251,7,314,2107,1519,245,3871,3.39%,6.23%,
106/06/07,-65,0,9,-56,2051,1268,238,3557,3.30%,5.73%,
106/06/06,114,53,-16,151,2116,1268,229,3613,3.40%,5.81%,
106/06/05,-211,10,7,-194,2002,1215,245,3462,3.22%,5.57%,
106/06/03,-1,88,13,100,2213,1205,238,3656,3.56%,5.89%,
106/06/02,147,439,9,595,1579,1117,225,2921,2.54%,4.70%,
106/06/01,338,56,-8,386,1432,678,216,2326,2.30%,3.74%,
106/05/31,-7,161,56,210,1092,622,224,1938,1.75%,3.11%,
106/05/26,118,0,22,140,1099,461,168,1728,1.77%,2.78%,
106/05/25,-105,66,-34,-73,981,461,146,1588,1.58%,2.56%,
106/05/24,146,10,3,159,1086,395,180,1661,1.74%,2.67%,
106/05/23,10,40,75,125,940,385,177,1502,1.51%,2.42%,
106/05/22,141,0,31,172,930,345,102,1377,1.49%,2.21%,
106/05/19,-26,30,-36,-32,789,345,71,1205,1.27%,1.94%,
106/05/18,19,135,43,197,815,315,107,1237,1.31%,1.99%,
106/05/17,34,50,36,120,796,180,64,1040,1.28%,1.67%,
106/05/16,-56,40,0,-16,762,130,28,920,1.22%,1.47%,
106/05/15,51,25,21,97,818,90,28,936,1.31%,1.50%,
106/05/12,12,0,-13,-1,767,65,7,839,1.23%,1.35%,
106/05/11,-12,5,0,-7,755,65,20,840,1.21%,1.35%,
106/05/10,31,10,-50,-9,767,60,20,847,1.23%,1.36%,
106/05/09,3,5,0,8,736,50,70,856,1.18%,1.37%,
106/05/08,0,10,0,10,733,45,70,848,1.18%,1.37%,
106/05/05,-2,10,0,8,733,35,70,838,1.18%,1.35%,
106/05/04,-3,15,0,12,735,25,70,830,1.18%,1.33%,
106/05/03,-3,10,0,7,738,10,70,818,1.18%,1.31%,
106/05/02,0,0,0,0,741,0,70,811,1.19%,1.30%,
106/04/28,1,0,0,1,741,0,70,811,1.19%,1.30%,
106/04/27,-3,0,0,-3,740,0,70,810,1.19%,1.30%,
106/04/26,6,0,0,6,743,0,70,813,1.19%,1.30%,
106/04/25,-5,0,0,-5,737,0,70,807,1.18%,1.29%,
106/04/24,-5,0,0,-5,742,0,70,812,1.19%,1.30%,
106/04/21,1,0,0,1,747,0,70,817,1.20%,1.31%,
106/04/20,-1,0,0,-1,746,0,70,816,1.20%,1.31%,
106/04/19,1,0,0,1,747,0,70,817,1.20%,1.31%,
106/04/18,0,0,0,0,746,0,70,816,1.20%,1.31%,
106/04/17,0,0,0,0,746,0,70,816,1.20%,1.31%,
106/04/14,-14,0,0,-14,746,0,70,816,1.20%,1.31%,
106/04/13,7,0,0,7,760,0,70,830,1.22%,1.33%,
106/04/12,-2,0,0,-2,753,0,70,823,1.21%,1.32%,
106/04/11,-28,0,0,-28,755,0,70,825,1.21%,1.32%,
106/04/10,7,0,0,7,783,0,70,853,1.26%,1.37%,
106/04/07,-15,0,0,-15,776,0,70,846,1.25%,1.36%,
106/04/06,-2,0,0,-2,791,0,70,861,1.27%,1.38%,
106/04/05,1,0,0,1,793,0,70,863,1.27%,1.38%,
106/03/31,-24,0,0,-24,792,0,70,862,1.27%,1.38%,
106/03/30,7,0,5,12,816,0,70,886,1.31%,1.42%,
106/03/29,38,0,10,48,809,0,65,874,1.30%,1.40%,
106/03/28,20,0,-16,4,771,0,55,826,1.24%,1.33%,
106/03/27,-20,0,-4,-24,751,0,71,822,1.20%,1.31%,
106/03/24,-6,0,25,19,771,0,75,846,1.24%,1.36%,
106/03/23,-27,0,-25,-52,777,0,50,827,1.25%,1.33%,
106/03/22,46,0,0,46,804,0,75,879,1.29%,1.41%,
106/03/21,-76,0,20,-56,758,0,75,833,1.22%,1.34%,
106/03/20,25,0,0,25,834,0,55,889,1.34%,1.43%,
106/03/17,-13,0,21,8,809,0,55,864,1.30%,1.39%,
106/03/16,52,0,-1,51,822,0,34,856,1.32%,1.37%,
106/03/15,-28,0,35,7,770,0,35,805,1.24%,1.30%,
106/03/14,47,0,0,47,798,0,0,798,1.28%,1.28%,
106/03/13,-8,0,0,-8,751,0,0,751,1.20%,1.20%,
106/03/10,16,0,-4,12,759,0,0,759,1.22%,1.22%,
106/03/09,6,0,0,6,743,0,4,747,1.19%,1.20%,
106/03/08,2,0,0,2,737,0,4,741,1.18%,1.19%,
106/03/07,0,0,4,4,735,0,4,739,1.18%,1.19%,
106/03/06,-1,0,0,-1,735,0,0,735,1.18%,1.18%,
106/03/03,0,0,0,0,736,0,0,736,1.18%,1.18%,
106/03/02,-10,0,0,-10,736,0,0,736,1.18%,1.18%,
106/03/01,-6,0,0,-6,746,0,0,746,1.20%,1.20%,
106/02/24,-4,0,0,-4,752,0,0,752,1.21%,1.21%,
106/02/23,-76,0,0,-76,756,0,0,756,1.21%,1.21%,
106/02/22,65,0,0,65,832,0,0,832,1.34%,1.34%,
106/02/21,0,0,0,0,767,0,0,767,1.23%,1.23%,
106/02/20,-11,0,0,-11,767,0,0,767,1.23%,1.23%,
106/02/18,0,0,0,0,778,0,0,778,1.25%,1.25%,
106/02/17,19,0,0,19,778,0,0,778,1.25%,1.25%,
106/02/16,3,0,0,3,759,0,0,759,1.22%,1.22%,
106/02/15,7,0,0,7,756,0,0,756,1.21%,1.21%,
106/02/14,3,0,0,3,749,0,0,749,1.20%,1.20%,
106/02/13,-13,0,0,-13,746,0,0,746,1.20%,1.20%,
106/02/10,1,0,0,1,759,0,0,759,1.22%,1.22%,
106/02/09,-12,0,-1,-13,758,0,0,758,1.22%,1.22%,
106/02/08,23,0,1,24,770,0,1,771,1.24%,1.24%,
106/02/07,1,0,0,1,747,0,0,747,1.20%,1.20%,
106/02/06,4,0,0,4,746,0,0,746,1.20%,1.20%,
106/02/03,11,0,0,11,742,0,0,742,1.19%,1.19%,
106/02/02,4,0,-4,0,731,0,0,731,1.17%,1.17%,
106/01/24,5,0,0,5,727,0,4,731,1.17%,1.18%,
106/01/23,0,0,0,0,722,0,4,726,1.16%,1.17%,
106/01/20,4,0,0,4,722,0,4,726,1.16%,1.17%,
106/01/19,4,0,0,4,718,0,4,722,1.15%,1.16%,
106/01/18,6,0,0,6,714,0,4,718,1.15%,1.16%,
106/01/17,2,0,4,6,708,0,4,712,1.14%,1.15%,
106/01/16,0,0,0,0,701,0,0,701,1.12%,1.12%,
106/01/13,-1,0,0,-1,701,0,0,701,1.12%,1.12%,
106/01/12,-5,0,0,-5,702,0,0,702,1.13%,1.13%,
106/01/11,-1,0,0,-1,707,0,0,707,1.13%,1.13%,
106/01/10,-4,0,0,-4,708,0,0,708,1.14%,1.14%,
106/01/09,-3,0,0,-3,712,0,0,712,1.14%,1.14%,
106/01/06,-1,0,0,-1,715,0,0,715,1.15%,1.15%,
106/01/05,-5,0,-2,-7,716,0,0,716,1.15%,1.15%,
106/01/04,-7,0,-4,-11,721,0,2,723,1.16%,1.16%,
106/01/03,0,0,0,0,728,0,6,734,1.17%,1.18%,
105/12/30,-14,0,6,-8,728,0,6,734,1.17%,1.18%,
105/12/29,4,0,0,4,742,0,0,742,1.19%,1.19%,
105/12/28,-3,0,0,-3,738,0,0,738,1.18%,1.18%,
105/12/27,-2,0,-38,-40,741,0,0,741,1.19%,1.19%,
105/12/26,-1,0,0,-1,743,0,38,781,1.19%,1.25%,
105/12/23,-1,0,0,-1,744,0,38,782,1.19%,1.25%,
105/12/22,1,0,0,1,745,0,38,783,1.20%,1.26%,
105/12/21,-2,0,0,-2,744,0,38,782,1.19%,1.25%,
105/12/20,0,0,-2,-2,746,0,38,784,1.20%,1.26%,
105/12/19,7,0,-2,5,746,0,40,786,1.20%,1.26%,
105/12/16,3,0,0,3,739,0,42,781,1.19%,1.26%,
105/12/15,-7,0,1,-6,736,0,42,778,1.18%,1.25%,
105/12/14,-13,0,3,-10,743,0,41,784,1.19%,1.26%,
105/12/13,-11,0,0,-11,756,0,38,794,1.21%,1.27%,
105/12/12,-76,0,0,-76,767,0,38,805,1.23%,1.29%,
105/12/09,32,0,-1,31,843,0,38,881,1.35%,1.41%,
105/12/08,23,0,1,24,811,0,39,850,1.30%,1.36%,
105/12/07,0,0,0,0,788,0,38,826,1.26%,1.32%,
105/12/06,-1,0,0,-1,788,0,38,826,1.26%,1.32%,
105/12/05,0,0,0,0,789,0,38,827,1.27%,1.33%,
105/12/02,1,0,0,1,789,0,38,827,1.27%,1.33%,
105/12/01,-1,0,0,-1,788,0,38,826,1.26%,1.32%,
105/11/30,1,0,0,1,789,0,38,827,1.27%,1.33%,
105/11/29,0,0,0,0,788,0,38,826,1.26%,1.32%,
105/11/28,-1,0,0,-1,788,0,38,826,1.26%,1.32%,
105/11/25,0,0,0,0,789,0,38,827,1.27%,1.33%,
105/11/24,0,0,0,0,789,0,38,827,1.27%,1.33%,
105/11/23,-1,0,0,-1,789,0,38,827,1.27%,1.33%,
105/11/22,-2,0,0,-2,790,0,38,828,1.27%,1.33%,
105/11/21,-5,0,0,-5,792,0,38,830,1.27%,1.33%,
105/11/18,2,0,-2,0,797,0,38,835,1.28%,1.34%,
105/11/17,0,0,0,0,795,0,40,835,1.28%,1.34%,
105/11/16,-3,0,0,-3,795,0,40,835,1.28%,1.34%,
105/11/15,-2,0,0,-2,798,0,40,838,1.28%,1.34%,
105/11/14,-2,0,-6,-8,800,0,40,840,1.28%,1.34%,
105/11/11,-2,0,-9,-11,802,0,46,848,1.29%,1.36%,
105/11/10,10,0,-5,5,804,0,55,859,1.29%,1.38%,
105/11/09,-13,0,0,-13,795,0,60,855,1.28%,1.38%,
105/11/08,-3,0,0,-3,808,0,60,868,1.30%,1.40%,
105/11/07,2,0,0,2,811,0,60,871,1.30%,1.40%,
105/11/04,0,0,0,0,809,0,60,869,1.30%,1.40%,
105/11/03,-7,0,0,-7,809,0,60,869,1.30%,1.40%,
105/11/02,-8,0,0,-8,816,0,60,876,1.31%,1.41%,
105/11/01,-5,0,0,-5,823,0,60,883,1.32%,1.42%,
105/10/31,-6,0,0,-6,828,0,60,888,1.33%,1.43%,
105/10/28,-7,0,0,-7,834,0,60,894,1.34%,1.44%,
105/10/27,-5,0,0,-5,841,0,60,901,1.35%,1.45%,
105/10/26,-1,0,0,-1,846,0,60,906,1.36%,1.46%,
105/10/25,4,0,0,4,847,0,60,907,1.36%,1.46%,
105/10/24,0,0,0,0,843,0,60,903,1.35%,1.45%,
105/10/21,3,0,0,3,843,0,60,903,1.35%,1.45%,
105/10/20,3,0,0,3,840,0,60,900,1.35%,1.45%,
105/10/19,0,0,0,0,837,0,60,897,1.34%,1.44%,
105/10/18,-1,0,0,-1,837,0,60,897,1.34%,1.44%,
105/10/17,9,0,0,9,838,0,60,898,1.35%,1.45%,
105/10/14,2,0,0,2,829,0,60,889,1.33%,1.43%,
105/10/13,-31,0,0,-31,827,0,60,887,1.33%,1.43%,
105/10/12,22,0,0,22,858,0,60,918,1.38%,1.48%,
105/10/11,-12,0,60,48,836,0,60,896,1.34%,1.44%,
105/10/07,-27,0,0,-27,848,0,0,848,1.36%,1.36%,
105/10/06,21,0,-6,15,875,0,0,875,1.40%,1.40%,
105/10/05,-17,0,6,-11,854,0,6,860,1.37%,1.38%,
105/10/04,32,0,-4,28,871,0,0,871,1.40%,1.40%,
105/10/03,-4,0,0,-4,839,0,4,843,1.35%,1.36%,
105/09/30,28,0,0,28,843,0,4,847,1.35%,1.36%,
105/09/29,14,0,1,15,815,0,4,819,1.31%,1.32%,
105/09/26,-1,0,0,-1,801,0,3,804,1.29%,1.29%,
105/09/23,9,0,-15,-6,802,0,3,805,1.29%,1.29%,
105/09/22,-26,0,18,-8,793,0,18,811,1.27%,1.30%,
105/09/21,-20,0,0,-20,819,0,0,819,1.31%,1.31%,
105/09/20,-8,0,0,-8,839,0,0,839,1.35%,1.35%,
105/09/19,-17,0,0,-17,847,0,0,847,1.36%,1.36%,
105/09/14,-55,0,0,-55,864,0,0,864,1.39%,1.39%,
105/09/13,36,0,0,36,919,0,0,919,1.48%,1.48%,
105/09/12,1,0,0,1,883,0,0,883,1.42%,1.42%,
105/09/10,0,0,0,0,882,0,0,882,1.42%,1.42%,
105/09/09,28,0,0,28,845,0,0,845,1.42%,1.42%,
105/09/08,19,0,0,19,817,0,0,817,1.38%,1.38%,
105/09/07,24,0,0,24,798,0,0,798,1.34%,1.34%,
105/09/06,3,0,0,3,774,0,0,774,1.30%,1.30%,
105/09/05,27,0,-3,24,771,0,0,771,1.30%,1.30%,
105/09/02,-4,0,3,-1,744,0,3,747,1.25%,1.25%,
105/09/01,19,0,-3,16,748,0,0,748,1.26%,1.26%,
105/08/31,-25,0,3,-22,729,0,3,732,1.23%,1.23%,
105/08/30,-3,0,0,-3,754,0,0,754,1.27%,1.27%,
105/08/29,24,0,0,24,757,0,0,757,1.27%,1.27%,
105/08/26,3,0,0,3,733,0,0,733,1.23%,1.23%,
105/08/25,6,0,0,6,730,0,0,730,1.23%,1.23%,
105/08/24,4,0,0,4,723,0,0,723,1.22%,1.22%,
105/08/23,7,0,0,7,719,0,0,719,1.21%,1.21%,
105/08/22,0,0,0,0,712,0,0,712,1.20%,1.20%,
105/08/19,0,0,0,0,712,0,0,712,1.20%,1.20%,
105/08/18,3,0,0,3,712,0,0,712,1.20%,1.20%,
105/08/17,-2,0,0,-2,709,0,0,709,1.19%,1.19%,
105/08/16,-20,0,0,-20,711,0,0,711,1.20%,1.20%,
105/08/15,24,0,0,24,731,0,0,731,1.23%,1.23%,
105/08/12,-1,0,0,-1,707,0,0,707,1.19%,1.19%,
105/08/11,-11,0,0,-11,708,0,0,708,1.19%,1.19%,
105/08/10,-9,0,0,-9,719,0,0,719,1.21%,1.21%,
105/08/09,-8,0,0,-8,728,0,0,728,1.22%,1.22%,
105/08/08,-1,0,0,-1,736,0,0,736,1.24%,1.24%,
105/08/05,0,0,0,0,737,0,0,737,1.24%,1.24%,
105/08/04,0,0,0,0,737,0,0,737,1.24%,1.24%,
105/08/03,-8,0,-5,-13,737,0,0,737,1.24%,1.24%,
105/08/02,10,0,0,10,745,0,5,750,1.25%,1.26%,
105/08/01,5,0,0,5,735,0,5,740,1.24%,1.25%,
105/07/29,-1,0,0,-1,730,0,5,735,1.23%,1.24%,
105/07/28,-14,0,5,-9,731,0,5,736,1.23%,1.24%,
105/07/27,0,0,-1,-1,745,0,0,745,1.25%,1.25%,
105/07/26,2,0,-2,0,745,0,1,746,1.25%,1.25%,
105/07/25,-16,0,3,-13,743,0,3,746,1.25%,1.26%,
105/07/22,-15,0,0,-15,759,0,0,759,1.28%,1.28%,
105/07/21,12,0,0,12,774,0,0,774,1.30%,1.30%,
105/07/20,27,0,0,27,762,0,0,762,1.28%,1.28%,
105/07/19,23,0,0,23,735,0,0,735,1.24%,1.24%,
105/07/18,11,0,0,11,712,0,0,712,1.20%,1.20%,
105/07/15,7,0,0,7,701,0,0,701,1.18%,1.18%,
105/07/14,6,0,0,6,694,0,0,694,1.17%,1.17%,
105/07/13,-15,0,0,-15,688,0,0,688,1.16%,1.16%,
105/07/12,-7,0,0,-7,703,0,0,703,1.18%,1.18%,
105/07/11,42,0,0,42,710,0,0,710,1.19%,1.19%,
105/07/07,-1,0,0,-1,668,0,0,668,1.12%,1.12%,
105/07/06,-2,0,0,-2,669,0,0,669,1.12%,1.12%,
105/07/05,3,0,0,3,671,0,0,671,1.13%,1.13%,
105/07/04,-11,0,0,-11,668,0,0,668,1.12%,1.12%,
105/07/01,1,0,0,1,679,0,0,679,1.14%,1.14%,
105/06/30,-14,0,0,-14,678,0,0,678,1.14%,1.14%,
105/06/29,3,0,0,3,692,0,0,692,1.16%,1.16%,
105/06/28,4,0,0,4,689,0,0,689,1.16%,1.16%,
105/06/27,17,0,-1,16,685,0,0,685,1.15%,1.15%,
105/06/24,0,0,1,1,668,0,1,669,1.12%,1.12%,
105/06/23,-4,0,0,-4,668,0,0,668,1.12%,1.12%,
105/06/22,-52,0,0,-52,672,0,0,672,1.13%,1.13%,
105/06/21,53,0,0,53,724,0,0,724,1.22%,1.22%,
105/06/20,1,0,0,1,671,0,0,671,1.13%,1.13%,
105/06/17,0,0,0,0,670,0,0,670,1.13%,1.13%,
105/06/16,-2,0,0,-2,670,0,0,670,1.13%,1.13%,
105/06/15,1,0,0,1,672,0,0,672,1.13%,1.13%,
105/06/14,-3,0,0,-3,671,0,0,671,1.13%,1.13%,
105/06/13,-4,0,0,-4,674,0,0,674,1.13%,1.13%,
105/06/08,-1,0,0,-1,678,0,0,678,1.14%,1.14%,
105/06/07,8,0,0,8,679,0,0,679,1.14%,1.14%,
105/06/06,0,0,0,0,671,0,0,671,1.13%,1.13%,
105/06/04,0,0,0,0,671,0,0,671,1.13%,1.13%,
105/06/03,0,0,0,0,671,0,0,671,1.13%,1.13%,
105/06/02,-3,0,0,-3,671,0,0,671,1.13%,1.13%,
105/06/01,3,0,0,3,674,0,0,674,1.13%,1.13%,
105/05/31,-3,0,0,-3,671,0,0,671,1.13%,1.13%,
105/05/30,-1,0,0,-1,674,0,0,674,1.13%,1.13%,
105/05/27,1,0,0,1,675,0,0,675,1.13%,1.13%,
105/05/26,-18,0,0,-18,674,0,0,674,1.13%,1.13%,
105/05/25,10,0,0,10,692,0,0,692,1.16%,1.16%,
105/05/24,3,0,0,3,682,0,0,682,1.15%,1.15%,
105/05/23,10,0,-6,4,679,0,0,679,1.14%,1.14%,
105/05/20,0,0,0,0,669,0,6,675,1.12%,1.13%,
105/05/19,-1,0,0,-1,669,0,6,675,1.12%,1.13%,
105/05/18,-2,0,0,-2,670,0,6,676,1.13%,1.14%,
105/05/17,-2,0,-3,-5,672,0,6,678,1.13%,1.14%,
105/05/16,5,0,0,5,674,0,9,683,1.13%,1.15%,
105/05/13,-2,0,-6,-8,669,0,9,678,1.12%,1.14%,
105/05/12,2,0,15,17,671,0,15,686,1.13%,1.16%,
105/05/11,0,0,-5,-5,669,0,0,669,1.12%,1.12%,
105/05/10,0,0,5,5,669,0,5,674,1.12%,1.13%,
105/05/09,-24,0,0,-24,669,0,0,669,1.12%,1.12%,
105/05/06,18,0,-2,16,693,0,0,693,1.17%,1.17%,
105/05/05,-1,0,2,1,675,0,2,677,1.13%,1.13%,
105/05/04,0,0,0,0,676,0,0,676,1.14%,1.14%,
105/05/03,1,0,0,1,676,0,0,676,1.14%,1.14%,
105/04/29,1,0,-6,-5,675,0,0,675,1.13%,1.13%,
105/04/28,-58,0,6,-52,674,0,6,680,1.13%,1.14%,
105/04/27,62,0,0,62,732,0,0,732,1.23%,1.23%,
105/04/26,-104,0,0,-104,670,0,0,670,1.13%,1.13%,
105/04/25,-23,0,0,-23,774,0,0,774,1.30%,1.30%,
105/04/22,128,0,-2,126,797,0,0,797,1.34%,1.34%,
105/04/21,0,0,-1,-1,669,0,2,671,1.12%,1.12%,
105/04/20,0,0,3,3,669,0,3,672,1.12%,1.13%,
105/04/19,1,0,0,1,669,0,0,669,1.12%,1.12%,
105/04/18,0,0,0,0,668,0,0,668,1.12%,1.12%,
105/04/15,-2,0,0,-2,668,0,0,668,1.12%,1.12%,
105/04/14,-8,0,0,-8,670,0,0,670,1.13%,1.13%,
105/04/13,-2,0,0,-2,678,0,0,678,1.14%,1.14%,
105/04/12,-28,0,0,-28,680,0,0,680,1.14%,1.14%,
105/04/11,-10,0,0,-10,708,0,0,708,1.19%,1.19%,
105/04/08,-5,0,0,-5,718,0,0,718,1.21%,1.21%,
105/04/07,-9,0,0,-9,723,0,0,723,1.22%,1.22%,
105/04/06,-18,0,0,-18,732,0,0,732,1.23%,1.23%,
105/04/01,-36,0,0,-36,750,0,0,750,1.26%,1.26%,
105/03/31,51,0,0,51,786,0,0,786,1.32%,1.32%,
105/03/30,16,0,-2,14,735,0,0,735,1.24%,1.24%,
105/03/29,1,0,2,3,719,0,2,721,1.21%,1.21%,
105/03/28,0,0,0,0,718,0,0,718,1.21%,1.21%,
105/03/25,0,0,0,0,718,0,0,718,1.21%,1.21%,
105/03/24,0,0,0,0,718,0,0,718,1.21%,1.21%,
105/03/23,-9,0,0,-9,718,0,0,718,1.21%,1.21%,
105/03/22,9,0,-3,6,727,0,0,727,1.22%,1.22%,
105/03/21,-1,0,3,2,718,0,3,721,1.21%,1.22%,
105/03/18,-5,0,0,-5,719,0,0,719,1.21%,1.21%,
105/03/17,-36,0,0,-36,724,0,0,724,1.22%,1.22%,
105/03/16,42,0,-3,39,760,0,0,760,1.28%,1.28%,
105/03/15,-62,0,3,-59,718,0,3,721,1.21%,1.22%,
105/03/14,35,0,0,35,780,0,0,780,1.31%,1.31%,
105/03/11,-15,0,0,-15,745,0,0,745,1.25%,1.25%,
105/03/10,30,0,0,30,760,0,0,760,1.28%,1.28%,
105/03/09,6,0,0,6,730,0,0,730,1.23%,1.23%,
105/03/08,3,0,0,3,724,0,0,724,1.22%,1.22%,
105/03/07,0,0,0,0,721,0,0,721,1.21%,1.21%,
105/03/04,-1,0,0,-1,721,0,0,721,1.21%,1.21%,
105/03/03,1,0,0,1,722,0,0,722,1.21%,1.21%,
105/03/02,0,0,0,0,721,0,0,721,1.21%,1.21%,
105/03/01,0,0,0,0,721,0,0,721,1.21%,1.21%,
105/02/26,0,0,0,0,721,0,0,721,1.21%,1.21%,
105/02/25,0,0,0,0,721,0,0,721,1.21%,1.21%,
105/02/24,-3,0,0,-3,721,0,0,721,1.21%,1.21%,
105/02/23,3,0,0,3,724,0,0,724,1.22%,1.22%,
105/02/22,0,0,0,0,721,0,0,721,1.21%,1.21%,
105/02/19,2,0,0,2,721,0,0,721,1.21%,1.21%,
105/02/18,0,0,0,0,719,0,0,719,1.21%,1.21%,
105/02/17,0,0,0,0,719,0,0,719,1.21%,1.21%,
105/02/16,0,0,0,0,719,0,0,719,1.21%,1.21%,
105/02/15,0,0,0,0,719,0,0,719,1.21%,1.21%,
105/02/03,-3,0,0,-3,719,0,0,719,1.21%,1.21%,
105/02/02,3,0,0,3,722,0,0,722,1.21%,1.21%,
105/02/01,0,0,0,0,719,0,0,719,1.21%,1.21%,
105/01/30,0,0,0,0,719,0,0,719,1.21%,1.21%,
105/01/29,0,0,0,0,719,0,0,719,1.21%,1.21%,
105/01/28,0,0,0,0,719,0,0,719,1.21%,1.21%,
105/01/27,-4,0,0,-4,719,0,0,719,1.21%,1.21%,
105/01/26,-8,0,0,-8,723,0,0,723,1.22%,1.22%,
105/01/25,0,0,0,0,731,0,0,731,1.23%,1.23%,
105/01/22,0,0,0,0,731,0,0,731,1.23%,1.23%,
105/01/21,0,0,0,0,731,0,0,731,1.23%,1.23%,
105/01/20,0,0,0,0,731,0,0,731,1.23%,1.23%,
105/01/19,7,0,0,7,731,0,0,731,1.23%,1.23%,
105/01/18,4,0,0,4,724,0,0,724,1.22%,1.22%,
105/01/15,0,0,0,0,720,0,0,720,1.21%,1.21%,
105/01/14,0,0,0,0,720,0,0,720,1.21%,1.21%,
105/01/13,1,0,0,1,720,0,0,720,1.21%,1.21%,
105/01/12,0,0,0,0,719,0,0,719,1.21%,1.21%,
105/01/11,0,0,0,0,719,0,0,719,1.21%,1.21%,
105/01/08,0,0,0,0,719,0,0,719,1.21%,1.21%,
105/01/07,0,0,0,0,719,0,0,719,1.21%,1.21%,
105/01/06,0,0,0,0,719,0,0,719,1.21%,1.21%,
105/01/05,6,0,0,6,719,0,0,719,1.21%,1.21%,
105/01/04,0,0,0,0,713,0,0,713,1.20%,1.20%,
104/12/31,4,0,0,4,713,0,0,713,1.20%,1.20%,
104/12/30,3,0,0,3,709,0,0,709,1.19%,1.19%,
104/12/29,1,0,0,1,706,0,0,706,1.19%,1.19%,
104/12/28,0,0,0,0,705,0,0,705,1.19%,1.19%,
104/12/25,0,0,0,0,705,0,0,705,1.19%,1.19%,
104/12/24,6,0,0,6,705,0,0,705,1.19%,1.19%,
104/12/23,3,0,0,3,699,0,0,699,1.18%,1.18%,
104/12/22,3,0,0,3,696,0,0,696,1.17%,1.17%,
104/12/21,0,0,0,0,693,0,0,693,1.17%,1.17%,
104/12/18,0,0,0,0,693,0,0,693,1.17%,1.17%,
104/12/17,0,0,-4,-4,693,0,0,693,1.17%,1.17%,
104/12/16,-1,0,-2,-3,693,0,4,697,1.17%,1.18%,
104/12/15,-1,0,6,5,694,0,6,700,1.17%,1.18%,
104/12/14,0,0,-2,-2,695,0,0,695,1.17%,1.17%,
104/12/11,3,0,2,5,695,0,2,697,1.17%,1.17%,
104/12/10,0,0,0,0,692,0,0,692,1.16%,1.16%,
104/12/09,-1,0,-1,-2,692,0,0,692,1.16%,1.16%,
104/12/08,0,0,1,1,693,0,1,694,1.17%,1.17%,
104/12/07,0,0,0,0,693,0,0,693,1.17%,1.17%,
104/12/04,1,0,0,1,693,0,0,693,1.17%,1.17%,
104/12/03,0,0,0,0,692,0,0,692,1.16%,1.16%,
104/12/02,0,0,0,0,692,0,0,692,1.16%,1.16%,
104/12/01,14,0,0,14,692,0,0,692,1.16%,1.16%,
104/11/30,7,0,0,7,678,0,0,678,1.14%,1.14%,
104/11/27,-1,0,0,-1,671,0,0,671,1.13%,1.13%,
104/11/26,1,0,0,1,672,0,0,672,1.13%,1.13%,
104/11/25,0,0,0,0,671,0,0,671,1.13%,1.13%,
104/11/24,0,0,-1,-1,671,0,0,671,1.13%,1.13%,
104/11/23,-4,0,1,-3,671,0,1,672,1.13%,1.13%,
104/11/20,-18,0,0,-18,675,0,0,675,1.13%,1.13%,
104/11/19,-39,0,0,-39,693,0,0,693,1.17%,1.17%,
104/11/18,64,0,0,64,732,0,0,732,1.23%,1.23%,
104/11/17,0,0,0,0,668,0,0,668,1.12%,1.12%,
104/11/16,0,0,0,0,668,0,0,668,1.12%,1.12%,
104/11/13,0,0,0,0,668,0,0,668,1.12%,1.12%,
104/11/12,-1,0,0,-1,668,0,0,668,1.12%,1.12%,
104/11/11,1,0,0,1,669,0,0,669,1.12%,1.12%,
104/11/10,0,0,0,0,668,0,0,668,1.12%,1.12%,
104/11/09,0,0,0,0,668,0,0,668,1.12%,1.12%,
104/11/06,0,0,0,0,668,0,0,668,1.12%,1.12%,
104/11/05,0,0,0,0,668,0,0,668,1.12%,1.12%,
104/11/04,-4,0,0,-4,668,0,0,668,1.12%,1.12%,
104/11/03,0,0,0,0,672,0,0,672,1.13%,1.13%,
104/11/02,4,0,0,4,672,0,0,672,1.13%,1.13%,
104/10/30,0,0,0,0,668,0,0,668,1.12%,1.12%,
104/10/29,0,0,0,0,668,0,0,668,1.12%,1.12%,
104/10/28,0,0,0,0,668,0,0,668,1.12%,1.12%,
104/10/27,0,0,0,0,668,0,0,668,1.12%,1.12%,
104/10/26,0,0,0,0,668,0,0,668,1.12%,1.12%,
104/10/23,0,0,0,0,668,0,0,668,1.12%,1.12%,
104/10/22,-1,0,-1,-2,668,0,0,668,1.12%,1.12%,
104/10/21,-1,0,1,0,669,0,1,670,1.12%,1.12%,
104/10/20,-1,0,0,-1,670,0,0,670,1.13%,1.13%,
104/10/19,0,0,0,0,671,0,0,671,1.13%,1.13%,
104/10/16,-7,0,0,-7,671,0,0,671,1.13%,1.13%,
104/10/15,-1,0,0,-1,678,0,0,678,1.14%,1.14%,
104/10/14,0,0,0,0,679,0,0,679,1.14%,1.14%,
104/10/13,-17,0,0,-17,679,0,0,679,1.14%,1.14%,
104/10/12,-6,0,-1,-7,696,0,0,696,1.17%,1.17%,
104/10/08,-3,0,1,-2,702,0,1,703,1.18%,1.18%,
104/10/07,10,0,0,10,705,0,0,705,1.19%,1.19%,
104/10/06,2,0,0,2,695,0,0,695,1.17%,1.17%,
104/10/05,22,0,0,22,693,0,0,693,1.17%,1.17%,
104/10/02,0,0,0,0,671,0,0,671,1.13%,1.13%,
104/10/01,0,0,-2,-2,671,0,0,671,1.13%,1.13%,
104/09/30,-9,0,2,-7,671,0,2,673,1.13%,1.13%,
104/09/25,11,0,0,11,680,0,0,680,1.14%,1.14%,
104/09/24,-1,0,0,-1,669,0,0,669,1.12%,1.12%,
104/09/23,0,0,0,0,670,0,0,670,1.13%,1.13%,
104/09/22,0,0,0,0,670,0,0,670,1.13%,1.13%,
104/09/21,0,0,0,0,670,0,0,670,1.13%,1.13%,
104/09/18,2,0,0,2,670,0,0,670,1.13%,1.13%,
104/09/17,0,0,0,0,668,0,0,668,1.12%,1.12%,
104/09/16,0,0,0,0,668,0,0,668,1.12%,1.12%,
104/09/15,0,0,0,0,668,0,0,668,1.12%,1.12%,
104/09/14,0,0,0,0,668,0,0,668,1.12%,1.12%,
104/09/11,0,0,0,0,668,0,0,668,1.12%,1.12%,
104/09/10,0,0,0,0,668,0,0,668,1.12%,1.12%,
104/09/09,0,0,0,0,668,0,0,668,1.12%,1.12%,
104/09/08,-3,0,0,-3,668,0,0,668,1.12%,1.12%,
104/09/07,-1,0,0,-1,671,0,0,671,1.13%,1.13%,
104/09/04,0,0,0,0,672,0,0,672,1.13%,1.13%,
104/09/03,-2,0,0,-2,672,0,0,672,1.13%,1.13%,
104/09/02,0,0,0,0,674,0,0,674,1.13%,1.13%,
104/09/01,0,0,0,0,674,0,0,674,1.13%,1.13%,
104/08/31,0,0,0,0,674,0,0,674,1.13%,1.13%,
104/08/28,0,0,0,0,674,0,0,674,1.13%,1.13%,
104/08/27,-4,0,0,-4,674,0,0,674,1.13%,1.13%,
104/08/26,0,0,0,0,678,0,0,678,1.14%,1.14%,
104/08/25,0,0,0,0,678,0,0,678,1.14%,1.14%,
104/08/24,0,0,0,0,678,0,0,678,1.14%,1.14%,
104/08/21,0,0,0,0,678,0,0,678,1.14%,1.14%,
104/08/20,0,0,0,0,678,0,0,678,1.14%,1.14%,
104/08/19,0,0,0,0,678,0,0,678,1.14%,1.14%,
104/08/18,0,0,0,0,678,0,0,678,1.14%,1.14%,
104/08/17,0,0,0,0,678,0,0,678,1.14%,1.14%,
104/08/14,0,0,0,0,678,0,0,678,1.14%,1.14%,
104/08/13,0,0,0,0,678,0,0,678,1.14%,1.14%,
104/08/12,0,0,0,0,678,0,0,678,1.14%,1.14%,
104/08/11,0,0,0,0,678,0,0,678,1.14%,1.14%,
104/08/10,0,0,0,0,678,0,0,678,1.14%,1.14%,
104/08/07,0,0,0,0,678,0,0,678,1.14%,1.14%,
104/08/06,0,0,0,0,678,0,0,678,1.14%,1.14%,
104/08/05,0,0,0,0,678,0,0,678,1.14%,1.14%,
104/08/04,0,0,0,0,678,0,0,678,1.14%,1.14%,
104/08/03,0,0,0,0,678,0,0,678,1.14%,1.14%,
104/07/31,0,0,0,0,678,0,0,678,1.14%,1.14%,
104/07/30,0,0,0,0,678,0,0,678,1.14%,1.14%,
104/07/29,0,0,0,0,678,0,0,678,1.14%,1.14%,
104/07/28,0,0,0,0,678,0,0,678,1.14%,1.14%,
104/07/27,0,0,0,0,678,0,0,678,1.14%,1.14%,
104/07/24,0,0,0,0,678,0,0,678,1.14%,1.14%,
104/07/23,0,0,0,0,678,0,0,678,1.14%,1.14%,
104/07/22,0,0,0,0,678,0,0,678,1.14%,1.14%,
104/07/21,0,0,0,0,678,0,0,678,1.14%,1.14%,
104/07/20,0,0,0,0,678,0,0,678,1.14%,1.14%,
104/07/17,0,0,0,0,678,0,0,678,1.14%,1.14%,
104/07/16,0,0,0,0,678,0,0,678,1.14%,1.14%,
104/07/15,0,0,0,0,678,0,0,678,1.14%,1.14%,
104/07/14,0,0,0,0,678,0,0,678,1.14%,1.14%,
104/07/13,0,0,0,0,678,0,0,678,1.14%,1.14%,
104/07/09,-5,0,0,-5,678,0,0,678,1.14%,1.14%,
104/07/08,0,0,0,0,683,0,0,683,1.15%,1.15%,
104/07/07,0,0,0,0,683,0,0,683,1.15%,1.15%,
104/07/06,0,0,0,0,683,0,0,683,1.15%,1.15%,
104/07/03,0,0,0,0,683,0,0,683,1.15%,1.15%,
104/07/02,0,0,0,0,683,0,0,683,1.15%,1.15%,
104/07/01,0,0,0,0,683,0,0,683,1.15%,1.15%,
104/06/30,0,0,0,0,683,0,0,683,1.15%,1.15%,
104/06/29,-1,0,0,-1,683,0,0,683,1.15%,1.15%,
104/06/26,0,0,0,0,684,0,0,684,1.15%,1.15%,
104/06/25,0,0,0,0,684,0,0,684,1.15%,1.15%,
104/06/24,-1,0,0,-1,684,0,0,684,1.15%,1.15%,
104/06/23,0,0,0,0,686,0,0,686,1.15%,1.15%,
104/06/22,0,0,0,0,686,0,0,686,1.15%,1.15%,
104/06/18,0,0,0,0,686,0,0,686,1.15%,1.15%,
104/06/17,0,0,0,0,686,0,0,686,1.15%,1.15%,
104/06/16,0,0,0,0,686,0,0,686,1.15%,1.15%,
104/06/15,0,0,0,0,686,0,0,686,1.15%,1.15%,
104/06/12,0,0,0,0,686,0,0,686,1.15%,1.15%,
104/06/11,0,0,0,0,686,0,0,686,1.15%,1.15%,
104/06/10,0,0,0,0,686,0,0,686,1.15%,1.15%,
104/06/09,0,0,0,0,686,0,0,686,1.15%,1.15%,
104/06/08,0,0,0,0,686,0,0,686,1.15%,1.15%,
104/06/05,0,0,0,0,686,0,0,686,1.15%,1.15%,
104/06/04,0,0,0,0,686,0,0,686,1.15%,1.15%,
104/06/03,0,0,0,0,686,0,0,686,1.16%,1.16%,
104/06/02,0,0,0,0,686,0,0,686,1.16%,1.16%,
104/06/01,0,0,0,0,686,0,0,686,1.16%,1.16%,
104/05/29,0,0,0,0,686,0,0,686,1.16%,1.16%,
104/05/28,0,0,0,0,686,0,0,686,1.16%,1.16%,
104/05/27,0,0,0,0,686,0,0,686,1.16%,1.16%,
104/05/26,0,0,0,0,686,0,0,686,1.16%,1.16%,
104/05/25,0,0,0,0,686,0,0,686,1.16%,1.16%,
104/05/22,0,0,0,0,686,0,0,686,1.16%,1.16%,
104/05/21,0,0,0,0,686,0,0,686,1.16%,1.16%,
104/05/20,0,0,0,0,686,0,0,686,1.16%,1.16%,
104/05/19,0,0,0,0,686,0,0,686,1.16%,1.16%,
104/05/18,0,0,0,0,686,0,0,686,1.16%,1.16%,
104/05/15,0,0,0,0,686,0,0,686,1.16%,1.16%,
104/05/14,0,0,0,0,686,0,0,686,1.16%,1.16%,
104/05/13,0,0,0,0,686,0,0,686,1.16%,1.16%,
104/05/12,0,0,0,0,686,0,0,686,1.16%,1.16%,
104/05/11,-1,0,0,-1,686,0,0,686,1.16%,1.16%,
104/05/08,0,0,0,0,687,0,0,687,1.16%,1.16%,
104/05/07,0,0,0,0,687,0,0,687,1.16%,1.16%,
104/05/06,0,0,0,0,687,0,0,687,1.16%,1.16%,
104/05/05,0,0,0,0,687,0,0,687,1.16%,1.16%,
104/05/04,0,0,0,0,687,0,0,687,1.16%,1.16%,
104/04/30,0,0,0,0,687,0,0,687,1.16%,1.16%,
104/04/29,0,0,0,0,687,0,0,687,1.16%,1.16%,
104/04/28,0,0,0,0,687,0,0,687,1.16%,1.16%,
104/04/27,0,0,0,0,687,0,0,687,1.16%,1.16%,
104/04/24,0,0,0,0,687,0,0,687,1.16%,1.16%,
104/04/23,-3,0,0,-3,687,0,0,687,1.16%,1.16%,
104/04/22,-1,0,0,-1,690,0,0,690,1.16%,1.16%,
104/04/21,0,0,0,0,691,0,0,691,1.17%,1.17%,
104/04/20,0,0,0,0,691,0,0,691,1.17%,1.17%,
104/04/17,0,0,0,0,691,0,0,691,1.17%,1.17%,
104/04/16,0,0,0,0,691,0,0,691,1.17%,1.17%,
104/04/15,0,0,0,0,691,0,0,691,1.17%,1.17%,
104/04/14,0,0,0,0,691,0,0,691,1.17%,1.17%,
104/04/13,0,0,0,0,691,0,0,691,1.17%,1.17%,
104/04/10,0,0,0,0,691,0,0,691,1.17%,1.17%,
104/04/09,0,0,0,0,691,0,0,691,1.17%,1.17%,
104/04/08,0,0,0,0,691,0,0,691,1.17%,1.17%,
104/04/07,1,0,0,1,691,0,0,691,1.17%,1.17%,
104/04/02,0,0,0,0,690,0,0,690,1.16%,1.16%,
104/04/01,0,0,0,0,690,0,0,690,1.16%,1.16%,
104/03/31,0,0,0,0,690,0,0,690,1.16%,1.16%,
104/03/30,-1,0,0,-1,690,0,0,690,1.16%,1.16%,
104/03/27,0,0,0,0,691,0,0,691,1.17%,1.17%,
104/03/26,0,0,0,0,691,0,0,691,1.17%,1.17%,
104/03/25,-1,0,0,-1,691,0,0,691,1.17%,1.17%,
104/03/24,0,0,0,0,692,0,0,692,1.17%,1.17%,
104/03/23,2,0,0,2,692,0,0,692,1.17%,1.17%,
104/03/20,0,0,0,0,690,0,0,690,1.16%,1.16%,
104/03/19,0,0,0,0,690,0,0,690,1.16%,1.16%,
104/03/18,0,0,0,0,690,0,0,690,1.16%,1.16%,
104/03/17,0,0,0,0,690,0,0,690,1.16%,1.16%,
104/03/16,0,0,0,0,690,0,0,690,1.16%,1.16%,
104/03/13,0,0,0,0,690,0,0,690,1.16%,1.16%,
104/03/12,0,0,0,0,690,0,0,690,1.16%,1.16%,
104/03/11,0,0,0,0,690,0,0,690,1.16%,1.16%,
104/03/10,0,0,0,0,690,0,0,690,1.16%,1.16%,
104/03/09,0,0,0,0,690,0,0,690,1.16%,1.16%,
104/03/06,0,0,0,0,690,0,0,690,1.16%,1.16%,
104/03/05,0,0,0,0,690,0,0,690,1.16%,1.16%,
104/03/04,0,0,0,0,690,0,0,690,1.16%,1.16%,
104/03/03,0,0,0,0,690,0,0,690,1.16%,1.16%,
104/03/02,0,0,0,0,690,0,0,690,1.16%,1.16%,
104/02/26,0,0,0,0,690,0,0,690,1.16%,1.16%,
104/02/25,0,0,0,0,690,0,0,690,1.16%,1.16%,
104/02/24,0,0,0,0,690,0,0,690,1.16%,1.16%,
104/02/13,0,0,0,0,690,0,0,690,1.16%,1.16%,
104/02/12,0,0,0,0,700,0,0,700,1.18%,1.18%,
104/02/11,0,0,0,0,700,0,0,700,1.18%,1.18%,
104/02/10,0,0,0,0,700,0,0,700,1.18%,1.18%,
104/02/09,0,0,0,0,700,0,0,700,1.18%,1.18%,
104/02/06,-3,0,0,-3,700,0,0,700,1.18%,1.18%,
104/02/05,-2,0,0,-2,702,0,0,702,1.18%,1.18%,
104/02/04,-2,0,0,-2,704,0,0,704,1.19%,1.19%,
104/02/03,-2,0,0,-2,706,0,0,706,1.19%,1.19%,
104/02/02,-2,0,0,-2,708,0,0,708,1.19%,1.19%,
104/01/30,0,0,0,0,710,0,0,710,1.20%,1.20%,
104/01/29,0,0,0,0,710,0,0,710,1.20%,1.20%,
104/01/28,0,0,0,0,710,0,0,710,1.20%,1.20%,
104/01/27,0,0,0,0,710,0,0,710,1.20%,1.20%,
104/01/26,0,0,0,0,710,0,0,710,1.20%,1.20%,
104/01/23,0,0,0,0,710,0,0,710,1.20%,1.20%,
104/01/22,0,0,0,0,710,0,0,710,1.20%,1.20%,
104/01/21,0,0,0,0,825,0,0,825,1.39%,1.39%,
104/01/20,0,0,0,0,825,0,0,825,1.39%,1.39%,
104/01/19,0,0,0,0,825,0,0,825,1.39%,1.39%,
104/01/16,-2,0,0,-2,825,0,0,825,1.39%,1.39%,
104/01/15,0,0,0,0,827,0,0,827,1.40%,1.40%,
104/01/14,0,0,0,0,827,0,0,827,1.40%,1.40%,
104/01/13,1,0,0,1,827,0,0,827,1.40%,1.40%,
104/01/12,0,0,0,0,826,0,0,826,1.39%,1.39%,
104/01/09,1,0,0,1,826,0,0,826,1.39%,1.39%,
104/01/08,0,0,0,0,825,0,0,825,1.39%,1.39%,
104/01/07,9,0,0,9,825,0,0,825,1.39%,1.39%,
104/01/06,16,0,0,16,816,0,0,816,1.38%,1.38%,
104/01/05,4,0,0,4,800,0,0,800,1.35%,1.35%,
