日期,外資買賣超,投信買賣超,自營商買賣超,單日合計買賣超,外資估計持股,投信估計持股,自營商估計持股,單日合計估計持股,外資持股比重,三大法人持股比重,
107/03/31,-33,-46,-36,-115,3331165,33896,3115,3368176,27.26%,27.56%,
107/03/30,2671,-13,-676,1982,3331198,33942,3151,3368291,27.26%,27.56%,
107/03/29,-397,0,-606,-1003,3328527,33955,3827,3366309,27.24%,27.55%,
107/03/28,5923,0,-1142,4781,3328924,33955,4433,3367312,27.24%,27.55%,
107/03/27,6635,1,-1533,5103,3323002,33955,5575,3362532,27.20%,27.52%,
107/03/26,1838,0,-717,1121,3316367,33954,7108,3357429,27.14%,27.48%,
107/03/23,-65,-27,-5,-97,3314529,33954,7825,3356308,27.13%,27.47%,
107/03/22,-1429,0,-391,-1820,3314594,33981,7830,3356405,27.13%,27.47%,
107/03/21,-3996,0,-202,-4198,3316023,33981,8221,3358225,27.14%,27.49%,
107/03/20,-184,-38,-1234,-1456,3320019,33981,8423,3362423,27.17%,27.52%,
107/03/19,4626,-28,-6,4592,3320193,34019,9657,3363869,27.17%,27.53%,
107/03/16,3091,-36,-26,3029,3315568,34047,9663,3359278,27.14%,27.50%,
107/03/15,-4200,0,2,-4198,3312477,34083,9689,3356249,27.11%,27.47%,
107/03/14,543,0,515,1058,3316632,34083,9687,3360402,27.14%,27.50%,
107/03/13,5819,-24,18,5813,3316034,34083,9172,3359289,27.14%,27.49%,
107/03/12,2082,6,60,2148,3310215,34107,9154,3353476,27.09%,27.44%,
107/03/09,105,1,0,106,3308133,34101,9094,3351328,27.07%,27.42%,
107/03/08,-608,0,0,-608,3308028,34100,9094,3351222,27.07%,27.42%,
107/03/07,-2599,0,7,-2592,3308636,34100,9094,3351830,27.08%,27.43%,
107/03/06,-4154,-13,2,-4165,3311235,34100,9087,3354422,27.10%,27.45%,
107/03/05,-5610,-207,-43,-5860,3315389,34113,9085,3358587,27.13%,27.48%,
107/03/02,-12526,6,83,-12437,3321059,34320,9128,3364507,27.18%,27.54%,
107/03/01,-5938,0,7,-5931,3333585,34314,9045,3376944,27.28%,27.63%,
107/02/27,-869,12,87,-770,3339523,34314,9038,3382875,27.33%,27.68%,
107/02/26,1137,6,1,1144,3340354,34302,8951,3383607,27.34%,27.69%,
107/02/23,76,0,-90,-14,3339217,34296,8950,3382463,27.33%,27.68%,
107/02/22,-5288,-19,47,-5260,3339141,34296,9040,3382477,27.33%,27.68%,
107/02/21,-450,0,-24,-474,3344553,34315,8993,3387861,27.37%,27.72%,
107/02/12,-9001,0,52,-8949,3345362,34315,9017,3388694,27.38%,27.73%,
107/02/09,-13919,0,772,-13147,3354464,34315,8965,3397744,27.45%,27.80%,
107/02/08,-6010,5,305,-5700,3368572,34315,8193,3411080,27.57%,27.92%,
107/02/07,-7486,52,1449,-5985,3374775,34310,7888,3416973,27.62%,27.97%,
107/02/06,-25699,0,3852,-21847,3382557,34258,6439,3423254,27.68%,28.01%,
107/02/05,-2494,-15,10,-2499,3408256,34258,2587,3445101,27.89%,28.19%,
107/02/02,-2486,0,-9,-2495,3410750,34273,2577,3447600,27.91%,28.21%,
107/02/01,-466,0,0,-466,3413260,34273,2586,3450119,27.93%,28.23%,
107/01/31,969,-283,425,1111,3413726,34273,2586,3450585,27.94%,28.24%,
107/01/30,-3064,0,-2391,-5455,3412785,34556,2161,3449502,27.93%,28.23%,
107/01/29,828,0,0,828,3416439,34556,4552,3455547,27.96%,28.28%,
107/01/26,3861,-645,-26,3190,3415611,34556,4552,3454719,27.95%,28.27%,
107/01/25,3631,16,-48,3599,3411821,35201,4578,3451600,27.92%,28.25%,
107/01/24,-742,-60,-10,-812,3407997,35185,4626,3447808,27.89%,28.22%,
107/01/23,-170,0,470,300,3408678,35245,4636,3448559,27.90%,28.23%,
107/01/22,-2357,-1384,-641,-4382,3408834,35245,4166,3448245,27.90%,28.22%,
107/01/19,1421,0,-380,1041,3411167,36629,4807,3452603,27.92%,28.26%,
107/01/18,2750,-1770,-576,404,3408923,36629,5187,3450739,27.90%,28.24%,
107/01/17,4974,-19,-3260,1695,3406172,38399,5763,3450334,27.88%,28.24%,
107/01/16,2433,-101,-300,2032,3401176,38418,9023,3448617,27.84%,28.23%,
107/01/15,1599,-16,53,1636,3398778,38519,9323,3446620,27.82%,28.21%,
107/01/12,1415,0,-1043,372,3397155,38535,9270,3444960,27.80%,28.19%,
107/01/11,-110,0,60,-50,3395760,38535,10313,3444608,27.79%,28.19%,
107/01/10,1598,-69,-2005,-476,3395871,38535,10253,3444659,27.79%,28.19%,
107/01/09,2188,0,0,2188,3394263,38604,12258,3445125,27.78%,28.20%,
107/01/08,4871,-16,-514,4341,3392075,38604,12258,3442937,27.76%,28.18%,
107/01/05,1721,-98,-10,1613,3387275,38620,12772,3438667,27.72%,28.14%,
107/01/04,1143,-473,0,670,3385554,38718,12782,3437054,27.71%,28.13%,
107/01/03,2438,0,-2030,408,3384421,39191,12782,3436394,27.70%,28.13%,
107/01/02,570,0,20,590,3381902,39191,14812,3435905,27.68%,28.12%,
106/12/29,3699,-46,5,3658,3381332,39191,14792,3435315,27.67%,28.11%,
106/12/28,3363,-35,10,3338,3377632,40996,14787,3433415,27.64%,28.10%,
106/12/27,747,-70,-2040,-1363,3374269,41031,14777,3430077,27.62%,28.08%,
106/12/26,-222,-79,-1,-302,3373522,41101,16817,3431440,27.61%,28.08%,
106/12/25,399,0,5,404,3373744,41180,16818,3431742,27.61%,28.08%,
106/12/22,1616,0,-5,1611,3373310,41180,16813,3431303,27.61%,28.08%,
106/12/21,45,0,1,46,3371848,41180,16818,3429846,27.60%,28.07%,
106/12/20,-581,0,-2045,-2626,3371900,41180,16817,3429897,27.60%,28.07%,
106/12/19,-3845,-35,-68,-3948,3372678,41180,18862,3432720,27.60%,28.09%,
106/12/18,65,0,-7,58,3376506,41215,18930,3436651,27.63%,28.12%,
106/12/15,-7911,147,-87,-7851,3376614,41215,18937,3436766,27.64%,28.13%,
106/12/14,-1044,0,0,-1044,3384515,41068,19024,3444607,27.70%,28.19%,
106/12/13,-3502,-6,74,-3434,3385507,41068,19024,3445599,27.71%,28.20%,
106/12/12,-3388,-1,-208,-3597,3389051,41074,18950,3449075,27.74%,28.23%,
106/12/11,-6122,0,-10,-6132,3393078,41075,19158,3453311,27.77%,28.26%,
106/12/08,-8631,-11,-18,-8660,3399297,41075,19168,3459540,27.82%,28.31%,
106/12/07,-5352,-2,28,-5326,3407989,41086,19186,3468261,27.89%,28.38%,
106/12/06,-15431,24,-9,-15416,3413341,41088,19158,3473587,27.94%,28.43%,
106/12/05,-2820,-586,-50,-3456,3428762,41064,19167,3488993,28.06%,28.55%,
106/12/04,-783,0,-34,-817,3431582,41650,19217,3492449,28.08%,28.58%,
106/12/01,-2406,8,40,-2358,3432342,41650,19251,3493243,28.09%,28.59%,
106/11/30,-3231,-15,-201,-3447,3434685,41642,19211,3495538,28.11%,28.61%,
106/11/29,1559,-82,-3625,-2148,3437882,41657,19412,3498951,28.14%,28.64%,
106/11/28,-4044,-22,-3653,-7719,3436291,41739,23037,3501067,28.12%,28.65%,
106/11/27,-749,0,-3166,-3915,3439986,41761,26690,3508437,28.15%,28.71%,
106/11/24,-2675,0,-18,-2693,3440735,41761,29856,3512352,28.16%,28.75%,
106/11/23,-11,-149,-52,-212,3443846,41761,29874,3515481,28.19%,28.78%,
106/11/22,4145,0,-8,4137,3443847,41910,29926,3515683,28.19%,28.78%,
106/11/21,4212,0,-445,3767,3439702,41910,29934,3511546,28.15%,28.74%,
106/11/20,-1349,0,-215,-1564,3435490,41910,30379,3507779,28.12%,28.71%,
106/11/17,685,-3,-56,626,3436829,41910,30594,3509333,28.13%,28.72%,
106/11/16,-3244,0,-316,-3560,3436178,41913,30650,3508741,28.12%,28.71%,
106/11/15,-8582,0,-284,-8866,3439422,41913,30966,3512301,28.15%,28.75%,
106/11/14,-6478,-1985,0,-8463,3448005,41913,31250,3521168,28.22%,28.82%,
106/11/13,-4157,182,-51,-4026,3454037,43898,31250,3529185,28.27%,28.89%,
106/11/10,-1158,-792,0,-1950,3458194,43716,31301,3533211,28.30%,28.91%,
106/11/09,-833,-814,-9,-1656,3459353,44508,31301,3535162,28.31%,28.93%,
106/11/08,-2104,2028,0,-76,3460361,45322,31310,3536993,28.32%,28.95%,
106/11/07,1816,0,0,1816,3462465,43294,31310,3537069,28.34%,28.95%,
106/11/06,-2252,-554,0,-2806,3460092,43294,31310,3534696,28.32%,28.93%,
106/11/03,243,-698,-1001,-1456,3462343,43848,31310,3537501,28.34%,28.96%,
106/11/02,-283,-61,-4,-348,3462091,44546,32311,3538948,28.33%,28.96%,
106/11/01,7066,-22,-7068,-24,3462361,44607,32315,3539283,28.34%,28.97%,
106/10/31,-642,-6,-4621,-5269,3455286,44629,39383,3539298,28.28%,28.97%,
106/10/30,3803,0,106,3909,3455065,44635,44004,3543704,28.28%,29.01%,
106/10/27,-2713,1216,11,-1486,3451208,44635,43898,3539741,28.25%,28.97%,
106/10/26,-3829,-110,-2033,-5972,3453890,43419,43887,3541196,28.27%,28.98%,
106/10/25,4138,254,-60,4332,3457708,43529,45920,3547157,28.30%,29.03%,
106/10/24,6502,-7,10,6505,3452168,43275,45980,3541423,28.25%,28.98%,
106/10/23,2429,388,-91,2726,3445639,43282,45970,3534891,28.20%,28.93%,
106/10/20,1252,0,24,1276,3443234,42894,46061,3532189,28.18%,28.91%,
106/10/19,-166,-51,10,-207,3441982,42894,46037,3530913,28.17%,28.90%,
106/10/18,-1580,864,-516,-1232,3442134,42945,46027,3531106,28.17%,28.90%,
106/10/17,5381,-6,-1500,3875,3443788,42081,46543,3532412,28.18%,28.91%,
106/10/16,3370,155,-5590,-2065,3438407,42087,48043,3528537,28.14%,28.88%,
106/10/13,3374,95,-1,3468,3435036,41932,53633,3530601,28.11%,28.89%,
106/10/12,6664,775,-161,7278,3431688,41837,53634,3527159,28.09%,28.87%,
106/10/11,9167,-12,-751,8404,3425005,41062,53795,3519862,28.03%,28.81%,
106/10/06,5268,32,-85,5215,3415838,41074,54546,3511458,27.96%,28.74%,
106/10/05,2012,-770,-41,1201,3410727,41042,54631,3506400,27.91%,28.69%,
106/10/03,518,-800,-219,-501,3408715,41812,54672,3505199,27.90%,28.69%,
106/10/02,-1111,97,-88,-1102,3407954,42612,54892,3505458,27.89%,28.69%,
106/09/30,1,0,-230,-229,3409065,42515,54980,3506560,27.90%,28.70%,
106/09/29,-89,-4,-58,-151,3409064,50888,55210,3515162,27.90%,28.77%,
106/09/28,3153,30,195,3378,3409347,50892,55268,3515507,27.90%,28.77%,
106/09/27,5026,619,-133,5512,3406360,50862,55073,3512295,27.88%,28.75%,
106/09/26,16169,0,358,16527,3401403,50243,55206,3506852,27.84%,28.70%,
106/09/25,1481,100,37,1618,3385665,50243,54848,3490756,27.71%,28.57%,
106/09/22,2323,112,-266,2169,3384137,50143,54811,3489091,27.70%,28.56%,
106/09/21,-445,0,207,-238,3381815,50031,55077,3486923,27.68%,28.54%,
106/09/20,-527,6,-32,-553,3382259,50031,54870,3487160,27.68%,28.54%,
106/09/19,992,114,-288,818,3382787,50025,54902,3487714,27.69%,28.55%,
106/09/18,10332,373,322,11027,3381794,49911,55190,3486895,27.68%,28.54%,
106/09/15,2067,1002,-115,2954,3371463,49538,54868,3475869,27.59%,28.44%,
106/09/14,-2405,528,-258,-2135,3369345,48536,54983,3472864,27.58%,28.43%,
106/09/13,-1340,54,-122,-1408,3371673,48008,55241,3474922,27.59%,28.44%,
106/09/12,3608,216,-88,3736,3372917,47954,55363,3476234,27.60%,28.45%,
106/09/11,506,0,971,1477,3369170,47738,55451,3472359,27.57%,28.41%,
106/09/08,1870,21,16,1907,3368351,47738,54480,3470569,27.57%,28.41%,
106/09/07,815,97,-197,715,3366416,47717,54464,3468597,27.55%,28.39%,
106/09/06,4796,-5,-151,4640,3365538,47620,54661,3467819,27.54%,28.38%,
106/09/05,1460,2,-67,1395,3359533,47625,54812,3461970,27.50%,28.34%,
106/09/04,568,0,-293,275,3358072,47623,54879,3460574,27.48%,28.32%,
106/09/01,7461,-8,-83,7370,3357504,47623,55172,3460299,27.48%,28.32%,
106/08/31,3715,-12,-431,3272,3349976,47631,55255,3452862,27.42%,28.26%,
106/08/30,3796,0,-207,3589,3346248,47643,55686,3449577,27.39%,28.24%,
106/08/29,-2137,-24,-66,-2227,3342422,47643,55893,3445958,27.36%,28.21%,
106/08/28,3220,-43,-256,2921,3344559,47667,55959,3448185,27.37%,28.22%,
106/08/25,963,-7,-2248,-1292,3280170,47710,56215,3384095,27.38%,28.23%,
106/08/24,2018,9,75,2102,3279273,47717,58463,3385453,27.38%,28.25%,
106/08/23,-1650,142,-1056,-2564,3277255,47708,58388,3383351,27.36%,28.23%,
106/08/22,-350,0,-40,-390,3278905,47566,59444,3385915,27.37%,28.25%,
106/08/21,932,78,-383,627,3279255,47566,59484,3386305,27.37%,28.25%,
106/08/18,-1700,0,-53,-1753,3278323,47488,59867,3385678,27.37%,28.25%,
106/08/17,11902,1,-586,11317,3280023,47488,59920,3387431,27.38%,28.26%,
106/08/16,-2476,470,-933,-2939,3268315,47487,60506,3376308,27.28%,28.16%,
106/08/15,2116,-164,9,1961,3270758,47017,61439,3379214,27.30%,28.19%,
106/08/14,-777,22,-44,-799,3272963,47181,61430,3381574,27.32%,28.21%,
106/08/11,-1891,7,34,-1850,3273740,47159,61474,3382373,27.33%,28.22%,
106/08/10,118,17,-653,-518,3275569,47152,61440,3384161,27.34%,28.23%,
106/08/09,-7889,36,-715,-8568,3275385,47135,62093,3384613,27.34%,28.23%,
106/08/08,-4724,-8,-516,-5248,3278910,47099,62808,3388817,27.37%,28.27%,
106/08/07,-9571,20,-2548,-12099,3283568,47107,63324,3393999,27.41%,28.31%,
106/08/04,22303,59,-10039,12323,3293138,47087,65872,3406097,27.49%,28.41%,
106/08/03,-1955,-108,8757,6694,3270836,47028,75911,3393775,27.30%,28.33%,
106/08/02,11793,-12,4195,15976,3272791,47136,67154,3387081,27.32%,28.27%,
106/08/01,2177,-21,2098,4254,3260997,47148,62959,3371104,27.22%,28.14%,
106/07/31,3676,18,2492,6186,3258820,47169,60861,3366850,27.20%,28.10%,
106/07/28,-4685,2,-237,-4920,3255145,47151,58369,3360665,27.17%,28.05%,
106/07/27,6293,0,582,6875,3259283,47149,58606,3365038,27.21%,28.09%,
106/07/26,-3783,-370,763,-3390,3251542,47149,58024,3356715,27.14%,28.02%,
106/07/25,-9495,5,1664,-7826,3251528,47519,57261,3356308,27.14%,28.01%,
106/07/24,3652,0,1780,5432,3259528,47514,55597,3362639,27.21%,28.07%,
106/07/21,-1066,-721,2363,576,3255213,47514,53817,3356544,27.17%,28.02%,
106/07/20,-4361,-67,2712,-1716,3256278,48235,51454,3355967,27.18%,28.01%,
106/07/19,-8434,-67,1950,-6551,3260639,48302,48742,3357683,27.22%,28.03%,
106/07/18,-3826,39,2656,-1131,3269074,48369,46792,3364235,27.29%,28.08%,
106/07/17,-1944,-3,448,-1499,3272990,48330,44136,3365456,27.32%,28.09%,
106/07/14,4837,-23,446,5260,3274934,48333,43688,3366955,27.34%,28.11%,
106/07/13,1799,-25,1513,3287,3270096,48356,43242,3361694,27.30%,28.06%,
106/07/12,-951,-23,1278,304,3268298,48381,41729,3358408,27.28%,28.03%,
106/07/11,-636,-118,504,-250,3269249,48404,40451,3358104,27.29%,28.03%,
106/07/10,-1063,-12,569,-506,3269885,48522,39947,3358354,27.30%,28.04%,
106/07/07,1727,30,411,2168,3271213,48534,39378,3359125,27.31%,28.04%,
106/07/06,4112,0,415,4527,3269486,48504,38967,3356957,27.29%,28.02%,
106/07/05,4852,0,1040,5892,3265373,48504,38552,3352429,27.26%,27.99%,
106/07/04,-2506,-8,508,-2006,3260522,48504,37512,3346538,27.22%,27.94%,
106/07/03,1920,-5,270,2185,3263028,48512,37004,3348544,27.24%,27.95%,
106/06/30,1909,-2,518,2425,3261108,48517,36734,3346359,27.22%,27.93%,
106/06/29,5885,44,1046,6975,3259198,41499,36216,3336913,27.21%,27.86%,
106/06/28,1099,0,1020,2119,3253314,41455,35170,3329939,27.16%,27.80%,
106/06/27,4464,0,1058,5522,3252214,41455,34150,3327819,27.15%,27.78%,
106/06/26,8594,-17,573,9150,3247750,41455,33092,3322297,27.11%,27.73%,
106/06/23,5005,137,100,5242,3241508,41472,32519,3315499,27.06%,27.68%,
106/06/22,2830,0,768,3598,3238118,41335,32419,3311872,27.03%,27.65%,
106/06/21,-1099,0,3603,2504,3226180,41335,31651,3299166,26.93%,27.54%,
106/06/20,3823,-32,3347,7138,3228355,41335,28048,3297738,26.95%,27.53%,
106/06/19,3545,-15,4236,7766,3224947,41367,24701,3291015,26.92%,27.47%,
106/06/16,1494,126,264,1884,3221402,41382,20465,3283249,26.89%,27.41%,
106/06/15,-4688,0,2826,-1862,3222550,41256,20201,3284007,26.90%,27.41%,
106/06/14,-6268,-4,1100,-5172,3230546,41256,17375,3289177,26.97%,27.46%,
106/06/13,857,0,1681,2538,3239639,41260,16275,3297174,27.04%,27.52%,
106/06/12,-4097,-65,270,-3892,3236414,41260,14594,3292268,27.02%,27.49%,
106/06/09,-4358,-51,75,-4334,3241016,41325,14324,3296665,27.06%,27.52%,
106/06/08,7193,-6,122,7309,3245374,41376,14249,3300999,27.09%,27.55%,
106/06/07,-2729,-16,1268,-1477,3238181,41382,14127,3293690,27.03%,27.49%,
106/06/06,-4851,-27,299,-4579,3240911,41398,12859,3295168,27.05%,27.50%,
106/06/05,-3641,-39,300,-3380,3245761,41425,12560,3299746,27.10%,27.55%,
106/06/03,-842,-17,526,-333,3251100,41464,12260,3304824,27.14%,27.59%,
106/06/02,-3191,-46,1182,-2055,3251942,41481,11734,3305157,27.15%,27.59%,
106/06/01,-1005,-135,1404,264,3255133,41527,10552,3307212,27.17%,27.60%,
106/05/31,-1516,-166,752,-930,3256138,41662,9148,3306948,27.18%,27.60%,
106/05/26,986,-66,302,1222,3257304,41828,8396,3307528,27.19%,27.61%,
106/05/25,77,-10,591,658,3256318,41894,8094,3306306,27.18%,27.60%,
106/05/24,-3798,0,200,-3598,3256241,41904,7503,3305648,27.18%,27.59%,
106/05/23,-3886,0,-3,-3889,3260039,41904,7303,3309246,27.21%,27.62%,
106/05/22,-4320,-4,1600,-2724,3263924,41904,7306,3313134,27.25%,27.66%,
106/05/19,-3573,0,1000,-2573,3268244,41908,5706,3315858,27.28%,27.68%,
106/05/18,-682,-38,-1,-721,3271278,41908,4706,3317892,27.31%,27.70%,
106/05/17,1202,0,-234,968,3271960,41946,4707,3318613,27.31%,27.70%,
106/05/16,-14813,1376,0,-13437,3270918,41946,4941,3317805,27.31%,27.70%,
106/05/15,4894,472,682,6048,3284540,40570,4941,3330051,27.42%,27.80%,
106/05/12,-1419,-28,0,-1447,3279646,40098,4259,3324003,27.38%,27.75%,
106/05/11,8868,0,0,8868,3281066,40126,4259,3325451,27.39%,27.76%,
106/05/10,461,0,0,461,3272198,40126,4259,3316583,27.32%,27.69%,
106/05/09,-5669,0,25,-5644,3271737,40126,4259,3316122,27.31%,27.68%,
106/05/08,-917,0,2,-915,3278005,40126,4234,3322365,27.36%,27.73%,
106/05/05,-1922,0,-27,-1949,3278854,40126,4232,3323212,27.37%,27.74%,
106/05/04,3690,0,1,3691,3280688,40126,4259,3325073,27.39%,27.76%,
106/05/03,-375,0,-15,-390,3276832,40126,4258,3321216,27.35%,27.72%,
106/05/02,6737,-1,92,6828,3277061,40126,4273,3321460,27.36%,27.73%,
106/04/28,-3003,-19,-3005,-6027,3269824,40127,4181,3314132,27.30%,27.67%,
106/04/27,-10908,-7,-343,-11258,3272803,40146,7186,3320135,27.32%,27.72%,
106/04/26,13093,1476,-497,14072,3283596,40153,7529,3331278,27.41%,27.81%,
106/04/25,8356,-1,2,8357,3270451,38677,8026,3317154,27.30%,27.69%,
106/04/24,7648,0,-500,7148,3262153,38678,8024,3308855,27.23%,27.62%,
106/04/21,3251,0,-500,2751,3254505,38678,8524,3301707,27.17%,27.56%,
106/04/20,216,4,0,220,3251231,38678,9024,3298933,27.14%,27.54%,
106/04/19,-7162,0,-173,-7335,3251101,38674,9024,3298799,27.14%,27.54%,
106/04/18,1919,3,-1,1921,3258263,38674,9197,3306134,27.20%,27.60%,
106/04/17,645,0,3,648,3258344,38671,9198,3306213,27.20%,27.60%,
106/04/14,-1151,-27,-251,-1429,3253667,38671,9195,3301533,27.16%,27.56%,
106/04/13,5930,-2,1,5929,3254777,38698,9446,3302921,27.17%,27.57%,
106/04/12,2880,35,-50,2865,3250832,38700,9445,3298977,27.14%,27.54%,
106/04/11,8988,0,-54,8934,3247929,38665,9495,3296089,27.11%,27.51%,
106/04/10,892,5,0,897,3238941,38665,9549,3287155,27.04%,27.44%,
106/04/07,1797,77,-35,1839,3239456,38660,9549,3287665,27.04%,27.44%,
106/04/06,321,0,263,584,3237643,38583,9584,3285810,27.03%,27.43%,
106/04/05,11577,33,-147,11463,3237306,38583,9321,3285210,27.02%,27.42%,
106/03/31,-170,0,-2014,-2184,3225729,38550,9468,3273747,26.93%,27.33%,
106/03/30,377,0,-16,361,3225822,44225,11482,3281529,26.93%,27.40%,
106/03/29,1748,-3,-1648,97,3225370,44225,11498,3281093,26.93%,27.40%,
106/03/28,4602,0,152,4754,3223594,44228,13146,3280968,26.91%,27.39%,
106/03/27,2695,0,-26,2669,3218960,44228,12994,3276182,26.87%,27.35%,
106/03/24,-4692,-90,0,-4782,3216255,44228,13020,3273503,26.85%,27.33%,
106/03/23,5005,0,-69,4936,3220761,44318,13020,3278099,26.89%,27.37%,
106/03/22,465,0,-20,445,3215756,44318,13089,3273163,26.84%,27.32%,
106/03/21,4667,-1,13,4679,3215291,44318,13109,3272718,26.84%,27.32%,
106/03/20,1191,-13,3,1181,3210628,44319,13096,3268043,26.80%,27.28%,
106/03/17,-9877,16,-27,-9888,3209437,44332,13093,3266862,26.79%,27.27%,
106/03/16,6037,0,190,6227,3219313,44316,13120,3276749,26.87%,27.35%,
106/03/15,-168,0,159,-9,3213253,44316,12930,3270499,26.82%,27.30%,
106/03/14,6691,-40,25,6676,3213392,44316,12771,3270479,26.83%,27.31%,
106/03/13,3530,0,-27,3503,3206701,44356,12746,3263803,26.77%,27.25%,
106/03/10,-281,0,3,-278,3203129,44356,12773,3260258,26.74%,27.22%,
106/03/09,3159,-29,-117,3013,3203260,44356,12770,3260386,26.74%,27.22%,
106/03/08,4157,0,9,4166,3200025,44385,12887,3257297,26.71%,27.19%,
106/03/07,1664,562,0,2226,3195661,44385,12878,3252924,26.68%,27.16%,
106/03/06,-736,0,0,-736,3193951,43823,12878,3250652,26.66%,27.13%,
106/03/03,2543,-12,-7,2524,3194533,43823,12878,3251234,26.67%,27.14%,
106/03/02,517,0,-6,511,3191924,43835,12885,3248644,26.65%,27.12%,
106/03/01,-559,-2,7,-554,3191348,43835,12891,3248074,26.64%,27.11%,
106/02/24,6687,-776,-31,5880,3191865,43837,12884,3248586,26.65%,27.12%,
106/02/23,-5721,2,1430,-4289,3185178,44613,12915,3242706,26.59%,27.07%,
106/02/22,-224,-40,-249,-513,3190788,44611,11485,3246884,26.64%,27.11%,
106/02/21,1992,0,-19,1973,3192495,44651,11734,3248880,26.65%,27.12%,
106/02/20,-208,0,672,464,3190491,44651,11753,3246895,26.63%,27.10%,
106/02/18,1,0,335,336,3190596,44651,11081,3246328,26.63%,27.10%,
106/02/17,466,4,-852,-382,3190595,44651,10746,3245992,26.63%,27.09%,
106/02/16,6987,0,-305,6682,3190044,44647,11598,3246289,26.63%,27.10%,
106/02/15,9983,-45,192,10130,3183057,44647,11903,3239607,26.57%,27.04%,
106/02/14,3659,-23,-8,3628,3173073,44692,11711,3229476,26.49%,26.96%,
106/02/13,72,0,332,404,3169343,44715,11719,3225777,26.46%,26.93%,
106/02/10,634,0,590,1224,3169164,44715,11387,3225266,26.46%,26.93%,
106/02/09,111,3,-86,28,3168279,44715,10797,3223791,26.45%,26.91%,
106/02/08,-5349,0,-114,-5463,3168048,44712,10883,3223643,26.45%,26.91%,
106/02/07,4285,-250,-27,4008,3173114,44712,10997,3228823,26.49%,26.96%,
106/02/06,6885,-29,-7,6849,3168300,44962,11024,3224286,26.45%,26.92%,
106/02/03,-5802,74,-66,-5794,3161271,44991,11031,3217293,26.39%,26.86%,
106/02/02,3059,0,-24,3035,3166916,44917,11097,3222930,26.44%,26.91%,
106/01/24,4227,11,-2267,1971,3164111,44917,11121,3220149,26.41%,26.88%,
106/01/23,7959,2,-2650,5311,3159799,44906,13388,3218093,26.38%,26.87%,
106/01/20,960,0,-4599,-3639,3151769,44904,16038,3212711,26.31%,26.82%,
106/01/19,-5641,-51,-4740,-10432,3150744,44904,20637,3216285,26.30%,26.85%,
106/01/18,-642,-188,-52,-882,3156374,44955,25377,3226706,26.35%,26.94%,
106/01/17,1408,0,10,1418,3156805,45143,25429,3227377,26.35%,26.94%,
106/01/16,-1259,0,-8,-1267,3155362,45143,25419,3225924,26.34%,26.93%,
106/01/13,1015,0,-46,969,3156500,45143,25427,3227070,26.35%,26.94%,
106/01/12,4568,-57,-4,4507,3156406,45143,25473,3227022,26.35%,26.94%,
106/01/11,1509,-183,20,1346,3151732,45200,25477,3222409,26.31%,26.90%,
106/01/10,2161,0,-150,2011,3150084,45383,25457,3220924,26.30%,26.89%,
106/01/09,-1494,0,-1,-1495,3147890,45383,25607,3218880,26.28%,26.87%,
106/01/06,-1526,-8,-25,-1559,3148374,45383,25608,3219365,26.28%,26.87%,
106/01/05,6427,22,175,6624,3149900,45391,25633,3220924,26.29%,26.88%,
106/01/04,1219,0,-47,1172,3143474,45369,25458,3214301,26.24%,26.83%,
106/01/03,-1317,0,0,-1317,3142255,45369,25505,3213129,26.23%,26.82%,
105/12/30,4473,0,-1,4472,3143536,45369,25505,3214410,26.24%,26.83%,
105/12/29,-1118,1144,0,26,3139047,45369,25506,3209922,26.20%,26.79%,
105/12/28,2572,1156,1,3729,3140081,44225,25506,3209812,26.21%,26.79%,
105/12/27,-723,0,-30,-753,3137733,43069,25505,3206307,26.19%,26.76%,
105/12/26,1930,0,-24,1906,3138446,43069,25535,3207050,26.20%,26.77%,
105/12/23,-2083,0,-52,-2135,3136436,43069,25559,3205064,26.18%,26.75%,
105/12/22,-5047,4,-48,-5091,3138422,43069,25610,3207101,26.20%,26.77%,
105/12/21,-2903,0,63,-2840,3143469,43065,25658,3212192,26.24%,26.81%,
105/12/20,-712,0,-6,-718,3146362,43065,25595,3215022,26.27%,26.84%,
105/12/19,-1990,0,-23,-2013,3146347,43065,25601,3215013,26.27%,26.84%,
105/12/16,123,0,-2,121,3148231,43065,25624,3216920,26.28%,26.85%,
105/12/15,-4755,0,-69,-4824,3148093,43065,25626,3216784,26.28%,26.85%,
105/12/14,-1416,324,-96,-1188,3152787,43065,25695,3221547,26.32%,26.89%,
105/12/13,12360,5,-66,12299,3155075,42741,25791,3223607,26.34%,26.91%,
105/12/12,4651,0,-74,4577,3142624,42736,25857,3211217,26.23%,26.80%,
105/12/09,1050,0,-142,908,3137846,42736,25931,3206513,26.19%,26.76%,
105/12/08,16580,0,212,16792,3136759,42736,26073,3205568,26.19%,26.76%,
105/12/07,5741,0,-591,5150,3119907,42736,25861,3188504,26.04%,26.61%,
105/12/06,8666,0,187,8853,3113922,42736,26452,3183110,25.99%,26.57%,
105/12/05,2131,0,2,2133,3107043,42736,26265,3176044,25.94%,26.52%,
105/12/02,6858,0,-40,6818,3104820,42736,26263,3173819,25.92%,26.50%,
105/12/01,3790,20,21,3831,3098166,42736,26303,3167205,25.86%,26.44%,
105/11/30,1042,0,-5,1037,3094366,42716,26282,3163364,25.83%,26.41%,
105/11/29,4812,-102,-1463,3247,3091717,42716,26287,3160720,25.81%,26.39%,
105/11/28,-2969,0,-1094,-4063,3086904,42818,27750,3157472,25.77%,26.36%,
105/11/25,945,0,-1186,-241,3089835,42818,28844,3161497,25.79%,26.39%,
105/11/24,3406,0,-1065,2341,3088793,42818,30030,3161641,25.78%,26.39%,
105/11/23,8161,0,-984,7177,3085348,42818,31095,3159261,25.76%,26.38%,
105/11/22,7890,0,-3074,4816,3077085,42818,32079,3151982,25.69%,26.32%,
105/11/21,596,0,-437,159,3069395,42818,35153,3147366,25.62%,26.27%,
105/11/18,-3039,1,196,-2842,3068778,42818,35590,3147186,25.62%,26.27%,
105/11/17,2485,0,-519,1966,3071689,42817,35394,3149900,25.64%,26.29%,
105/11/16,1719,-12,-2056,-349,3069213,42817,35913,3147943,25.62%,26.28%,
105/11/15,-6377,380,-1142,-7139,3068322,42829,37969,3149120,25.61%,26.28%,
105/11/14,-7451,0,-376,-7827,3074495,42449,39111,3156055,25.67%,26.35%,
105/11/11,-11403,0,-2698,-14101,3081946,42449,39487,3163882,25.73%,26.41%,
105/11/10,858,0,-2070,-1212,3093349,42449,42185,3177983,25.82%,26.53%,
105/11/09,-2487,0,-1008,-3495,3092481,42449,44255,3179185,25.82%,26.54%,
105/11/08,6719,0,-957,5762,3094968,42449,45263,3182680,25.84%,26.57%,
105/11/07,-1371,0,108,-1263,3088249,42449,46220,3176918,25.78%,26.52%,
105/11/04,1825,0,-5,1820,3089620,42449,46112,3178181,25.79%,26.53%,
105/11/03,-1812,-1,-130,-1943,3087795,42449,46117,3176361,25.78%,26.52%,
105/11/02,-503,-1,96,-408,3089607,42450,46247,3178304,25.79%,26.53%,
105/11/01,-4135,-3,58,-4080,3090003,42451,46151,3178605,25.79%,26.53%,
105/10/31,96,0,67,163,3094113,42454,46093,3182660,25.83%,26.57%,
105/10/28,2011,0,-193,1818,3093969,42454,46026,3182449,25.83%,26.57%,
105/10/27,-2939,-60,-86,-3085,3091958,42454,46219,3180631,25.81%,26.55%,
105/10/26,-3583,0,-169,-3752,3094898,42514,46305,3183717,25.84%,26.58%,
105/10/25,5568,-67,5,5506,3097152,42514,46474,3186140,25.85%,26.59%,
105/10/24,-380,5,0,-375,3091584,42581,46469,3180634,25.81%,26.55%,
105/10/21,-1233,7,-1895,-3121,3091963,42576,46469,3181008,25.81%,26.55%,
105/10/20,1447,18,-360,1105,3092724,42569,48364,3183657,25.82%,26.58%,
105/10/19,1821,0,-62,1759,3090259,42551,48724,3181534,25.80%,26.56%,
105/10/18,5138,0,-8,5130,3088770,42551,48786,3180107,25.78%,26.54%,
105/10/17,-1271,0,-181,-1452,3083580,42551,48794,3174925,25.74%,26.50%,
105/10/14,-3445,124,-40,-3361,3084851,42551,48975,3176377,25.75%,26.51%,
105/10/13,-2586,4,-1872,-4454,3087896,42427,49015,3179338,25.78%,26.54%,
105/10/12,-895,-3,127,-771,3090486,42423,50887,3183796,25.80%,26.58%,
105/10/11,4636,3,-703,3936,3091382,42426,50759,3184567,25.81%,26.59%,
105/10/07,-1754,-518,-1340,-3612,3086735,42423,51462,3180620,25.77%,26.55%,
105/10/06,4884,0,-44,4840,3088453,42941,52802,3184196,25.78%,26.58%,
105/10/05,1069,0,-393,676,3083569,42941,52846,3179356,25.74%,26.54%,
105/10/04,4502,-526,52,4028,3082491,42941,53240,3178672,25.73%,26.53%,
105/10/03,-702,186,43,-473,3077978,43467,53188,3174633,25.69%,26.50%,
105/09/30,-3355,15,-546,-3886,3078681,43281,53145,3175107,25.70%,26.51%,
105/09/29,15090,0,-31,15059,3077205,67694,53691,3198590,25.69%,26.70%,
105/09/26,-326,0,-543,-869,3062060,67694,53721,3183475,25.56%,26.57%,
105/09/23,7459,0,-1525,5934,3062328,67694,54264,3184286,25.56%,26.58%,
105/09/22,5074,0,-114,4960,3054771,67694,55789,3178254,25.50%,26.53%,
105/09/21,6834,0,-243,6591,3049654,67694,55903,3173251,25.46%,26.49%,
105/09/20,7296,0,180,7476,3042761,67694,56146,3166601,25.40%,26.43%,
105/09/19,30071,0,-107,29964,3035688,67694,55966,3159348,25.34%,26.37%,
105/09/14,648,94,-1522,-780,3005617,67694,56073,3129384,25.09%,26.12%,
105/09/13,423,8,-730,-299,3004959,67600,57595,3130154,25.08%,26.13%,
105/09/12,-1542,0,-1424,-2966,3004209,67592,58325,3130126,25.08%,26.13%,
105/09/10,-1816,0,-288,-2104,3005625,67592,59749,3132966,25.09%,26.15%,
105/09/09,3463,277,-759,2981,3006821,67592,60037,3134450,25.10%,26.17%,
105/09/08,13125,0,183,13308,3003358,67315,60796,3131469,25.07%,26.14%,
105/09/07,9219,20,-3061,6178,2989500,67315,60613,3117428,24.96%,26.03%,
105/09/06,14024,0,-33,13991,2979571,67295,63674,3110540,24.87%,25.96%,
105/09/05,6723,-6,-239,6478,2965191,67295,63707,3096193,24.75%,25.84%,
105/09/02,9534,0,-207,9327,2957995,67301,63946,3089242,24.69%,25.79%,
105/09/01,-441,197,-90,-334,2948369,67301,64153,3079823,24.61%,25.71%,
105/08/31,-798,-210,-131,-1139,2948810,67104,64243,3080157,24.62%,25.72%,
105/08/30,908,64,-145,827,2953757,67314,64374,3085445,24.66%,25.76%,
105/08/29,-1467,0,-30,-1497,2952835,67250,64519,3084604,24.65%,25.75%,
105/08/26,1192,3,-35,1160,2954273,67250,64549,3086072,24.66%,25.76%,
105/08/25,4193,0,48,4241,2953052,67247,64584,3084883,24.65%,25.75%,
105/08/24,-183,-13,-24,-220,2824748,67247,64536,2956531,24.64%,25.74%,
105/08/23,4504,0,-102,4402,2824575,67260,64560,2956395,24.64%,25.74%,
105/08/22,-2609,0,-87,-2696,2819714,67260,64662,2951636,24.60%,25.70%,
105/08/19,-3869,-264,-96,-4229,2821989,67260,64749,2953998,24.62%,25.72%,
105/08/18,3867,-6,-467,3394,2825501,67524,64845,2957870,24.65%,25.76%,
105/08/17,5695,3,-408,5290,2821220,67530,65312,2954062,24.61%,25.72%,
105/08/16,1619,-17,-4802,-3200,2815001,67527,65720,2948248,24.56%,25.67%,
105/08/15,-8254,24,-3306,-11536,2813372,67544,70522,2951438,24.54%,25.69%,
105/08/12,1106,-11,-4134,-3039,2821625,67520,73828,2962973,24.61%,25.79%,
105/08/11,2046,50,-1327,769,2820519,67531,77962,2966012,24.60%,25.81%,
105/08/10,6790,19,-788,6021,2818316,67481,79289,2965086,24.59%,25.82%,
105/08/09,2116,-5,-2987,-876,2811392,67462,80077,2958931,24.52%,25.75%,
105/08/08,-3432,-7,-3823,-7262,2808949,67467,83064,2959480,24.50%,25.76%,
105/08/05,19139,-13,-18979,147,2812380,67474,86887,2966741,24.53%,25.82%,
105/08/04,-9735,17,13725,4007,2793241,67487,105866,2966594,24.37%,25.88%,
105/08/03,-9961,159,13026,3224,2802953,67470,92141,2962564,24.45%,25.84%,
105/08/02,-5837,-10,6109,262,2812914,67311,79115,2959340,24.54%,25.82%,
105/08/01,-57,0,7441,7384,2820297,67321,73006,2960624,24.60%,25.82%,
105/07/29,1842,-18,8892,10716,2822318,67321,65565,2955204,24.62%,25.78%,
105/07/28,7693,116,7508,15317,2823258,67339,56673,2947270,24.63%,25.71%,
105/07/27,8502,-4,5126,13624,2815313,67223,49165,2931701,24.56%,25.58%,
105/07/26,5630,-1383,3675,7922,2806489,67227,44039,2917755,24.48%,25.45%,
105/07/25,7880,373,2500,10753,2793534,68610,40364,2902508,24.37%,25.32%,
105/07/22,6144,-27,-113,6004,2783560,68237,37864,2889661,24.28%,25.21%,
105/07/21,10632,-27,131,10736,2771336,68264,37977,2877577,24.18%,25.11%,
105/07/20,17737,56,1284,19077,2758678,68291,37846,2864815,24.06%,24.99%,
105/07/19,27128,13,-53,27088,2738379,68235,36562,2843176,23.89%,24.80%,
105/07/18,9167,0,10,9177,2711127,68222,36615,2815964,23.65%,24.56%,
105/07/15,19904,0,62,19966,2699097,68222,36605,2803924,23.55%,24.46%,
105/07/14,17111,39,55,17205,2679013,68222,36543,2783778,23.37%,24.28%,
105/07/13,16747,643,121,17511,2662260,68183,36488,2766931,23.22%,24.13%,
105/07/12,4799,0,90,4889,2645491,67540,36367,2749398,23.08%,23.99%,
105/07/11,15735,0,33,15768,2640682,67540,36277,2744499,23.04%,23.95%,
105/07/07,-2834,0,1,-2833,2624937,67540,36244,2728721,22.90%,23.81%,
105/07/06,-6936,-81,1125,-5892,2627770,67540,36243,2731553,22.92%,23.83%,
105/07/05,-3527,-76,3440,-163,2634325,67621,35118,2737064,22.98%,23.88%,
105/07/04,-1532,0,5071,3539,2639075,67697,31678,2738450,23.02%,23.89%,
105/07/01,6372,0,2620,8992,2640591,67697,26607,2734895,23.03%,23.85%,
105/06/30,5722,2,1985,7709,2634201,67697,23987,2725885,22.98%,23.78%,
105/06/29,4045,633,2440,7118,2629705,63729,22002,2715436,22.94%,23.69%,
105/06/28,650,-246,1295,1699,2625650,63096,19562,2708308,22.90%,23.62%,
105/06/27,832,-4,-515,313,2624727,63342,18267,2706336,22.90%,23.61%,
105/06/24,-11445,-115,742,-10818,2623612,63346,18782,2705740,22.89%,23.61%,
105/06/23,-2976,0,3549,573,2634750,63461,18040,2716251,22.98%,23.69%,
105/06/22,3092,0,200,3292,2637508,63461,14491,2715460,23.01%,23.69%,
105/06/21,19456,-207,38,19287,2635100,63461,14291,2712852,22.99%,23.67%,
105/06/20,937,-18,35,954,2595645,63668,14253,2673566,22.64%,23.32%,
105/06/17,7129,84,0,7213,2594708,63686,14218,2672612,22.63%,23.31%,
105/06/16,-3169,-286,2170,-1285,2588374,63602,14218,2666194,22.58%,23.26%,
105/06/15,4085,632,3009,7726,2592250,63888,12048,2668186,22.61%,23.27%,
105/06/14,4438,500,2769,7707,2588484,63256,9039,2660779,22.58%,23.21%,
105/06/13,1376,-49,-6,1321,2584599,62756,6270,2653625,22.55%,23.15%,
105/06/08,23579,-503,2992,26068,2583687,62805,6276,2652768,22.54%,23.14%,
105/06/07,20369,0,2327,22696,2561102,63308,3284,2627694,22.34%,22.92%,
105/06/06,4075,0,-5,4070,2541639,63308,957,2605904,22.17%,22.73%,
105/06/04,215,0,40,255,2537564,63308,962,2601834,22.14%,22.70%,
105/06/03,13577,1,82,13660,2537813,63308,922,2602043,22.14%,22.70%,
105/06/02,19577,0,-248,19329,2525363,63307,840,2589510,22.03%,22.59%,
105/06/01,17053,0,355,17408,2506250,63307,1088,2570645,21.86%,22.42%,
105/05/31,13245,-51,0,13194,2489640,63307,733,2553680,21.72%,22.28%,
105/05/30,13186,0,522,13708,2478222,63358,733,2542313,21.62%,22.18%,
105/05/27,12421,0,7,12428,2464936,63358,211,2528505,21.50%,22.05%,
105/05/26,7424,-5,-40,7379,2452515,63358,204,2516077,21.39%,21.94%,
105/05/25,4651,0,98,4749,2445029,63363,244,2508636,21.33%,21.88%,
105/05/24,3053,0,-195,2858,2440320,63363,146,2503829,21.29%,21.84%,
105/05/23,5134,0,341,5475,2437243,63363,341,2500947,21.26%,21.82%,
105/05/20,699,0,0,699,2431971,63363,0,2495334,21.21%,21.76%,
105/05/19,-6573,-446,-156,-7175,2430875,63363,0,2494238,21.20%,21.75%,
105/05/18,5705,0,-93,5612,2436902,63809,0,2500711,21.26%,21.82%,
105/05/17,991,0,-15,976,2430925,63809,69,2494803,21.21%,21.77%,
105/05/16,-866,0,3,-863,2430300,63809,84,2494193,21.20%,21.76%,
105/05/13,-8439,2,-37,-8474,2430719,63809,81,2494609,21.20%,21.76%,
105/05/12,1043,0,-100,943,2439137,63807,118,2503062,21.28%,21.84%,
105/05/11,-8866,0,-14,-8880,2438276,63807,218,2502301,21.27%,21.83%,
105/05/10,-5077,0,18,-5059,2446960,63807,232,2510999,21.35%,21.91%,
105/05/09,-6728,0,-93,-6821,2452929,63807,214,2516950,21.40%,21.96%,
105/05/06,-10768,0,-26,-10794,2460084,63807,306,2524197,21.46%,22.02%,
105/05/05,-7775,3,-62,-7834,2471251,63807,332,2535390,21.56%,22.12%,
105/05/04,-1498,-207,-374,-2079,2478970,63804,394,2543168,21.62%,22.18%,
105/05/03,17479,0,591,18070,2481669,64011,768,2546448,21.65%,22.22%,
105/04/29,-937,0,-51,-988,2464063,64011,177,2528251,21.49%,22.05%,
105/04/28,-8111,0,-178,-8289,2464509,64011,228,2528748,21.50%,22.06%,
105/04/27,2505,0,143,2648,2472872,64011,406,2537289,21.57%,22.13%,
105/04/26,293,0,-14,279,2471383,64011,263,2535657,21.56%,22.12%,
105/04/25,2744,-2,-49,2693,2473632,64011,277,2537920,21.58%,22.14%,
105/04/22,829,0,123,952,2470842,64013,326,2535181,21.55%,22.11%,
105/04/21,4469,0,-6,4463,2468696,64013,203,2532912,21.53%,22.09%,
105/04/20,-63,2,-85,-146,2464228,64013,209,2528450,21.50%,22.06%,
105/04/19,-8849,0,3,-8846,2464042,64011,294,2528347,21.49%,22.05%,
105/04/18,-3145,0,-37,-3182,2471109,64011,291,2535411,21.56%,22.12%,
105/04/15,960,-61,-255,644,2474103,64011,328,2538442,21.58%,22.14%,
105/04/14,-9878,0,-545,-10423,2472663,64072,583,2537318,21.57%,22.13%,
105/04/13,6724,-88,650,7286,2482231,64072,1128,2547431,21.65%,22.22%,
105/04/12,1331,1,40,1372,2475344,64160,478,2539982,21.59%,22.15%,
105/04/11,5052,0,0,5052,2474551,64159,438,2539148,21.59%,22.15%,
105/04/08,-4004,-18,50,-3972,2469499,64159,438,2534096,21.54%,22.10%,
105/04/07,-5982,-111,-29,-6122,2472636,64177,388,2537201,21.57%,22.13%,
105/04/06,-9399,-515,126,-9788,2479473,64288,417,2544178,21.63%,22.19%,
105/04/01,-3251,0,-106,-3357,2488862,64803,291,2553956,21.71%,22.28%,
105/03/31,1957,0,41,1998,2490997,64803,397,2556197,21.73%,22.30%,
105/03/30,10034,-18,0,10016,2488564,70959,357,2559880,21.71%,22.33%,
105/03/29,4736,-1,-20,4715,2477866,70977,357,2549200,21.61%,22.23%,
105/03/28,1937,2,12,1951,2473100,70978,377,2544455,21.57%,22.19%,
105/03/25,-151,0,0,-151,2470122,70976,365,2541463,21.55%,22.17%,
105/03/24,6987,-162,-40,6785,2470254,70976,365,2541595,21.55%,22.17%,
105/03/23,3542,-10,-20,3512,2462603,71138,405,2534146,21.48%,22.10%,
105/03/22,8504,0,-185,8319,2459005,71148,425,2530578,21.45%,22.07%,
105/03/21,1124,-1,0,1123,2450533,71148,610,2522291,21.38%,22.01%,
105/03/18,11710,-372,-102,11236,2449351,71149,610,2521110,21.37%,22.00%,
105/03/17,20500,0,120,20620,2436615,71521,712,2508848,21.25%,21.88%,
105/03/16,6886,-1,-29,6856,2415658,71521,592,2487771,21.07%,21.70%,
105/03/15,16086,0,0,16086,2409920,71522,621,2482063,21.02%,21.65%,
105/03/14,10217,0,10,10227,2394326,71522,621,2466469,20.89%,21.52%,
105/03/11,7830,0,-83,7747,2384109,71522,611,2456242,20.80%,21.43%,
105/03/10,12638,0,5,12643,2375652,71522,694,2447868,20.72%,21.35%,
105/03/09,9002,-60,-112,8830,2362807,71522,689,2435018,20.61%,21.24%,
105/03/08,2957,-5,-72,2880,2353240,71582,801,2425623,20.53%,21.16%,
105/03/07,7293,-383,-58,6852,2350250,71587,873,2422710,20.50%,21.13%,
105/03/04,5425,-166,-4,5255,2342819,71970,930,2415719,20.44%,21.08%,
105/03/03,6914,-277,-85,6552,2337210,72136,934,2410280,20.39%,21.03%,
105/03/02,5327,89,-49,5367,2329956,72413,1019,2403388,20.32%,20.96%,
105/03/01,3578,0,364,3942,2324024,72324,1068,2397416,20.27%,20.91%,
105/02/26,4511,-11,-316,4184,2319948,72324,704,2392976,20.24%,20.88%,
105/02/25,2519,0,121,2640,2315018,72335,1020,2388373,20.19%,20.83%,
105/02/24,1763,0,-162,1601,2312241,72335,899,2385475,20.17%,20.81%,
105/02/23,790,0,-93,697,2310247,72335,1062,2383644,20.15%,20.79%,
105/02/22,-376,0,10,-366,2309244,72335,1155,2382734,20.14%,20.78%,
105/02/19,7890,-230,-149,7511,2310190,72335,1145,2383670,20.15%,20.79%,
105/02/18,2688,0,195,2883,2302260,72565,1293,2376118,20.08%,20.72%,
105/02/17,-924,2,-203,-1125,2299384,72565,1098,2373047,20.06%,20.70%,
105/02/16,7640,0,155,7795,2302916,72563,1301,2376780,20.09%,20.73%,
105/02/15,2361,-669,112,1804,2294952,72563,1146,2368661,20.02%,20.66%,
105/02/03,-5925,0,-717,-6642,2292543,73232,1034,2366809,20.00%,20.65%,
105/02/02,1675,0,23,1698,2299123,73232,1751,2374106,20.06%,20.71%,
105/02/01,3720,0,162,3882,2297308,73232,1728,2372268,20.04%,20.69%,
105/01/30,1987,76,435,2498,2293055,73232,1566,2367853,20.00%,20.65%,
105/01/29,11664,4,428,12096,2291069,73156,1131,2365356,19.98%,20.63%,
105/01/28,4385,657,42,5084,2279377,73152,703,2353232,19.88%,20.52%,
105/01/27,-633,0,-37,-670,2274022,72495,661,2347178,19.84%,20.48%,
105/01/26,-1228,470,-90,-848,2274521,72495,698,2347714,19.84%,20.48%,
105/01/25,-2995,-8,134,-2869,2274882,72025,788,2347695,19.84%,20.48%,
105/01/22,-7079,-150,39,-7190,2277451,72033,654,2350138,19.87%,20.50%,
105/01/21,-9072,0,255,-8817,2283848,72183,615,2356646,19.92%,20.56%,
105/01/20,-5880,908,-107,-5079,2293009,72183,360,2365552,20.00%,20.63%,
105/01/19,-7059,0,-69,-7128,2298889,71275,467,2370631,20.05%,20.68%,
105/01/18,-7187,0,324,-6863,2306130,71275,536,2377941,20.12%,20.75%,
105/01/15,-11923,-61,-171,-12155,2313207,71275,212,2384694,20.18%,20.80%,
105/01/14,-134,0,-19,-153,2323675,71336,383,2395394,20.27%,20.90%,
105/01/13,-4973,-4,37,-4940,2323789,71336,402,2395527,20.27%,20.90%,
105/01/12,-4589,-3,-100,-4692,2327578,71340,365,2399283,20.30%,20.93%,
105/01/11,-9188,0,20,-9168,2332975,71343,465,2404783,20.35%,20.98%,
105/01/08,-8392,0,39,-8353,2343661,71343,445,2415449,20.44%,21.07%,
105/01/07,-4888,-8,370,-4526,2352716,71343,406,2424465,20.52%,21.15%,
105/01/06,-5831,1,-26,-5856,2357613,71351,36,2429000,20.57%,21.19%,
105/01/05,-20,-13,62,29,2363416,71350,62,2434828,20.62%,21.24%,
105/01/04,-9965,-908,-58,-10931,2363436,71363,0,2434799,20.62%,21.24%,
104/12/31,704,0,-159,545,2372606,72271,0,2444877,20.70%,21.33%,
104/12/30,-3279,0,-153,-3432,2371841,73365,0,2445206,20.69%,21.33%,
104/12/29,1732,-14,0,1718,2374989,73365,50,2448404,20.72%,21.36%,
104/12/28,555,19,50,624,2374332,73379,50,2447761,20.71%,21.35%,
104/12/25,855,0,-5,850,2373735,73360,0,2447095,20.71%,21.35%,
104/12/24,1169,-13,-56,1100,2373127,73360,0,2446487,20.70%,21.34%,
104/12/23,181,0,-134,47,2371911,73372,0,2445283,20.69%,21.33%,
104/12/22,-87,-166,3,-250,2371632,73372,3,2445007,20.69%,21.33%,
104/12/21,-5393,0,0,-5393,2373070,73538,0,2446608,20.70%,21.34%,
104/12/18,-1761,-39,-74,-1874,2378800,73538,0,2452338,20.75%,21.39%,
104/12/17,3066,-126,69,3009,2380439,73577,69,2454085,20.76%,21.40%,
104/12/16,-1567,-7,-190,-1764,2377362,73703,0,2451065,20.74%,21.38%,
104/12/15,-2900,-366,20,-3246,2378841,73710,20,2452571,20.75%,21.39%,
104/12/14,-7446,-473,-16,-7935,2381631,74076,0,2455707,20.78%,21.43%,
104/12/11,-3746,0,-72,-3818,2389034,74549,0,2463583,20.84%,21.49%,
104/12/10,-19660,0,62,-19598,2392904,74549,62,2467515,20.87%,21.52%,
104/12/09,-12375,-731,-168,-13274,2411560,74549,0,2486109,21.04%,21.69%,
104/12/08,-15134,0,-364,-15498,2423935,75280,0,2499215,21.14%,21.80%,
104/12/07,-1046,0,83,-963,2439012,75280,255,2514547,21.28%,21.94%,
104/12/04,-11667,-316,13,-11970,2439253,75280,172,2514705,21.28%,21.94%,
104/12/03,-6393,-71,20,-6444,2450889,75596,159,2526644,21.38%,22.04%,
104/12/02,-3748,0,93,-3655,2457591,75667,139,2533397,21.44%,22.10%,
104/12/01,2091,-1,46,2136,2461223,75667,46,2536936,21.47%,22.13%,
104/11/30,-16875,150,-41,-16766,2460724,75668,0,2536392,21.47%,22.13%,
104/11/27,-3036,0,36,-3000,2477546,75518,41,2553105,21.61%,22.27%,
104/11/26,1576,0,-143,1433,2481016,75518,5,2556539,21.64%,22.30%,
104/11/25,-483,0,35,-448,2479032,75518,148,2554698,21.62%,22.28%,
104/11/24,-2568,-246,113,-2701,2479841,75518,113,2555472,21.63%,22.29%,
104/11/23,-315,-564,-185,-1064,2482349,75764,0,2558113,21.65%,22.31%,
104/11/20,-2245,0,-196,-2441,2482843,76328,0,2559171,21.66%,22.33%,
104/11/19,-4001,-103,-408,-4512,2484925,76328,0,2561253,21.68%,22.35%,
104/11/18,-7820,2,-351,-8169,2487784,76431,0,2564215,21.70%,22.37%,
104/11/17,-2352,-28,-94,-2474,2495383,76429,0,2571812,21.77%,22.44%,
104/11/16,-7334,0,44,-7290,2498300,76457,44,2574801,21.79%,22.46%,
104/11/13,-10370,-1,-87,-10458,2505879,76457,0,2582336,21.86%,22.53%,
104/11/12,-2705,0,-210,-2915,2516575,76458,0,2593033,21.95%,22.62%,
104/11/11,-12591,0,-126,-12717,2519238,76458,172,2595868,21.98%,22.65%,
104/11/10,-11111,0,-350,-11461,2532007,76458,298,2608763,22.09%,22.76%,
104/11/09,-6584,64,-80,-6600,2543334,76458,648,2620440,22.19%,22.86%,
104/11/06,-6924,0,-1366,-8290,2549865,76394,728,2626987,22.24%,22.91%,
104/11/05,3317,1,187,3505,2556701,76394,2094,2635189,22.30%,22.98%,
104/11/04,9822,83,336,10241,2553374,76393,1907,2631674,22.27%,22.95%,
104/11/03,2964,19,43,3026,2543804,76310,1571,2621685,22.19%,22.87%,
104/11/02,4701,0,37,4738,2541202,76291,1528,2619021,22.17%,22.85%,
104/10/30,371,-8,-13,350,2535793,76291,1491,2613575,22.12%,22.80%,
104/10/29,-4075,-2,-988,-5065,2536007,76299,1504,2613810,22.12%,22.80%,
104/10/28,1581,-1210,32,403,2539942,76301,2492,2618735,22.16%,22.85%,
104/10/27,4857,0,-268,4589,2539164,77511,2460,2619135,22.15%,22.85%,
104/10/26,4935,542,-430,5047,2533955,77511,2728,2614194,22.10%,22.80%,
104/10/23,4105,-71,-116,3918,2528717,76969,3158,2608844,22.06%,22.76%,
104/10/22,5621,66,-20,5667,2523682,77040,3274,2603996,22.01%,22.71%,
104/10/21,2993,0,888,3881,2517962,76974,3294,2598230,21.96%,22.66%,
104/10/20,4041,-1600,-161,2280,2513090,76974,2406,2592470,21.92%,22.61%,
104/10/19,1393,0,159,1552,2509519,78574,2567,2590660,21.89%,22.60%,
104/10/16,5610,256,1337,7203,2507038,78574,2408,2588020,21.87%,22.58%,
104/10/15,4502,436,1071,6009,2500783,78318,1071,2580172,21.81%,22.50%,
104/10/14,1951,560,-63,2448,2497220,77882,0,2575102,21.78%,22.46%,
104/10/13,-3763,0,-1383,-5146,2495211,77322,0,2572533,21.77%,22.44%,
104/10/12,-3160,0,-1785,-4945,2498909,77322,0,2576231,21.80%,22.47%,
104/10/08,3061,0,-669,2392,2502069,77322,0,2579391,21.83%,22.50%,
104/10/07,2192,10,-2258,-56,2497241,77322,0,2574563,21.78%,22.45%,
104/10/06,-1445,-2031,-5255,-8731,2494970,77312,0,2572282,21.76%,22.43%,
104/10/05,-7166,326,-2762,-9602,2496126,79343,0,2575469,21.77%,22.46%,
104/10/02,1292,76,-2545,-1177,2502923,79017,0,2581940,21.83%,22.52%,
104/10/01,-1260,-56,-2015,-3331,2501608,78941,1015,2581564,21.82%,22.52%,
104/09/30,-8523,0,-581,-9104,2503771,78997,3030,2585798,21.84%,22.56%,
104/09/25,-7280,-90,-2427,-9797,2516967,109333,3611,2629911,21.96%,22.95%,
104/09/24,-2872,0,249,-2623,2522095,109423,6039,2637557,22.00%,23.01%,
104/09/23,-13274,-47,773,-12548,2524757,109423,5790,2639970,22.02%,23.03%,
104/09/22,-621,598,1328,1305,2535901,109470,5017,2650388,22.12%,23.12%,
104/09/21,-6637,-26,-109,-6772,2533025,108872,3689,2645586,22.10%,23.08%,
104/09/18,-857,1374,-499,18,2539663,108898,3798,2652359,22.15%,23.13%,
104/09/17,4547,424,484,5455,2289008,107524,4297,2400829,23.21%,24.19%,
104/09/16,-5048,637,172,-4239,2284461,107100,3813,2395374,23.16%,24.13%,
104/09/15,-65,283,-39,179,2289509,106463,3641,2399613,23.21%,24.17%,
104/09/14,-4185,473,-170,-3882,2286628,106180,3680,2396488,23.18%,24.14%,
104/09/11,-1164,259,-188,-1093,2291160,105707,3850,2400717,23.23%,24.19%,
104/09/10,4337,229,-163,4403,2292324,105448,4038,2401810,23.24%,24.20%,
104/09/09,2038,1940,-127,3851,2287354,105219,4201,2396774,23.19%,24.14%,
104/09/08,-4211,35,0,-4176,2285316,103279,4328,2392923,23.17%,24.11%,
104/09/07,-3225,58,8,-3159,2287527,103244,4328,2395099,23.19%,24.13%,
104/09/04,-2121,2,-308,-2427,2290011,103186,4320,2397517,23.22%,24.16%,
104/09/03,-1108,318,-911,-1701,2287148,103184,4628,2394960,23.19%,24.13%,
104/09/02,5072,210,-407,4875,2289793,102866,5539,2398198,23.22%,24.17%,
104/09/01,1931,-376,-716,839,2286550,102656,5946,2395152,23.18%,24.13%,
104/08/31,4646,-441,-526,3679,2283679,103032,6662,2393373,23.15%,24.11%,
104/08/28,-3156,4,-634,-3786,2279033,103473,7188,2389694,23.11%,24.08%,
104/08/27,-7453,38,253,-7162,2282789,103469,7823,2394081,23.14%,24.11%,
104/08/26,-3175,240,-163,-3098,2290194,103431,7570,2401195,23.22%,24.19%,
104/08/25,-2556,17,193,-2346,2154102,103191,7733,2265026,23.26%,24.23%,
104/08/24,-5517,0,514,-5003,2155832,103174,7540,2266546,23.28%,24.25%,
104/08/21,-2905,86,-504,-3323,2160686,103174,7026,2270886,23.33%,24.29%,
104/08/20,2256,7,-1101,1162,2162962,103088,7530,2273580,23.36%,24.33%,
104/08/19,934,-2466,-688,-2220,2159212,103081,8631,2270924,23.31%,24.28%,
104/08/18,-2268,1,-832,-3099,2158144,105547,9319,2273010,23.30%,24.30%,
104/08/17,-5088,8,-382,-5462,2160398,105546,10151,2276095,23.33%,24.34%,
104/08/14,-1662,0,-593,-2255,2161644,105538,10533,2277715,23.34%,24.35%,
104/08/13,-854,24,-1238,-2068,2155227,105538,11126,2271891,23.27%,24.29%,
104/08/12,527,187,-2090,-1376,2157124,105514,12364,2275002,23.29%,24.32%,
104/08/11,-3176,11,-1915,-5080,2156604,105327,14454,2276385,23.29%,24.34%,
104/08/10,-146,138,-967,-975,2158710,105316,16369,2280395,23.31%,24.37%,
104/08/07,-1142,157,-960,-1945,2157626,105178,17336,2280140,23.30%,24.37%,
104/08/06,-3111,168,-1087,-4030,2158824,105021,18296,2282141,23.31%,24.39%,
104/08/05,-2177,100,-835,-2912,2163043,104853,19383,2287279,23.36%,24.44%,
104/08/04,2193,123,1310,3626,2165125,104753,20217,2290095,23.38%,24.47%,
104/08/03,-9014,209,-1166,-9971,2162123,104630,18908,2285661,23.35%,24.43%,
104/07/31,-1740,-27,-14580,-16347,2167105,104421,20074,2291600,23.40%,24.49%,
104/07/30,-4120,2381,13534,11795,2168844,104448,34654,2307946,23.42%,24.92%,
104/07/29,-479,51,276,-152,2171641,102067,21120,2294828,23.45%,24.78%,
104/07/28,-3653,130,1682,-1841,2169182,102016,20844,2292042,23.42%,24.75%,
104/07/27,1628,18,664,2310,2171886,101886,19162,2292934,23.45%,24.76%,
104/07/24,-378,159,-340,-559,2170378,101868,18498,2290744,23.44%,24.74%,
104/07/23,3628,63,1114,4805,2169905,101709,18838,2290452,23.43%,24.73%,
104/07/22,3160,0,2000,5160,2166491,101646,17724,2285861,23.39%,24.68%,
104/07/21,3260,4,576,3840,2163482,101646,15724,2280852,23.36%,24.63%,
104/07/20,169,0,1169,1338,2160160,101642,15148,2276950,23.32%,24.58%,
104/07/17,5544,82,552,6178,2159818,101642,13979,2275439,23.32%,24.57%,
104/07/16,1704,1,63,1768,2154280,101560,13427,2269267,23.26%,24.50%,
104/07/15,255,44,179,478,2152384,101559,13364,2267307,23.24%,24.48%,
104/07/14,-3742,0,84,-3658,2151993,101515,13185,2266693,23.24%,24.48%,
104/07/13,-3391,0,-427,-3818,2153673,101515,13101,2268289,23.25%,24.49%,
104/07/09,-5687,-17,212,-5492,2155363,101515,13528,2270406,23.27%,24.51%,
104/07/08,-5026,0,35,-4991,2160991,101532,13316,2275839,23.33%,24.57%,
104/07/07,9292,0,599,9891,2165979,101532,13281,2280792,23.39%,24.63%,
104/07/06,-3977,0,294,-3683,2156644,101532,12682,2270858,23.29%,24.52%,
104/07/03,78,-1,1842,1919,2160692,101532,12388,2274612,23.33%,24.56%,
104/07/02,363,0,1265,1628,2160691,101533,10546,2272770,23.33%,24.54%,
104/07/01,-4242,0,2419,-1823,2160247,101533,9281,2271061,23.33%,24.53%,
104/06/30,-3946,0,999,-2947,2165612,101533,6862,2274007,23.38%,24.55%,
104/06/29,-2327,-2,96,-2233,2169626,50180,5863,2225669,23.43%,24.04%,
104/06/26,5270,-3,-15,5252,2175118,50182,5767,2231067,23.49%,24.09%,
104/06/25,3241,-9,157,3389,2179141,50185,5782,2235108,23.53%,24.13%,
104/06/24,868,-24,79,923,2183890,50194,5625,2239709,23.58%,24.18%,
104/06/23,148,77,-70,155,2193131,50218,5546,2248895,23.68%,24.28%,
104/06/22,5426,-14,192,5604,2199661,50141,5616,2255418,23.75%,24.35%,
104/06/18,-1326,-92,10,-1408,2196039,50155,5424,2251618,23.71%,24.31%,
104/06/17,-1632,0,-383,-2015,2197367,50247,5414,2253028,23.73%,24.33%,
104/06/16,-5408,-3,-22,-5433,2198740,50247,5797,2254784,23.74%,24.35%,
104/06/15,-2744,-577,-40,-3361,2204133,50250,5819,2260202,23.80%,24.41%,
104/06/12,-1650,-11,10,-1651,2213397,50827,5859,2270083,23.90%,24.51%,
104/06/11,-2800,0,-287,-3087,2218059,50838,5849,2274746,23.95%,24.56%,
104/06/10,-1684,-15,21,-1678,2221228,50838,6136,2278202,23.98%,24.60%,
104/06/09,3231,0,-99,3132,2223589,50853,6115,2280557,24.01%,24.63%,
104/06/08,-1416,0,-360,-1776,2220719,50853,6214,2277786,23.98%,24.60%,
104/06/05,411,-5,-16,390,2222428,50853,6574,2279855,24.00%,24.62%,
104/06/04,-5631,-2,-991,-6624,2221977,50858,6590,2279425,23.99%,24.61%,
104/06/03,-1612,-563,-120,-2295,2226049,50860,7581,2284490,24.04%,24.67%,
104/06/02,-1053,-1800,-92,-2945,2227628,51423,7701,2286752,24.05%,24.69%,
104/06/01,2968,0,70,3038,2228630,53223,7793,2289646,24.06%,24.72%,
104/05/29,-6060,-14,247,-5827,2225554,53223,7723,2286500,24.03%,24.69%,
104/05/28,-8666,-1,-25,-8692,2231341,53237,7476,2292054,24.09%,24.75%,
104/05/27,1252,0,-64,1188,2240007,53238,7501,2300746,24.19%,24.85%,
104/05/26,2181,0,38,2219,2238754,53238,7565,2299557,24.17%,24.83%,
104/05/25,-657,0,-307,-964,2236563,53238,7527,2297328,24.15%,24.81%,
104/05/22,62,0,-76,-14,2237201,53238,7834,2298273,24.16%,24.82%,
104/05/21,-10588,-3,-1257,-11848,2237139,53238,7910,2298287,24.16%,24.82%,
104/05/20,318,7,-608,-283,2247727,53241,9167,2310135,24.27%,24.94%,
104/05/19,-1200,-80,-60,-1340,2247409,53234,9775,2310418,24.27%,24.95%,
104/05/18,-694,0,-580,-1274,2248599,53314,9835,2311748,24.28%,24.96%,
104/05/15,-2790,-5,-1053,-3848,2249655,53314,10415,2313384,24.29%,24.98%,
104/05/14,-7070,-70,-1485,-8625,2252445,53319,11468,2317232,24.32%,25.02%,
104/05/13,-1401,-2,-61,-1464,2259564,53389,12953,2325906,24.40%,25.12%,
104/05/12,790,0,38,828,2260965,53391,13014,2327370,24.41%,25.13%,
104/05/11,590,3,-44,549,2260472,53391,12976,2326839,24.41%,25.13%,
104/05/08,1907,36,24,1967,2259843,53388,13020,2326251,24.40%,25.12%,
104/05/07,-6399,0,-214,-6613,2257863,53352,12996,2324211,24.38%,25.10%,
104/05/06,297,1176,-33,1440,2264298,53352,13210,2330860,24.45%,25.17%,
104/05/05,-1528,1689,-982,-821,2264271,52176,13243,2329690,24.45%,25.16%,
104/05/04,3205,24,982,4211,2265665,50487,14225,2330377,24.46%,25.16%,
104/04/30,800,-110,-197,493,2262350,50463,13243,2326056,24.43%,25.12%,
104/04/29,493,-13,275,755,2261557,50573,13440,2325570,24.42%,25.11%,
104/04/28,7852,310,753,8915,2261005,50586,13165,2324756,24.41%,25.10%,
104/04/27,8692,50,2901,11643,2253062,50276,12412,2315750,24.33%,25.01%,
104/04/24,6665,-3,-382,6280,2244471,50226,9511,2304208,24.24%,24.89%,
104/04/23,8567,0,4453,13020,2237730,50229,9893,2297852,24.16%,24.81%,
104/04/22,-3952,-68,8,-4012,2229391,50229,5440,2285060,24.07%,24.67%,
104/04/21,-2747,-160,-85,-2992,2233268,50297,5431,2288996,24.11%,24.71%,
104/04/20,-6892,-8,-70,-6970,2236015,50457,5516,2291988,24.14%,24.74%,
104/04/17,-4878,0,-130,-5008,2242907,50465,5586,2298958,24.22%,24.83%,
104/04/16,-716,0,-86,-802,2247675,50465,5716,2303856,24.27%,24.88%,
104/04/15,-10542,-20,-174,-10736,2248223,50465,5802,2304490,24.28%,24.89%,
104/04/14,1403,-6,187,1584,2258702,50485,5976,2315163,24.39%,25.00%,
104/04/13,990,0,-59,931,2257299,50491,5789,2313579,24.37%,24.98%,
104/04/10,113,0,-70,43,2256594,50491,5848,2312933,24.37%,24.98%,
104/04/09,2608,0,49,2657,2256482,50491,5918,2312891,24.37%,24.98%,
104/04/08,-4852,0,-33,-4885,2253800,50491,5869,2310160,24.34%,24.95%,
104/04/07,1634,0,31,1665,2258600,50491,5902,2314993,24.39%,25.00%,
104/04/02,2697,0,126,2823,2256862,50491,5871,2313224,24.37%,24.98%,
104/04/01,1083,0,-66,1017,2254165,50491,5745,2310401,24.34%,24.95%,
104/03/31,2172,-749,-123,1300,2254252,50491,5811,2310554,24.34%,24.95%,
104/03/30,496,0,87,583,2252080,59827,5934,2317841,24.32%,25.03%,
104/03/27,-3367,-233,-48,-3648,2252015,59827,5847,2317689,24.32%,25.03%,
104/03/26,-2495,0,10,-2485,2255441,60060,5895,2321396,24.35%,25.06%,
104/03/25,-1480,-3,63,-1420,2258183,60060,5885,2324128,24.38%,25.09%,
104/03/24,1316,-9,-17,1290,2259621,60063,5822,2325506,24.40%,25.11%,
104/03/23,212,-3,-72,137,2258304,60072,5839,2324215,24.38%,25.09%,
104/03/20,732,-990,4,-254,2258092,60075,5911,2324078,24.38%,25.09%,
104/03/19,1884,-4,123,2003,2256817,61065,5907,2323789,24.37%,25.09%,
104/03/18,2212,0,-28,2184,2254685,61069,5784,2321538,24.35%,25.07%,
104/03/17,-702,-1287,-42,-2031,2251749,61069,5812,2318630,24.31%,25.03%,
104/03/16,-2752,4,169,-2579,2251997,62356,5854,2320207,24.32%,25.06%,
104/03/13,-170,0,-129,-299,2254750,62352,5685,2322787,24.35%,25.08%,
104/03/12,-1151,-0,-146,-1297,2254787,62352,5814,2322953,24.35%,25.09%,
104/03/11,-7908,0,-306,-8214,2255811,62352,5960,2324123,24.36%,25.10%,
104/03/10,-3372,0,-63,-3435,2263494,62352,6266,2332112,24.44%,25.18%,
104/03/09,-5246,-7,-64,-5317,2266806,62352,6329,2335487,24.48%,25.22%,
104/03/06,-1631,0,-4,-1635,2271730,62359,6393,2340482,24.53%,25.27%,
104/03/05,-3722,165,-292,-3849,2272710,62359,6397,2341466,24.54%,25.28%,
104/03/04,447,-83,-514,-150,2276299,62194,6689,2345182,24.58%,25.32%,
104/03/03,-165,-3,533,365,2275782,62277,7203,2345262,24.57%,25.32%,
104/03/02,319,0,74,393,2275764,62280,6670,2344714,24.57%,25.31%,
104/02/26,-900,200,171,-529,2275487,62280,6596,2344363,24.57%,25.31%,
104/02/25,1298,-43,56,1311,2276387,62080,6425,2344892,24.58%,25.32%,
104/02/24,5231,564,97,5892,2274457,62123,6369,2342949,24.56%,25.30%,
104/02/13,-1239,1734,-58,437,2269177,61559,6272,2337008,24.50%,25.23%,
104/02/12,337,-6,-98,233,2270425,59825,6330,2336580,24.52%,25.23%,
104/02/11,800,0,0,800,2270229,59831,6428,2336488,24.51%,25.23%,
104/02/10,444,0,11,455,2269580,59831,6428,2335839,24.51%,25.23%,
104/02/09,1697,0,12,1709,2269136,59831,6417,2335384,24.50%,25.22%,
104/02/06,2133,0,28,2161,2267544,59831,6405,2333780,24.48%,25.20%,
104/02/05,3668,0,22,3690,2266007,59831,6377,2332215,24.47%,25.19%,
104/02/04,8069,0,13,8082,2262093,59831,6355,2328279,24.43%,25.14%,
104/02/03,-245,0,12,-233,2253264,59831,6342,2319437,24.33%,25.04%,
104/02/02,928,0,420,1348,2253723,59831,6330,2319884,24.34%,25.05%,
104/01/30,1798,-35,131,1894,2252051,59831,5910,2317792,24.32%,25.03%,
104/01/29,-1650,0,-73,-1723,2250536,59866,5779,2316181,24.30%,25.01%,
104/01/28,2125,0,102,2227,2252186,59866,5852,2317904,24.32%,25.03%,
104/01/27,3009,0,11,3020,2250168,59866,5750,2315784,24.30%,25.01%,
104/01/26,395,0,-88,307,2247160,59866,5739,2312765,24.26%,24.97%,
104/01/23,6359,-91,155,6423,2246381,59866,5827,2312074,24.26%,24.97%,
104/01/22,2412,-315,431,2528,2239418,59957,5672,2305047,24.18%,24.89%,
104/01/21,3112,0,-39,3073,2237006,60272,5241,2302519,24.15%,24.86%,
104/01/20,1074,0,204,1278,2233930,60272,5280,2299482,24.12%,24.83%,
104/01/19,-545,-1,12,-534,2232674,60272,5076,2298022,24.11%,24.82%,
104/01/16,-6498,0,-375,-6873,2233219,60273,5064,2298556,24.11%,24.82%,
104/01/15,-487,0,-37,-524,2239717,60273,5439,2305429,24.18%,24.89%,
104/01/14,-2462,-6,-244,-2712,2240198,60273,5476,2305947,24.19%,24.90%,
104/01/13,1665,0,170,1835,2242604,60279,5720,2308603,24.22%,24.93%,
104/01/12,-92,0,-86,-178,2240730,60279,5550,2306559,24.19%,24.90%,
104/01/09,3105,0,137,3242,2240579,60279,5636,2306494,24.19%,24.90%,
104/01/08,6730,0,73,6803,2237347,60279,5499,2303125,24.16%,24.87%,
104/01/07,-4220,-918,-54,-5192,2230617,60279,5426,2296322,24.09%,24.80%,
104/01/06,-5780,0,-249,-6029,2234772,61197,5480,2301449,24.13%,24.85%,
104/01/05,-1200,-200,-49,-1449,2240553,61197,5729,2307479,24.19%,24.91%,
