日期,外資買賣超,投信買賣超,自營商買賣超,單日合計買賣超,外資估計持股,投信估計持股,自營商估計持股,單日合計估計持股,外資持股比重,三大法人持股比重,
107/03/31,0,0,-1,-1,1650,762,831,3243,3.19%,6.03%,
107/03/30,-2,0,1,-1,1650,762,832,3244,3.19%,6.03%,
107/03/29,14,0,-7,7,1652,762,831,3245,3.20%,6.04%,
107/03/28,12,0,0,12,1638,762,838,3238,3.17%,6.02%,
107/03/27,5,0,-2,3,1626,762,838,3226,3.15%,6.00%,
107/03/26,-21,-20,-40,-81,1621,762,840,3223,3.14%,6.00%,
107/03/23,-6,-20,-22,-48,1642,782,880,3304,3.18%,6.14%,
107/03/22,23,-27,0,-4,1648,802,902,3352,3.19%,6.23%,
107/03/21,-57,0,4,-53,1625,828,902,3355,3.15%,6.23%,
107/03/20,-18,0,8,-10,1682,828,898,3408,3.26%,6.34%,
107/03/19,-4,0,14,10,1700,828,890,3418,3.29%,6.35%,
107/03/16,-16,-73,6,-83,1704,828,876,3408,3.30%,6.34%,
107/03/15,-1,-100,5,-96,1720,901,870,3491,3.33%,6.49%,
107/03/14,2,0,-10,-8,1736,1001,865,3602,3.36%,6.69%,
107/03/13,-4,-20,-49,-73,1734,1001,875,3610,3.36%,6.71%,
107/03/12,-9,0,0,-9,1738,1021,924,3683,3.36%,6.83%,
107/03/09,-6,0,0,-6,1747,1021,924,3692,3.38%,6.85%,
107/03/08,-4,0,-7,-11,1753,1021,924,3698,3.39%,6.86%,
107/03/07,-33,0,6,-27,1757,1021,931,3709,3.40%,6.88%,
107/03/06,-19,0,-8,-27,1790,1021,925,3736,3.46%,6.93%,
107/03/05,-39,-15,10,-44,1809,1021,933,3763,3.50%,6.98%,
107/03/02,-24,-10,-58,-92,1848,1036,923,3807,3.58%,7.07%,
107/03/01,-25,25,3,3,1872,1046,981,3899,3.62%,7.23%,
107/02/27,-29,-10,12,-27,2114,1021,978,4113,4.09%,7.65%,
107/02/26,-142,18,21,-103,2143,1031,966,4140,4.15%,7.71%,
107/02/23,-70,-27,-7,-104,2285,1013,945,4243,4.42%,7.91%,
107/02/22,98,0,60,158,2353,1040,952,4345,4.56%,8.11%,
107/02/21,58,0,85,143,2255,1040,892,4187,4.37%,7.82%,
107/02/12,-2,35,0,33,2197,1040,807,4044,4.25%,7.54%,
107/02/09,107,25,-36,96,2199,1005,807,4011,4.26%,7.49%,
107/02/08,89,89,62,240,2092,980,843,3915,4.05%,7.30%,
107/02/07,18,69,39,126,2003,891,781,3675,3.88%,6.86%,
107/02/06,53,-60,-326,-333,1985,822,742,3549,3.84%,6.87%,
107/02/05,-3,-29,-8,-40,1932,882,1068,3882,3.74%,7.52%,
107/02/02,70,35,9,114,1935,911,1076,3922,3.75%,7.60%,
107/02/01,58,0,3,61,1865,876,1067,3808,3.61%,7.38%,
107/01/31,27,0,-11,16,1807,876,1064,3747,3.50%,7.26%,
107/01/30,34,-22,28,40,1921,876,1075,3872,3.72%,7.50%,
107/01/29,-4,0,-20,-24,1887,898,1047,3832,3.65%,7.42%,
107/01/26,0,0,2,2,1901,898,1067,3866,3.68%,7.49%,
107/01/25,-5,0,1,-4,1951,898,1065,3914,3.78%,7.59%,
107/01/24,79,0,-20,59,1956,898,1064,3918,3.79%,7.59%,
107/01/23,3,0,-1,2,1877,898,1084,3859,3.63%,7.47%,
107/01/22,-32,0,-12,-44,1874,898,1085,3857,3.63%,7.47%,
107/01/19,-19,0,33,14,1906,898,1097,3901,3.69%,7.56%,
107/01/18,-21,0,14,-7,1914,898,1064,3876,3.71%,7.51%,
107/01/17,-12,0,4,-8,1934,898,1050,3882,3.74%,7.52%,
107/01/16,7,30,-9,28,2012,898,1046,3956,3.90%,7.67%,
107/01/15,-15,0,29,14,2005,868,1055,3928,3.88%,7.61%,
107/01/12,-27,87,51,111,2020,868,1026,3914,3.91%,7.58%,
107/01/11,40,20,2,62,2047,781,975,3803,3.96%,7.36%,
107/01/10,-34,0,-72,-106,2019,761,973,3753,3.91%,7.27%,
107/01/09,-33,0,-117,-150,2091,761,1045,3897,4.05%,7.55%,
107/01/08,-38,0,21,-17,2054,761,1162,3977,3.98%,7.71%,
107/01/05,-47,0,18,-29,2041,761,1141,3943,3.95%,7.64%,
107/01/04,-28,0,-29,-57,1998,761,1123,3882,3.87%,7.52%,
107/01/03,-12,0,-16,-28,2026,761,1152,3939,3.92%,7.63%,
107/01/02,-8,70,157,219,2038,761,1168,3967,3.95%,7.69%,
106/12/29,17,120,21,158,2046,691,1011,3748,3.96%,7.26%,
106/12/28,3,0,34,37,2029,222,990,3241,3.93%,6.28%,
106/12/27,22,0,-6,16,2026,222,956,3204,3.92%,6.20%,
106/12/26,-1,-26,7,-20,2004,222,962,3188,3.88%,6.18%,
106/12/25,-19,-31,-9,-59,2005,248,955,3208,3.88%,6.21%,
106/12/22,-4,0,74,70,2024,279,964,3267,3.92%,6.33%,
106/12/21,26,0,10,36,2008,279,890,3177,3.89%,6.16%,
106/12/20,29,0,3,32,1982,279,880,3141,3.84%,6.09%,
106/12/19,-94,7,46,-41,1953,279,877,3109,3.78%,6.02%,
106/12/18,-4,12,10,18,2047,272,831,3150,3.96%,6.10%,
106/12/15,-1,12,71,82,2036,260,821,3117,3.94%,6.04%,
106/12/14,-11,0,-7,-18,2037,248,750,3035,3.94%,5.87%,
106/12/13,-64,28,107,71,1988,248,757,2993,3.85%,5.80%,
106/12/12,13,41,131,185,2052,220,650,2922,3.97%,5.66%,
106/12/11,77,0,6,83,2039,179,519,2737,3.95%,5.30%,
106/12/08,-25,0,5,-20,1962,179,513,2654,3.80%,5.14%,
106/12/07,-139,10,14,-115,1987,179,508,2674,3.85%,5.18%,
106/12/06,-65,81,-80,-64,2126,169,494,2789,4.12%,5.41%,
106/12/05,-162,0,155,-7,2171,88,574,2833,4.20%,5.48%,
106/12/04,1,0,-22,-21,2333,88,419,2840,4.52%,5.50%,
106/12/01,-64,0,28,-36,2257,88,441,2786,4.37%,5.40%,
106/11/30,-2,0,-3,-5,2321,88,413,2822,4.49%,5.46%,
106/11/29,-9,0,-4,-13,2323,88,416,2827,4.50%,5.48%,
106/11/28,-14,0,-7,-21,2332,88,420,2840,4.52%,5.50%,
106/11/27,-50,0,-3,-53,2346,88,427,2861,4.54%,5.54%,
106/11/24,-73,0,-15,-88,2396,88,430,2914,4.64%,5.64%,
106/11/23,-27,0,2,-25,2469,88,445,3002,4.78%,5.81%,
106/11/22,-3,0,18,15,2484,88,443,3015,4.81%,5.84%,
106/11/21,24,0,-3,21,2487,88,425,3000,4.82%,5.81%,
106/11/20,-7,0,-3,-10,2463,88,428,2979,4.77%,5.77%,
106/11/17,-37,-30,-5,-72,2470,88,431,2989,4.78%,5.79%,
106/11/16,-43,-9,2,-50,2497,118,436,3051,4.84%,5.91%,
106/11/15,-44,-80,-5,-129,2540,127,434,3101,4.92%,6.01%,
106/11/14,15,0,11,26,2584,207,439,3230,5.00%,6.25%,
106/11/13,-50,0,-22,-72,2569,207,428,3204,4.98%,6.21%,
106/11/10,-10,0,-3,-13,2619,207,450,3276,5.07%,6.34%,
106/11/09,-8,-30,-21,-59,2629,207,453,3289,5.09%,6.37%,
106/11/08,-161,-86,-119,-366,2637,237,474,3348,5.11%,6.49%,
106/11/07,-21,0,-17,-38,2798,323,593,3714,5.42%,7.20%,
106/11/06,-22,-16,-34,-72,2819,323,610,3752,5.46%,7.27%,
106/11/03,-115,-251,-43,-409,2881,339,644,3864,5.58%,7.49%,
106/11/02,-67,0,3,-64,2956,590,687,4233,5.73%,8.21%,
106/11/01,78,-235,14,-143,3023,590,684,4297,5.86%,8.33%,
106/10/31,-39,-339,-4,-382,2945,825,670,4440,5.70%,8.60%,
106/10/30,-30,0,-12,-42,2956,1164,674,4794,5.73%,9.29%,
106/10/27,-1,0,-28,-29,2960,1164,686,4810,5.73%,9.32%,
106/10/26,-3,0,-7,-10,2961,1164,714,4839,5.74%,9.38%,
106/10/25,-4,0,-30,-34,2964,1164,721,4849,5.74%,9.39%,
106/10/24,23,0,40,63,2968,1164,751,4883,5.75%,9.46%,
106/10/23,3,0,-4,-1,2945,1164,711,4820,5.70%,9.34%,
106/10/20,15,0,-6,9,2942,1164,715,4821,5.70%,9.34%,
106/10/19,-8,0,-32,-40,2927,1164,721,4812,5.67%,9.32%,
106/10/18,-58,0,40,-18,2925,1164,753,4842,5.67%,9.39%,
106/10/17,-69,-81,6,-144,2983,1164,713,4860,5.78%,9.42%,
106/10/16,-27,-61,-15,-103,3041,1245,707,4993,5.89%,9.67%,
106/10/13,-57,-91,4,-144,3068,1306,722,5096,5.94%,9.87%,
106/10/12,-233,-25,-2,-260,3125,1397,718,5240,6.05%,10.15%,
106/10/11,-124,-7,2,-129,3327,1422,720,5469,6.44%,10.59%,
106/10/06,-9,-14,-38,-61,3451,1429,718,5598,6.69%,10.85%,
106/10/05,29,-33,-6,-10,3460,1443,756,5659,6.70%,10.96%,
106/10/03,-45,-63,6,-102,3431,1476,762,5669,6.65%,10.99%,
106/10/02,60,0,37,97,3476,1539,756,5771,6.73%,11.18%,
106/09/30,0,0,33,33,3416,1539,719,5674,6.62%,11.00%,
106/09/29,-23,0,-148,-171,3416,1394,686,5496,6.62%,10.65%,
106/09/28,-29,-28,-1,-58,3439,1394,834,5667,6.66%,10.98%,
106/09/27,15,-4,11,22,3468,1422,835,5725,6.72%,11.10%,
106/09/26,-67,0,-137,-204,3453,1426,824,5703,6.69%,11.05%,
106/09/25,-35,-7,-31,-73,3520,1426,961,5907,6.82%,11.45%,
106/09/22,-3,0,-26,-29,3555,1433,992,5980,6.89%,11.59%,
106/09/21,51,-17,24,58,3558,1433,1018,6009,6.89%,11.64%,
106/09/20,27,0,-50,-23,3507,1450,994,5951,6.79%,11.53%,
106/09/19,-27,-22,-2,-51,3480,1450,1044,5974,6.74%,11.58%,
106/09/18,18,-16,-54,-52,3507,1472,1046,6025,6.79%,11.67%,
106/09/15,-42,39,62,59,3489,1488,1100,6077,6.76%,11.78%,
106/09/14,33,0,-52,-19,3531,1449,1038,6018,6.84%,11.66%,
106/09/13,-60,0,-74,-134,3498,1449,1090,6037,6.78%,11.70%,
106/09/12,-66,336,276,546,3558,1449,1164,6171,6.89%,11.96%,
106/09/11,-82,135,45,98,3614,1113,888,5615,7.00%,10.88%,
106/09/08,-35,12,5,-18,3696,978,843,5517,7.16%,10.69%,
106/09/07,-81,-70,13,-138,3731,966,838,5535,7.23%,10.73%,
106/09/06,20,0,5,25,3812,1036,825,5673,7.38%,10.99%,
106/09/05,81,0,-4,77,3792,1036,820,5648,7.35%,10.95%,
106/09/04,169,0,-77,92,3721,1036,824,5581,7.21%,10.82%,
106/09/01,-54,0,-107,-161,3552,1036,901,5489,6.88%,10.64%,
106/08/31,28,-215,154,-33,3606,1036,1008,5650,6.99%,10.95%,
106/08/30,-36,-19,1,-54,3578,1251,854,5683,6.93%,11.01%,
106/08/29,-12,-165,7,-170,3614,1270,853,5737,7.00%,11.12%,
106/08/28,-54,-446,-16,-516,3626,1435,846,5907,7.02%,11.44%,
106/08/25,-66,-167,8,-225,3680,1881,862,6423,7.13%,12.45%,
106/08/24,-45,-90,-10,-145,3746,2048,854,6648,7.26%,12.89%,
106/08/23,-18,0,-5,-23,3791,2138,864,6793,7.34%,13.16%,
106/08/22,0,0,64,64,3809,2138,869,6816,7.38%,13.21%,
106/08/21,-60,0,10,-50,3809,2138,805,6752,7.38%,13.09%,
106/08/18,-82,0,-14,-96,3869,2138,795,6802,7.50%,13.19%,
106/08/17,-40,0,-47,-87,3951,2138,809,6898,7.65%,13.36%,
106/08/16,131,-50,57,138,3991,2138,856,6985,7.73%,13.53%,
106/08/15,56,-329,6,-267,3860,2188,799,6847,7.48%,13.27%,
106/08/14,-74,0,-94,-168,3804,2517,793,7114,7.37%,13.79%,
106/08/11,276,-385,175,66,3878,2517,887,7282,7.51%,14.11%,
106/08/10,23,-921,-163,-1061,3602,2902,712,7216,6.98%,13.99%,
106/08/09,-6,-178,-57,-241,3579,3823,875,8277,6.93%,16.04%,
106/08/08,-63,-32,-146,-241,3585,4001,932,8518,6.94%,16.50%,
106/08/07,-76,0,124,48,3648,4033,1078,8759,7.07%,16.98%,
106/08/04,74,0,82,156,3724,4033,954,8711,7.21%,16.88%,
106/08/03,188,16,-25,179,3650,4033,872,8555,7.07%,16.58%,
106/08/02,156,-71,-93,-8,3462,4017,897,8376,6.71%,16.24%,
106/08/01,39,-229,54,-136,3306,4088,990,8384,6.40%,16.24%,
106/07/31,261,-85,-84,92,3267,4317,936,8520,6.33%,16.51%,
106/07/28,-104,-92,-79,-275,3006,4402,1020,8428,5.82%,16.33%,
106/07/27,91,0,-20,71,3110,4494,1099,8703,6.02%,16.86%,
106/07/26,-13,0,-36,-49,3019,4494,1119,8632,5.85%,16.73%,
106/07/25,102,50,0,152,3032,4494,1155,8681,5.87%,16.82%,
106/07/24,-86,0,-16,-102,2930,4444,1155,8529,5.67%,16.52%,
106/07/21,339,0,-44,295,3016,4444,1171,8631,5.84%,16.73%,
106/07/20,225,0,-401,-176,2677,4444,1215,8336,5.18%,16.15%,
106/07/19,67,121,32,220,2452,4444,1616,8512,4.75%,16.50%,
106/07/18,67,0,-28,39,2375,4323,1584,8282,4.60%,16.05%,
106/07/17,62,0,-129,-67,2308,4323,1612,8243,4.47%,15.98%,
106/07/14,-16,0,-59,-75,2246,4323,1741,8310,4.35%,16.11%,
106/07/13,119,0,-163,-44,2262,4323,1800,8385,4.38%,16.25%,
106/07/12,177,90,59,326,2143,4323,1963,8429,4.15%,16.34%,
106/07/11,74,-25,-18,31,1966,4233,1904,8103,3.81%,15.71%,
106/07/10,-3,123,56,176,1892,4258,1922,8072,3.66%,15.64%,
106/07/07,-84,-453,-151,-688,1895,4135,1866,7896,3.67%,15.30%,
106/07/06,-60,-122,-63,-245,1979,4588,2017,8584,3.83%,16.64%,
106/07/05,71,-214,465,322,2039,4710,2080,8829,3.95%,17.11%,
106/07/04,-39,-9,158,110,1968,4924,1615,8507,3.81%,16.49%,
106/07/03,-45,0,23,-22,2007,4933,1457,8397,3.89%,16.28%,
106/06/30,-43,-80,21,-102,2052,4933,1434,8419,3.97%,16.31%,
106/06/29,-70,0,-3,-73,2095,4935,1413,8443,4.06%,16.37%,
106/06/28,-37,-26,-54,-117,2165,4935,1416,8516,4.19%,16.50%,
106/06/27,-17,26,-112,-103,2202,4961,1470,8633,4.26%,16.73%,
106/06/26,-19,-60,55,-24,2219,4935,1582,8736,4.30%,16.93%,
106/06/23,32,-1,166,197,2238,4995,1527,8760,4.33%,16.97%,
106/06/22,14,0,7,21,2230,4996,1361,8587,4.32%,16.64%,
106/06/21,2,0,-7,-5,2216,4996,1354,8566,4.29%,16.60%,
106/06/20,1,-51,96,46,2214,4996,1361,8571,4.29%,16.61%,
106/06/19,-29,0,-15,-44,2263,5047,1265,8575,4.38%,16.62%,
106/06/16,31,-18,46,59,2292,5047,1280,8619,4.44%,16.71%,
106/06/15,30,-49,-21,-40,2261,5065,1234,8560,4.38%,16.59%,
106/06/14,-61,-31,-35,-127,2231,5114,1255,8600,4.32%,16.67%,
106/06/13,-54,-55,22,-87,2292,5145,1290,8727,4.44%,16.92%,
106/06/12,13,-79,-17,-83,2346,5200,1268,8814,4.54%,17.08%,
106/06/09,-25,-71,-35,-131,2333,5279,1285,8897,4.52%,17.25%,
106/06/08,11,-43,90,58,2358,5350,1320,9028,4.57%,17.50%,
106/06/07,-15,-50,-9,-74,2347,5393,1230,8970,4.54%,17.38%,
106/06/06,-27,0,-119,-146,2362,5443,1239,9044,4.57%,17.52%,
106/06/05,-34,-52,115,29,2389,5443,1358,9190,4.63%,17.82%,
106/06/03,0,118,-87,31,2423,5495,1243,9161,4.69%,17.75%,
106/06/02,137,201,-212,126,2423,5377,1330,9130,4.69%,17.69%,
106/06/01,89,174,-92,171,2286,5176,1542,9004,4.43%,17.45%,
106/05/31,266,287,9,562,2197,5002,1634,8833,4.25%,17.12%,
106/05/26,81,303,-135,249,1931,4715,1625,8271,3.74%,16.03%,
106/05/25,68,311,-63,316,1850,4412,1760,8022,3.58%,15.55%,
106/05/24,-86,9,145,68,1782,4101,1823,7706,3.45%,14.93%,
106/05/23,-108,28,28,-52,1868,4092,1678,7638,3.62%,14.81%,
106/05/22,-277,0,29,-248,1976,4064,1650,7690,3.83%,14.91%,
106/05/19,-150,0,-55,-205,2253,4064,1621,7938,4.36%,15.38%,
106/05/18,-2,-75,-16,-93,2403,4064,1676,8143,4.65%,15.78%,
106/05/17,-43,0,84,41,2405,4139,1692,8236,4.66%,15.96%,
106/05/16,-86,0,6,-80,2448,4139,1608,8195,4.74%,15.88%,
106/05/15,-6,0,-7,-13,2534,4139,1602,8275,4.91%,16.04%,
106/05/12,-349,0,100,-249,2540,4139,1609,8288,4.92%,16.06%,
106/05/11,-42,111,325,394,2975,4139,1509,8623,5.76%,16.71%,
106/05/10,9,74,351,434,3017,4028,1184,8229,5.84%,15.94%,
106/05/09,-31,112,-144,-63,3008,3954,833,7795,5.83%,15.11%,
106/05/08,79,88,-21,146,3039,3842,977,7858,5.89%,15.23%,
106/05/05,23,137,203,363,2960,3754,998,7712,5.73%,14.94%,
106/05/04,21,15,5,41,2937,3617,795,7349,5.69%,14.24%,
106/05/03,36,0,-39,-3,2916,3602,790,7308,5.65%,14.16%,
106/05/02,40,-10,-156,-126,2880,3602,829,7311,5.58%,14.17%,
106/04/28,31,0,-48,-17,2840,3612,985,7437,5.50%,14.41%,
106/04/27,-46,30,-34,-50,2809,3612,1033,7454,5.44%,14.45%,
106/04/26,112,80,220,412,2950,3582,1067,7599,5.71%,14.72%,
106/04/25,9,0,-159,-150,2838,3502,847,7187,5.50%,13.93%,
106/04/24,0,100,96,196,2829,3502,1006,7337,5.48%,14.22%,
106/04/21,169,0,1,170,2829,3402,910,7141,5.48%,13.84%,
106/04/20,-73,-10,-103,-186,2660,3402,909,6971,5.15%,13.51%,
106/04/19,33,474,-9,498,2707,3412,1012,7131,5.24%,13.82%,
106/04/18,-126,230,175,279,2674,2938,1021,6633,5.18%,12.86%,
106/04/17,12,45,-55,2,2725,2708,846,6279,5.28%,12.17%,
106/04/14,-23,0,-107,-130,2713,2663,901,6277,5.25%,12.16%,
106/04/13,-235,0,-4,-239,2736,2663,1008,6407,5.30%,12.42%,
106/04/12,-281,18,-79,-342,2971,2663,1012,6646,5.75%,12.87%,
106/04/11,-224,30,-62,-256,3252,2645,1091,6988,6.30%,13.54%,
106/04/10,-282,150,-128,-260,3476,2615,1153,7244,6.73%,14.04%,
106/04/07,-66,673,327,934,3758,2465,1281,7504,7.28%,14.54%,
106/04/06,-383,0,-101,-484,3824,1792,954,6570,7.41%,12.73%,
106/04/05,-204,15,16,-173,4207,1792,1055,7054,8.15%,13.67%,
106/03/31,-104,15,-19,-108,4411,1777,1039,7227,8.55%,14.01%,
106/03/30,-109,-29,221,83,4565,2139,1058,7762,8.84%,15.04%,
106/03/29,-58,-321,-125,-504,4674,2168,837,7679,9.06%,14.89%,
106/03/28,-212,0,-105,-317,4714,2489,962,8165,9.13%,15.82%,
106/03/27,-157,-21,25,-153,4936,2489,1067,8492,9.56%,16.45%,
106/03/24,-119,-71,-7,-197,5093,2510,1042,8645,9.87%,16.76%,
106/03/23,-294,-299,-16,-609,5212,2581,1049,8842,10.10%,17.14%,
106/03/22,-131,-362,37,-456,5506,2880,1065,9451,10.67%,18.32%,
106/03/21,-30,-376,-116,-522,5637,3242,1028,9907,10.92%,19.20%,
106/03/20,-309,0,32,-277,5667,3618,1144,10429,10.98%,20.21%,
106/03/17,-569,0,-129,-698,5986,3618,1112,10716,11.60%,20.77%,
106/03/16,882,150,502,1534,6555,3618,1241,11414,12.70%,22.12%,
106/03/15,102,0,79,181,5673,3468,739,9880,10.99%,19.15%,
106/03/14,-30,0,-9,-39,5571,3468,660,9699,10.79%,18.79%,
106/03/13,14,202,24,240,5601,3468,669,9738,10.85%,18.87%,
106/03/10,-47,-11,-3,-61,5587,3266,645,9498,10.83%,18.41%,
106/03/09,-13,0,11,-2,5634,3277,648,9559,10.92%,18.53%,
106/03/08,11,0,27,38,5647,3277,637,9561,10.94%,18.53%,
106/03/07,4,-10,18,12,5636,3277,610,9523,10.92%,18.46%,
106/03/06,41,0,-23,18,5632,3287,592,9511,10.91%,18.43%,
106/03/03,7,4,4,15,5591,3287,615,9493,10.83%,18.39%,
106/03/02,45,-60,-31,-46,5584,3283,611,9478,10.82%,18.37%,
106/03/01,7,0,-29,-22,5529,3343,642,9514,10.71%,18.44%,
106/02/24,35,-55,-12,-32,5522,3343,671,9536,10.70%,18.48%,
106/02/23,55,-18,-2,35,5487,3398,683,9568,10.63%,18.54%,
106/02/22,177,-77,-10,90,5432,3416,685,9533,10.53%,18.48%,
106/02/21,-24,-130,-19,-173,5300,3493,695,9488,10.27%,18.39%,
106/02/20,1,0,-45,-44,5227,3623,714,9564,10.13%,18.54%,
106/02/18,-2,0,-114,-116,5226,3623,759,9608,10.13%,18.63%,
106/02/17,193,0,135,328,5228,3623,873,9724,10.13%,18.85%,
106/02/16,71,115,6,192,5035,3623,738,9396,9.76%,18.21%,
106/02/15,43,0,10,53,4964,3508,732,9204,9.62%,17.84%,
106/02/14,-10,50,-11,29,4921,3508,722,9151,9.53%,17.73%,
106/02/13,37,0,14,51,4931,3458,733,9122,9.55%,17.68%,
106/02/10,156,-20,-124,12,4844,3458,719,9021,9.39%,17.49%,
106/02/09,13,-105,-14,-106,4688,3478,843,9009,9.08%,17.46%,
106/02/08,90,52,-19,123,4675,3583,857,9115,9.06%,17.67%,
106/02/07,104,85,-286,-97,4654,3531,876,9061,9.02%,17.56%,
106/02/06,590,25,353,968,4550,3446,1162,9158,8.82%,17.75%,
106/02/03,-289,200,-6,-95,3960,3421,809,8190,7.67%,15.87%,
106/02/02,-51,0,-52,-103,4249,3221,815,8285,8.23%,16.05%,
106/01/24,24,0,-72,-48,4310,3221,867,8398,8.35%,16.28%,
106/01/23,704,138,30,872,4286,3221,939,8446,8.30%,16.36%,
106/01/20,-70,0,0,-70,3582,3083,909,7574,6.94%,14.68%,
106/01/19,-70,4,33,-33,3652,3083,909,7644,7.07%,14.81%,
106/01/18,39,0,-24,15,3835,3079,876,7790,7.43%,15.10%,
106/01/17,-161,201,-153,-113,3796,3079,900,7775,7.35%,15.06%,
106/01/16,1153,0,-132,1021,3957,2878,1053,7888,7.67%,15.29%,
106/01/13,77,0,-82,-5,2804,2878,1185,6867,5.43%,13.31%,
106/01/12,-43,0,76,33,2727,2878,1267,6872,5.28%,13.32%,
106/01/11,-42,71,177,206,2740,2878,1191,6809,5.31%,13.20%,
106/01/10,-288,65,34,-189,2869,2807,1014,6690,5.56%,12.97%,
106/01/09,74,641,-431,284,3320,2742,980,7042,6.43%,13.65%,
106/01/06,1050,419,33,1502,3274,2101,1411,6786,6.34%,13.15%,
106/01/05,274,20,-46,248,2224,1682,1378,5284,4.31%,10.24%,
106/01/04,23,-35,141,129,1950,1662,1424,5036,3.78%,9.76%,
106/01/03,376,-50,361,687,1927,1697,1283,4907,3.73%,9.51%,
105/12/30,-46,0,114,68,1551,1747,922,4220,3.00%,8.17%,
105/12/29,-10,146,7,143,1597,1747,808,4152,3.09%,8.04%,
105/12/28,-3,197,11,205,1607,1601,801,4009,3.11%,7.77%,
105/12/27,-13,102,-4,85,1610,1404,790,3804,3.12%,7.37%,
105/12/26,5,0,-115,-110,1623,1302,794,3719,3.14%,7.20%,
105/12/23,4,25,260,289,1618,1302,909,3829,3.13%,7.42%,
105/12/22,2,-25,-3,-26,1689,1277,649,3615,3.27%,7.00%,
105/12/21,9,0,2,11,1687,1302,652,3641,3.27%,7.06%,
105/12/20,25,-30,-1,-6,1678,1302,650,3630,3.25%,7.03%,
105/12/19,8,0,-13,-5,1653,1332,651,3636,3.20%,7.04%,
105/12/16,13,0,-8,5,1787,1332,664,3783,3.46%,7.33%,
105/12/15,-189,7,-26,-208,1774,1332,672,3778,3.43%,7.32%,
105/12/14,44,158,68,270,1963,1325,698,3986,3.80%,7.72%,
105/12/13,264,86,42,392,1919,1167,630,3716,3.71%,7.19%,
105/12/12,71,56,5,132,1655,1081,588,3324,3.20%,6.44%,
105/12/09,15,114,-1,128,1609,1025,583,3217,3.11%,6.23%,
105/12/08,227,60,-89,198,1594,911,584,3089,3.08%,5.98%,
105/12/07,9,0,-6,3,1367,851,673,2891,2.64%,5.59%,
105/12/06,230,25,90,345,1358,851,679,2888,2.63%,5.60%,
105/12/05,10,0,11,21,1128,826,589,2543,2.18%,4.92%,
105/12/02,5,0,-3,2,1118,826,578,2522,2.16%,4.88%,
105/12/01,57,0,7,64,1113,826,581,2520,2.15%,4.88%,
105/11/30,47,0,12,59,1056,826,574,2456,2.04%,4.75%,
105/11/29,5,50,50,105,1009,826,562,2397,1.95%,4.64%,
105/11/28,9,0,6,15,1004,776,512,2292,1.94%,4.44%,
105/11/25,19,0,5,24,995,776,506,2277,1.92%,4.41%,
105/11/24,8,0,0,8,976,776,501,2253,1.89%,4.37%,
105/11/23,4,25,0,29,968,776,501,2245,1.87%,4.35%,
105/11/22,40,50,-1,89,993,751,501,2245,1.92%,4.35%,
105/11/21,10,20,1,31,953,701,502,2156,1.84%,4.17%,
105/11/18,14,20,7,41,943,681,501,2125,1.82%,4.11%,
105/11/17,30,20,32,82,929,661,494,2084,1.80%,4.04%,
105/11/16,-7,20,7,20,899,641,462,2002,1.74%,3.88%,
105/11/15,-51,0,0,-51,906,621,455,1982,1.75%,3.84%,
105/11/14,-29,0,-3,-32,957,621,455,2033,1.85%,3.94%,
105/11/11,2,0,0,2,986,621,458,2065,1.91%,4.00%,
105/11/10,-11,0,37,26,984,621,458,2063,1.90%,3.99%,
105/11/09,12,0,-13,-1,995,621,421,2037,1.92%,3.94%,
105/11/08,-1,0,4,3,983,621,434,2038,1.90%,3.95%,
105/11/07,-3,0,0,-3,984,621,430,2035,1.90%,3.94%,
105/11/04,12,0,0,12,987,621,430,2038,1.91%,3.95%,
105/11/03,50,0,-1,49,975,621,430,2026,1.88%,3.92%,
105/11/02,4,0,0,4,925,621,431,1977,1.79%,3.83%,
105/11/01,23,0,0,23,921,621,431,1973,1.78%,3.82%,
105/10/31,6,0,-1,5,898,621,431,1950,1.74%,3.78%,
105/10/28,18,0,0,18,888,621,432,1941,1.72%,3.76%,
105/10/27,8,0,-1,7,870,621,432,1923,1.68%,3.72%,
105/10/26,6,0,0,6,862,621,433,1916,1.67%,3.71%,
105/10/25,8,0,0,8,856,621,433,1910,1.65%,3.69%,
105/10/24,6,0,0,6,848,621,433,1902,1.64%,3.68%,
105/10/21,-1,0,-1,-2,842,621,433,1896,1.63%,3.67%,
105/10/20,3,-86,2,-81,843,621,434,1898,1.63%,3.68%,
105/10/19,4,-22,2,-16,840,707,432,1979,1.62%,3.83%,
105/10/18,21,-40,4,-15,836,729,430,1995,1.62%,3.87%,
105/10/17,5,0,4,9,868,769,426,2063,1.68%,4.00%,
105/10/14,16,0,0,16,863,769,422,2054,1.67%,3.98%,
105/10/13,7,-40,-4,-37,847,769,422,2038,1.64%,3.95%,
105/10/12,6,0,0,6,840,809,426,2075,1.62%,4.01%,
105/10/11,-92,0,-13,-105,834,809,426,2069,1.61%,4.00%,
105/10/07,-34,0,-35,-69,926,809,439,2174,1.79%,4.21%,
105/10/06,1,0,-2,-1,960,809,474,2243,1.86%,4.35%,
105/10/05,-5,0,0,-5,959,809,476,2244,1.85%,4.34%,
105/10/04,0,0,0,0,964,809,476,2249,1.86%,4.35%,
105/10/03,-33,0,0,-33,964,809,476,2249,1.86%,4.35%,
105/09/30,-4,0,0,-4,997,809,476,2282,1.93%,4.42%,
105/09/29,7,0,0,7,1001,889,476,2366,1.94%,4.59%,
105/09/26,1,0,-1,0,994,889,476,2359,1.92%,4.57%,
105/09/23,-5,0,0,-5,993,889,477,2359,1.92%,4.57%,
105/09/22,2,-60,0,-58,998,889,477,2364,1.93%,4.58%,
105/09/21,-3,-60,0,-63,996,949,477,2422,1.93%,4.69%,
105/09/20,-5,0,0,-5,999,1009,477,2485,1.93%,4.81%,
105/09/19,-7,0,0,-7,1004,1009,477,2490,1.94%,4.82%,
105/09/14,-11,0,-5,-16,1011,1009,477,2497,1.95%,4.83%,
105/09/13,-10,0,-4,-14,1022,1009,482,2513,1.98%,4.87%,
105/09/12,-7,0,-40,-47,1032,1009,486,2527,2.00%,4.90%,
105/09/10,0,-15,-22,-37,1039,1009,526,2574,2.01%,4.99%,
105/09/09,-12,0,2,-10,1039,1024,548,2611,2.01%,5.06%,
105/09/08,-85,-50,-78,-213,1051,1024,546,2621,2.03%,5.07%,
105/09/07,2,-10,1,-7,1136,1074,624,2834,2.20%,5.49%,
105/09/06,-4,-10,9,-5,1134,1084,623,2841,2.19%,5.50%,
105/09/05,1,-12,-5,-16,1138,1094,614,2846,2.20%,5.51%,
105/09/02,-7,-15,24,2,1137,1106,619,2862,2.20%,5.54%,
105/09/01,-5,0,-9,-14,1144,1121,595,2860,2.21%,5.54%,
105/08/31,7,-18,35,24,1149,1121,604,2874,2.22%,5.56%,
105/08/30,5,0,2,7,1142,1139,569,2850,2.21%,5.52%,
105/08/29,-96,0,66,-30,1137,1139,567,2843,2.20%,5.51%,
105/08/26,65,0,472,537,1233,1139,501,2873,2.39%,5.57%,
105/08/25,20,0,20,40,1168,1139,29,2336,2.26%,4.52%,
105/08/24,-13,-32,-2,-47,1148,1139,9,2296,2.22%,4.45%,
105/08/23,-13,0,0,-13,1161,1171,11,2343,2.25%,4.54%,
105/08/22,-35,-57,0,-92,1174,1171,11,2356,2.27%,4.56%,
105/08/19,-37,-34,0,-71,1209,1228,11,2448,2.34%,4.74%,
105/08/18,-21,0,0,-21,1246,1262,11,2519,2.41%,4.88%,
105/08/17,-22,-15,2,-35,1267,1262,11,2540,2.45%,4.92%,
105/08/16,-30,0,0,-30,1254,1277,9,2540,2.43%,4.92%,
105/08/15,-17,-70,-1,-88,1252,1277,9,2538,2.42%,4.91%,
105/08/12,-48,-79,0,-127,1308,1347,10,2665,2.53%,5.16%,
105/08/11,-20,0,-72,-92,1356,1426,10,2792,2.62%,5.40%,
105/08/10,-20,0,6,-14,1323,1426,82,2831,2.56%,5.48%,
105/08/09,-57,0,28,-29,1303,1426,76,2805,2.52%,5.43%,
105/08/08,-38,-48,38,-48,1334,1426,48,2808,2.58%,5.44%,
105/08/05,-46,0,5,-41,1257,1474,10,2741,2.43%,5.31%,
105/08/04,-34,0,5,-29,1251,1474,5,2730,2.42%,5.29%,
105/08/03,-73,-60,0,-133,1268,1474,0,2742,2.45%,5.31%,
105/08/02,-64,-25,0,-89,1351,1534,0,2885,2.61%,5.58%,
105/08/01,104,-34,-20,50,1442,1559,0,3001,2.79%,5.81%,
105/07/29,-93,-24,2,-115,1288,1593,20,2901,2.49%,5.62%,
105/07/28,-97,-4,-27,-128,1297,1617,18,2932,2.51%,5.68%,
105/07/27,-20,-13,-6,-39,1299,1621,45,2965,2.51%,5.74%,
105/07/26,-11,-13,-5,-29,1259,1634,51,2944,2.44%,5.71%,
105/07/25,-12,-15,-14,-41,1234,1647,56,2937,2.39%,5.69%,
105/07/22,-28,0,0,-28,1236,1662,70,2968,2.39%,5.75%,
105/07/21,23,0,-2,21,1251,1662,70,2983,2.42%,5.78%,
105/07/20,4,-30,-1,-27,1206,1662,72,2940,2.33%,5.69%,
105/07/19,-7,0,-5,-12,1202,1692,73,2967,2.33%,5.75%,
105/07/18,-7,0,-15,-22,1189,1692,78,2959,2.30%,5.73%,
105/07/15,2,0,-5,-3,1168,1692,93,2953,2.26%,5.72%,
105/07/14,-26,0,0,-26,1166,1692,98,2956,2.26%,5.73%,
105/07/13,0,0,-7,-7,1192,1692,98,2982,2.31%,5.78%,
105/07/12,-5,0,-35,-40,1192,1692,105,2989,2.31%,5.79%,
105/07/11,-35,0,-28,-63,1197,1692,140,3029,2.32%,5.87%,
105/07/07,-4,0,-169,-173,1232,1692,168,3092,2.38%,5.99%,
105/07/06,-37,0,82,45,1272,1692,337,3301,2.46%,6.39%,
105/07/05,24,0,137,161,1319,1692,255,3266,2.55%,6.32%,
105/07/04,3,8,37,48,1295,1692,118,3105,2.51%,6.02%,
105/07/01,-47,0,0,-47,1292,1684,81,3057,2.50%,5.92%,
105/06/30,-5,0,0,-5,1339,1684,81,3104,2.59%,6.01%,
105/06/29,-8,0,0,-8,1344,1590,81,3015,2.60%,5.84%,
105/06/28,-18,0,0,-18,1355,1590,81,3026,2.62%,5.86%,
105/06/27,-9,0,-1,-10,1373,1590,81,3044,2.66%,5.90%,
105/06/24,-53,0,-1,-54,1382,1590,82,3054,2.67%,5.91%,
105/06/23,1,0,0,1,1435,1590,83,3108,2.78%,6.02%,
105/06/22,6,0,-13,-7,1445,1590,83,3118,2.80%,6.04%,
105/06/21,12,15,7,34,1446,1590,96,3132,2.80%,6.07%,
105/06/20,25,0,0,25,1443,1575,89,3107,2.79%,6.02%,
105/06/17,23,0,-5,18,1429,1575,89,3093,2.77%,6.00%,
105/06/16,20,0,-18,2,1414,1575,94,3083,2.74%,5.98%,
105/06/15,26,-45,0,-19,1394,1575,112,3081,2.70%,5.97%,
105/06/14,0,0,0,0,1378,1620,112,3110,2.67%,6.03%,
105/06/13,-14,0,-33,-47,1383,1620,112,3115,2.68%,6.04%,
105/06/08,-59,0,17,-42,1397,1620,145,3162,2.70%,6.12%,
105/06/07,-8,0,0,-8,1513,1620,128,3261,2.93%,6.32%,
105/06/06,0,0,-3,-3,1521,1620,128,3269,2.94%,6.33%,
105/06/04,0,0,-4,-4,1521,1620,131,3272,2.94%,6.33%,
105/06/03,-31,0,3,-28,1521,1620,135,3276,2.94%,6.34%,
105/06/02,-15,0,-1,-16,1552,1620,132,3304,3.00%,6.40%,
105/06/01,-26,-34,4,-56,1555,1620,133,3308,3.01%,6.41%,
105/05/31,-15,15,-3,-3,1581,1654,129,3364,3.06%,6.52%,
105/05/30,11,-101,1,-89,1596,1639,132,3367,3.09%,6.52%,
105/05/27,-30,-65,11,-84,1585,1740,131,3456,3.07%,6.70%,
105/05/26,-59,18,4,-37,1615,1805,120,3540,3.13%,6.86%,
105/05/25,-62,-129,4,-187,1674,1787,116,3577,3.24%,6.93%,
105/05/24,-21,-115,-5,-141,1736,1916,112,3764,3.36%,7.29%,
105/05/23,-3,-47,13,-37,1757,2031,117,3905,3.40%,7.56%,
105/05/20,-72,-73,4,-141,1760,2078,104,3942,3.41%,7.64%,
105/05/19,-13,0,0,-13,1817,2151,100,4068,3.52%,7.88%,
105/05/18,-9,0,1,-8,1830,2151,100,4081,3.54%,7.90%,
105/05/17,-8,0,-1,-9,1839,2151,99,4089,3.56%,7.92%,
105/05/16,-94,-90,-2,-186,1847,2151,100,4098,3.58%,7.94%,
105/05/13,-127,0,4,-123,1914,2241,102,4257,3.71%,8.25%,
105/05/12,-12,0,18,6,2041,2241,98,4380,3.95%,8.48%,
105/05/11,-3,0,1,-2,2053,2241,80,4374,3.98%,8.48%,
105/05/10,-16,0,1,-15,2056,2241,79,4376,3.98%,8.48%,
105/05/09,-18,15,6,3,2072,2241,78,4391,4.01%,8.51%,
105/05/06,-43,0,1,-42,2090,2226,72,4388,4.05%,8.51%,
105/05/05,-41,10,11,-20,2180,2226,71,4477,4.22%,8.67%,
105/05/04,-9,-11,5,-15,2221,2216,60,4497,4.30%,8.71%,
105/05/03,74,0,13,87,2230,2227,55,4512,4.32%,8.74%,
105/04/29,-168,0,-5,-173,2156,2227,42,4425,4.18%,8.58%,
105/04/28,-47,0,-12,-59,2324,2227,47,4598,4.50%,8.91%,
105/04/27,6,-20,0,-14,2371,2227,59,4657,4.59%,9.02%,
105/04/26,6,0,-11,-5,2365,2247,59,4671,4.58%,9.05%,
105/04/25,-194,0,-7,-201,2311,2247,70,4628,4.48%,8.97%,
105/04/22,-9,0,-1,-10,2505,2247,77,4829,4.85%,9.36%,
105/04/21,-19,0,-10,-29,2514,2247,78,4839,4.87%,9.38%,
105/04/20,15,-20,-10,-15,2533,2247,88,4868,4.91%,9.44%,
105/04/19,9,0,-35,-26,2518,2267,98,4883,4.88%,9.47%,
105/04/18,-146,0,-11,-157,2509,2267,133,4909,4.86%,9.51%,
105/04/15,-53,-128,-16,-197,2589,2267,144,5000,5.03%,9.70%,
105/04/14,47,-306,3,-256,2642,2395,160,5197,5.14%,10.09%,
105/04/13,-283,0,-2,-285,2595,2701,157,5453,5.05%,10.59%,
105/04/12,16,0,-7,9,2878,2701,159,5738,5.60%,11.14%,
105/04/11,-135,0,-22,-157,2909,2701,166,5776,5.66%,11.22%,
105/04/08,-80,0,31,-49,3044,2701,188,5933,5.92%,11.52%,
105/04/07,-81,0,-5,-86,3199,2701,157,6057,6.22%,11.76%,
105/04/06,-14,0,-8,-22,3469,2701,162,6332,6.75%,12.30%,
105/04/01,192,0,-51,141,3541,2701,170,6412,6.89%,12.46%,
105/03/31,-228,143,57,-28,3580,2701,221,6502,6.96%,12.63%,
105/03/30,655,10,2,667,3878,2105,164,6147,7.54%,11.94%,
105/03/29,88,40,-84,44,3223,2095,162,5480,6.27%,10.65%,
105/03/28,-3,105,-3,99,3135,2055,246,5436,6.10%,10.57%,
105/03/25,13,0,58,71,3138,1950,249,5337,6.10%,10.37%,
105/03/24,-18,0,11,-7,3125,1950,191,5266,6.08%,10.24%,
105/03/23,-27,0,-29,-56,3143,1950,180,5273,6.11%,10.24%,
105/03/22,45,0,-5,40,3170,1950,209,5329,6.17%,10.36%,
105/03/21,-258,86,51,-121,3125,1950,214,5289,6.08%,10.28%,
105/03/18,-11,30,-4,15,3383,1864,163,5410,6.58%,10.51%,
105/03/17,-77,0,-16,-93,3394,1834,167,5395,6.60%,10.48%,
105/03/16,-260,0,15,-245,3471,1834,183,5488,6.75%,10.67%,
105/03/15,-164,50,-114,-228,3731,1834,168,5733,7.26%,11.15%,
105/03/14,604,20,57,681,4010,1784,282,6076,7.80%,11.81%,
105/03/11,30,-44,-17,-31,3406,1764,225,5395,6.62%,10.48%,
105/03/10,-26,0,-6,-32,3316,1808,242,5366,6.45%,10.43%,
105/03/09,-227,70,-23,-180,3342,1808,248,5398,6.50%,10.49%,
105/03/08,-330,150,-82,-262,3587,1738,271,5596,6.98%,10.88%,
105/03/07,755,45,141,941,3917,1588,353,5858,7.62%,11.39%,
105/03/04,16,0,20,36,3164,1543,212,4919,6.15%,9.56%,
105/03/03,50,0,60,110,3227,1543,192,4962,6.28%,9.65%,
105/03/02,-28,0,-14,-42,3177,1543,132,4852,6.18%,9.43%,
105/03/01,-20,0,38,18,3205,1543,146,4894,6.23%,9.51%,
105/02/26,8,0,-8,0,3225,1543,108,4876,6.27%,9.48%,
105/02/25,-181,-10,-25,-216,3278,1543,116,4937,6.38%,9.60%,
105/02/24,191,0,-202,-11,3459,1553,141,5153,6.73%,10.02%,
105/02/23,919,200,137,1256,3268,1553,343,5164,6.36%,10.04%,
105/02/22,241,0,-13,228,2349,1353,206,3908,4.57%,7.60%,
105/02/19,-49,0,10,-39,2148,1353,219,3720,4.18%,7.23%,
105/02/18,13,100,-14,99,2197,1353,209,3759,4.27%,7.30%,
105/02/17,-33,12,-5,-26,2200,1253,223,3676,4.28%,7.15%,
105/02/16,-72,0,29,-43,2233,1241,228,3702,4.34%,7.19%,
105/02/15,-57,113,47,103,2240,1241,199,3680,4.36%,7.16%,
105/02/03,-68,10,-26,-84,2251,1128,152,3531,4.38%,6.87%,
105/02/02,-98,-11,0,-109,2311,1118,178,3607,4.49%,7.01%,
105/02/01,-51,0,-12,-63,2362,1129,178,3669,4.59%,7.13%,
105/01/30,0,45,14,59,2373,1129,190,3692,4.61%,7.17%,
105/01/29,-34,34,18,18,2373,1084,176,3633,4.61%,7.06%,
105/01/28,-29,-125,61,-93,2407,1050,158,3615,4.68%,7.03%,
105/01/27,-48,-55,-1,-104,2386,1175,97,3658,4.64%,7.11%,
105/01/26,-89,-114,0,-203,2434,1230,98,3762,4.73%,7.31%,
105/01/25,-42,0,1,-41,2473,1344,98,3915,4.81%,7.61%,
105/01/22,-191,0,16,-175,2505,1344,97,3946,4.87%,7.67%,
105/01/21,-60,0,-2,-62,2641,1344,81,4066,5.13%,7.90%,
105/01/20,-114,0,-7,-121,2645,1344,83,4072,5.14%,7.91%,
105/01/19,-143,0,-4,-147,2760,1344,90,4194,5.37%,8.16%,
105/01/18,-89,0,-19,-108,2903,1344,94,4341,5.64%,8.43%,
105/01/15,-10,0,-6,-16,2971,1344,113,4428,5.78%,8.61%,
105/01/14,-65,0,5,-60,2981,1344,119,4444,5.80%,8.64%,
105/01/13,40,0,-4,36,2928,1344,114,4386,5.69%,8.52%,
105/01/12,-152,0,-29,-181,2938,1344,118,4400,5.71%,8.55%,
105/01/11,-117,0,4,-113,2938,1344,147,4429,5.71%,8.61%,
105/01/08,-74,0,16,-58,3055,1344,143,4542,5.94%,8.83%,
105/01/07,33,0,10,43,3054,1344,127,4525,5.94%,8.80%,
105/01/06,93,0,13,106,2991,1344,117,4452,5.82%,8.66%,
105/01/05,-50,0,-5,-55,2898,1344,104,4346,5.64%,8.45%,
105/01/04,-98,0,-108,-206,2933,1344,109,4386,5.70%,8.52%,
104/12/31,-3,0,-2,-5,3008,1344,217,4569,5.85%,8.88%,
104/12/30,-64,0,-2,-66,3001,1506,219,4726,5.84%,9.19%,
104/12/29,-57,0,-1,-58,3045,1506,221,4772,5.92%,9.28%,
104/12/28,-25,0,-2,-27,3182,1506,222,4910,6.19%,9.55%,
104/12/25,11,-118,6,-101,3207,1506,224,4937,6.24%,9.60%,
104/12/24,-19,-354,-4,-377,3196,1624,218,5038,6.22%,9.80%,
104/12/23,-101,0,-6,-107,3196,1978,222,5396,6.22%,10.50%,
104/12/22,-92,-30,-2,-124,3282,1978,228,5488,6.38%,10.67%,
104/12/21,-271,0,2,-269,3305,2008,230,5543,6.43%,10.78%,
104/12/18,-132,0,0,-132,3478,2008,228,5714,6.76%,11.11%,
104/12/17,-137,0,-17,-154,3515,2008,228,5751,6.84%,11.19%,
104/12/16,-65,0,-4,-69,3510,2008,245,5763,6.83%,11.21%,
104/12/15,-76,0,3,-73,3575,2008,249,5832,6.95%,11.34%,
104/12/14,61,0,0,61,3651,2008,246,5905,7.10%,11.48%,
104/12/11,-93,0,4,-89,3590,2008,246,5844,6.98%,11.36%,
104/12/10,89,-180,-16,-107,3683,2008,242,5933,7.16%,11.53%,
104/12/09,-111,0,-16,-127,3594,2188,258,6040,6.99%,11.74%,
104/12/08,-261,0,11,-250,3705,2188,274,6167,7.21%,11.99%,
104/12/07,-31,0,3,-28,4006,2188,263,6457,7.79%,12.55%,
104/12/04,18,0,-40,-22,4037,2188,260,6485,7.85%,12.61%,
104/12/03,-250,-130,-99,-479,4020,2188,300,6508,7.82%,12.66%,
104/12/02,-219,-90,93,-216,4270,2318,399,6987,8.31%,13.59%,
104/12/01,41,-130,103,14,4536,2408,306,7250,8.82%,14.09%,
104/11/30,53,-5,-36,12,4495,2538,203,7236,8.74%,14.07%,
104/11/27,-19,0,-29,-48,4442,2543,239,7224,8.64%,14.05%,
104/11/26,53,-295,-267,-509,4461,2543,268,7272,8.68%,14.14%,
104/11/25,-4,-120,-87,-211,4408,2838,535,7781,8.58%,15.13%,
104/11/24,-54,0,18,-36,4412,2958,622,7992,8.58%,15.54%,
104/11/23,14,0,12,26,4466,2958,604,8028,8.69%,15.61%,
104/11/20,63,0,-1,62,4452,2958,592,8002,8.66%,15.56%,
104/11/19,57,-83,-6,-32,4389,2958,593,7940,8.54%,15.44%,
104/11/18,66,-25,-6,35,4332,3041,599,7972,8.43%,15.50%,
104/11/17,114,0,-7,107,4266,3066,605,7937,8.30%,15.43%,
104/11/16,60,60,30,150,4152,3066,612,7830,8.08%,15.23%,
104/11/13,186,0,-20,166,4092,3006,582,7680,7.96%,14.93%,
104/11/12,32,-58,-36,-62,3906,3006,602,7514,7.60%,14.61%,
104/11/11,30,-479,-314,-763,3916,3064,638,7618,7.62%,14.81%,
104/11/10,-2,0,95,93,3882,3543,952,8377,7.55%,16.29%,
104/11/09,271,90,37,398,3884,3543,857,8284,7.56%,16.11%,
104/11/06,42,-75,36,3,3613,3453,820,7886,7.03%,15.33%,
104/11/05,-4,100,1,97,3571,3528,784,7883,6.95%,15.33%,
104/11/04,47,0,-30,17,3575,3428,783,7786,6.95%,15.13%,
104/11/03,122,-40,-14,68,3610,3428,813,7851,7.02%,15.26%,
104/11/02,50,-60,-9,-19,3488,3468,827,7783,6.78%,15.13%,
104/10/30,47,0,-86,-39,3438,3528,836,7802,6.69%,15.17%,
104/10/29,-20,0,51,31,3391,3528,922,7841,6.60%,15.25%,
104/10/28,-37,0,-20,-57,3411,3528,871,7810,6.63%,15.18%,
104/10/27,-100,0,-86,-186,3448,3528,891,7867,6.71%,15.30%,
104/10/26,118,0,87,205,3548,3528,977,8053,6.90%,15.66%,
104/10/23,-55,0,-28,-83,3430,3528,890,7848,6.67%,15.26%,
104/10/22,-131,45,34,-52,3438,3528,918,7884,6.69%,15.33%,
104/10/21,-7,0,38,31,3569,3483,884,7936,6.94%,15.43%,
104/10/20,-26,45,-18,1,3576,3483,846,7905,6.96%,15.37%,
104/10/19,71,30,166,267,3602,3438,864,7904,7.01%,15.37%,
104/10/16,28,0,-6,22,3531,3408,698,7637,6.87%,14.85%,
104/10/15,-4,0,48,44,3485,3408,704,7597,6.78%,14.77%,
104/10/14,-2,15,-34,-21,3489,3408,656,7553,6.79%,14.69%,
104/10/13,35,0,120,155,3455,3393,690,7538,6.72%,14.66%,
104/10/12,16,0,124,140,3420,3393,570,7383,6.65%,14.35%,
104/10/08,-11,86,151,226,3404,3393,446,7243,6.62%,14.08%,
104/10/07,-17,0,-15,-32,3373,3307,295,6975,6.56%,13.56%,
104/10/06,-50,201,32,183,3390,3307,310,7007,6.59%,13.62%,
104/10/05,-37,135,-118,-20,3440,3106,278,6824,6.69%,13.27%,
104/10/02,-157,425,117,385,3477,2971,396,6844,6.76%,13.30%,
104/10/01,-38,469,-84,347,3594,2546,279,6419,6.99%,12.48%,
104/09/30,12,0,154,166,3632,2077,363,6072,7.07%,11.81%,
104/09/25,7,0,-25,-18,3620,1838,209,5667,7.04%,11.02%,
104/09/24,35,-75,-100,-140,3613,1838,234,5685,7.03%,11.06%,
104/09/23,-155,0,19,-136,3578,1913,334,5825,6.96%,11.33%,
104/09/22,-6,100,182,276,3733,1913,315,5961,7.26%,11.59%,
104/09/21,-11,0,-17,-28,3743,1813,133,5689,7.28%,11.06%,
104/09/18,25,0,48,73,3754,1813,150,5717,7.30%,11.12%,
104/09/17,51,0,0,51,3729,1813,102,5644,7.25%,10.97%,
104/09/16,-40,0,-41,-81,3678,1813,102,5593,7.15%,10.87%,
104/09/15,-47,0,28,-19,3718,1813,143,5674,7.23%,11.03%,
104/09/14,-74,0,-17,-91,3765,1813,115,5693,7.32%,11.07%,
104/09/11,2,-100,-16,-114,3839,1813,132,5784,7.47%,11.25%,
104/09/10,-12,-100,24,-88,3837,1913,148,5898,7.46%,11.47%,
104/09/09,-20,124,17,121,3849,2013,124,5986,7.49%,11.64%,
104/09/08,4,-90,10,-76,3869,1889,107,5865,7.53%,11.41%,
104/09/07,-1,-210,-3,-214,3865,1979,97,5941,7.52%,11.56%,
104/09/04,-62,-20,-5,-87,3866,2189,100,6155,7.52%,11.97%,
104/09/03,-29,-60,12,-77,3928,2209,105,6242,7.64%,12.14%,
104/09/02,15,-85,0,-70,3973,2269,93,6335,7.73%,12.32%,
104/09/01,19,-50,1,-30,3984,2354,93,6431,7.75%,12.51%,
104/08/31,-49,-50,3,-96,3944,2404,92,6440,7.67%,12.52%,
104/08/28,-12,-33,0,-45,3965,2454,89,6508,7.71%,12.65%,
104/08/27,16,-34,-3,-21,3977,2487,89,6553,7.74%,12.75%,
104/08/26,-23,-5,-8,-36,3961,2521,92,6574,7.71%,12.79%,
104/08/25,89,-156,7,-60,3984,2526,100,6610,7.75%,12.86%,
104/08/24,-44,-157,-8,-209,3895,2682,93,6670,7.58%,12.98%,
104/08/21,-25,-42,-46,-113,3939,2839,101,6879,7.66%,13.38%,
104/08/20,60,77,0,137,3964,2881,147,6992,7.71%,13.60%,
104/08/19,-23,-15,0,-38,3904,2804,147,6855,7.59%,13.33%,
104/08/18,4,0,-3,1,3927,2819,147,6893,7.64%,13.41%,
104/08/17,1,25,-4,22,3923,2819,150,6892,7.63%,13.40%,
104/08/14,15,15,0,30,3922,2794,154,6870,7.63%,13.36%,
104/08/13,34,-13,0,21,3907,2779,154,6840,7.60%,13.30%,
104/08/12,37,-62,-5,-30,3873,2792,154,6819,7.53%,13.26%,
104/08/11,-1,0,-26,-27,3836,2854,159,6849,7.46%,13.32%,
104/08/10,76,-40,12,48,3854,2854,185,6893,7.50%,13.41%,
104/08/07,62,-30,-17,15,3778,2894,173,6845,7.35%,13.31%,
104/08/06,89,10,17,116,3716,2924,190,6830,7.23%,13.28%,
104/08/05,86,-237,-111,-262,3627,2914,173,6714,7.05%,13.05%,
104/08/04,191,-39,-176,-24,3541,3151,284,6976,6.89%,13.57%,
104/08/03,-31,0,-10,-41,3360,3190,460,7010,6.54%,13.64%,
104/07/31,-18,0,-8,-26,3349,3190,470,7009,6.51%,13.63%,
104/07/30,-3,0,-25,-28,3367,3190,478,7035,6.55%,13.68%,
104/07/29,16,0,-28,-12,3370,3190,503,7063,6.55%,13.73%,
104/07/28,32,30,-55,7,3354,3190,531,7075,6.52%,13.75%,
104/07/27,252,0,-143,109,3322,3160,586,7068,6.46%,13.74%,
104/07/24,-8,-234,-62,-304,3070,3160,729,6959,5.97%,13.53%,
104/07/23,-37,60,56,79,3078,3394,791,7263,5.99%,14.13%,
104/07/22,-3,84,-11,70,3115,3334,735,7184,6.06%,13.97%,
104/07/21,10,-20,-169,-179,3108,3250,746,7104,6.04%,13.81%,
104/07/20,32,0,-11,21,3098,3270,915,7283,6.03%,14.17%,
104/07/17,-28,-140,-51,-219,3066,3270,926,7262,5.96%,14.12%,
104/07/16,4,0,-15,-11,3094,3410,977,7481,6.02%,14.55%,
104/07/15,-6,-24,-5,-35,3090,3410,992,7492,6.01%,14.57%,
104/07/14,64,0,9,73,3096,3434,997,7527,6.02%,14.64%,
104/07/13,-24,0,-34,-58,3032,3434,988,7454,5.90%,14.50%,
104/07/09,16,0,-180,-164,3056,3434,1022,7512,5.94%,14.60%,
104/07/08,33,0,-37,-4,3040,3434,1202,7676,5.91%,14.93%,
104/07/07,-61,0,46,-15,3007,3434,1239,7680,5.85%,14.95%,
104/07/06,-99,0,0,-99,3068,3434,1193,7695,5.97%,14.98%,
104/07/03,-40,0,20,-20,3167,3434,1193,7794,6.16%,15.17%,
104/07/02,13,40,78,131,3207,3434,1173,7814,6.24%,15.21%,
104/07/01,-51,0,35,-16,3194,3394,1095,7683,6.21%,14.95%,
104/06/30,8,-38,-100,-130,3245,3394,1060,7699,6.31%,14.98%,
104/06/29,-122,0,-151,-273,3237,4065,1160,8462,6.30%,16.47%,
104/06/26,12,0,39,51,3359,4065,1311,8735,6.53%,16.99%,
104/06/25,1,0,10,11,3347,4065,1272,8684,6.51%,16.90%,
104/06/24,-25,0,-48,-73,3346,4065,1262,8673,6.51%,16.88%,
104/06/23,72,0,-513,-441,3371,4065,1310,8746,6.56%,17.02%,
104/06/22,-98,32,606,540,3299,4065,1823,9187,6.42%,17.88%,
104/06/18,-51,48,46,43,3407,4033,1217,8657,6.63%,16.85%,
104/06/17,-39,0,-11,-50,3458,3985,1171,8614,6.73%,16.77%,
104/06/16,-83,35,-88,-136,3534,3985,1182,8701,6.87%,16.93%,
104/06/15,24,211,-41,194,3617,3950,1270,8837,7.04%,17.20%,
104/06/12,-66,55,100,89,3593,3739,1311,8643,6.99%,16.82%,
104/06/11,98,499,-3,594,3659,3684,1211,8554,7.12%,16.65%,
104/06/10,32,15,-35,12,3561,3185,1214,7960,6.93%,15.49%,
104/06/09,-112,0,-95,-207,3529,3170,1249,7948,6.86%,15.46%,
104/06/08,43,0,220,263,3641,3170,1344,8155,7.08%,15.87%,
104/06/05,38,0,18,56,3588,3170,1124,7882,6.98%,15.34%,
104/06/04,77,0,-217,-140,3550,3170,1106,7826,6.90%,15.22%,
104/06/03,62,-50,-219,-207,3473,3170,1323,7966,6.76%,15.51%,
104/06/02,117,168,-37,248,3411,3220,1542,8173,6.63%,15.90%,
104/06/01,103,-25,2,80,3294,3052,1579,7925,6.41%,15.42%,
104/05/29,108,0,-198,-90,3191,3077,1577,7845,6.21%,15.28%,
104/05/28,128,0,242,370,3083,3077,1775,7935,6.00%,15.45%,
104/05/27,124,0,56,180,2955,3077,1533,7565,5.75%,14.73%,
104/05/26,131,0,-179,-48,2831,3077,1477,7385,5.51%,14.38%,
104/05/25,207,0,-133,74,2744,3077,1656,7477,5.34%,14.56%,
104/05/22,91,38,115,244,2537,3077,1789,7403,4.93%,14.41%,
104/05/21,86,0,-150,-64,2446,3039,1674,7159,4.76%,13.94%,
104/05/20,221,10,586,817,2360,3039,1824,7223,4.59%,14.06%,
104/05/19,36,150,99,285,2149,3029,1238,6416,4.18%,12.49%,
104/05/18,0,0,-41,-41,2113,2879,1139,6131,4.11%,11.94%,
104/05/15,10,84,117,211,2113,2879,1180,6172,4.11%,12.02%,
104/05/14,24,0,1,25,2103,2795,1063,5961,4.09%,11.61%,
104/05/13,51,93,11,155,2079,2795,1062,5936,4.04%,11.55%,
104/05/12,-3,25,6,28,2028,2702,1051,5781,3.94%,11.25%,
104/05/11,-24,40,40,56,2021,2677,1045,5743,3.93%,11.18%,
104/05/08,167,530,59,756,2045,2637,1005,5687,3.98%,11.08%,
104/05/07,2,178,-78,102,1878,2107,946,4931,3.65%,9.60%,
104/05/06,52,0,15,67,1876,1929,1024,4829,3.65%,9.40%,
104/05/05,22,-40,-123,-141,1824,1929,1009,4762,3.55%,9.27%,
104/05/04,-23,-25,-202,-250,1802,1969,1132,4903,3.50%,9.54%,
104/04/30,41,-45,-39,-43,1825,1994,1334,5153,3.55%,10.07%,
104/04/29,1,55,3,59,1784,2039,1373,5196,3.47%,10.15%,
104/04/28,11,0,-9,2,1783,1984,1370,5137,3.47%,10.04%,
104/04/27,12,0,22,34,1772,1984,1379,5135,3.44%,10.03%,
104/04/24,58,50,42,150,1760,1984,1357,5101,3.42%,9.96%,
104/04/23,23,50,-72,1,1702,1934,1315,4951,3.31%,9.67%,
104/04/22,128,0,85,213,1679,1884,1387,4950,3.26%,9.67%,
104/04/21,-48,0,-115,-163,1551,1884,1302,4737,3.01%,9.25%,
104/04/20,14,0,-11,3,1518,1884,1417,4819,2.95%,9.42%,
104/04/17,45,0,248,293,1504,1884,1428,4816,2.92%,9.41%,
104/04/16,40,0,38,78,1459,1884,1180,4523,2.84%,8.84%,
104/04/15,82,0,-49,33,1419,1884,1142,4445,2.76%,8.69%,
104/04/14,49,0,35,84,1337,1884,1191,4412,2.60%,8.62%,
104/04/13,64,0,-34,30,1288,1884,1156,4328,2.50%,8.45%,
104/04/10,132,0,-88,44,1219,1884,1190,4293,2.39%,8.41%,
104/04/09,92,0,-119,-27,1087,1884,1278,4249,2.13%,8.32%,
104/04/08,48,0,-1,47,995,1884,1397,4276,1.95%,8.38%,
104/04/07,106,0,197,303,947,1884,1398,4229,1.85%,8.28%,
104/04/02,8,0,24,32,841,1884,1201,3926,1.65%,7.69%,
104/04/01,-3,0,-13,-16,833,1884,1177,3894,1.63%,7.63%,
104/03/31,45,0,-86,-41,879,1884,1190,3953,1.72%,7.74%,
104/03/30,99,-10,-35,54,862,1952,1276,4090,1.69%,8.01%,
104/03/27,22,-27,-123,-128,784,1962,1311,4057,1.53%,7.94%,
104/03/26,109,20,-37,92,764,1989,1434,4187,1.49%,8.19%,
104/03/25,-37,20,366,349,655,1969,1471,4095,1.28%,8.02%,
104/03/24,0,0,-30,-30,692,1949,1105,3746,1.35%,7.33%,
104/03/23,0,-211,-402,-613,702,1949,1135,3786,1.37%,7.41%,
104/03/20,-23,0,237,214,702,2160,1537,4399,1.37%,8.61%,
104/03/19,0,0,141,141,725,2160,1300,4185,1.42%,8.20%,
104/03/18,-18,0,63,45,725,2160,1159,4044,1.42%,7.92%,
104/03/17,-5,0,88,83,728,2160,1096,3984,1.42%,7.80%,
104/03/16,0,0,14,14,733,2160,1008,3901,1.43%,7.64%,
104/03/13,-1,0,36,35,733,2160,994,3887,1.43%,7.61%,
104/03/12,1,0,223,224,734,2160,958,3852,1.44%,7.55%,
104/03/11,1,0,15,16,733,2160,735,3628,1.43%,7.10%,
104/03/10,-1,-20,0,-21,732,2160,720,3612,1.43%,7.07%,
104/03/09,0,0,-4,-4,733,2180,720,3633,1.43%,7.11%,
104/03/06,0,-50,-46,-96,733,2180,724,3637,1.43%,7.12%,
104/03/05,0,-223,317,94,737,2230,770,3737,1.44%,7.32%,
104/03/04,-3,-30,196,163,737,2453,453,3643,1.44%,7.13%,
104/03/03,1,0,-2,-1,740,2483,257,3480,1.45%,6.82%,
104/03/02,2,0,-30,-28,739,2483,259,3481,1.45%,6.82%,
104/02/26,-3,-145,19,-129,786,2483,289,3558,1.54%,6.97%,
104/02/25,-19,-81,18,-82,789,2628,270,3687,1.54%,7.22%,
104/02/24,-13,0,121,108,796,2709,252,3757,1.56%,7.36%,
104/02/13,-11,0,-1,-12,809,2709,131,3649,1.58%,7.14%,
104/02/12,0,0,6,6,907,2709,132,3748,1.77%,7.33%,
104/02/11,1,0,-20,-19,907,2709,126,3742,1.77%,7.32%,
104/02/10,0,0,43,43,906,2709,146,3761,1.77%,7.36%,
104/02/09,8,0,0,8,906,2709,103,3718,1.77%,7.28%,
104/02/06,-19,0,-16,-35,898,2709,103,3710,1.76%,7.27%,
104/02/05,16,0,-3,13,907,2709,119,3735,1.77%,7.31%,
104/02/04,12,0,2,14,891,2709,122,3722,1.74%,7.29%,
104/02/03,16,-30,-47,-61,838,2709,120,3667,1.64%,7.18%,
104/02/02,-2,-25,-6,-33,822,2739,167,3728,1.61%,7.30%,
104/01/30,0,-20,-7,-27,824,2764,173,3761,1.61%,7.37%,
104/01/29,-11,0,2,-9,824,2784,180,3788,1.61%,7.42%,
104/01/28,-13,0,-47,-60,835,2784,178,3797,1.63%,7.44%,
104/01/27,-16,0,83,67,835,2784,225,3844,1.63%,7.53%,
104/01/26,4,-29,-1,-26,841,2784,142,3767,1.65%,7.38%,
104/01/23,-15,-55,6,-64,837,2813,143,3793,1.64%,7.43%,
104/01/22,7,-35,-18,-46,950,2868,137,3955,1.86%,7.75%,
104/01/21,1,-60,-19,-78,906,2903,155,3964,1.77%,7.76%,
104/01/20,12,-60,4,-44,905,2963,174,4042,1.77%,7.92%,
104/01/19,-2,0,2,0,893,3023,170,4086,1.75%,8.01%,
104/01/16,-5,0,3,-2,895,3023,168,4086,1.75%,8.00%,
104/01/15,2,-30,-9,-37,900,3023,165,4088,1.76%,8.01%,
104/01/14,2,-30,-2,-30,879,3053,174,4106,1.72%,8.04%,
104/01/13,-21,-30,2,-49,877,3083,176,4136,1.72%,8.11%,
104/01/12,-13,-100,-2,-115,898,3113,174,4185,1.76%,8.20%,
104/01/09,-12,-20,-1,-33,911,3213,176,4300,1.78%,8.42%,
104/01/08,10,-20,-6,-16,923,3233,177,4333,1.81%,8.49%,
104/01/07,1,0,-29,-28,913,3253,183,4349,1.79%,8.52%,
104/01/06,1,-30,-2,-31,912,3253,212,4377,1.78%,8.57%,
104/01/05,-1,-20,-8,-29,911,3283,214,4408,1.78%,8.63%,
