日期,外資買賣超,投信買賣超,自營商買賣超,單日合計買賣超,外資估計持股,投信估計持股,自營商估計持股,單日合計估計持股,外資持股比重,三大法人持股比重,
107/03/31,-50,125,-416,-341,24330,17365,2393,44088,15.50%,28.09%,
107/03/30,1502,188,-86,1604,24380,17240,2809,44429,15.53%,28.30%,
107/03/29,-54,435,75,456,22878,17052,2895,42825,14.57%,27.28%,
107/03/28,-545,1165,-214,406,22931,16617,2820,42368,14.61%,26.99%,
107/03/27,-482,330,437,285,23477,15452,3034,41963,14.95%,26.73%,
107/03/26,-762,458,-371,-675,23959,15122,2597,41678,15.26%,26.55%,
107/03/23,488,-103,-513,-128,24721,14664,2968,42353,15.75%,26.98%,
107/03/22,-799,518,-185,-466,24348,14767,3481,42596,15.51%,27.14%,
107/03/21,-834,1249,64,479,24803,14249,3666,42718,15.80%,27.21%,
107/03/20,-1,923,80,1002,25637,13000,3602,42239,16.33%,26.91%,
107/03/19,780,225,399,1404,25675,12077,3522,41274,16.35%,26.29%,
107/03/16,365,51,61,477,24895,11852,3123,39870,15.86%,25.40%,
107/03/15,-480,34,-174,-620,24530,11801,3062,39393,15.62%,25.09%,
107/03/14,216,1429,549,2194,25009,11767,3236,40012,15.93%,25.49%,
107/03/13,20,673,85,778,24784,10338,2687,37809,15.79%,24.09%,
107/03/12,-497,245,-187,-439,24754,9665,2602,37021,15.77%,23.59%,
107/03/09,-249,695,221,667,25251,9420,2789,37460,16.08%,23.86%,
107/03/08,-445,138,66,-241,25489,8725,2568,36782,16.24%,23.44%,
107/03/07,-539,224,-69,-384,25934,8587,2502,37023,16.52%,23.59%,
107/03/06,773,221,613,1607,26499,8363,2571,37433,16.88%,23.85%,
107/03/05,-352,265,-18,-105,25734,8142,1958,35834,16.39%,22.83%,
107/03/02,-1696,325,412,-959,26094,7877,1976,35947,16.62%,22.90%,
107/03/01,627,0,206,833,27772,7552,1564,36888,17.69%,23.50%,
107/02/27,-81,2,65,-14,27145,7552,1358,36055,17.29%,22.97%,
107/02/26,353,-454,-735,-836,27267,7550,1293,36110,17.37%,23.00%,
107/02/23,-1820,-396,-135,-2351,26864,8004,2028,36896,17.11%,23.50%,
107/02/22,-8,-1099,-489,-1596,28674,8400,2163,39237,18.26%,24.99%,
107/02/21,221,-796,43,-532,28882,9499,2652,41033,18.40%,26.14%,
107/02/12,-553,-245,-105,-903,28431,10295,2609,41335,18.11%,26.33%,
107/02/09,667,-157,-197,313,29008,10540,2714,42262,18.48%,26.92%,
107/02/08,-357,-92,16,-433,28341,10697,2911,41949,18.05%,26.72%,
107/02/07,643,-56,132,719,28748,10789,2895,42432,18.31%,27.03%,
107/02/06,-464,-364,-338,-1166,28105,10845,2763,41713,17.90%,26.57%,
107/02/05,1141,-184,-323,634,28569,11209,3101,42879,18.20%,27.32%,
107/02/02,198,17,-207,8,27408,11393,3424,42225,17.46%,26.90%,
107/02/01,-151,-98,-217,-466,27210,11376,3631,42217,17.33%,26.89%,
107/01/31,1225,61,43,1329,27361,11474,3848,42683,17.43%,27.19%,
107/01/30,-324,-111,-116,-551,26216,11413,3805,41434,16.70%,26.40%,
107/01/29,1856,-496,170,1530,26540,11524,3921,41985,16.90%,26.74%,
107/01/26,-1618,-1176,-658,-3452,24674,12020,3751,40445,15.72%,25.77%,
107/01/25,-422,303,83,-36,26292,13196,4409,43897,16.75%,27.97%,
107/01/24,-22,15,-90,-97,26714,12893,4326,43933,17.02%,27.99%,
107/01/23,2,85,-65,22,26735,12878,4416,44029,17.03%,28.05%,
107/01/22,281,80,878,1239,26882,12793,4481,44156,17.12%,28.13%,
107/01/19,-376,25,742,391,26601,12713,3603,42917,16.94%,27.34%,
107/01/18,-375,79,357,61,27093,12688,2861,42642,17.26%,27.17%,
107/01/17,639,-237,-424,-22,27468,12609,2504,42581,17.50%,27.13%,
107/01/16,-170,-559,287,-442,26967,12846,2928,42741,17.18%,27.23%,
107/01/15,720,-60,-63,597,27133,13405,2641,43179,17.28%,27.50%,
107/01/12,-2650,20,-28,-2658,26413,13465,2704,42582,16.82%,27.12%,
107/01/11,1803,10,685,2498,29063,13445,2732,45240,18.51%,28.82%,
107/01/10,-872,-41,-315,-1228,27250,13435,2047,42732,17.36%,27.22%,
107/01/09,-1719,733,9,-977,28160,13476,2362,43998,17.94%,28.03%,
107/01/08,-284,684,76,476,29749,12743,2353,44845,18.95%,28.57%,
107/01/05,662,303,259,1224,30350,12059,2277,44686,19.33%,28.46%,
107/01/04,-1376,517,-63,-922,29802,11756,2018,43576,18.98%,27.76%,
107/01/03,378,536,187,1101,31156,11239,2081,44476,19.85%,28.34%,
107/01/02,1257,88,163,1508,30778,10703,1894,43375,19.60%,27.63%,
106/12/29,-746,306,65,-375,29521,10615,1731,41867,18.80%,26.67%,
106/12/28,-446,692,-8,238,30205,11552,1666,43423,19.24%,27.66%,
106/12/27,-732,549,197,14,30585,10860,1674,43119,19.48%,27.47%,
106/12/26,651,-220,82,513,31317,10311,1477,43105,19.95%,27.46%,
106/12/25,-151,7,-231,-375,30666,10531,1395,42592,19.53%,27.13%,
106/12/22,-253,1170,-341,576,30812,10524,1626,42962,19.63%,27.37%,
106/12/21,-940,657,75,-208,31120,9354,1967,42441,19.82%,27.03%,
106/12/20,1509,270,214,1993,32021,8697,1892,42610,20.40%,27.15%,
106/12/19,978,1656,-90,2544,30507,8427,1678,40612,19.43%,25.87%,
106/12/18,755,344,259,1358,29524,6771,1768,38063,18.81%,24.25%,
106/12/15,416,400,75,891,28719,6427,1509,36655,18.29%,23.35%,
106/12/14,-626,327,-125,-424,28296,6027,1434,35757,18.02%,22.77%,
106/12/13,832,51,124,1007,28806,5700,1559,36065,18.35%,22.98%,
106/12/12,-338,5,-76,-409,27969,5649,1435,35053,17.82%,22.33%,
106/12/11,-1403,352,217,-834,28202,5644,1511,35357,17.96%,22.52%,
106/12/08,812,130,346,1288,29296,5292,1294,35882,18.66%,22.86%,
106/12/07,498,-140,-79,279,28484,5162,948,34594,18.14%,22.03%,
106/12/06,699,-60,-27,612,27926,5302,1027,34255,17.79%,21.82%,
106/12/05,673,-266,-133,274,27227,5362,1054,33643,17.34%,21.43%,
106/12/04,-183,-100,-107,-390,26555,5628,1187,33370,16.91%,21.25%,
106/12/01,-1472,215,-248,-1505,26748,5728,1294,33770,17.04%,21.51%,
106/11/30,-39,1223,396,1580,28080,5513,1542,35135,17.89%,22.39%,
106/11/29,454,1480,-25,1909,28119,4290,1146,33555,17.91%,21.37%,
106/11/28,-414,195,199,-20,27665,2810,1171,31646,17.62%,20.16%,
106/11/27,721,259,-27,953,28079,2615,972,31666,17.89%,20.18%,
106/11/24,609,0,8,617,27358,2356,999,30713,17.43%,19.57%,
106/11/23,-358,43,238,-77,26749,2356,991,30096,17.04%,19.17%,
106/11/22,623,108,-31,700,27087,2313,753,30153,17.25%,19.20%,
106/11/21,419,227,-188,458,26464,2205,784,29453,16.86%,18.76%,
106/11/20,1190,1004,-141,2053,26045,1978,972,28995,16.59%,18.47%,
106/11/17,1190,15,-95,1110,24855,974,1113,26942,15.83%,17.16%,
106/11/16,505,350,342,1197,23665,959,1208,25832,15.07%,16.45%,
106/11/15,102,45,-1,146,23150,609,866,24625,14.74%,15.68%,
106/11/14,303,0,-26,277,23048,564,867,24479,14.68%,15.59%,
106/11/13,-10,0,-127,-137,22744,564,893,24201,14.49%,15.42%,
106/11/10,158,0,9,167,22754,564,1020,24338,14.49%,15.50%,
106/11/09,8,0,-25,-17,22596,564,1011,24171,14.39%,15.39%,
106/11/08,71,-72,218,217,22589,564,1036,24189,14.39%,15.41%,
106/11/07,144,0,84,228,22518,636,818,23972,14.34%,15.27%,
106/11/06,79,0,10,89,22374,636,734,23744,14.25%,15.12%,
106/11/03,-68,0,-78,-146,22295,636,724,23655,14.20%,15.07%,
106/11/02,-236,0,-12,-248,22363,636,802,23801,14.24%,15.16%,
106/11/01,173,0,109,282,22599,636,814,24049,14.39%,15.31%,
106/10/31,-241,-150,-32,-423,22376,636,705,23717,14.25%,15.10%,
106/10/30,-201,0,-66,-267,22617,786,737,24140,14.41%,15.38%,
106/10/27,0,0,0,0,22818,786,803,24407,14.53%,15.24%,
106/10/26,0,0,0,0,22818,786,803,24407,14.53%,15.24%,
106/10/25,0,0,0,0,33173,786,803,34762,14.79%,15.50%,
106/10/24,0,0,0,0,33173,786,803,34762,14.79%,15.50%,
106/10/23,0,0,0,0,33173,786,803,34762,14.79%,15.50%,
106/10/20,0,0,0,0,33173,786,803,34762,14.79%,15.50%,
106/10/19,0,0,0,0,33173,786,803,34762,14.79%,15.50%,
106/10/18,-152,72,-17,-97,33173,786,803,34762,14.79%,15.50%,
106/10/17,-49,0,-58,-107,33325,714,820,34859,14.86%,15.54%,
106/10/16,339,0,217,556,33374,714,878,34966,14.88%,15.59%,
106/10/13,338,0,-26,312,33036,714,661,34411,14.73%,15.34%,
106/10/12,-139,0,-21,-160,32858,714,687,34259,14.65%,15.27%,
106/10/11,424,0,249,673,33067,714,708,34489,14.74%,15.37%,
106/10/06,132,0,26,158,32643,714,459,33816,14.55%,15.07%,
106/10/05,258,2,-30,230,32593,714,433,33740,14.53%,15.04%,
106/10/03,169,5,-11,163,32335,712,463,33510,14.42%,14.94%,
106/10/02,64,0,10,74,32166,707,474,33347,14.34%,14.87%,
106/09/30,0,0,17,17,32102,707,464,33273,14.31%,14.83%,
106/09/29,265,0,40,305,32102,403,447,32952,14.31%,14.69%,
106/09/28,97,0,10,107,31837,403,407,32647,14.19%,14.55%,
106/09/27,158,0,-4,154,31740,403,397,32540,14.15%,14.51%,
106/09/26,37,0,-31,6,31582,403,401,32386,14.08%,14.44%,
106/09/25,61,0,-76,-15,31475,403,432,32310,14.03%,14.40%,
106/09/22,-97,0,-13,-110,31414,403,508,32325,14.01%,14.42%,
106/09/21,70,0,61,131,31511,403,521,32435,14.05%,14.46%,
106/09/20,-225,0,-24,-249,31441,403,460,32304,14.02%,14.40%,
106/09/19,-20,0,127,107,31666,403,484,32553,14.12%,14.52%,
106/09/18,1316,14,55,1385,31604,403,357,32364,14.09%,14.43%,
106/09/15,146,54,3,203,30288,389,302,30979,13.50%,13.81%,
106/09/14,118,28,-10,136,30162,335,299,30796,13.45%,13.73%,
106/09/13,105,0,28,133,30044,307,309,30660,13.39%,13.66%,
106/09/12,-32,0,-21,-53,29939,307,281,30527,13.35%,13.61%,
106/09/11,-174,0,14,-160,29951,307,302,30560,13.35%,13.62%,
106/09/08,348,0,120,468,30125,307,288,30720,13.43%,13.70%,
106/09/07,60,0,-11,49,29777,307,168,30252,13.28%,13.49%,
106/09/06,209,0,-99,110,29717,307,179,30203,13.25%,13.47%,
106/09/05,-85,0,-14,-99,29520,307,278,30105,13.16%,13.42%,
106/09/04,36,0,180,216,29627,307,292,30226,13.21%,13.48%,
106/09/01,78,0,-1,77,29591,307,112,30010,13.19%,13.38%,
106/08/31,252,0,-2,250,29513,307,113,29933,13.16%,13.35%,
106/08/30,19,0,-27,-8,29261,307,115,29683,13.05%,13.24%,
106/08/29,-16,0,75,59,29242,307,142,29691,13.04%,13.24%,
106/08/28,-10,0,0,-10,29258,307,67,29632,13.04%,13.21%,
106/08/25,-6,0,0,-6,29268,307,67,29642,13.05%,13.22%,
106/08/24,-3,0,0,-3,29274,307,67,29648,13.05%,13.22%,
106/08/23,-6,0,-1,-7,29277,307,67,29651,13.05%,13.22%,
106/08/22,40,0,0,40,29283,307,68,29658,13.06%,13.23%,
106/08/21,48,0,-6,42,29243,307,68,29618,13.04%,13.21%,
106/08/18,21,0,0,21,29195,307,74,29576,13.02%,13.19%,
106/08/17,39,0,-6,33,29174,307,74,29555,13.01%,13.18%,
106/08/16,-11,0,0,-11,29135,307,80,29522,12.99%,13.16%,
106/08/15,-48,0,-2,-50,29146,307,80,29533,12.99%,13.16%,
106/08/14,-218,0,-19,-237,29194,307,82,29583,13.02%,13.19%,
106/08/11,-41,0,0,-41,29412,307,101,29820,13.11%,13.29%,
106/08/10,117,0,-7,110,29453,307,101,29861,13.13%,13.31%,
106/08/09,60,0,-1,59,29332,307,108,29747,13.08%,13.27%,
106/08/08,49,0,-3,46,29267,307,109,29683,13.05%,13.24%,
106/08/07,72,0,-4,68,29218,307,112,29637,13.03%,13.22%,
106/08/04,86,0,13,99,29146,307,116,29569,12.99%,13.18%,
106/08/03,117,0,-1,116,29060,307,103,29470,12.96%,13.14%,
106/08/02,212,0,0,212,28943,307,104,29354,12.90%,13.08%,
106/08/01,43,0,-1,42,28707,307,104,29118,12.80%,12.98%,
106/07/31,-34,0,0,-34,28663,307,105,29075,12.78%,12.96%,
106/07/28,26,0,0,26,28697,307,105,29109,12.79%,12.97%,
106/07/27,89,0,0,89,28671,307,105,29083,12.78%,12.96%,
106/07/26,-91,0,-1,-92,28582,307,105,28994,12.74%,12.92%,
106/07/25,-1,0,-6,-7,28673,307,106,29086,12.78%,12.96%,
106/07/24,-18,0,1,-17,28674,307,112,29093,12.78%,12.97%,
106/07/21,-45,0,3,-42,28692,307,111,29110,12.79%,12.98%,
106/07/20,21,0,2,23,28737,307,108,29152,12.81%,13.00%,
106/07/19,-15,0,6,-9,28716,307,106,29129,12.80%,12.98%,
106/07/18,8,-150,0,-142,28731,307,100,29138,12.81%,12.99%,
106/07/17,-59,-100,-2,-161,28563,457,100,29120,12.73%,12.98%,
106/07/14,-80,-100,-2,-182,28622,557,102,29281,12.76%,13.05%,
106/07/13,85,-50,-7,28,29415,657,104,30176,13.11%,13.45%,
106/07/12,75,0,-16,59,29340,707,111,30158,13.08%,13.44%,
106/07/11,4,0,-64,-60,29265,707,127,30099,13.05%,13.42%,
106/07/10,-91,0,-1,-92,29261,707,191,30159,13.05%,13.45%,
106/07/07,-22,0,-18,-40,29352,707,192,30251,13.09%,13.49%,
106/07/06,-19,0,0,-19,29434,707,210,30351,13.12%,13.53%,
106/07/05,-27,0,0,-27,29453,707,210,30370,13.13%,13.54%,
106/07/04,10,0,-6,4,29480,707,210,30397,13.14%,13.55%,
106/07/03,-9,0,0,-9,29470,707,216,30393,13.14%,13.55%,
106/06/30,260,-52,0,208,29479,707,216,30402,13.14%,13.55%,
106/06/29,90,-30,0,60,29219,1157,216,30592,13.03%,13.64%,
106/06/28,48,0,1,49,29129,1187,216,30532,12.99%,13.62%,
106/06/27,76,0,-6,70,29081,1187,215,30483,12.96%,13.59%,
106/06/26,111,0,2,113,29005,1187,221,30413,12.93%,13.56%,
106/06/23,58,0,0,58,28894,1187,219,30300,12.88%,13.51%,
106/06/22,65,0,0,65,28836,1187,219,30242,12.86%,13.49%,
106/06/21,-42,0,7,-35,28771,1187,219,30177,12.83%,13.46%,
106/06/20,-15,120,10,115,28803,1187,212,30202,12.84%,13.46%,
106/06/19,18,0,0,18,28818,1067,202,30087,12.85%,13.42%,
106/06/16,-90,0,0,-90,28960,1067,202,30229,12.91%,13.48%,
106/06/15,12,0,4,16,29050,1067,202,30319,12.95%,13.52%,
106/06/14,-63,0,0,-63,29038,1067,198,30303,12.95%,13.51%,
106/06/13,4,0,0,4,29101,1067,198,30366,12.97%,13.53%,
106/06/12,-46,0,0,-46,29097,1067,198,30362,12.97%,13.53%,
106/06/09,42,0,0,42,29143,1067,198,30408,12.99%,13.55%,
106/06/08,139,0,0,139,29242,1067,198,30507,13.04%,13.60%,
106/06/07,-1,0,-2,-3,29103,1067,198,30368,12.97%,13.53%,
106/06/06,20,0,0,20,29104,1067,200,30371,12.98%,13.55%,
106/06/05,393,0,-2,391,29084,1067,200,30351,12.97%,13.54%,
106/06/03,0,0,0,0,28691,1067,202,29960,12.79%,13.36%,
106/06/02,128,0,0,128,28691,1067,202,29960,12.79%,13.36%,
106/06/01,30,0,0,30,28563,1067,202,29832,12.73%,13.30%,
106/05/31,307,0,0,307,28533,1067,202,29802,12.72%,13.29%,
106/05/26,129,0,3,132,28236,1067,202,29505,12.59%,13.16%,
106/05/25,30,0,0,30,26589,1067,199,27855,11.85%,12.41%,
106/05/24,199,0,-1,198,26559,1067,199,27825,11.84%,12.40%,
106/05/23,84,0,0,84,26360,1067,200,27627,11.75%,12.32%,
106/05/22,132,0,0,132,26276,1067,200,27543,11.71%,12.28%,
106/05/19,127,0,0,127,26144,1067,200,27411,11.66%,12.23%,
106/05/18,258,0,0,258,26017,1067,200,27284,11.60%,12.17%,
106/05/17,-193,0,-2,-195,25759,1067,200,27026,11.48%,12.05%,
106/05/16,-39,0,1,-38,25712,1067,202,26981,11.46%,12.03%,
106/05/15,-40,0,-5,-45,25732,1067,201,27000,11.47%,12.04%,
106/05/12,50,0,0,50,25762,1067,206,27035,11.48%,12.05%,
106/05/11,1,0,0,1,25712,1067,206,26985,11.46%,12.03%,
106/05/10,97,-100,0,-3,25501,1067,206,26774,11.37%,11.94%,
106/05/09,-22,-100,-1,-123,25404,1167,206,26777,11.33%,11.94%,
106/05/08,57,-100,0,-43,25396,1267,207,26870,11.32%,11.98%,
106/05/05,-89,-100,3,-186,25339,1367,207,26913,11.30%,12.00%,
106/05/04,-64,-60,0,-124,25428,1467,204,27099,11.34%,12.09%,
106/05/03,37,-60,1,-22,25292,1527,204,27023,11.28%,12.05%,
106/05/02,110,-50,-41,19,25255,1587,203,27045,11.26%,12.06%,
106/04/28,-151,0,0,-151,25145,1637,244,27026,11.21%,12.05%,
106/04/27,55,0,45,100,25295,1637,244,27176,11.28%,12.12%,
106/04/26,303,0,1,304,25240,1637,199,27076,11.25%,12.07%,
106/04/25,350,0,14,364,24937,1637,198,26772,11.12%,11.94%,
106/04/24,-51,0,126,75,24587,1637,184,26408,10.96%,11.77%,
106/04/21,-80,0,0,-80,24589,1637,58,26284,10.96%,11.72%,
106/04/20,-11,0,-6,-17,24669,1637,58,26364,11.00%,11.76%,
106/04/19,-28,0,-2,-30,24680,1637,64,26381,11.00%,11.76%,
106/04/18,41,0,0,41,24708,1637,66,26411,11.01%,11.77%,
106/04/17,-16,0,1,-15,24667,1637,66,26370,11.00%,11.76%,
106/04/14,-8,0,0,-8,24683,1637,65,26385,11.00%,11.76%,
106/04/13,0,0,0,0,24691,1637,65,26393,11.01%,11.77%,
106/04/12,82,0,0,82,24691,1637,65,26393,11.01%,11.77%,
106/04/11,2,0,0,2,24609,1637,65,26311,10.97%,11.73%,
106/04/10,-42,65,-1,22,24607,1637,65,26309,10.97%,11.73%,
106/04/07,-78,0,0,-78,24649,1572,66,26287,10.99%,11.72%,
106/04/06,23,0,1,24,24727,1572,66,26365,11.02%,11.75%,
106/04/05,-31,0,0,-31,24704,1572,65,26341,11.01%,11.74%,
106/03/31,-41,0,0,-41,24735,1572,65,26372,11.03%,11.76%,
106/03/30,-61,0,0,-61,24776,1576,65,26417,11.05%,11.78%,
106/03/29,-60,0,0,-60,24837,1576,65,26478,11.07%,11.80%,
106/03/28,-38,0,-1,-39,24897,1576,65,26538,11.10%,11.83%,
106/03/27,24,-2,1,23,24932,1576,66,26574,11.11%,11.84%,
106/03/24,15,0,0,15,24908,1578,65,26551,11.10%,11.83%,
106/03/23,22,0,0,22,24893,1578,65,26536,11.10%,11.83%,
106/03/22,90,0,1,91,24871,1578,65,26514,11.09%,11.82%,
106/03/21,412,0,3,415,24781,1578,64,26423,11.05%,11.78%,
106/03/20,17,0,0,17,24569,1578,61,26208,10.95%,11.68%,
106/03/17,-248,0,-50,-298,24552,1578,61,26191,10.95%,11.68%,
106/03/16,0,0,50,50,24800,1578,111,26489,11.06%,11.81%,
106/03/15,-53,0,1,-52,24800,1578,61,26439,11.06%,11.79%,
106/03/14,3,0,0,3,24853,1578,60,26491,11.08%,11.81%,
106/03/13,1,0,0,1,24850,1578,60,26488,11.08%,11.81%,
106/03/10,-12,0,1,-11,24850,1578,60,26488,11.08%,11.81%,
106/03/09,4,0,0,4,24854,1578,59,26491,11.08%,11.81%,
106/03/08,15,0,0,15,24850,1578,59,26487,11.08%,11.81%,
106/03/07,69,0,0,69,24835,1578,59,26472,11.07%,11.80%,
106/03/06,28,0,0,28,24766,1578,59,26403,11.04%,11.77%,
106/03/03,-27,0,0,-27,24565,1578,59,26202,10.95%,11.68%,
106/03/02,51,0,0,51,24592,1578,59,26229,10.96%,11.69%,
106/03/01,32,0,0,32,24541,1578,59,26178,10.94%,11.67%,
106/02/24,100,0,0,100,24509,1578,59,26146,10.93%,11.66%,
106/02/23,28,0,1,29,24409,1578,59,26046,10.88%,11.61%,
106/02/22,26,0,1,27,24381,1578,58,26017,10.87%,11.60%,
106/02/21,31,0,3,34,24355,1578,57,25990,10.86%,11.59%,
106/02/20,27,0,-1,26,24324,1578,54,25956,10.84%,11.57%,
106/02/18,0,0,0,0,24356,1578,55,25989,10.86%,11.59%,
106/02/17,18,0,0,18,24356,1578,55,25989,10.86%,11.59%,
106/02/16,1,0,0,1,24348,1578,55,25981,10.85%,11.58%,
106/02/15,58,0,3,61,24347,1578,55,25980,10.85%,11.58%,
106/02/14,39,0,0,39,24289,1578,52,25919,10.83%,11.56%,
106/02/13,69,0,0,69,24250,1578,52,25880,10.81%,11.54%,
106/02/10,26,0,0,26,24181,1578,52,25811,10.78%,11.51%,
106/02/09,9,0,0,9,24155,1578,52,25785,10.77%,11.50%,
106/02/08,-18,0,-3,-21,24146,1578,52,25776,10.76%,11.49%,
106/02/07,15,0,0,15,24164,1578,55,25797,10.77%,11.50%,
106/02/06,15,0,-7,8,24149,1578,55,25782,10.77%,11.50%,
106/02/03,25,0,0,25,24133,1578,62,25773,10.76%,11.49%,
106/02/02,142,0,0,142,24108,1578,62,25748,10.75%,11.48%,
106/01/24,13,0,0,13,23966,1578,62,25606,10.68%,11.41%,
106/01/23,2,0,0,2,23953,1578,62,25593,10.68%,11.41%,
106/01/20,-1,0,-1,-2,23951,1578,62,25591,10.68%,11.41%,
106/01/19,4,-25,-1,-22,23952,1578,63,25593,10.68%,11.41%,
106/01/18,19,0,-4,15,23949,1603,64,25616,10.68%,11.42%,
106/01/17,28,0,0,28,23930,1603,68,25601,10.67%,11.42%,
106/01/16,-7,0,0,-7,23902,1603,68,25573,10.66%,11.41%,
106/01/13,8,0,0,8,23909,1603,68,25580,10.66%,11.41%,
106/01/12,48,0,0,48,23901,1603,68,25572,10.65%,11.40%,
106/01/11,0,0,0,0,23853,1603,68,25524,10.63%,11.38%,
106/01/10,-30,0,0,-30,23853,1603,68,25524,10.63%,11.38%,
106/01/09,-4,0,0,-4,23883,1603,68,25554,10.65%,11.40%,
106/01/06,-12,0,0,-12,23887,1603,68,25558,10.65%,11.40%,
106/01/05,-2,0,0,-2,23899,1603,68,25570,10.65%,11.40%,
106/01/04,-76,0,0,-76,23901,1603,68,25572,10.65%,11.40%,
106/01/03,42,0,0,42,23977,1603,68,25648,10.69%,11.44%,
105/12/30,30,0,0,30,23935,1603,68,25606,10.67%,11.42%,
105/12/29,4,0,0,4,23905,1603,68,25576,10.66%,11.41%,
105/12/28,13,0,0,13,23901,1603,68,25572,10.65%,11.40%,
105/12/27,0,0,0,0,23888,1603,68,25559,10.65%,11.40%,
105/12/26,4,0,0,4,23888,1603,68,25559,10.65%,11.40%,
105/12/23,0,0,0,0,23884,1603,68,25555,10.65%,11.40%,
105/12/22,8,0,10,18,23884,1603,68,25555,10.65%,11.40%,
105/12/21,0,0,7,7,23876,1603,58,25537,10.64%,11.38%,
105/12/20,8,0,5,13,23876,1603,51,25530,10.64%,11.38%,
105/12/19,-8,0,4,-4,23868,1603,46,25517,10.64%,11.38%,
105/12/16,213,0,4,217,23876,1603,42,25521,10.64%,11.37%,
105/12/15,49,0,0,49,23663,1603,38,25304,10.55%,11.28%,
105/12/14,-15,0,0,-15,23614,1603,38,25255,10.53%,11.26%,
105/12/13,-57,0,0,-57,23629,1603,38,25270,10.53%,11.26%,
105/12/12,8,0,7,15,23686,1603,38,25327,10.56%,11.29%,
105/12/09,10,0,0,10,23678,1603,31,25312,10.56%,11.29%,
105/12/08,90,0,1,91,23668,1603,31,25302,10.55%,11.28%,
105/12/07,69,0,3,72,23578,1603,30,25211,10.51%,11.24%,
105/12/06,-8,0,2,-6,23509,1603,27,25139,10.48%,11.21%,
105/12/05,-24,0,-2,-26,23517,1603,25,25145,10.48%,11.21%,
105/12/02,1,0,0,1,23541,1603,27,25171,10.49%,11.22%,
105/12/01,-10,0,0,-10,23540,1603,27,25170,10.49%,11.22%,
105/11/30,77,0,0,77,23550,1603,27,25180,10.50%,11.23%,
105/11/29,28,-25,0,3,23463,1603,27,25093,10.46%,11.19%,
105/11/28,-52,-22,2,-72,23435,1628,27,25090,10.45%,11.19%,
105/11/25,-62,0,0,-62,23487,1650,25,25162,10.47%,11.22%,
105/11/24,-20,0,0,-20,23549,1650,25,25224,10.50%,11.25%,
105/11/23,-7,-13,0,-20,23569,1650,25,25244,10.51%,11.26%,
105/11/22,-26,0,1,-25,23576,1663,25,25264,10.51%,11.26%,
105/11/21,22,0,0,22,23602,1663,24,25289,10.52%,11.27%,
105/11/18,5,0,0,5,23580,1663,24,25267,10.51%,11.26%,
105/11/17,-5,0,0,-5,23575,1663,24,25262,10.51%,11.26%,
105/11/16,3,0,0,3,23580,1663,24,25267,10.51%,11.26%,
105/11/15,-46,0,0,-46,23577,1663,24,25264,10.51%,11.26%,
105/11/14,-14,-10,0,-24,23623,1663,24,25310,10.53%,11.28%,
105/11/11,-26,0,0,-26,23637,1673,24,25334,10.54%,11.30%,
105/11/10,-3,0,0,-3,23663,1673,24,25360,10.55%,11.31%,
105/11/09,-11,0,-19,-30,23666,1673,24,25363,10.55%,11.31%,
105/11/08,-1,0,0,-1,23677,1673,43,25393,10.55%,11.32%,
105/11/07,-3,-15,5,-13,23678,1673,43,25394,10.56%,11.33%,
105/11/04,1,0,0,1,23681,1688,38,25407,10.56%,11.33%,
105/11/03,0,0,6,6,23679,1688,38,25405,10.56%,11.33%,
105/11/02,0,0,9,9,23679,1688,32,25399,10.56%,11.33%,
105/11/01,0,0,1,1,23679,1688,23,25390,10.56%,11.32%,
105/10/31,5,0,0,5,23679,1688,22,25389,10.56%,11.32%,
105/10/28,0,0,0,0,23674,1688,22,25384,10.55%,11.31%,
105/10/27,-25,0,0,-25,23674,1688,22,25384,10.55%,11.31%,
105/10/26,11,0,0,11,23699,1688,22,25409,10.56%,11.32%,
105/10/25,-21,-20,-1,-42,23688,1688,22,25398,10.56%,11.32%,
105/10/24,-6,-20,0,-26,23719,1708,23,25450,10.57%,11.34%,
105/10/21,-20,0,-3,-23,23725,1728,23,25476,10.58%,11.36%,
105/10/20,-6,0,0,-6,23745,1728,26,25499,10.59%,11.37%,
105/10/19,-20,-30,-2,-52,23791,1728,26,25545,10.61%,11.39%,
105/10/18,6,0,0,6,23811,1758,28,25597,10.61%,11.41%,
105/10/17,9,0,0,9,23795,1758,28,25581,10.61%,11.41%,
105/10/14,-4,0,4,0,23786,1758,28,25572,10.60%,11.40%,
105/10/13,-5,0,0,-5,23750,1758,24,25532,10.59%,11.38%,
105/10/12,6,0,1,7,23555,1758,24,25337,10.50%,11.29%,
105/10/11,9,0,0,9,23549,1758,23,25330,10.50%,11.29%,
105/10/07,-5,0,0,-5,23540,1758,23,25321,10.49%,11.28%,
105/10/06,-3,0,0,-3,23545,1758,23,25326,10.50%,11.29%,
105/10/05,38,0,0,38,23548,1758,23,25329,10.50%,11.29%,
105/10/04,28,0,0,28,23510,1758,23,25291,10.48%,11.27%,
105/10/03,-26,0,0,-26,23482,1758,23,25263,10.47%,11.26%,
105/09/30,-27,0,0,-27,23508,1758,23,25289,10.48%,11.27%,
105/09/29,10,0,0,10,23535,1748,23,25306,10.49%,11.28%,
105/09/26,3,0,0,3,23525,1748,23,25296,10.49%,11.28%,
105/09/23,29,0,0,29,23522,1748,23,25293,10.49%,11.28%,
105/09/22,9,0,0,9,23493,1748,23,25264,10.47%,11.26%,
105/09/21,71,0,-1,70,23484,1748,23,25255,10.47%,11.26%,
105/09/20,10,0,-1,9,23413,1748,24,25185,10.44%,11.23%,
105/09/19,10,0,-1,9,23403,1748,25,25176,10.43%,11.22%,
105/09/14,26,0,0,26,23393,1748,26,25167,10.43%,11.22%,
105/09/13,-16,0,-9,-25,23367,1748,26,25141,10.42%,11.21%,
105/09/12,-22,0,0,-22,23383,1748,35,25166,10.42%,11.22%,
105/09/10,0,0,-3,-3,23405,1748,35,25188,10.43%,11.23%,
105/09/09,-15,0,-4,-19,23405,1748,38,25191,10.43%,11.23%,
105/09/08,-4,0,0,-4,23420,1748,42,25210,10.44%,11.24%,
105/09/07,-14,0,0,-14,23424,1748,42,25214,10.44%,11.24%,
105/09/06,8,0,-4,4,23438,1748,42,25228,10.45%,11.25%,
105/09/05,-46,0,0,-46,23430,1748,46,25224,10.44%,11.24%,
105/09/02,3,0,1,4,23476,1748,46,25270,10.47%,11.27%,
105/09/01,-5,0,0,-5,23473,1748,45,25266,10.46%,11.26%,
105/08/31,1,0,-10,-9,23478,1748,45,25271,10.47%,11.27%,
105/08/30,-11,0,-1,-12,23477,1748,55,25280,10.47%,11.27%,
105/08/29,31,0,-1,30,23488,1748,56,25292,10.47%,11.27%,
105/08/26,-16,0,0,-16,23457,1748,57,25262,10.46%,11.27%,
105/08/25,82,-5,0,77,23473,1748,57,25278,10.46%,11.27%,
105/08/24,-22,0,0,-22,23391,1753,57,25201,10.43%,11.24%,
105/08/23,-12,0,0,-12,23416,1753,57,25226,10.44%,11.25%,
105/08/22,-102,0,-2,-104,23428,1753,57,25238,10.44%,11.25%,
105/08/19,-24,0,0,-24,23330,1753,59,25142,10.40%,11.21%,
105/08/18,-50,0,-2,-52,23354,1753,59,25166,10.41%,11.22%,
105/08/17,-5,0,-2,-7,23404,1753,61,25218,10.43%,11.24%,
105/08/16,-19,0,-2,-21,23409,1753,63,25225,10.44%,11.25%,
105/08/15,26,0,0,26,23428,1753,65,25246,10.44%,11.25%,
105/08/12,20,0,-1,19,23402,1753,65,25220,10.43%,11.24%,
105/08/11,19,0,1,20,23382,1753,66,25201,10.42%,11.23%,
105/08/10,-16,0,0,-16,23363,1753,65,25181,10.41%,11.22%,
105/08/09,18,0,0,18,23379,1753,65,25197,10.42%,11.23%,
105/08/08,30,-4,1,27,23361,1753,65,25179,10.41%,11.22%,
105/08/05,34,0,-4,30,23331,1757,64,25152,10.40%,11.21%,
105/08/04,7,0,-4,3,23297,1757,68,25122,10.39%,11.20%,
105/08/03,43,0,-2,41,23290,1757,72,25119,10.38%,11.20%,
105/08/02,-1,100,0,99,23247,1757,74,25078,10.36%,11.18%,
105/08/01,57,0,0,57,23248,1657,74,24979,10.36%,11.13%,
105/07/29,6,0,0,6,23191,1657,74,24922,10.34%,11.11%,
105/07/28,46,0,0,46,23192,1657,74,24923,10.34%,11.11%,
105/07/27,48,0,0,48,23146,1657,74,24877,10.32%,11.09%,
105/07/26,7,0,0,7,23098,1657,74,24829,10.30%,11.07%,
105/07/25,-4,0,1,-3,23091,1657,74,24822,10.29%,11.06%,
105/07/22,10,0,0,10,23095,1657,73,24825,10.30%,11.07%,
105/07/21,-21,-2,7,-16,23085,1657,73,24815,10.29%,11.06%,
105/07/20,-4,0,3,-1,23106,1659,66,24831,10.30%,11.07%,
105/07/19,18,0,1,19,23110,1659,63,24832,10.30%,11.07%,
105/07/18,-25,0,0,-25,23092,1659,62,24813,10.29%,11.06%,
105/07/15,-62,0,0,-62,23117,1659,62,24838,10.30%,11.07%,
105/07/14,-11,0,0,-11,23179,1659,62,24900,10.33%,11.10%,
105/07/13,-51,0,-1,-52,23190,1659,62,24911,10.34%,11.11%,
105/07/12,-19,0,0,-19,23241,1659,63,24963,10.36%,11.13%,
105/07/11,20,-32,0,-12,23260,1659,63,24982,10.37%,11.14%,
105/07/07,27,-38,0,-11,23240,1691,63,24994,10.36%,11.14%,
105/07/06,-4,0,-2,-6,23213,1729,63,25005,10.35%,11.15%,
105/07/05,5,0,0,5,23217,1729,65,25011,10.35%,11.15%,
105/07/04,-10,0,0,-10,23212,1729,65,25006,10.35%,11.15%,
105/07/01,13,0,0,13,23222,1729,65,25016,10.35%,11.15%,
105/06/30,-79,0,-3,-82,23209,1729,65,25003,10.35%,11.15%,
105/06/29,-2,40,0,38,23288,1722,68,25078,10.38%,11.18%,
105/06/28,-34,0,0,-34,23290,1682,68,25040,10.38%,11.16%,
105/06/27,16,0,-3,13,23324,1682,68,25074,10.40%,11.18%,
105/06/24,-29,0,-8,-37,23308,1682,71,25061,10.39%,11.17%,
105/06/23,6,0,0,6,23337,1682,79,25098,10.40%,11.19%,
105/06/22,-4,0,0,-4,23331,1682,79,25092,10.40%,11.19%,
105/06/21,-14,0,1,-13,23335,1682,79,25096,10.40%,11.19%,
105/06/20,-12,0,6,-6,23349,1682,78,25109,10.41%,11.19%,
105/06/17,-17,0,3,-14,23361,1682,72,25115,10.41%,11.19%,
105/06/16,-18,0,0,-18,23378,1682,69,25129,10.42%,11.20%,
105/06/15,-13,0,-5,-18,23396,1682,69,25147,10.43%,11.21%,
105/06/14,-39,0,0,-39,23409,1682,74,25165,10.44%,11.22%,
105/06/13,-6,0,0,-6,23448,1682,74,25204,10.45%,11.23%,
105/06/08,-11,0,0,-11,23454,1682,74,25210,10.46%,11.24%,
105/06/07,73,0,0,73,23465,1682,74,25221,10.46%,11.24%,
105/06/06,-4,0,0,-4,23392,1682,74,25148,10.43%,11.21%,
105/06/04,0,0,0,0,23395,1682,74,25151,10.43%,11.21%,
105/06/03,-9,0,0,-9,23395,1682,74,25151,10.43%,11.21%,
105/06/02,-20,0,0,-20,23404,1682,74,25160,10.43%,11.21%,
105/06/01,-5,0,0,-5,23424,1682,74,25180,10.44%,11.22%,
105/05/31,-131,40,1,-90,23429,1682,74,25185,10.44%,11.22%,
105/05/30,-10,0,0,-10,23560,1642,73,25275,10.50%,11.26%,
105/05/27,-10,0,0,-10,23598,1642,73,25313,10.52%,11.28%,
105/05/26,-5,0,0,-5,23608,1642,73,25323,10.52%,11.28%,
105/05/25,18,0,0,18,23613,1642,73,25328,10.53%,11.29%,
105/05/24,-6,0,0,-6,23595,1642,73,25310,10.52%,11.28%,
105/05/23,51,0,0,51,23601,1642,73,25316,10.52%,11.28%,
105/05/20,2,0,0,2,23522,1642,73,25237,10.49%,11.25%,
105/05/19,5,0,0,5,23520,1642,73,25235,10.48%,11.24%,
105/05/18,-17,0,0,-17,23515,1642,73,25230,10.48%,11.24%,
105/05/17,13,0,0,13,23532,1642,73,25247,10.49%,11.25%,
105/05/16,-10,0,0,-10,23502,1642,73,25217,10.48%,11.24%,
105/05/13,-12,0,0,-12,23512,1642,73,25227,10.48%,11.24%,
105/05/12,-15,0,0,-15,23524,1642,73,25239,10.49%,11.25%,
105/05/11,-41,0,-1,-42,23539,1642,73,25254,10.49%,11.25%,
105/05/10,8,0,0,8,23580,1642,74,25296,10.51%,11.28%,
105/05/09,16,0,0,16,23572,1642,74,25288,10.51%,11.28%,
105/05/06,-37,0,0,-37,23556,1642,74,25272,10.50%,11.27%,
105/05/05,8,0,0,8,23593,1642,74,25309,10.52%,11.29%,
105/05/04,3,0,0,3,23585,1642,74,25301,10.51%,11.28%,
105/05/03,-33,-21,0,-54,23582,1642,74,25298,10.51%,11.28%,
105/04/29,-50,0,0,-50,23615,1663,74,25352,10.53%,11.30%,
105/04/28,5,0,0,5,23665,1663,74,25402,10.55%,11.32%,
105/04/27,-40,0,0,-40,23660,1663,74,25397,10.55%,11.32%,
105/04/26,9,0,0,9,23690,1663,74,25427,10.56%,11.33%,
105/04/25,-40,0,0,-40,23681,1663,74,25418,10.56%,11.33%,
105/04/22,-29,0,0,-29,23721,1663,74,25458,10.57%,11.34%,
105/04/21,-9,0,0,-9,23750,1663,74,25487,10.59%,11.36%,
105/04/20,-42,0,0,-42,23759,1663,74,25496,10.59%,11.36%,
105/04/19,-13,0,0,-13,23801,1663,74,25538,10.61%,11.38%,
105/04/18,-5,0,0,-5,23814,1663,74,25551,10.62%,11.39%,
105/04/15,-52,-8,0,-60,23819,1663,74,25556,10.62%,11.39%,
105/04/14,-7,-8,0,-15,23871,1671,74,25616,10.64%,11.42%,
105/04/13,-9,0,0,-9,23878,1679,74,25631,10.64%,11.42%,
105/04/12,-85,0,0,-85,23887,1679,74,25640,10.65%,11.43%,
105/04/11,-26,0,0,-26,23972,1679,74,25725,10.69%,11.47%,
105/04/08,-18,0,0,-18,23998,1679,74,25751,10.70%,11.48%,
105/04/07,-50,40,0,-10,24016,1679,74,25769,10.71%,11.49%,
105/04/06,-2,-30,-3,-35,24066,1639,74,25779,10.73%,11.49%,
105/04/01,-96,21,1,-74,24068,1669,77,25814,10.73%,11.51%,
105/03/31,7,0,3,10,24164,1648,76,25888,10.77%,11.54%,
105/03/30,9,0,-1,8,24157,1647,73,25877,10.77%,11.54%,
105/03/29,5,0,0,5,24148,1647,74,25869,10.77%,11.54%,
105/03/28,-20,0,0,-20,24143,1647,74,25864,10.76%,11.53%,
105/03/25,-1,0,0,-1,24163,1647,74,25884,10.77%,11.54%,
105/03/24,-124,0,0,-124,24164,1647,74,25885,10.77%,11.54%,
105/03/23,2,0,0,2,24288,1647,74,26009,10.83%,11.60%,
105/03/22,3,0,0,3,24286,1647,74,26007,10.83%,11.60%,
105/03/21,-4,0,0,-4,24284,1647,74,26005,10.83%,11.60%,
105/03/18,-28,0,0,-28,24288,1647,74,26009,10.83%,11.60%,
105/03/17,-17,0,0,-17,24316,1647,74,26037,10.84%,11.61%,
105/03/16,56,0,0,56,24333,1647,74,26054,10.85%,11.62%,
105/03/15,10,0,0,10,24277,1647,74,25998,10.82%,11.59%,
105/03/14,38,0,0,38,24267,1647,74,25988,10.82%,11.59%,
105/03/11,22,0,0,22,24228,1647,74,25949,10.80%,11.57%,
105/03/10,71,0,0,71,24206,1647,74,25927,10.79%,11.56%,
105/03/09,-1,0,0,-1,24135,1647,74,25856,10.76%,11.53%,
105/03/08,-25,0,0,-25,24136,1647,74,25857,10.76%,11.53%,
105/03/07,16,0,0,16,24206,1647,74,25927,10.79%,11.56%,
105/03/04,85,15,0,100,24190,1647,74,25911,10.78%,11.55%,
105/03/03,38,16,0,54,24105,1632,74,25811,10.75%,11.51%,
105/03/02,19,-1,0,18,24067,1616,74,25757,10.73%,11.48%,
105/03/01,69,0,0,69,24048,1617,74,25739,10.72%,11.47%,
105/02/26,19,0,0,19,23979,1617,74,25670,10.69%,11.44%,
105/02/25,35,0,0,35,23960,1617,74,25651,10.68%,11.43%,
105/02/24,13,0,0,13,23925,1617,74,25616,10.67%,11.42%,
105/02/23,17,0,0,17,23912,1617,74,25603,10.66%,11.41%,
105/02/22,32,0,0,32,23895,1617,74,25586,10.65%,11.40%,
105/02/19,59,7,0,66,23863,1617,74,25554,10.64%,11.39%,
105/02/18,-8,0,0,-8,23804,1610,74,25488,10.61%,11.36%,
105/02/17,16,0,0,16,23812,1610,74,25496,10.62%,11.37%,
105/02/16,41,0,0,41,23796,1610,74,25480,10.61%,11.36%,
105/02/15,6,-19,0,-13,23755,1610,74,25439,10.59%,11.34%,
105/02/03,38,-19,-1,18,23749,1629,74,25452,10.59%,11.35%,
105/02/02,5,0,0,5,23711,1648,75,25434,10.57%,11.34%,
105/02/01,1,0,0,1,23706,1648,75,25429,10.57%,11.34%,
105/01/30,0,1,0,1,23705,1648,75,25428,10.57%,11.34%,
105/01/29,12,0,0,12,23705,1647,75,25427,10.57%,11.34%,
105/01/28,-8,0,0,-8,23693,1647,75,25415,10.56%,11.33%,
105/01/27,4,0,0,4,23701,1647,75,25423,10.57%,11.34%,
105/01/26,-23,0,0,-23,23697,1647,75,25419,10.56%,11.33%,
105/01/25,-1,0,1,0,23720,1647,75,25442,10.57%,11.34%,
105/01/22,-17,0,0,-17,23721,1647,74,25442,10.57%,11.34%,
105/01/21,31,0,-1,30,23738,1647,74,25459,10.58%,11.35%,
105/01/20,-10,-1,-1,-12,23707,1647,75,25429,10.57%,11.34%,
105/01/19,4,-1,0,3,23717,1648,76,25441,10.57%,11.34%,
105/01/18,41,0,2,43,23713,1649,76,25438,10.57%,11.34%,
105/01/15,-14,0,1,-13,23672,1649,74,25395,10.55%,11.32%,
105/01/14,-45,0,0,-45,23686,1649,73,25408,10.56%,11.33%,
105/01/13,41,0,-2,39,23731,1649,73,25453,10.58%,11.35%,
105/01/12,-3,0,0,-3,23690,1649,75,25414,10.56%,11.33%,
105/01/11,36,0,2,38,23693,1649,75,25417,10.56%,11.33%,
105/01/08,25,0,0,25,23657,1649,73,25379,10.55%,11.32%,
105/01/07,42,0,0,42,23632,1649,73,25354,10.53%,11.30%,
105/01/06,94,17,0,111,23546,1649,73,25268,10.50%,11.27%,
105/01/05,21,18,0,39,23452,1632,73,25157,10.45%,11.21%,
105/01/04,22,0,0,22,23431,1614,73,25118,10.45%,11.20%,
104/12/31,-4,0,0,-4,23409,1614,73,25096,10.44%,11.19%,
104/12/30,23,0,0,23,23413,1608,73,25094,10.44%,11.19%,
104/12/29,-13,-7,-2,-22,23390,1608,73,25071,10.43%,11.18%,
104/12/28,-2,-6,0,-8,23403,1615,75,25093,10.43%,11.18%,
104/12/25,16,0,1,17,23405,1621,75,25101,10.43%,11.19%,
104/12/24,0,0,-1,-1,23389,1621,74,25084,10.43%,11.19%,
104/12/23,13,0,0,13,23389,1621,75,25085,10.43%,11.19%,
104/12/22,8,3,0,11,23376,1621,75,25072,10.42%,11.18%,
104/12/21,27,0,0,27,23368,1618,75,25061,10.42%,11.18%,
104/12/18,-93,0,1,-92,23341,1618,75,25034,10.41%,11.17%,
104/12/17,24,0,0,24,23437,1618,74,25129,10.45%,11.20%,
104/12/16,32,0,0,32,23413,1618,74,25105,10.44%,11.19%,
104/12/15,9,0,0,9,23381,1618,74,25073,10.42%,11.17%,
104/12/14,35,0,1,36,23384,1618,74,25076,10.42%,11.17%,
104/12/11,9,0,0,9,23349,1618,73,25040,10.41%,11.16%,
104/12/10,-27,0,1,-26,23340,1618,73,25031,10.40%,11.15%,
104/12/09,4,0,0,4,23367,1618,72,25057,10.42%,11.17%,
104/12/08,21,0,0,21,23363,1618,72,25053,10.41%,11.16%,
104/12/07,5,0,0,5,23342,1618,72,25032,10.41%,11.16%,
104/12/04,2,0,0,2,23337,1618,72,25027,10.40%,11.15%,
104/12/03,15,0,-1,14,23335,1618,72,25025,10.40%,11.15%,
104/12/02,-22,0,1,-21,23322,1618,73,25013,10.40%,11.15%,
104/12/01,-5,-12,0,-17,23344,1618,72,25034,10.41%,11.16%,
104/11/30,-67,0,0,-67,23349,1630,72,25051,10.41%,11.17%,
104/11/27,5,0,0,5,23416,1630,72,25118,10.44%,11.20%,
104/11/26,26,0,0,26,23411,1630,72,25113,10.44%,11.20%,
104/11/25,9,0,0,9,23385,1630,72,25087,10.42%,11.18%,
104/11/24,-2,0,0,-2,23376,1630,72,25078,10.42%,11.18%,
104/11/23,18,0,0,18,23378,1630,72,25080,10.42%,11.18%,
104/11/20,29,0,0,29,23360,1630,72,25062,10.41%,11.17%,
104/11/19,34,0,-1,33,23331,1630,72,25033,10.40%,11.16%,
104/11/18,-5,0,0,-5,23297,1630,73,25000,10.39%,11.15%,
104/11/17,36,0,0,36,23302,1630,73,25005,10.39%,11.15%,
104/11/16,10,0,0,10,23266,1630,73,24969,10.37%,11.13%,
104/11/13,-34,0,0,-34,23256,1630,73,24959,10.37%,11.13%,
104/11/12,-1,0,0,-1,23288,1630,73,24991,10.38%,11.14%,
104/11/11,-49,0,0,-49,23289,1630,73,24992,10.38%,11.14%,
104/11/10,-37,39,0,2,23338,1630,73,25041,10.40%,11.16%,
104/11/09,-12,53,0,41,23375,1591,73,25039,10.42%,11.16%,
104/11/06,5,0,0,5,23387,1538,73,24998,10.43%,11.15%,
104/11/05,42,0,0,42,23383,1538,73,24994,10.42%,11.14%,
104/11/04,100,2,1,103,23341,1538,73,24952,10.41%,11.13%,
104/11/03,20,0,0,20,23241,1536,72,24849,10.36%,11.08%,
104/11/02,-15,0,0,-15,23221,1536,72,24829,10.35%,11.07%,
104/10/30,3,0,0,3,23236,1536,72,24844,10.36%,11.08%,
104/10/29,-34,0,0,-34,23233,1536,72,24841,10.36%,11.08%,
104/10/28,-27,0,0,-27,23267,1536,72,24875,10.37%,11.09%,
104/10/27,-61,0,0,-61,23294,1536,72,24902,10.38%,11.10%,
104/10/26,-3,0,0,-3,23355,1536,72,24963,10.41%,11.13%,
104/10/23,-52,0,0,-52,23358,1536,72,24966,10.41%,11.13%,
104/10/22,-32,0,0,-32,23410,1536,72,25018,10.44%,11.16%,
104/10/21,-5,0,0,-5,23442,1536,72,25050,10.45%,11.17%,
104/10/20,-44,0,0,-44,23447,1536,72,25055,10.45%,11.17%,
104/10/19,-19,0,0,-19,23491,1536,72,25099,10.47%,11.19%,
104/10/16,50,0,0,50,23510,1536,72,25118,10.48%,11.20%,
104/10/15,10,0,0,10,23460,1536,72,25068,10.46%,11.18%,
104/10/14,-7,0,0,-7,23450,1536,72,25058,10.45%,11.17%,
104/10/13,45,0,0,45,23457,1536,72,25065,10.46%,11.18%,
104/10/12,23,0,0,23,23412,1536,72,25020,10.44%,11.16%,
104/10/08,7,0,0,7,23389,1536,72,24997,10.43%,11.15%,
104/10/07,4,0,0,4,23382,1536,72,24990,10.42%,11.14%,
104/10/06,2,0,-1,1,23378,1536,72,24986,10.42%,11.14%,
104/10/05,-1,1,0,0,23376,1536,72,24984,10.42%,11.14%,
104/10/02,-6,2,0,-4,23377,1535,72,24984,10.42%,11.14%,
104/10/01,5,0,0,5,23383,1533,72,24988,10.42%,11.14%,
104/09/30,-6,0,0,-6,23378,1533,72,24983,10.42%,11.14%,
104/09/25,-39,0,0,-39,23384,1538,72,24994,10.42%,11.14%,
104/09/24,-22,0,0,-22,23423,1538,72,25033,10.44%,11.16%,
104/09/23,-23,0,0,-23,23445,1538,72,25055,10.45%,11.17%,
104/09/22,-26,0,-1,-27,23468,1538,72,25078,10.46%,11.18%,
104/09/21,-1,1,0,0,23494,1538,73,25105,10.47%,11.19%,
104/09/18,-7,0,0,-7,23495,1537,73,25105,10.47%,11.19%,
104/09/17,13,0,0,13,23502,1537,73,25112,10.48%,11.20%,
104/09/16,-53,0,1,-52,23489,1537,73,25099,10.47%,11.19%,
104/09/15,-51,0,0,-51,23532,1537,72,25141,10.49%,11.21%,
104/09/14,-40,0,0,-40,23583,1537,72,25192,10.51%,11.23%,
104/09/11,-6,0,-7,-13,23623,1537,72,25232,10.53%,11.25%,
104/09/10,-14,0,0,-14,23623,1537,79,25239,10.53%,11.25%,
104/09/09,33,0,0,33,23637,1537,79,25253,10.54%,11.26%,
104/09/08,-2,0,-1,-3,23604,1537,79,25220,10.52%,11.24%,
104/09/07,4,0,0,4,23606,1537,80,25223,10.52%,11.24%,
104/09/04,-84,1,0,-83,23602,1537,80,25219,10.52%,11.24%,
104/09/03,-22,0,0,-22,23686,1536,80,25302,10.56%,11.28%,
104/09/02,-37,0,0,-37,23708,1536,80,25324,10.57%,11.29%,
104/09/01,-27,-2,0,-29,23745,1536,80,25361,10.59%,11.31%,
104/08/31,-42,-1,0,-43,23772,1538,80,25390,10.60%,11.32%,
104/08/28,-23,0,0,-23,23814,1539,80,25433,10.62%,11.34%,
104/08/27,2,-28,-8,-34,23837,1539,80,25456,10.63%,11.35%,
104/08/26,11,-77,-3,-69,23835,1567,88,25490,10.63%,11.37%,
104/08/25,-17,-130,-2,-149,23824,1644,91,25559,10.62%,11.39%,
104/08/24,4,-292,-5,-293,23841,1774,93,25708,10.63%,11.46%,
104/08/21,-16,-181,-4,-201,23837,2066,98,26001,10.63%,11.60%,
104/08/20,-27,-127,-9,-163,23853,2247,102,26202,10.63%,11.68%,
104/08/19,-44,-105,-6,-155,23880,2374,111,26365,10.65%,11.76%,
104/08/18,-50,0,0,-50,23924,2479,117,26520,10.67%,11.83%,
104/08/17,-33,0,2,-31,23974,2479,117,26570,10.69%,11.85%,
104/08/14,-22,0,-2,-24,24007,2479,115,26601,10.70%,11.86%,
104/08/13,23,0,0,23,24029,2479,117,26625,10.71%,11.87%,
104/08/12,-14,-2,9,-7,24006,2479,117,26602,10.70%,11.86%,
104/08/11,-93,-56,-19,-168,24020,2481,108,26609,10.71%,11.87%,
104/08/10,16,-64,6,-42,24113,2537,127,26777,10.75%,11.94%,
104/08/07,54,-8,0,46,24097,2601,121,26819,10.74%,11.96%,
104/08/06,2,-22,0,-20,24043,2609,121,26773,10.72%,11.94%,
104/08/05,25,-10,7,22,24041,2631,121,26793,10.72%,11.95%,
104/08/04,-37,-20,14,-43,24016,2641,114,26771,10.71%,11.94%,
104/08/03,-33,0,-7,-40,24053,2661,100,26814,10.72%,11.95%,
104/07/31,-24,0,-10,-34,24086,2661,107,26854,10.74%,11.98%,
104/07/30,43,0,-2,41,24110,2661,117,26888,10.75%,11.99%,
104/07/29,36,0,-1,35,24067,2661,119,26847,10.73%,11.97%,
104/07/28,16,1,13,30,24031,2661,120,26812,10.71%,11.95%,
104/07/27,17,0,20,37,24015,2660,107,26782,10.71%,11.95%,
104/07/24,-2,0,1,-1,23998,2660,87,26745,10.70%,11.93%,
104/07/23,10,0,2,12,24000,2660,86,26746,10.70%,11.93%,
104/07/22,-21,0,3,-18,23990,2660,84,26734,10.69%,11.92%,
104/07/21,-22,0,0,-22,24011,2660,81,26752,10.70%,11.92%,
104/07/20,-7,0,0,-7,24033,2660,81,26774,10.71%,11.93%,
104/07/17,-38,-2,0,-40,24040,2660,81,26781,10.72%,11.94%,
104/07/16,-30,0,0,-30,24078,2662,81,26821,10.73%,11.95%,
104/07/15,-69,1,-1,-69,24108,2662,81,26851,10.75%,11.97%,
104/07/14,-11,0,-2,-13,24177,2661,82,26920,10.78%,12.00%,
104/07/13,-25,0,-4,-29,24188,2661,84,26933,10.78%,12.01%,
104/07/09,-24,0,5,-19,24213,2661,88,26962,10.79%,12.02%,
104/07/08,-10,0,2,-8,24237,2661,83,26981,10.80%,12.03%,
104/07/07,-45,0,0,-45,24247,2661,81,26989,10.81%,12.03%,
104/07/06,-56,0,0,-56,24292,2661,81,27034,10.83%,12.05%,
104/07/03,-45,0,0,-45,24348,2661,81,27090,10.85%,12.07%,
104/07/02,-33,0,0,-33,24393,2661,81,27135,10.87%,12.09%,
104/07/01,-4,0,0,-4,24426,2661,81,27168,10.89%,12.11%,
104/06/30,-5,0,-2,-7,24430,2661,81,27172,10.89%,12.11%,
104/06/29,-32,0,0,-32,24435,2654,83,27172,10.89%,12.11%,
104/06/26,-21,0,0,-21,24467,2654,83,27204,10.91%,12.13%,
104/06/25,15,0,3,18,24488,2654,83,27225,10.92%,12.14%,
104/06/24,3,0,0,3,24473,2654,80,27207,10.91%,12.13%,
104/06/23,-42,0,0,-42,24470,2654,80,27204,10.91%,12.13%,
104/06/22,-42,-9,0,-51,24512,2654,80,27246,10.93%,12.15%,
104/06/18,-12,0,0,-12,24554,2663,80,27297,10.95%,12.17%,
104/06/17,-101,0,0,-101,24566,2663,80,27309,10.95%,12.17%,
104/06/16,-84,0,0,-84,24667,2663,80,27410,11.00%,12.22%,
104/06/15,-29,0,0,-29,24751,2663,80,27494,11.03%,12.25%,
104/06/12,-4,0,0,-4,24780,2663,80,27523,11.05%,12.27%,
104/06/11,-35,0,0,-35,24784,2663,80,27527,11.05%,12.27%,
104/06/10,10,0,0,10,24819,2663,80,27562,11.06%,12.28%,
104/06/09,4,-50,0,-46,24809,2663,80,27552,11.06%,12.28%,
104/06/08,-43,0,0,-43,24805,2713,80,27598,11.06%,12.31%,
104/06/05,-32,2,0,-30,24848,2713,80,27641,11.08%,12.33%,
104/06/04,-16,0,-1,-17,24880,2711,80,27671,11.09%,12.34%,
104/06/03,-14,0,0,-14,24896,2711,81,27688,11.10%,12.35%,
104/06/02,-30,0,-1,-31,24910,2711,81,27702,11.10%,12.35%,
104/06/01,-41,0,0,-41,24940,2711,82,27733,11.12%,12.37%,
104/05/29,-103,0,0,-103,24981,2711,82,27774,11.14%,12.39%,
104/05/28,-32,11,-1,-22,25084,2711,82,27877,11.18%,12.43%,
104/05/27,30,0,0,30,25116,2700,83,27899,11.20%,12.44%,
104/05/26,7,0,0,7,25086,2700,83,27869,11.18%,12.42%,
104/05/25,-42,0,3,-39,25079,2700,83,27862,11.18%,12.42%,
104/05/22,-1,0,-2,-3,25121,2700,80,27901,11.20%,12.44%,
104/05/21,-56,0,-10,-66,25122,2700,82,27904,11.20%,12.44%,
104/05/20,-50,0,-1,-51,25178,2700,92,27970,11.22%,12.47%,
104/05/19,-16,0,-4,-20,25228,2700,93,28021,11.25%,12.50%,
104/05/18,-6,0,0,-6,25244,2700,97,28041,11.25%,12.50%,
104/05/15,-2,0,-3,-5,25892,2700,97,28689,11.58%,12.83%,
104/05/14,47,0,-3,44,25894,2700,100,28694,11.58%,12.83%,
104/05/13,-13,0,-1,-14,25847,2700,103,28650,11.56%,12.81%,
104/05/12,-48,0,1,-47,25860,2700,104,28664,11.56%,12.81%,
104/05/11,94,0,2,96,25909,2700,103,28712,11.58%,12.83%,
104/05/08,-14,0,0,-14,25815,2700,101,28616,11.54%,12.79%,
104/05/07,-70,0,0,-70,25829,2700,101,28630,11.55%,12.80%,
104/05/06,1,0,1,2,25899,2700,101,28700,11.58%,12.83%,
104/05/05,-3,0,0,-3,25898,2700,100,28698,11.58%,12.83%,
104/05/04,-10,0,0,-10,25901,2700,100,28701,11.58%,12.83%,
104/04/30,64,0,0,64,25911,2700,100,28711,11.59%,12.84%,
104/04/29,69,-1,7,75,25847,2700,100,28647,11.56%,12.81%,
104/04/28,16,0,1,17,25778,2701,93,28572,11.53%,12.78%,
104/04/27,53,0,0,53,25762,2701,92,28555,11.52%,12.77%,
104/04/24,67,0,9,76,25709,2701,92,28502,11.50%,12.75%,
104/04/23,14,-50,-1,-37,25642,2701,83,28426,11.47%,12.72%,
104/04/22,-22,0,0,-22,25628,2751,84,28463,11.46%,12.73%,
104/04/21,-17,0,7,-10,25650,2751,84,28485,11.47%,12.74%,
104/04/20,-102,0,12,-90,25667,2751,77,28495,11.48%,12.75%,
104/04/17,38,0,-1,37,25769,2751,65,28585,11.52%,12.78%,
104/04/16,-64,0,-14,-78,25731,2751,66,28548,11.51%,12.77%,
104/04/15,-176,-5,10,-171,25795,2751,80,28626,11.53%,12.80%,
104/04/14,-86,0,0,-86,25971,2756,70,28797,11.61%,12.87%,
104/04/13,40,0,5,45,26057,2756,70,28883,11.65%,12.91%,
104/04/10,-14,0,5,-9,26017,2756,65,28838,11.63%,12.89%,
104/04/09,-62,0,50,-12,26031,2756,60,28847,11.64%,12.90%,
104/04/08,-44,0,10,-34,26093,2756,10,28859,11.67%,12.91%,
104/04/07,1,0,0,1,26137,2756,0,28893,11.69%,12.92%,
104/04/02,1,0,-23,-22,26136,2756,0,28892,11.69%,12.92%,
104/04/01,-38,-50,9,-79,26135,2756,9,28900,11.69%,12.93%,
104/03/31,-51,0,-33,-84,26173,2806,0,28979,11.70%,12.96%,
104/03/30,-23,0,-4,-27,26224,2771,0,28995,11.73%,12.97%,
104/03/27,61,0,-39,22,26247,2771,0,29018,11.74%,12.98%,
104/03/26,79,0,-45,34,26186,2771,0,28957,11.71%,12.95%,
104/03/25,-5,0,-74,-79,26107,2771,21,28899,11.67%,12.92%,
104/03/24,115,0,-34,81,26112,2771,95,28978,11.68%,12.96%,
104/03/23,143,0,-18,125,25997,2771,129,28897,11.62%,12.92%,
104/03/20,-60,-9,1,-68,25854,2771,147,28772,11.56%,12.87%,
104/03/19,9,0,-61,-52,25914,2780,146,28840,11.59%,12.90%,
104/03/18,31,0,-13,18,25905,2780,207,28892,11.58%,12.92%,
104/03/17,58,0,-4,54,25874,2780,220,28874,11.57%,12.91%,
104/03/16,28,150,-9,169,25816,2780,224,28820,11.54%,12.88%,
104/03/13,13,0,-20,-7,25788,2630,233,28651,11.53%,12.81%,
104/03/12,127,0,-16,111,25775,2630,253,28658,11.52%,12.81%,
104/03/11,-42,0,8,-34,25648,2630,269,28547,11.47%,12.77%,
104/03/10,103,0,-1,102,25690,2630,261,28581,11.49%,12.78%,
104/03/09,87,0,-45,42,25587,2630,262,28479,11.44%,12.73%,
104/03/06,68,-1,-1,66,25500,2630,307,28437,11.40%,12.71%,
104/03/05,16,0,-53,-37,25432,2631,308,28371,11.37%,12.68%,
104/03/04,58,2,-26,34,25416,2631,361,28408,11.36%,12.70%,
104/03/03,43,0,0,43,25358,2629,387,28374,11.34%,12.69%,
104/03/02,-15,0,-10,-25,25315,2629,387,28331,11.32%,12.67%,
104/02/26,84,0,-29,55,25330,2629,397,28356,11.33%,12.68%,
104/02/25,4,-10,-7,-13,25246,2629,426,28301,11.29%,12.66%,
104/02/24,-214,0,0,-214,25242,2639,433,28314,11.29%,12.66%,
104/02/13,20,0,-2,18,25456,2639,433,28528,11.38%,12.75%,
104/02/12,23,-70,5,-42,25436,2639,435,28510,11.37%,12.75%,
104/02/11,2,0,0,2,25413,2709,430,28552,11.36%,12.76%,
104/02/10,-32,0,13,-19,25411,2709,430,28550,11.36%,12.76%,
104/02/09,-19,0,1,-18,25443,2709,417,28569,11.38%,12.78%,
104/02/06,38,0,0,38,25462,2709,416,28587,11.38%,12.78%,
104/02/05,-15,0,0,-15,25424,2709,416,28549,11.37%,12.77%,
104/02/04,-70,0,-7,-77,25439,2709,416,28564,11.37%,12.77%,
104/02/03,-6,0,0,-6,25509,2709,423,28641,11.41%,12.81%,
104/02/02,-17,0,0,-17,25515,2709,423,28647,11.41%,12.81%,
104/01/30,33,-1,0,32,25532,2709,423,28664,11.42%,12.82%,
104/01/29,41,0,3,44,25499,2710,423,28632,11.40%,12.80%,
104/01/28,53,-70,2,-15,25458,2710,420,28588,11.38%,12.78%,
104/01/27,-47,0,-5,-52,25405,2780,418,28603,11.36%,12.79%,
104/01/26,-19,0,5,-14,25452,2780,423,28655,11.38%,12.81%,
104/01/23,6,-50,5,-39,25471,2780,418,28669,11.39%,12.82%,
104/01/22,46,-30,25,41,25465,2830,413,28708,11.39%,12.84%,
104/01/21,12,0,20,32,25419,2860,388,28667,11.37%,12.82%,
104/01/20,17,-60,55,12,25407,2860,368,28635,11.36%,12.80%,
104/01/19,-29,-1,-1,-31,25390,2920,313,28623,11.35%,12.80%,
104/01/16,-44,0,0,-44,25419,2921,314,28654,11.37%,12.82%,
104/01/15,-7,0,-1,-8,25463,2921,314,28698,11.39%,12.84%,
104/01/14,-96,0,1,-95,25470,2921,315,28706,11.39%,12.84%,
104/01/13,12,0,0,12,25566,2921,314,28801,11.43%,12.88%,
104/01/12,-1,0,0,-1,25554,2921,314,28789,11.43%,12.88%,
104/01/09,2,0,1,3,25555,2921,314,28790,11.43%,12.88%,
104/01/08,-20,-40,0,-60,25553,2921,313,28787,11.43%,12.88%,
104/01/07,-20,0,0,-20,25573,2961,313,28847,11.43%,12.89%,
104/01/06,-51,0,0,-51,25593,2961,313,28867,11.44%,12.90%,
104/01/05,-40,0,0,-40,25644,2961,313,28918,11.47%,12.93%,
