日期,外資買賣超,投信買賣超,自營商買賣超,單日合計買賣超,外資估計持股,投信估計持股,自營商估計持股,單日合計估計持股,外資持股比重,三大法人持股比重,
107/03/31,0,15,-6,9,25596,2103,692,28391,50.76%,56.30%,
107/03/30,-69,-1,0,-70,25596,2088,698,28382,50.76%,56.29%,
107/03/29,-111,-7,8,-110,25665,2089,698,28452,50.90%,56.43%,
107/03/28,-137,-65,-13,-215,25773,2096,690,28559,51.12%,56.65%,
107/03/27,-47,-15,-11,-73,25910,2160,703,28773,51.39%,57.07%,
107/03/26,-4,-59,-19,-82,25950,2175,714,28839,51.47%,57.20%,
107/03/23,-252,-32,-17,-301,25954,2234,733,28921,51.47%,57.35%,
107/03/22,-55,-6,-18,-79,26194,2266,750,29210,51.95%,57.93%,
107/03/21,25,35,-5,55,26249,2272,768,29289,52.06%,58.09%,
107/03/20,-76,3,59,-14,26210,2237,773,29220,51.98%,57.95%,
107/03/19,92,-1,1,92,26286,2234,714,29234,52.13%,57.98%,
107/03/16,234,-147,15,102,26194,2235,713,29142,51.95%,57.80%,
107/03/15,25,-20,0,5,25960,2382,698,29040,51.49%,57.60%,
107/03/14,-4,-49,2,-51,25942,2402,698,29042,51.45%,57.60%,
107/03/13,-9,-44,-12,-65,25946,2451,696,29093,51.46%,57.70%,
107/03/12,-30,0,9,-21,25955,2495,708,29158,51.48%,57.83%,
107/03/09,-7,47,-2,38,25985,2495,699,29179,51.54%,57.88%,
107/03/08,-1,-12,17,4,25992,2448,701,29141,51.55%,57.80%,
107/03/07,-20,-9,-2,-31,25993,2460,684,29137,51.55%,57.79%,
107/03/06,-37,29,1,-7,26013,2469,686,29168,51.59%,57.85%,
107/03/05,-105,-53,-16,-174,26049,2440,685,29174,51.66%,57.86%,
107/03/02,-40,2,-11,-49,26183,2493,701,29377,51.93%,58.27%,
107/03/01,-33,-25,-5,-63,26223,2491,712,29426,52.01%,58.36%,
107/02/27,-26,-24,-34,-84,26255,2516,717,29488,52.07%,58.48%,
107/02/26,14,-3,27,38,26295,2540,751,29586,52.15%,58.68%,
107/02/23,29,47,46,122,26281,2543,724,29548,52.12%,58.60%,
107/02/22,-7,-27,-4,-38,26252,2496,678,29426,52.06%,58.36%,
107/02/21,-62,-1,-5,-68,26259,2523,682,29464,52.08%,58.44%,
107/02/12,-139,38,-6,-107,26303,2524,687,29514,52.17%,58.54%,
107/02/09,192,-80,9,121,26420,2486,693,29599,52.40%,58.71%,
107/02/08,-116,-52,-59,-227,26228,2566,684,29478,52.02%,58.47%,
107/02/07,130,64,17,211,26334,2618,743,29695,52.23%,58.90%,
107/02/06,-169,-10,-38,-217,26205,2554,726,29485,51.97%,58.48%,
107/02/05,44,-41,-7,-4,26373,2564,764,29701,52.31%,58.91%,
107/02/02,-4,-9,-3,-16,26329,2605,771,29705,52.22%,58.92%,
107/02/01,-33,-36,20,-49,26333,2614,774,29721,52.23%,58.95%,
107/01/31,4,-29,2,-23,26367,2650,754,29771,52.29%,59.04%,
107/01/30,-12,-37,-4,-53,26363,2679,753,29795,52.29%,59.10%,
107/01/29,-21,-18,-4,-43,26375,2716,757,29848,52.31%,59.20%,
107/01/26,-11,-12,20,-3,26396,2734,761,29891,52.35%,59.28%,
107/01/25,14,-42,-6,-34,26407,2746,741,29894,52.37%,59.29%,
107/01/24,-1,-45,-31,-77,26393,2788,747,29928,52.34%,59.35%,
107/01/23,139,10,-15,134,26394,2833,778,30005,52.35%,59.51%,
107/01/22,23,-14,20,29,26255,2823,793,29871,52.07%,59.24%,
107/01/19,-86,-4,-30,-120,26232,2837,773,29842,52.03%,59.19%,
107/01/18,-47,7,0,-40,26318,2841,803,29962,52.20%,59.43%,
107/01/17,-48,-8,9,-47,26365,2834,803,30002,52.29%,59.50%,
107/01/16,-52,-6,20,-38,26412,2842,794,30048,52.38%,59.59%,
107/01/15,-33,-2,-14,-49,26464,2848,774,30086,52.49%,59.67%,
107/01/12,14,-1,29,42,26497,2850,788,30135,52.55%,59.77%,
107/01/11,-262,-17,-6,-285,26483,2851,759,30093,52.52%,59.68%,
107/01/10,5,-18,5,-8,26745,2868,765,30378,53.04%,60.25%,
107/01/09,63,-112,-6,-55,26740,2886,760,30386,53.03%,60.26%,
107/01/08,-51,25,-40,-66,26677,2998,766,30441,52.91%,60.38%,
107/01/05,-18,-3,68,47,26729,2973,806,30508,53.01%,60.51%,
107/01/04,154,-52,3,105,26747,2976,738,30461,53.05%,60.42%,
107/01/03,90,-4,-21,65,26593,3028,735,30356,52.74%,60.20%,
107/01/02,16,-24,19,11,26503,3032,756,30291,52.56%,60.07%,
106/12/29,50,21,-40,31,26487,3056,737,30280,52.53%,60.05%,
106/12/28,-10,-24,-69,-103,26437,2815,777,30029,52.43%,59.55%,
106/12/27,54,19,5,78,26447,2839,846,30132,52.45%,59.76%,
106/12/26,-91,11,-2,-82,26393,2820,841,30054,52.34%,59.60%,
106/12/25,-47,1,-1,-47,26484,2809,843,30136,52.52%,59.76%,
106/12/22,-61,-21,-39,-121,26531,2808,844,30183,52.62%,59.86%,
106/12/21,111,40,35,186,26591,2829,883,30303,52.74%,60.10%,
106/12/20,90,178,20,288,26480,2789,848,30117,52.52%,59.73%,
106/12/19,6,7,-11,2,26391,2611,828,29830,52.34%,59.16%,
106/12/18,-79,14,-5,-70,26385,2604,839,29828,52.33%,59.16%,
106/12/15,-39,13,-34,-60,26464,2590,844,29898,52.49%,59.30%,
106/12/14,14,31,-39,6,26503,2577,878,29958,52.56%,59.41%,
106/12/13,77,35,-12,100,26489,2546,917,29952,52.54%,59.41%,
106/12/12,67,39,27,133,26412,2511,929,29852,52.38%,59.20%,
106/12/11,-33,3,17,-13,26345,2472,902,29719,52.25%,58.94%,
106/12/08,16,10,3,29,26378,2469,885,29732,52.32%,58.97%,
106/12/07,-71,77,12,18,26362,2459,882,29703,52.28%,58.91%,
106/12/06,-80,90,-46,-36,26433,2382,870,29685,52.42%,58.87%,
106/12/05,-72,55,25,8,26513,2292,916,29721,52.58%,58.94%,
106/12/04,-134,51,-22,-105,26585,2237,891,29713,52.72%,58.92%,
106/12/01,76,62,26,164,26718,2186,913,29817,52.99%,59.14%,
106/11/30,68,10,-64,14,26642,2124,887,29653,52.84%,58.81%,
106/11/29,86,104,34,224,26574,2114,951,29639,52.70%,58.78%,
106/11/28,30,24,19,73,26488,2010,917,29415,52.53%,58.34%,
106/11/27,10,2,12,24,26458,1986,898,29342,52.47%,58.19%,
106/11/24,14,19,-2,31,26448,1984,886,29318,52.45%,58.14%,
106/11/23,-1,35,-13,21,26434,1965,888,29287,52.43%,58.09%,
106/11/22,13,-84,-9,-80,26434,1930,901,29265,52.43%,58.05%,
106/11/21,-232,58,30,-144,26421,2014,910,29345,52.40%,58.20%,
106/11/20,-48,21,-14,-41,26653,1956,880,29489,52.86%,58.49%,
106/11/17,220,19,8,247,26709,1935,894,29538,52.97%,58.58%,
106/11/16,-27,37,34,44,26489,1916,886,29291,52.54%,58.10%,
106/11/15,-74,93,13,32,26531,1879,852,29262,52.62%,58.04%,
106/11/14,-94,136,-3,39,26605,1786,839,29230,52.77%,57.98%,
106/11/13,-28,69,-2,39,26700,1650,842,29192,52.95%,57.89%,
106/11/10,-8,54,-40,6,26728,1581,844,29153,53.01%,57.82%,
106/11/09,115,254,9,378,26736,1527,884,29147,53.03%,57.81%,
106/11/08,49,52,5,106,26618,1273,875,28766,52.79%,57.05%,
106/11/07,56,13,35,104,26560,1221,870,28651,52.68%,56.83%,
106/11/06,-16,19,-8,-5,26493,1208,835,28536,52.54%,56.59%,
106/11/03,143,58,-3,198,26509,1189,843,28541,52.57%,56.60%,
106/11/02,122,18,-4,136,26365,1131,846,28342,52.29%,56.21%,
106/11/01,-39,73,14,48,26243,1113,850,28206,52.05%,55.94%,
106/10/31,-47,78,-75,-44,26282,1040,836,28158,52.13%,55.85%,
106/10/30,-18,95,110,187,26329,962,911,28202,52.22%,55.94%,
106/10/27,15,21,-6,30,26347,867,801,28015,52.25%,55.56%,
106/10/26,48,56,10,114,26332,846,807,27985,52.22%,55.50%,
106/10/25,21,27,-4,44,26285,790,797,27872,52.13%,55.28%,
106/10/24,80,28,-44,64,26263,763,801,27827,52.09%,55.19%,
106/10/23,-8,61,-32,21,26184,735,845,27764,51.93%,55.06%,
106/10/20,-0,44,23,67,26192,674,877,27743,51.95%,55.03%,
106/10/19,213,4,33,250,26187,630,854,27671,51.94%,54.88%,
106/10/18,35,0,9,44,25974,626,821,27421,51.51%,54.38%,
106/10/17,34,2,-24,12,25939,626,812,27377,51.44%,54.29%,
106/10/16,127,2,23,152,25905,624,836,27365,51.38%,54.28%,
106/10/13,-40,-10,34,-16,25778,622,813,27213,51.13%,53.98%,
106/10/12,19,-15,3,7,25817,632,779,27228,51.20%,54.00%,
106/10/11,55,0,0,55,25818,647,776,27241,51.20%,54.02%,
106/10/06,-3,-6,5,-4,25763,647,776,27186,51.10%,53.92%,
106/10/05,42,-10,1,33,25766,653,771,27190,51.10%,53.92%,
106/10/03,33,-58,2,-23,25724,663,770,27157,51.02%,53.86%,
106/10/02,6,-12,-5,-11,25677,721,768,27166,50.92%,53.87%,
106/09/30,7,1,-1,7,25671,733,773,27177,50.91%,53.90%,
106/09/29,-7,1,-8,-14,25664,795,774,27233,50.90%,54.01%,
106/09/28,71,7,-6,72,25666,794,782,27242,50.90%,54.03%,
106/09/27,-7,26,-15,4,25595,787,788,27170,50.76%,53.88%,
106/09/26,-58,6,20,-32,25602,761,803,27166,50.77%,53.87%,
106/09/25,23,2,-15,10,25660,755,783,27198,50.89%,53.94%,
106/09/22,-33,-10,-7,-50,25657,753,798,27208,50.88%,53.96%,
106/09/21,-93,4,27,-62,25690,763,805,27258,50.95%,54.06%,
106/09/20,-60,0,7,-53,25783,759,778,27320,51.13%,54.18%,
106/09/19,-129,-13,10,-132,25841,759,771,27371,51.25%,54.28%,
106/09/18,42,-109,3,-64,25970,772,761,27503,51.50%,54.54%,
106/09/15,-112,-16,-8,-136,25928,881,758,27567,51.42%,54.67%,
106/09/14,-29,10,14,-5,26039,897,766,27702,51.64%,54.94%,
106/09/13,-167,-8,-6,-181,26048,887,752,27687,51.66%,54.91%,
106/09/12,-56,1,-1,-56,26215,895,758,27868,51.99%,55.27%,
106/09/11,-53,0,-5,-58,26271,894,759,27924,52.10%,55.38%,
106/09/08,56,2,6,64,26323,894,764,27981,52.21%,55.50%,
106/09/07,-14,0,-11,-25,26267,892,758,27917,52.09%,55.36%,
106/09/06,24,0,-11,13,26280,892,769,27941,52.12%,55.41%,
106/09/05,23,-6,2,19,26256,892,780,27928,52.07%,55.39%,
106/09/04,-96,1,-12,-107,26232,898,778,27908,52.03%,55.35%,
106/09/01,-67,18,-7,-56,26324,897,790,28011,52.21%,55.56%,
106/08/31,6,21,-46,-19,26391,879,797,28067,52.34%,55.66%,
106/08/30,-71,91,45,65,26385,858,843,28086,52.33%,55.70%,
106/08/29,-55,4,-27,-78,26456,767,798,28021,52.47%,55.57%,
106/08/28,-118,11,-33,-140,26511,763,825,28099,52.58%,55.73%,
106/08/25,34,107,38,179,26629,752,858,28239,52.81%,56.00%,
106/08/24,86,47,-33,100,26599,645,820,28064,52.75%,55.66%,
106/08/23,55,9,7,71,26513,598,853,27964,52.58%,55.46%,
106/08/22,60,15,54,129,26458,589,846,27893,52.47%,55.32%,
106/08/21,75,22,-51,46,26398,574,792,27764,52.36%,55.07%,
106/08/18,-60,46,94,80,26324,552,843,27719,52.21%,54.98%,
106/08/17,-151,0,41,-110,26384,506,749,27639,52.33%,54.82%,
106/08/16,2,0,1,3,26535,506,708,27749,52.63%,55.04%,
106/08/15,-51,0,-2,-53,26582,506,707,27795,52.72%,55.13%,
106/08/14,7,0,-1,6,26633,506,709,27848,52.82%,55.23%,
106/08/11,12,0,-7,5,26626,506,710,27842,52.81%,55.22%,
106/08/10,70,5,-44,31,26616,506,717,27839,52.79%,55.22%,
106/08/09,18,0,-6,12,26546,501,761,27808,52.65%,55.15%,
106/08/08,47,-1,5,51,26528,501,767,27796,52.61%,55.13%,
106/08/07,33,1,4,38,26481,502,762,27745,52.52%,55.03%,
106/08/04,-13,0,-35,-48,26448,501,758,27707,52.45%,54.95%,
106/08/03,75,19,2,96,26459,501,793,27753,52.48%,55.05%,
106/08/02,-64,11,23,-30,26384,482,791,27657,52.33%,54.85%,
106/08/01,-18,0,15,-3,26448,471,768,27687,52.45%,54.91%,
106/07/31,-35,0,24,-11,26466,471,753,27690,52.49%,54.92%,
106/07/28,-77,-7,3,-81,26534,471,729,27734,52.62%,55.00%,
106/07/27,-201,-9,2,-208,26611,478,726,27815,52.78%,55.17%,
106/07/26,-114,-14,-3,-131,26831,487,724,28042,53.21%,55.61%,
106/07/25,-80,0,1,-79,26945,501,727,28173,53.44%,55.88%,
106/07/24,-5,0,-3,-8,27024,501,726,28251,53.60%,56.03%,
106/07/21,-33,-8,28,-13,27029,501,729,28259,53.61%,56.05%,
106/07/20,-2,0,-19,-21,27062,509,701,28272,53.67%,56.07%,
106/07/19,-59,0,19,-40,27064,509,720,28293,53.68%,56.12%,
106/07/18,-21,2,1,-18,27115,509,701,28325,53.78%,56.18%,
106/07/17,-22,18,4,0,27128,507,700,28335,53.80%,56.19%,
106/07/14,-12,-12,-1,-25,27150,489,696,28335,53.85%,56.20%,
106/07/13,-14,-11,-6,-31,27162,501,697,28360,53.87%,56.25%,
106/07/12,-51,0,3,-48,27176,512,703,28391,53.90%,56.31%,
106/07/11,-81,1,2,-78,27224,512,700,28436,53.99%,56.39%,
106/07/10,12,1,-25,-12,27288,511,698,28497,54.12%,56.52%,
106/07/07,-5,-30,-14,-49,27275,510,723,28508,54.10%,56.55%,
106/07/06,-29,0,-5,-34,27280,540,737,28557,54.11%,56.64%,
106/07/05,-55,0,-20,-75,27309,540,742,28591,54.16%,56.70%,
106/07/04,-114,14,31,-69,27365,540,762,28667,54.27%,56.85%,
106/07/03,-44,3,-10,-51,27479,526,731,28736,54.50%,56.99%,
106/06/30,-37,7,-12,-42,27522,523,741,28786,54.59%,57.10%,
106/06/29,-66,57,-96,-105,27559,466,753,28778,54.66%,57.08%,
106/06/28,90,12,41,143,27642,409,849,28900,54.82%,57.32%,
106/06/27,50,1,-53,-2,27552,397,808,28757,54.64%,57.03%,
106/06/26,-10,2,93,85,27502,396,861,28759,54.54%,57.03%,
106/06/23,3,0,-28,-25,27494,394,768,28656,54.53%,56.83%,
106/06/22,-60,-4,15,-49,27489,394,796,28679,54.52%,56.88%,
106/06/21,-43,6,-1,-38,27556,398,781,28735,54.65%,56.99%,
106/06/20,-54,3,1,-50,27599,392,782,28773,54.74%,57.07%,
106/06/19,-78,3,-9,-84,27679,389,781,28849,54.90%,57.22%,
106/06/16,10,52,22,84,27755,386,790,28931,55.05%,57.38%,
106/06/15,-7,31,-30,-6,27749,334,768,28851,55.03%,57.22%,
106/06/14,50,10,-42,18,27821,303,798,28922,55.18%,57.36%,
106/06/13,44,39,-35,48,27776,293,840,28909,55.09%,57.34%,
106/06/12,161,21,76,258,27732,254,875,28861,55.00%,57.24%,
106/06/09,141,63,4,208,27566,233,799,28598,54.67%,56.72%,
106/06/08,77,54,-35,96,27412,170,795,28377,54.37%,56.28%,
106/06/07,138,12,95,245,27324,116,830,28270,54.19%,56.07%,
106/06/06,170,-5,-35,130,27186,104,735,28025,53.92%,55.58%,
106/06/05,27,-24,56,59,26951,109,770,27830,53.45%,55.19%,
106/06/03,0,-13,-5,-18,26914,133,714,27761,53.38%,55.06%,
106/06/02,-11,-1,-4,-16,26922,146,719,27787,53.39%,55.11%,
106/06/01,-32,0,5,-27,26933,147,723,27803,53.42%,55.15%,
106/05/31,-14,0,7,-7,26965,147,718,27830,53.48%,55.20%,
106/05/26,-46,0,-1,-47,26979,147,711,27837,53.51%,55.21%,
106/05/25,-20,0,3,-17,27036,147,712,27895,53.62%,55.32%,
106/05/24,-50,0,-3,-53,27102,147,709,27958,53.75%,55.45%,
106/05/23,-70,0,6,-64,27152,147,712,28011,53.85%,55.55%,
106/05/22,-71,0,-11,-82,27227,147,706,28080,54.00%,55.69%,
106/05/19,-56,0,55,-1,27296,147,717,28160,54.14%,55.85%,
106/05/18,-33,0,40,7,27342,147,662,28151,54.23%,55.83%,
106/05/17,-96,0,89,-7,27344,147,622,28113,54.23%,55.76%,
106/05/16,127,-1,-9,117,27448,147,533,28128,54.44%,55.79%,
106/05/15,60,0,21,81,27319,148,542,28009,54.18%,55.55%,
106/05/12,64,0,-9,55,27250,148,521,27919,54.04%,55.37%,
106/05/11,102,1,-7,96,27206,148,530,27884,53.96%,55.30%,
106/05/10,112,0,-2,110,27068,147,537,27752,53.68%,55.04%,
106/05/09,6,0,34,40,26946,147,539,27632,53.44%,54.80%,
106/05/08,34,5,-7,32,26920,147,505,27572,53.39%,54.68%,
106/05/05,-308,3,-25,-330,26891,142,512,27545,53.33%,54.63%,
106/05/04,12,-43,-4,-35,27181,139,537,27857,53.91%,55.25%,
106/05/03,-98,-78,-9,-185,27155,182,541,27878,53.86%,55.29%,
106/05/02,0,-27,7,-20,27263,260,550,28073,54.07%,55.68%,
106/04/28,125,34,-3,156,27263,287,543,28093,54.07%,55.72%,
106/04/27,0,4,11,15,27138,253,546,27937,53.82%,55.40%,
106/04/26,12,37,-26,23,27138,249,535,27922,53.82%,55.38%,
106/04/25,186,0,33,219,27156,212,561,27929,53.86%,55.39%,
106/04/24,100,0,7,107,26970,212,528,27710,53.49%,54.96%,
106/04/21,-268,0,-17,-285,26870,212,521,27603,53.29%,54.74%,
106/04/20,-271,0,27,-244,27138,212,538,27888,53.82%,55.31%,
106/04/19,-48,0,-11,-59,27389,212,511,28112,54.32%,55.75%,
106/04/18,-193,-3,2,-194,27437,212,522,28171,54.42%,55.88%,
106/04/17,-21,0,4,-17,27601,215,520,28336,54.74%,56.20%,
106/04/14,-32,0,-26,-58,27622,215,516,28353,54.78%,56.23%,
106/04/13,-6,-2,-1,-9,27647,215,542,28404,54.83%,56.33%,
106/04/12,52,0,-11,41,27652,217,543,28412,54.84%,56.35%,
106/04/11,-55,-18,-10,-83,27600,217,554,28371,54.74%,56.27%,
106/04/10,363,-10,-10,343,27655,235,564,28454,54.85%,56.43%,
106/04/07,23,-17,4,10,27292,245,574,28111,54.13%,55.75%,
106/04/06,20,-23,-35,-38,27262,262,570,28094,54.07%,55.72%,
106/04/05,51,0,27,78,27241,285,605,28131,54.03%,55.80%,
106/03/31,-34,0,-65,-99,27190,285,578,28053,53.93%,55.64%,
106/03/30,18,0,-19,-1,27224,251,643,28118,53.99%,55.76%,
106/03/29,-95,0,36,-59,27204,251,662,28117,53.95%,55.76%,
106/03/28,96,0,-72,24,27313,251,626,28190,54.17%,55.91%,
106/03/27,-120,0,-75,-195,27216,251,698,28165,53.98%,55.86%,
106/03/24,-8,6,124,122,27336,251,773,28360,54.22%,56.25%,
106/03/23,5,29,76,110,27338,245,649,28232,54.22%,55.99%,
106/03/22,-81,0,7,-74,27333,216,573,28122,54.21%,55.77%,
106/03/21,22,0,-35,-13,27414,216,566,28196,54.37%,55.92%,
106/03/20,52,3,58,113,27392,216,601,28209,54.33%,55.95%,
106/03/17,-9,8,-1,-2,27333,213,543,28089,54.21%,55.71%,
106/03/16,-82,0,-5,-87,27342,205,544,28091,54.23%,55.72%,
106/03/15,-16,1,-9,-24,27423,205,549,28177,54.39%,55.89%,
106/03/14,-18,1,9,-8,27440,204,558,28202,54.42%,55.93%,
106/03/13,-33,0,-1,-34,27458,203,549,28210,54.46%,55.95%,
106/03/10,-134,8,-7,-133,27491,203,550,28244,54.52%,56.01%,
106/03/09,-91,-8,-11,-110,27625,195,557,28377,54.79%,56.28%,
106/03/08,-258,19,-57,-296,27716,203,568,28487,54.97%,56.50%,
106/03/07,12,10,-52,-30,27974,184,625,28783,55.48%,57.08%,
106/03/06,170,0,130,300,27962,174,677,28813,55.46%,57.15%,
106/03/03,26,-29,-5,-8,27792,174,547,28513,55.12%,56.55%,
106/03/02,22,-30,9,1,27766,203,552,28521,55.07%,56.57%,
106/03/01,-88,-9,4,-93,27744,233,543,28520,55.02%,56.56%,
106/02/24,-382,-34,11,-405,27832,242,539,28613,55.20%,56.75%,
106/02/23,-240,-30,-22,-292,28214,276,528,29018,55.96%,57.55%,
106/02/22,-131,-1,-16,-148,28454,306,550,29310,56.43%,58.13%,
106/02/21,-139,-2,-1,-142,28585,307,566,29458,56.69%,58.42%,
106/02/20,-158,-2,-10,-170,28724,309,567,29600,56.97%,58.71%,
106/02/18,1,5,5,11,28882,311,577,29770,57.28%,59.04%,
106/02/17,-157,-2,-8,-167,28881,306,572,29759,57.28%,59.02%,
106/02/16,-153,0,22,-131,29038,308,580,29926,57.59%,59.35%,
106/02/15,-195,-9,-9,-213,29191,308,558,30057,57.89%,59.61%,
106/02/14,-76,-4,34,-46,29386,317,567,30270,58.28%,60.03%,
106/02/13,-145,0,6,-139,29462,321,533,30316,58.43%,60.12%,
106/02/10,-135,-1,17,-119,29607,321,527,30455,58.72%,60.40%,
106/02/09,-27,-2,4,-25,29742,322,510,30574,58.99%,60.64%,
106/02/08,-227,-16,-6,-249,29769,324,506,30599,59.04%,60.69%,
106/02/07,-62,-48,-7,-117,29996,340,512,30848,59.49%,61.18%,
106/02/06,-83,0,-5,-88,30058,388,519,30965,59.61%,61.41%,
106/02/03,-41,0,4,-37,30141,388,524,31053,59.78%,61.59%,
106/02/02,-72,0,-6,-78,30182,388,520,31090,59.86%,61.66%,
106/01/24,-12,0,-5,-17,30053,388,526,30967,59.60%,61.41%,
106/01/23,33,0,13,46,30065,388,531,30984,59.63%,61.45%,
106/01/20,-10,0,0,-10,30032,388,518,30938,59.56%,61.36%,
106/01/19,-20,-5,-11,-36,30057,388,518,30963,59.61%,61.41%,
106/01/18,-51,6,22,-23,30077,393,529,30999,59.65%,61.48%,
106/01/17,-141,-17,-50,-208,30129,387,507,31023,59.75%,61.52%,
106/01/16,-116,0,-7,-123,30270,404,557,31231,60.03%,61.94%,
106/01/13,-69,17,5,-47,30388,404,564,31356,60.27%,62.19%,
106/01/12,-77,2,8,-67,30456,387,559,31402,60.40%,62.28%,
106/01/11,-105,-7,0,-112,30531,385,551,31467,60.55%,62.41%,
106/01/10,4,5,-7,2,30621,392,551,31564,60.73%,62.60%,
106/01/09,-77,5,-5,-77,30617,387,558,31562,60.72%,62.59%,
106/01/06,-105,44,37,-24,30694,382,563,31639,60.88%,62.75%,
106/01/05,-9,10,9,10,30799,338,526,31663,61.08%,62.79%,
106/01/04,-54,4,-8,-58,30808,328,517,31653,61.10%,62.78%,
106/01/03,-54,-8,1,-61,30862,324,525,31711,61.21%,62.89%,
105/12/30,-84,20,0,-64,30916,332,524,31772,61.32%,63.02%,
105/12/29,-37,25,-7,-19,31000,312,524,31836,61.48%,63.14%,
105/12/28,-69,10,11,-48,31037,287,531,31855,61.56%,63.18%,
105/12/27,-13,3,0,-10,31106,277,520,31903,61.69%,63.27%,
105/12/26,0,19,2,21,31119,274,520,31913,61.72%,63.29%,
105/12/23,-55,0,3,-52,31119,255,518,31892,61.72%,63.25%,
105/12/22,-17,0,-1,-18,31174,255,515,31944,61.83%,63.36%,
105/12/21,-44,0,2,-42,31191,255,516,31962,61.86%,63.39%,
105/12/20,-78,0,1,-77,31235,255,514,32004,61.95%,63.48%,
105/12/19,-81,-4,3,-82,31313,255,513,32081,62.10%,63.62%,
105/12/16,-82,-22,-1,-105,31394,259,510,32163,62.26%,63.79%,
105/12/15,-199,-12,5,-206,31476,281,511,32268,62.43%,64.00%,
105/12/14,13,-13,0,0,31675,293,506,32474,62.82%,64.40%,
105/12/13,-54,5,-3,-52,31662,306,506,32474,62.79%,64.40%,
105/12/12,-34,10,-2,-26,31716,301,509,32526,62.90%,64.51%,
105/12/09,46,50,-37,59,31749,291,511,32551,62.97%,64.56%,
105/12/08,115,5,56,176,31703,241,548,32492,62.88%,64.44%,
105/12/07,-17,0,26,9,31589,236,492,32317,62.65%,64.09%,
105/12/06,-26,-20,9,-37,31606,236,466,32308,62.68%,64.07%,
105/12/05,-92,7,-1,-86,31632,256,457,32345,62.74%,64.15%,
105/12/02,8,0,0,8,31724,249,458,32431,62.92%,64.32%,
105/12/01,-114,0,-4,-118,31716,249,458,32423,62.90%,64.30%,
105/11/30,-127,9,-10,-128,31830,249,462,32541,63.13%,64.54%,
105/11/29,-72,6,-6,-72,31957,240,472,32669,63.38%,64.79%,
105/11/28,-103,4,20,-79,32029,234,478,32741,63.52%,64.93%,
105/11/25,-39,0,2,-37,32132,230,458,32820,63.73%,65.09%,
105/11/24,-71,0,-4,-75,32171,230,456,32857,63.81%,65.17%,
105/11/23,-39,4,2,-33,32242,230,460,32932,63.95%,65.32%,
105/11/22,-44,12,5,-27,32281,226,457,32964,64.02%,65.37%,
105/11/21,-14,10,-5,-9,32325,214,452,32991,64.11%,65.43%,
105/11/18,-65,32,10,-23,32339,204,457,33000,64.14%,65.45%,
105/11/17,-245,18,-19,-246,32404,172,447,33023,64.27%,65.50%,
105/11/16,-123,2,10,-111,32649,154,466,33269,64.75%,65.98%,
105/11/15,-58,4,1,-53,32788,152,456,33396,65.03%,66.24%,
105/11/14,-49,0,1,-48,32846,148,455,33449,65.14%,66.34%,
105/11/11,-127,0,-8,-135,32895,148,454,33497,65.24%,66.43%,
105/11/10,-95,5,9,-81,33021,148,462,33631,65.49%,66.70%,
105/11/09,1,13,-2,12,33117,143,453,33713,65.68%,66.86%,
105/11/08,-288,10,1,-277,33116,130,455,33701,65.68%,66.84%,
105/11/07,-70,0,-6,-76,33404,120,454,33978,66.25%,67.39%,
105/11/04,98,-14,0,84,33474,120,460,34054,66.39%,67.54%,
105/11/03,-38,0,-2,-40,33375,134,460,33969,66.19%,67.37%,
105/11/02,-17,0,-8,-25,33413,134,462,34009,66.27%,67.45%,
105/11/01,27,2,-3,26,33430,134,470,34034,66.30%,67.50%,
105/10/31,-57,-21,-1,-79,33403,132,473,34008,66.25%,67.45%,
105/10/28,-79,-42,-3,-124,33460,153,474,34087,66.36%,67.60%,
105/10/27,-47,2,-3,-48,33539,195,477,34211,66.52%,67.85%,
105/10/26,-17,-5,-1,-23,33586,193,480,34259,66.61%,67.94%,
105/10/25,-12,2,5,-5,33603,198,481,34282,66.65%,68.00%,
105/10/24,-40,0,-6,-46,33615,196,476,34287,66.67%,68.00%,
105/10/21,-53,5,7,-41,33655,196,482,34333,66.75%,68.09%,
105/10/20,-15,0,-2,-17,33707,191,475,34373,66.85%,68.17%,
105/10/19,-136,0,-6,-142,33723,191,477,34391,66.88%,68.20%,
105/10/18,-26,0,2,-24,33859,191,483,34533,67.15%,68.49%,
105/10/17,-61,0,2,-59,33874,191,481,34546,67.18%,68.51%,
105/10/14,34,0,-13,21,33935,191,479,34605,67.30%,68.63%,
105/10/13,21,0,2,23,33901,191,492,34584,67.24%,68.59%,
105/10/12,-9,0,-2,-11,33880,191,490,34561,67.19%,68.54%,
105/10/11,-63,0,-14,-77,33889,191,492,34572,67.21%,68.56%,
105/10/07,-31,0,-1,-32,33952,191,506,34649,67.34%,68.72%,
105/10/06,8,0,5,13,33983,191,507,34681,67.40%,68.78%,
105/10/05,8,0,-2,6,33975,191,502,34668,67.38%,68.75%,
105/10/04,28,0,-1,27,33967,191,504,34662,67.37%,68.75%,
105/10/03,-16,0,5,-11,33939,191,505,34635,67.31%,68.69%,
105/09/30,-61,-12,1,-72,33955,191,500,34646,67.34%,68.71%,
105/09/29,-135,0,-14,-149,34016,229,499,34744,67.47%,68.91%,
105/09/26,2,-13,0,-11,34152,229,513,34894,67.73%,69.20%,
105/09/23,-66,-11,-14,-91,34150,242,513,34905,67.73%,69.23%,
105/09/22,-16,22,-12,-6,34215,253,527,34995,67.86%,69.41%,
105/09/21,-73,0,35,-38,34231,231,539,35001,67.89%,69.42%,
105/09/20,-32,-3,2,-33,34305,231,504,35040,68.04%,69.50%,
105/09/19,-96,9,11,-76,34337,234,502,35073,68.10%,69.56%,
105/09/14,9,0,-3,6,34433,225,491,35149,68.29%,69.71%,
105/09/13,-15,0,-3,-18,34424,225,494,35143,68.27%,69.70%,
105/09/12,11,0,-5,6,34439,225,497,35161,68.30%,69.73%,
105/09/10,2,0,-17,-15,34428,225,502,35155,68.28%,69.72%,
105/09/09,-58,0,-42,-100,34426,225,519,35170,68.28%,69.76%,
105/09/08,-66,0,-32,-98,34484,225,561,35270,68.39%,69.95%,
105/09/07,132,3,98,233,34550,225,593,35368,68.52%,70.14%,
105/09/06,-5,-8,7,-6,34417,222,495,35134,68.26%,69.68%,
105/09/05,15,0,-2,13,34423,230,488,35141,68.27%,69.69%,
105/09/02,-40,0,-6,-46,34408,230,490,35128,68.24%,69.67%,
105/09/01,-1,0,-5,-6,34448,230,496,35174,68.32%,69.76%,
105/08/31,7,-3,-28,-24,34449,230,501,35180,68.32%,69.77%,
105/08/30,-40,0,47,7,34443,233,529,35205,68.31%,69.82%,
105/08/29,14,0,-10,4,34483,233,482,35198,68.39%,69.81%,
105/08/26,-73,4,2,-67,34469,233,492,35194,68.36%,69.80%,
105/08/25,-41,0,-11,-52,34542,229,490,35261,68.51%,69.94%,
105/08/24,-27,0,-2,-29,34583,229,501,35313,68.59%,70.04%,
105/08/23,-14,25,-5,6,34610,229,503,35342,68.64%,70.09%,
105/08/22,-52,0,15,-37,34624,204,508,35336,68.67%,70.08%,
105/08/19,-91,0,0,-91,34676,204,493,35373,68.77%,70.15%,
105/08/18,53,-5,-5,43,34767,204,493,35464,68.96%,70.34%,
105/08/17,-178,-4,-37,-219,34715,209,498,35422,68.85%,70.25%,
105/08/16,246,-2,16,260,34893,213,535,35641,69.20%,70.68%,
105/08/15,461,17,47,525,34646,215,519,35380,68.72%,70.18%,
105/08/12,-43,-7,3,-47,34185,198,472,34855,67.80%,69.13%,
105/08/11,-27,4,-9,-32,34228,205,469,34902,67.89%,69.23%,
105/08/10,-265,-30,5,-290,34255,201,478,34934,67.94%,69.29%,
105/08/09,33,-9,21,45,34520,231,473,35224,68.46%,69.86%,
105/08/08,-30,-5,3,-32,34487,240,452,35179,68.40%,69.77%,
105/08/05,-162,-56,11,-207,34517,245,449,35211,68.46%,69.84%,
105/08/04,-132,0,3,-129,34679,301,438,35418,68.78%,70.25%,
105/08/03,-117,10,7,-100,34811,301,435,35547,69.04%,70.50%,
105/08/02,7,0,1,8,34928,291,428,35647,69.27%,70.70%,
105/08/01,-17,0,21,4,34921,291,427,35639,69.26%,70.68%,
105/07/29,-18,0,-21,-39,34938,291,406,35635,69.29%,70.67%,
105/07/28,39,0,22,61,34956,291,427,35674,69.33%,70.75%,
105/07/27,21,0,-14,7,34917,291,405,35613,69.25%,70.63%,
105/07/26,73,2,11,86,34896,291,419,35606,69.21%,70.62%,
105/07/25,22,-30,0,-8,34827,289,408,35524,69.07%,70.45%,
105/07/22,-51,-40,-5,-96,34805,319,408,35532,69.03%,70.47%,
105/07/21,-25,-8,-10,-43,34856,359,413,35628,69.13%,70.66%,
105/07/20,4,-6,10,8,34881,367,423,35671,69.18%,70.75%,
105/07/19,-49,0,-7,-56,34877,373,413,35663,69.17%,70.73%,
105/07/18,32,0,-45,-13,34926,373,420,35719,69.27%,70.84%,
105/07/15,31,14,40,85,34894,373,465,35732,69.21%,70.87%,
105/07/14,50,39,-5,84,34863,359,425,35647,69.14%,70.70%,
105/07/13,65,24,0,89,34833,320,430,35583,69.08%,70.57%,
105/07/12,-63,50,8,-5,34768,296,430,35494,68.96%,70.40%,
105/07/11,81,0,0,81,34831,246,422,35499,69.08%,70.40%,
105/07/07,-16,40,8,32,34750,246,422,35418,68.92%,70.24%,
105/07/06,9,28,-10,27,34766,206,414,35386,68.95%,70.18%,
105/07/05,240,9,27,276,34757,178,424,35359,68.93%,70.12%,
105/07/04,-16,0,-2,-18,34517,169,397,35083,68.46%,69.58%,
105/07/01,-92,0,-4,-96,34533,169,399,35101,68.49%,69.62%,
105/06/30,-2,0,-9,-11,34625,169,403,35197,68.67%,69.80%,
105/06/29,-6,17,-10,1,34626,254,412,35292,68.68%,70.00%,
105/06/28,52,5,1,58,34632,237,422,35291,68.69%,70.00%,
105/06/27,75,26,27,128,34580,232,421,35233,68.58%,69.88%,
105/06/24,-61,-1,-2,-64,34505,206,394,35105,68.44%,69.63%,
105/06/23,-7,-1,1,-7,34567,207,396,35170,68.56%,69.76%,
105/06/22,9,-4,3,8,34574,208,395,35177,68.57%,69.77%,
105/06/21,49,-2,3,50,34565,212,392,35169,68.55%,69.75%,
105/06/20,47,16,3,66,34516,214,389,35119,68.46%,69.66%,
105/06/17,-27,0,-6,-33,34469,198,386,35053,68.36%,69.52%,
105/06/16,25,-3,-4,18,34495,198,392,35085,68.42%,69.59%,
105/06/15,-7,-3,8,-2,34470,201,396,35067,68.37%,69.55%,
105/06/14,-107,0,8,-99,34477,204,388,35069,68.38%,69.55%,
105/06/13,-41,-2,-14,-57,34584,204,380,35168,68.59%,69.75%,
105/06/08,10,0,-15,-5,34625,206,394,35225,68.67%,69.86%,
105/06/07,127,0,3,130,34616,206,409,35231,68.65%,69.87%,
105/06/06,-48,-2,3,-47,34489,206,406,35101,68.40%,69.61%,
105/06/04,7,0,4,11,34537,208,403,35148,68.50%,69.71%,
105/06/03,-1,-22,-1,-24,34530,208,399,35137,68.48%,69.68%,
105/06/02,-8,-20,-4,-32,34531,230,400,35161,68.49%,69.74%,
105/06/01,-92,0,9,-83,34539,250,404,35193,68.50%,69.80%,
105/05/31,44,-10,-5,29,34631,250,395,35276,68.68%,69.96%,
105/05/30,9,-43,11,-23,34587,260,400,35247,68.60%,69.91%,
105/05/27,-1,-18,1,-18,34578,303,389,35270,68.58%,69.95%,
105/05/26,-18,-5,-4,-27,34579,321,388,35288,68.58%,69.99%,
105/05/25,8,0,-1,7,34597,326,392,35315,68.62%,70.04%,
105/05/24,45,0,-7,38,34589,326,393,35308,68.60%,70.03%,
105/05/23,33,0,7,40,34544,326,400,35270,68.51%,69.95%,
105/05/20,44,0,-4,40,34511,326,393,35230,68.45%,69.88%,
105/05/19,-58,1,1,-56,34369,326,397,35092,68.17%,69.60%,
105/05/18,143,4,22,169,34427,325,396,35148,68.28%,69.71%,
105/05/17,-4,0,-7,-11,34284,321,374,34979,68.00%,69.38%,
105/05/16,-10,21,1,12,34288,321,381,34990,68.01%,69.40%,
105/05/13,54,13,-11,56,34298,300,380,34978,68.03%,69.38%,
105/05/12,288,6,7,301,34244,287,391,34922,67.92%,69.26%,
105/05/11,538,5,17,560,33956,281,384,34621,67.35%,68.67%,
105/05/10,12,0,-1,11,33419,276,367,34062,66.28%,67.56%,
105/05/09,47,-32,-8,7,33407,276,368,34051,66.26%,67.54%,
105/05/06,47,30,12,89,33360,308,376,34044,66.16%,67.52%,
105/05/05,-62,0,11,-51,33313,278,364,33955,66.07%,67.34%,
105/05/04,-168,-15,5,-178,33375,278,353,34006,66.19%,67.44%,
105/05/03,-61,-5,-1,-67,33543,293,348,34184,66.53%,67.80%,
105/04/29,-12,0,0,-12,33604,298,349,34251,66.65%,67.93%,
105/04/28,1,0,2,3,33616,298,349,34263,66.67%,67.95%,
105/04/27,-12,-15,6,-21,33615,298,347,34260,66.67%,67.95%,
105/04/26,-126,0,0,-126,33627,313,341,34281,66.69%,67.99%,
105/04/25,-37,0,-1,-38,33753,313,341,34407,66.94%,68.24%,
105/04/22,-57,0,-3,-60,33790,313,342,34445,67.02%,68.32%,
105/04/21,-2,0,2,0,33847,313,345,34505,67.13%,68.44%,
105/04/20,16,2,-4,14,33849,313,343,34505,67.13%,68.43%,
105/04/19,-16,0,-2,-18,33833,311,347,34491,67.10%,68.41%,
105/04/18,-2,0,-1,-3,33849,311,349,34509,67.13%,68.44%,
105/04/15,-4,0,-1,-5,33851,311,350,34512,67.14%,68.45%,
105/04/14,-17,0,-1,-18,33856,311,351,34518,67.15%,68.46%,
105/04/13,74,0,-2,72,33873,311,352,34536,67.18%,68.50%,
105/04/12,-12,-7,-10,-29,33799,311,354,34464,67.03%,68.35%,
105/04/11,37,0,4,41,33811,318,364,34493,67.06%,68.41%,
105/04/08,76,0,-3,73,33774,318,360,34452,66.98%,68.32%,
105/04/07,44,8,4,56,33698,318,363,34379,66.83%,68.18%,
105/04/06,98,0,0,98,33654,310,359,34323,66.75%,68.08%,
105/04/01,48,0,-7,41,33556,310,359,34225,66.55%,67.88%,
105/03/31,163,1,0,164,33508,310,366,34184,66.46%,67.80%,
105/03/30,138,35,21,194,33345,294,366,34005,66.13%,67.44%,
105/03/29,169,10,-1,178,33207,259,345,33811,65.86%,67.06%,
105/03/28,70,0,-6,64,33037,249,346,33632,65.52%,66.70%,
105/03/25,19,0,-19,0,32967,249,352,33568,65.38%,66.57%,
105/03/24,360,0,22,382,32948,249,371,33568,65.35%,66.58%,
105/03/23,77,0,-12,65,32588,249,349,33186,64.63%,65.82%,
105/03/22,73,0,-11,62,32511,249,361,33121,64.48%,65.69%,
105/03/21,184,0,38,222,32439,249,372,33060,64.34%,65.57%,
105/03/18,-33,0,5,-28,32255,249,334,32838,63.97%,65.13%,
105/03/17,-154,2,-10,-162,32288,249,329,32866,64.04%,65.19%,
105/03/16,9,0,8,17,32442,247,339,33028,64.34%,65.50%,
105/03/15,-5,-23,5,-23,32432,247,331,33010,64.32%,65.47%,
105/03/14,-50,2,0,-48,32437,270,326,33033,64.33%,65.51%,
105/03/11,-76,-15,1,-90,32487,268,326,33081,64.43%,65.61%,
105/03/10,-54,-20,0,-74,32563,283,325,33171,64.58%,65.79%,
105/03/09,-23,-109,5,-127,32617,303,325,33245,64.69%,65.94%,
105/03/08,24,-118,-7,-101,32640,412,320,33372,64.74%,66.19%,
105/03/07,-11,-5,-1,-17,32616,530,327,33473,64.69%,66.39%,
105/03/04,42,-59,-2,-19,32627,535,328,33490,64.71%,66.42%,
105/03/03,24,-21,-9,-6,32585,594,330,33509,64.63%,66.46%,
105/03/02,3,-55,11,-41,32561,615,339,33515,64.58%,66.47%,
105/03/01,-39,-12,5,-46,32558,670,328,33556,64.57%,66.55%,
105/02/26,-111,-25,-4,-140,32597,682,323,33602,64.65%,66.64%,
105/02/25,14,-60,-1,-47,32708,707,327,33742,64.87%,66.92%,
105/02/24,42,-31,-14,-3,32694,767,328,33789,64.84%,67.01%,
105/02/23,-284,-14,-16,-314,32652,798,342,33792,64.76%,67.02%,
105/02/22,42,-77,-7,-42,32936,812,358,34106,65.32%,67.64%,
105/02/19,-150,-4,-16,-170,32894,889,365,34148,65.24%,67.73%,
105/02/18,11,45,18,74,33044,893,381,34318,65.54%,68.07%,
105/02/17,115,43,38,196,33032,848,363,34243,65.51%,67.91%,
105/02/16,1,0,-1,0,32917,805,325,34047,65.29%,67.53%,
105/02/15,-9,0,-1,-10,32916,805,326,34047,65.28%,67.52%,
105/02/03,-114,11,-14,-117,32925,805,327,34057,65.30%,67.55%,
105/02/02,171,83,28,282,33039,794,341,34174,65.53%,67.78%,
105/02/01,23,0,-3,20,32868,711,313,33892,65.19%,67.22%,
105/01/30,2,-7,2,-3,32845,711,316,33872,65.14%,67.18%,
105/01/29,56,0,-8,48,32843,718,314,33875,65.14%,67.19%,
105/01/28,51,5,4,60,32787,718,322,33827,65.03%,67.09%,
105/01/27,22,-1,-7,14,32737,713,318,33768,64.93%,66.97%,
105/01/26,-17,-61,-1,-79,32714,714,325,33753,64.88%,66.94%,
105/01/25,13,-25,1,-11,32731,775,326,33832,64.92%,67.10%,
105/01/22,-57,-2,0,-59,32718,800,325,33843,64.89%,67.12%,
105/01/21,87,0,-3,84,32775,802,325,33902,65.00%,67.24%,
105/01/20,44,0,-1,43,32688,802,328,33818,64.83%,67.07%,
105/01/19,277,-87,-3,187,32644,802,329,33775,64.74%,66.98%,
105/01/18,42,-36,2,8,32367,889,332,33588,64.19%,66.61%,
105/01/15,25,0,-7,18,32325,925,330,33580,64.11%,66.60%,
105/01/14,142,-2,-4,136,32300,925,337,33562,64.06%,66.56%,
105/01/13,186,-2,29,213,32158,927,341,33426,63.78%,66.30%,
105/01/12,387,-256,-21,110,31972,929,312,33213,63.41%,65.87%,
105/01/11,-142,5,3,-134,31585,1185,333,33103,62.64%,65.65%,
105/01/08,-111,-2,-4,-117,31727,1180,330,33237,62.92%,65.92%,
105/01/07,30,0,-3,27,31838,1182,334,33354,63.14%,66.15%,
105/01/06,27,0,1,28,31808,1182,337,33327,63.09%,66.10%,
105/01/05,112,-10,9,111,31761,1182,336,33279,62.99%,66.00%,
105/01/04,-6,11,-15,-10,31649,1192,327,33168,62.77%,65.78%,
104/12/31,-1,0,1,0,31655,1181,342,33178,62.78%,65.80%,
104/12/30,95,-81,-5,9,31656,1194,341,33191,62.78%,65.82%,
104/12/29,-10,0,0,-10,31561,1275,346,33182,62.59%,65.81%,
104/12/28,32,0,3,35,31571,1275,346,33192,62.61%,65.83%,
104/12/25,16,-2,-22,-8,31539,1275,343,33157,62.55%,65.76%,
104/12/24,-74,11,-44,-107,31523,1277,365,33165,62.52%,65.78%,
104/12/23,33,0,32,65,31596,1266,409,33271,62.67%,65.99%,
104/12/22,76,0,-29,47,31563,1266,377,33206,62.60%,65.86%,
104/12/21,-44,23,5,-16,31487,1266,406,33159,62.45%,65.77%,
104/12/18,-10,56,4,50,31531,1243,401,33175,62.54%,65.80%,
104/12/17,74,10,-17,67,31541,1187,397,33125,62.56%,65.70%,
104/12/16,-16,50,96,130,31467,1177,414,33058,62.41%,65.57%,
104/12/15,142,12,-24,130,31483,1127,318,32928,62.44%,65.31%,
104/12/14,138,30,35,203,31341,1115,342,32798,62.16%,65.05%,
104/12/11,190,7,-11,186,31203,1085,307,32595,61.89%,64.65%,
104/12/10,-313,0,-18,-331,31013,1078,318,32409,61.51%,64.28%,
104/12/09,14,22,2,38,31346,1078,336,32760,62.17%,64.97%,
104/12/08,22,10,-6,26,31332,1056,334,32722,62.14%,64.90%,
104/12/07,-135,68,-8,-75,31310,1046,340,32696,62.10%,64.85%,
104/12/04,236,20,9,265,31445,978,348,32771,62.37%,65.00%,
104/12/03,72,-31,-35,6,31209,958,339,32506,61.90%,64.47%,
104/12/02,-61,36,-9,-34,31141,989,374,32504,61.76%,64.46%,
104/12/01,-45,22,-8,-31,31349,953,383,32685,62.18%,64.83%,
104/11/30,23,0,-1,22,31394,931,391,32716,62.26%,64.88%,
104/11/27,-65,6,-7,-66,31371,931,392,32694,62.22%,64.84%,
104/11/26,-40,232,-3,189,31436,925,399,32760,62.35%,64.98%,
104/11/25,279,2,4,285,31476,693,402,32571,62.43%,64.60%,
104/11/24,-4,13,-16,-7,31197,691,398,32286,61.87%,64.03%,
104/11/23,-6,39,-3,30,31201,678,414,32293,61.88%,64.05%,
104/11/20,211,0,-22,189,31197,639,417,32253,61.87%,63.96%,
104/11/19,-187,53,17,-117,30986,639,439,32064,61.45%,63.59%,
104/11/18,264,0,-8,256,31173,586,422,32181,61.82%,63.82%,
104/11/17,150,15,0,165,30909,586,430,31925,61.30%,63.32%,
104/11/16,89,-16,10,83,30759,571,430,31760,61.00%,62.99%,
104/11/13,282,3,31,316,30670,587,420,31677,60.83%,62.83%,
104/11/12,-7,37,-7,23,30388,584,389,31361,60.27%,62.20%,
104/11/11,289,17,38,344,30395,547,396,31338,60.28%,62.15%,
104/11/10,22,1,-1,22,30106,530,358,30994,59.71%,61.47%,
104/11/09,-12,-1,-2,-15,30084,529,359,30972,59.67%,61.43%,
104/11/06,17,-31,-1,-15,30096,530,361,30987,59.69%,61.46%,
104/11/05,-43,4,-15,-54,30079,561,362,31002,59.66%,61.49%,
104/11/04,399,8,-46,361,30122,557,377,31056,59.74%,61.59%,
104/11/03,201,3,22,226,29723,549,423,30695,58.95%,60.88%,
104/11/02,-98,54,53,9,29522,546,401,30469,58.55%,60.43%,
104/10/30,-52,31,9,-12,29620,492,348,30460,58.75%,60.42%,
104/10/29,-33,0,-10,-43,29672,461,339,30472,58.85%,60.44%,
104/10/28,-64,50,-4,-18,29705,461,349,30515,58.92%,60.53%,
104/10/27,-34,0,11,-23,29769,411,353,30533,59.04%,60.56%,
104/10/26,68,0,0,68,29803,411,342,30556,59.11%,60.60%,
104/10/23,-1,0,-5,-6,29736,411,342,30489,58.98%,60.47%,
104/10/22,-37,0,16,-21,29737,411,347,30495,58.98%,60.48%,
104/10/21,-42,-28,-3,-73,29774,411,331,30516,59.05%,60.52%,
104/10/20,-127,-24,-10,-161,29816,439,334,30589,59.13%,60.66%,
104/10/19,-128,0,11,-117,29943,463,344,30750,59.39%,60.99%,
104/10/16,2,0,-7,-5,30071,463,333,30867,59.64%,61.22%,
104/10/15,-267,0,-23,-290,30069,463,340,30872,59.64%,61.23%,
104/10/14,50,100,22,172,30340,463,363,31166,60.17%,61.81%,
104/10/13,-64,18,-10,-56,30290,363,341,30994,60.07%,61.47%,
104/10/12,449,0,-9,440,30354,345,351,31050,60.20%,61.58%,
104/10/08,-42,127,15,100,29905,345,360,30610,59.31%,60.71%,
104/10/07,33,7,18,58,29947,218,345,30510,59.39%,60.51%,
104/10/06,-8,-55,-2,-65,29914,211,327,30452,59.33%,60.40%,
104/10/05,-48,28,6,-14,29922,266,329,30517,59.34%,60.52%,
104/10/02,-6,0,11,5,29970,238,323,30531,59.44%,60.55%,
104/10/01,-30,0,-3,-33,29976,238,312,30526,59.45%,60.54%,
104/09/30,5,0,0,5,30006,238,315,30559,59.51%,60.61%,
104/09/25,43,0,0,43,30001,522,315,30838,59.50%,61.16%,
104/09/24,47,0,-3,44,29966,522,315,30803,59.43%,61.09%,
104/09/23,3,3,-4,2,29919,522,318,30759,59.34%,61.01%,
104/09/22,4,0,-1,3,29916,519,322,30757,59.33%,61.00%,
104/09/21,-28,0,-2,-30,29912,519,323,30754,59.32%,60.99%,
104/09/18,-49,68,-33,-14,29940,519,325,30784,59.38%,61.05%,
104/09/17,72,16,41,129,29989,451,358,30798,59.48%,61.08%,
104/09/16,51,0,4,55,29897,435,317,30649,59.30%,60.79%,
104/09/15,5,0,-7,-2,29842,435,313,30590,59.19%,60.67%,
104/09/14,22,0,11,33,29837,435,320,30592,59.18%,60.68%,
104/09/11,56,0,-7,49,29815,435,309,30559,59.13%,60.61%,
104/09/10,-44,0,12,-32,29759,435,316,30510,59.02%,60.51%,
104/09/09,-184,0,-1,-185,29803,435,304,30542,59.11%,60.58%,
104/09/08,-138,0,-10,-148,29987,435,305,30727,59.47%,60.94%,
104/09/07,158,53,12,223,30125,435,315,30875,59.75%,61.24%,
104/09/04,-36,84,3,51,29967,382,303,30652,59.43%,60.79%,
104/09/03,112,0,-1,111,30003,298,300,30601,59.51%,60.70%,
104/09/02,175,0,1,176,29891,298,301,30490,59.28%,60.47%,
104/09/01,441,2,-11,432,29716,298,300,30314,58.94%,60.13%,
104/08/31,184,0,24,208,29275,296,311,29882,58.06%,59.26%,
104/08/28,-343,0,8,-335,29091,296,287,29674,57.70%,58.86%,
104/08/27,-327,0,0,-327,29434,296,279,30009,58.38%,59.52%,
104/08/26,-283,15,3,-265,29761,296,279,30336,59.03%,60.17%,
104/08/25,-152,0,5,-147,30044,281,276,30601,59.59%,60.69%,
104/08/24,-56,0,0,-56,30196,281,271,30748,59.89%,60.98%,
104/08/21,-108,0,-2,-110,30252,281,271,30804,60.00%,61.09%,
104/08/20,-44,0,1,-43,30380,281,273,30934,60.25%,61.35%,
104/08/19,125,0,-1,124,30416,281,272,30969,60.32%,61.42%,
104/08/18,105,0,0,105,30291,281,273,30845,60.08%,61.18%,
104/08/17,20,0,-7,13,30186,281,273,30740,59.87%,60.97%,
104/08/14,-6,0,-2,-8,30166,281,280,30727,59.83%,60.94%,
104/08/13,3,0,-4,-1,30178,281,282,30741,59.85%,60.97%,
104/08/12,10,0,12,22,30165,281,286,30732,59.83%,60.95%,
104/08/11,1,0,2,3,30155,281,274,30710,59.81%,60.91%,
104/08/10,-28,0,0,-28,30154,281,272,30707,59.80%,60.90%,
104/08/07,-17,0,1,-16,30182,281,272,30735,59.86%,60.96%,
104/08/06,-33,0,-1,-34,30199,281,271,30751,59.89%,60.98%,
104/08/05,-12,7,11,6,30234,281,272,30787,59.96%,61.06%,
104/08/04,43,0,1,44,30246,274,261,30781,59.99%,61.05%,
104/08/03,-96,-23,3,-116,30256,274,260,30790,60.01%,61.07%,
104/07/31,-60,0,0,-60,30399,297,257,30953,60.29%,61.39%,
104/07/30,-41,0,-1,-42,30459,297,257,31013,60.41%,61.51%,
104/07/29,-14,0,0,-14,30500,297,258,31055,60.49%,61.59%,
104/07/28,-1,-1,1,-1,30514,297,258,31069,60.52%,61.62%,
104/07/27,26,0,0,26,30515,298,257,31070,60.52%,61.62%,
104/07/24,29,0,0,29,30489,298,257,31044,60.47%,61.57%,
104/07/23,57,0,0,57,30460,298,257,31015,60.41%,61.51%,
104/07/22,20,0,-1,19,30403,298,257,30958,60.30%,61.40%,
104/07/21,-28,0,-5,-33,30383,298,258,30939,60.26%,61.36%,
104/07/20,53,3,-11,45,30411,298,263,30972,60.31%,61.42%,
104/07/17,3,0,3,6,30358,295,274,30927,60.21%,61.34%,
104/07/16,6,0,0,6,30355,295,271,30921,60.20%,61.32%,
104/07/15,51,0,-5,46,30348,295,271,30914,60.19%,61.31%,
104/07/14,-4,0,1,-3,30297,295,276,30868,60.09%,61.22%,
104/07/13,28,0,0,28,30301,295,275,30871,60.10%,61.23%,
104/07/09,-13,0,8,-5,30273,295,275,30843,60.04%,61.17%,
104/07/08,15,0,2,17,30286,295,267,30848,60.07%,61.18%,
104/07/07,-27,0,0,-27,30271,295,265,30831,60.04%,61.15%,
104/07/06,-3,0,0,-3,30298,295,265,30858,60.09%,61.20%,
104/07/03,-19,0,3,-16,30301,295,265,30861,60.10%,61.21%,
104/07/02,68,-22,-3,43,30404,295,262,30961,60.30%,61.40%,
104/07/01,-2,-1,0,-3,30252,317,265,30834,60.00%,61.15%,
104/06/30,-6,0,0,-6,30254,318,265,30837,60.00%,61.16%,
104/06/29,33,-10,-8,15,30260,311,265,30836,60.02%,61.16%,
104/06/26,-14,-12,1,-25,30227,321,273,30821,59.95%,61.13%,
104/06/25,-23,-12,-1,-36,30241,333,272,30846,59.98%,61.18%,
104/06/24,-5,-7,-1,-13,30264,345,273,30882,60.02%,61.25%,
104/06/23,-36,0,-1,-37,30269,352,274,30895,60.03%,61.27%,
104/06/22,-4,0,0,-4,30305,352,275,30932,60.10%,61.34%,
104/06/18,1,-1,-3,-3,30309,352,275,30936,60.11%,61.35%,
104/06/17,-35,8,0,-27,30308,353,278,30939,60.11%,61.36%,
104/06/16,5,2,-2,5,30343,345,278,30966,60.18%,61.42%,
104/06/15,6,3,0,9,30338,343,280,30961,60.17%,61.41%,
104/06/12,10,0,-1,9,30332,340,280,30952,60.16%,61.39%,
104/06/11,32,0,-3,29,30322,340,281,30943,60.14%,61.37%,
104/06/10,3,3,-15,-9,30290,340,284,30914,60.07%,61.31%,
104/06/09,8,0,-11,-3,30287,337,299,30923,60.07%,61.33%,
104/06/08,8,0,10,18,30279,337,310,30926,60.05%,61.33%,
104/06/05,-23,0,1,-22,30271,337,300,30908,60.04%,61.30%,
104/06/04,-8,0,-13,-21,30302,337,299,30938,60.10%,61.36%,
104/06/03,-60,0,-10,-70,30310,337,312,30959,60.11%,61.40%,
104/06/02,-65,0,2,-63,30370,337,322,31029,60.23%,61.54%,
104/06/01,6,-3,-4,-1,30435,337,320,31092,60.36%,61.66%,
104/05/29,12,0,14,26,30429,340,324,31093,60.35%,61.67%,
104/05/28,23,-20,-4,-1,30417,340,310,31067,60.33%,61.62%,
104/05/27,-13,0,-26,-39,30394,360,314,31068,60.28%,61.62%,
104/05/26,-14,0,-15,-29,30407,360,340,31107,60.31%,61.70%,
104/05/25,42,-44,23,21,30420,360,355,31135,60.33%,61.75%,
104/05/22,-15,0,11,-4,30398,404,332,31134,60.29%,61.75%,
104/05/21,-30,0,-11,-41,30413,404,321,31138,60.32%,61.76%,
104/05/20,218,0,45,263,30423,404,332,31159,60.34%,61.80%,
104/05/19,14,0,-5,9,30205,404,287,30896,59.91%,61.28%,
104/05/18,-4,0,-3,-7,30191,404,292,30887,59.88%,61.26%,
104/05/15,-64,-31,-16,-111,30195,404,295,30894,59.89%,61.28%,
104/05/14,8,14,13,35,30259,435,311,31005,60.01%,61.49%,
104/05/13,-20,3,0,-17,30251,421,298,30970,60.00%,61.43%,
104/05/12,1,0,-3,-2,30271,418,298,30987,60.04%,61.46%,
104/05/11,-119,3,0,-116,30270,418,301,30989,60.04%,61.47%,
104/05/08,-92,3,-12,-101,30389,415,301,31105,60.27%,61.69%,
104/05/07,-127,-8,-14,-149,30481,412,313,31206,60.45%,61.89%,
104/05/06,174,4,-119,59,30608,420,327,31355,60.71%,62.19%,
104/05/05,418,-1,169,586,30414,416,446,31276,60.32%,62.03%,
104/05/04,170,0,-6,164,29996,417,277,30690,59.49%,60.87%,
104/04/30,93,0,-8,85,29826,417,283,30526,59.15%,60.54%,
104/04/29,189,-4,-31,154,29733,417,291,30441,58.97%,60.37%,
104/04/28,104,0,7,111,29544,421,322,30287,58.60%,60.07%,
104/04/27,223,0,2,225,29440,421,315,30176,58.39%,59.85%,
104/04/24,93,0,-19,74,29237,421,313,29971,57.99%,59.45%,
104/04/23,-45,0,-80,-125,29144,421,332,29897,57.80%,59.29%,
104/04/22,-427,0,-11,-438,29159,421,412,29992,57.83%,59.48%,
104/04/21,-41,2,-23,-62,29536,421,423,30380,58.58%,60.25%,
104/04/20,48,0,-9,39,29557,419,446,30422,58.62%,60.34%,
104/04/17,-70,0,-24,-94,29509,419,455,30383,58.52%,60.25%,
104/04/16,264,0,-63,201,29579,419,479,30477,58.66%,60.44%,
104/04/15,189,2,30,221,29315,419,542,30276,58.14%,60.05%,
104/04/14,174,12,17,203,29126,417,512,30055,57.76%,59.60%,
104/04/13,100,3,19,122,28952,405,495,29852,57.42%,59.21%,
104/04/10,115,0,-31,84,28851,402,476,29729,57.22%,58.96%,
104/04/09,145,4,6,155,28736,402,507,29645,56.99%,58.79%,
104/04/08,111,4,19,134,28592,398,501,29491,56.71%,58.49%,
104/04/07,-3,0,1,-2,28481,394,482,29357,56.49%,58.23%,
104/04/02,30,0,-7,23,28484,394,481,29359,56.49%,58.23%,
104/04/01,2,0,-10,-8,28454,394,488,29336,56.43%,58.18%,
104/03/31,-15,0,0,-15,28463,394,498,29355,56.45%,58.22%,
104/03/30,-53,0,-13,-66,28553,579,498,29630,56.63%,58.77%,
104/03/27,31,-3,-23,5,28606,579,511,29696,56.73%,58.89%,
104/03/26,61,0,-14,47,28575,582,534,29691,56.67%,58.88%,
104/03/25,25,0,-9,16,28514,582,548,29644,56.55%,58.79%,
104/03/24,-27,0,-8,-35,28489,582,557,29628,56.50%,58.76%,
104/03/23,-48,0,43,-5,28543,582,565,29690,56.61%,58.89%,
104/03/20,-39,0,159,120,28589,582,522,29693,56.70%,58.89%,
104/03/19,-19,0,-7,-26,28628,582,363,29573,56.78%,58.65%,
104/03/18,-9,0,6,-3,28647,582,370,29599,56.82%,58.71%,
104/03/17,-17,0,-32,-49,28656,582,364,29602,56.83%,58.71%,
104/03/16,-30,0,25,-5,28673,582,396,29651,56.87%,58.81%,
104/03/13,-23,0,9,-14,28704,582,371,29657,56.93%,58.82%,
104/03/12,3,0,-40,-37,28727,582,362,29671,56.97%,58.84%,
104/03/11,105,0,71,176,28731,582,402,29715,56.98%,58.93%,
104/03/10,101,0,-34,67,28628,582,331,29541,56.78%,58.59%,
104/03/09,123,0,9,132,28529,582,365,29476,56.58%,58.46%,
104/03/06,-65,0,1,-64,28409,582,356,29347,56.34%,58.20%,
104/03/05,43,0,-7,36,28476,582,355,29413,56.48%,58.34%,
104/03/04,52,0,-24,28,28433,582,362,29377,56.39%,58.26%,
104/03/03,24,0,1,25,28381,582,386,29349,56.29%,58.21%,
104/03/02,131,0,-7,124,28334,582,385,29301,56.20%,58.12%,
104/02/26,36,0,-21,15,28228,582,392,29202,55.99%,57.92%,
104/02/25,114,0,76,190,28192,582,413,29187,55.91%,57.88%,
104/02/24,93,0,8,101,28075,582,337,28994,55.68%,57.50%,
104/02/13,70,0,-4,66,27960,582,329,28871,55.45%,57.26%,
104/02/12,-28,0,1,-27,27890,582,333,28805,55.31%,57.12%,
104/02/11,-49,0,-2,-51,27952,582,332,28866,55.44%,57.25%,
104/02/10,-12,0,-2,-14,27995,582,334,28911,55.52%,57.34%,
104/02/09,-53,0,3,-50,28001,582,336,28919,55.53%,57.35%,
104/02/06,-16,0,-3,-19,27999,582,333,28914,55.53%,57.34%,
104/02/05,41,0,-1,40,28002,582,336,28920,55.54%,57.36%,
104/02/04,-268,-9,-10,-287,27961,582,337,28880,55.45%,57.27%,
104/02/03,-192,0,54,-138,28219,591,347,29157,55.97%,57.83%,
104/02/02,-291,0,-34,-325,28410,591,293,29294,56.35%,58.10%,
104/01/30,-176,0,-2,-178,28701,591,327,29619,56.92%,58.74%,
104/01/29,-110,0,0,-110,28877,591,329,29797,57.27%,59.09%,
104/01/28,1,0,-3,-2,28985,591,329,29905,57.49%,59.31%,
104/01/27,41,0,-6,35,28972,591,332,29895,57.46%,59.29%,
104/01/26,36,0,8,44,28931,591,338,29860,57.38%,59.22%,
104/01/23,-34,0,-22,-56,28895,591,330,29816,57.31%,59.14%,
104/01/22,-58,0,0,-58,28929,591,352,29872,57.38%,59.25%,
104/01/21,27,0,6,33,28987,591,352,29930,57.49%,59.36%,
104/01/20,28,0,-12,16,28960,591,346,29897,57.44%,59.30%,
104/01/19,54,0,-13,41,28932,591,358,29881,57.38%,59.26%,
104/01/16,55,0,-50,5,28928,591,371,29890,57.37%,59.28%,
104/01/15,108,0,63,171,28873,591,421,29885,57.26%,59.27%,
104/01/14,10,0,26,36,28765,591,358,29714,57.05%,58.93%,
104/01/13,12,0,0,12,28755,591,332,29678,57.03%,58.86%,
104/01/12,50,-45,-4,1,28743,591,332,29666,57.01%,58.84%,
104/01/09,28,0,-15,13,28693,636,336,29665,56.91%,58.84%,
104/01/08,-61,0,17,-44,28676,636,351,29663,56.87%,58.83%,
104/01/07,45,0,12,57,28737,636,334,29707,57.00%,58.92%,
104/01/06,-25,0,-4,-29,28692,636,322,29650,56.91%,58.81%,
104/01/05,-20,0,8,-12,28717,636,326,29679,56.96%,58.87%,
