日期,外資買賣超,投信買賣超,自營商買賣超,單日合計買賣超,外資估計持股,投信估計持股,自營商估計持股,單日合計估計持股,外資持股比重,三大法人持股比重,
107/03/31,0,0,0,0,23405,0,3237,26642,3.82%,4.35%,
107/03/30,-237,0,0,-237,23405,0,3237,26642,3.82%,4.35%,
107/03/29,-719,0,-2,-721,23642,0,3237,26879,3.86%,4.39%,
107/03/28,-22,0,0,-22,24231,0,3239,27470,3.96%,4.49%,
107/03/27,-3,0,-1,-4,24253,0,3239,27492,3.96%,4.49%,
107/03/26,117,0,-5,112,24287,0,3240,27527,3.96%,4.49%,
107/03/23,-79,0,-99,-178,24170,0,3245,27415,3.95%,4.48%,
107/03/22,-171,0,58,-113,24249,0,3344,27593,3.96%,4.51%,
107/03/21,-28,0,62,34,24420,0,3286,27706,3.99%,4.53%,
107/03/20,-145,-584,-54,-783,24438,0,3224,27662,3.99%,4.52%,
107/03/19,-326,-562,-21,-909,24583,0,3278,27861,4.01%,4.55%,
107/03/16,-313,-500,-24,-837,24909,0,3299,28208,4.07%,4.61%,
107/03/15,-678,-450,3,-1125,25222,0,3323,28545,4.12%,4.66%,
107/03/14,-58,0,-47,-105,25600,0,3320,28920,4.18%,4.72%,
107/03/13,346,0,0,346,25658,0,3367,29025,4.19%,4.74%,
107/03/12,540,0,-134,406,25312,0,3367,28679,4.13%,4.68%,
107/03/09,-51,0,0,-51,24772,0,3501,28273,4.04%,4.61%,
107/03/08,216,0,0,216,25216,0,3501,28717,4.12%,4.69%,
107/03/07,315,0,0,315,25000,0,3501,28501,4.08%,4.65%,
107/03/06,46,0,3,49,24685,0,3501,28186,4.03%,4.60%,
107/03/05,-357,-262,4,-615,24639,0,3498,28137,4.02%,4.59%,
107/03/02,-329,-510,10,-829,24946,0,3494,28440,4.07%,4.64%,
107/03/01,256,0,2,258,25275,3,3484,28762,4.13%,4.70%,
107/02/27,-136,0,1,-135,25019,3,3482,28504,4.08%,4.65%,
107/02/26,-171,0,76,-95,25155,3,3481,28639,4.11%,4.68%,
107/02/23,149,0,-30,119,25326,3,3405,28734,4.13%,4.69%,
107/02/22,153,0,0,153,25177,3,3435,28615,4.11%,4.67%,
107/02/21,295,0,259,554,25024,3,3435,28462,4.09%,4.65%,
107/02/12,-774,0,-33,-807,24729,3,3176,27908,4.04%,4.56%,
107/02/09,928,0,-12,916,25503,3,3209,28715,4.16%,4.69%,
107/02/08,519,-185,-22,312,24576,3,3221,27800,4.01%,4.54%,
107/02/07,602,-800,-48,-246,24057,188,3243,27488,3.93%,4.49%,
107/02/06,1674,-170,-746,758,24567,988,3291,28846,4.01%,4.71%,
107/02/05,518,-400,-364,-246,22893,1158,4037,28088,3.74%,4.59%,
107/02/02,-29,-400,-33,-462,22375,1558,4401,28334,3.65%,4.62%,
107/02/01,41,0,-758,-717,22404,1958,4434,28796,3.66%,4.70%,
107/01/31,-74,0,-146,-220,22363,1958,5192,29513,3.65%,4.82%,
107/01/30,497,0,-25,472,22437,1958,5338,29733,3.66%,4.85%,
107/01/29,407,0,-121,286,21940,1958,5363,29261,3.58%,4.78%,
107/01/26,593,0,3,596,21533,1958,5484,28975,3.51%,4.73%,
107/01/25,632,0,-31,601,20940,1958,5481,28379,3.42%,4.64%,
107/01/24,488,0,-45,443,20308,1958,5512,27778,3.31%,4.53%,
107/01/23,-180,0,-66,-246,19820,1958,5557,27335,3.23%,4.46%,
107/01/22,-226,0,-665,-891,20000,1958,5623,27581,3.26%,4.50%,
107/01/19,-690,0,-234,-924,20226,1958,6288,28472,3.30%,4.65%,
107/01/18,-2426,0,1421,-1005,21000,1958,6522,29480,3.43%,4.82%,
107/01/17,69,0,10,79,23505,1958,5101,30564,3.84%,4.99%,
107/01/16,17,0,80,97,23450,1958,5091,30499,3.83%,4.98%,
107/01/15,-78,0,826,748,23433,1958,5011,30402,3.83%,4.97%,
107/01/12,144,0,264,408,23511,1958,4185,29654,3.84%,4.84%,
107/01/11,-36,0,100,64,23367,1958,3921,29246,3.81%,4.77%,
107/01/10,65,0,1284,1349,23403,1958,3821,29182,3.82%,4.76%,
107/01/09,96,0,-194,-98,23363,1958,2537,27858,3.81%,4.54%,
107/01/08,0,0,-287,-287,23313,1958,2731,28002,3.81%,4.58%,
107/01/05,-602,0,45,-557,23660,1958,3018,28636,3.86%,4.67%,
107/01/04,-456,0,468,12,24646,1958,2973,29577,4.02%,4.83%,
107/01/03,-1379,0,-118,-1497,24982,1958,2505,29445,4.08%,4.81%,
107/01/02,-1439,0,-69,-1508,26941,1958,2623,31522,4.40%,5.15%,
106/12/29,-583,0,-700,-1283,27595,1958,2692,32245,4.51%,5.27%,
106/12/28,-1335,317,153,-865,28448,4871,3392,36711,4.65%,6.00%,
106/12/27,-536,3984,398,3846,28942,4554,3239,36735,4.73%,6.00%,
106/12/26,-527,15,0,-512,29189,570,2841,32600,4.77%,5.33%,
106/12/25,-400,0,230,-170,29591,555,2841,32987,4.83%,5.39%,
106/12/22,-820,210,-498,-1108,29810,555,2611,32976,4.87%,5.39%,
106/12/21,2112,100,1091,3303,30637,345,3109,34091,5.00%,5.56%,
106/12/20,236,0,0,236,28366,245,2018,30629,4.63%,5.00%,
106/12/19,46,0,-1,45,28157,245,2018,30420,4.60%,4.97%,
106/12/18,414,245,-2,657,28111,245,2019,30375,4.59%,4.96%,
106/12/15,435,0,0,435,28276,0,2021,30297,4.62%,4.95%,
106/12/14,-172,0,6,-166,27841,0,2021,29862,4.55%,4.88%,
106/12/13,-749,0,0,-749,27953,0,2015,29968,4.56%,4.89%,
106/12/12,250,0,-96,154,28702,0,2015,30717,4.69%,5.02%,
106/12/11,837,0,0,837,28452,0,2111,30563,4.65%,5.00%,
106/12/08,100,0,2,102,27615,0,2111,29726,4.51%,4.86%,
106/12/07,722,0,0,722,27515,0,2109,29624,4.49%,4.83%,
106/12/06,1206,0,1,1207,26792,0,2109,28901,4.37%,4.71%,
106/12/05,-2759,0,19,-2740,25586,0,2108,27694,4.18%,4.52%,
106/12/04,716,0,8,724,28210,0,2089,30299,4.61%,4.95%,
106/12/01,-244,0,-26,-270,27135,0,2081,29216,4.43%,4.77%,
106/11/30,497,0,24,521,27291,0,2107,29398,4.46%,4.80%,
106/11/29,-6,0,0,-6,26707,0,2083,28790,4.36%,4.70%,
106/11/28,59,0,0,59,26690,0,2083,28773,4.36%,4.70%,
106/11/27,-845,0,31,-814,26631,0,2083,28714,4.35%,4.69%,
106/11/24,-1773,0,-2,-1775,27353,0,2052,29405,4.47%,4.81%,
106/11/23,141,0,46,187,29102,0,2054,31156,4.75%,5.09%,
106/11/22,-5707,0,-93,-5800,29665,0,2008,31673,4.84%,5.17%,
106/11/21,8650,0,217,8867,36265,0,2101,38366,5.92%,6.26%,
106/11/20,1632,0,60,1692,27615,0,1884,29499,4.51%,4.82%,
106/11/17,1644,0,-50,1594,25983,0,1824,27807,4.24%,4.54%,
106/11/16,523,0,69,592,24339,0,1874,26213,3.97%,4.28%,
106/11/15,356,0,0,356,23816,0,1805,25621,3.89%,4.19%,
106/11/14,-264,0,-138,-402,23460,0,1805,25265,3.83%,4.13%,
106/11/13,-468,0,56,-412,25227,0,1943,27170,4.12%,4.44%,
106/11/10,-729,0,0,-729,25495,0,1887,27382,4.16%,4.47%,
106/11/09,1346,0,-50,1296,26224,0,1887,28111,4.28%,4.59%,
106/11/08,758,0,163,921,24838,0,1937,26775,4.06%,4.38%,
106/11/07,-547,0,-4,-551,24033,0,1774,25807,3.92%,4.21%,
106/11/06,-192,0,0,-192,25138,0,1778,26916,4.10%,4.39%,
106/11/03,-507,0,0,-507,25330,0,1778,27108,4.14%,4.43%,
106/11/02,-169,0,0,-169,25949,0,1778,27727,4.24%,4.53%,
106/11/01,-1168,0,0,-1168,26118,0,1778,27896,4.26%,4.55%,
106/10/31,-447,0,0,-447,27236,0,1778,29014,4.45%,4.74%,
106/10/30,860,0,-61,799,27683,0,1778,29461,4.52%,4.81%,
106/10/27,-228,0,1,-227,28721,0,1839,30560,4.69%,4.99%,
106/10/26,2280,0,-1,2279,29040,0,1838,30878,4.74%,5.04%,
106/10/25,-151,-630,10,-771,26760,0,1839,28599,4.37%,4.67%,
106/10/24,-691,0,101,-590,26911,630,1829,29370,4.39%,4.79%,
106/10/23,303,0,10,313,27342,630,1728,29700,4.46%,4.85%,
106/10/20,335,0,10,345,27039,630,1718,29387,4.41%,4.79%,
106/10/19,-3402,0,0,-3402,26594,630,1708,28932,4.34%,4.72%,
106/10/18,1168,0,12,1180,30544,630,1708,32882,4.99%,5.37%,
106/10/17,454,0,-104,350,29376,630,1696,31702,4.80%,5.18%,
106/10/16,215,0,0,215,29203,630,1800,31633,4.77%,5.17%,
106/10/13,-5272,0,15,-5257,29088,630,1800,31518,4.75%,5.15%,
106/10/12,1259,450,129,1838,34454,630,1785,36869,5.63%,6.02%,
106/10/11,93,180,10,283,32982,180,1656,34818,5.39%,5.69%,
106/10/06,6104,0,45,6149,32639,0,1646,34285,5.33%,5.60%,
106/10/05,3451,0,-237,3214,26535,0,1601,28136,4.33%,4.59%,
106/10/03,1750,0,0,1750,23084,0,1838,24922,3.77%,4.07%,
106/10/02,709,0,-881,-172,21013,0,1838,22851,3.43%,3.73%,
106/09/30,458,0,-38,420,20358,0,2719,23077,3.32%,3.76%,
106/09/29,208,0,270,478,19900,0,2757,22657,3.25%,3.70%,
106/09/28,-643,0,393,-250,19666,0,2487,22153,3.21%,3.62%,
106/09/27,-753,0,-9,-762,19924,0,2094,22018,3.25%,3.59%,
106/09/26,-266,0,307,41,20616,0,2103,22719,3.36%,3.70%,
106/09/25,-1220,0,10,-1210,20570,0,1796,22366,3.36%,3.65%,
106/09/22,99,0,6,105,21757,0,1786,23543,3.55%,3.84%,
106/09/21,-690,0,-76,-766,21476,0,1780,23256,3.51%,3.80%,
106/09/20,359,0,-221,138,22059,0,1856,23915,3.60%,3.90%,
106/09/19,424,0,382,806,21409,0,2077,23486,3.49%,3.83%,
106/09/18,139,0,-2,137,20782,0,1695,22477,3.39%,3.67%,
106/09/15,25,0,0,25,20393,0,1697,22090,3.33%,3.61%,
106/09/14,426,0,10,436,20248,0,1697,21945,3.30%,3.58%,
106/09/13,-245,0,0,-245,19622,0,1687,21309,3.20%,3.48%,
106/09/12,-461,0,15,-446,19474,0,1687,21161,3.18%,3.46%,
106/09/11,-101,0,21,-80,19804,0,1672,21476,3.23%,3.50%,
106/09/08,72,0,5,77,19526,0,1651,21177,3.19%,3.46%,
106/09/07,-182,0,57,-125,19439,0,1646,21085,3.17%,3.44%,
106/09/06,-546,0,0,-546,19465,0,1589,21054,3.18%,3.44%,
106/09/05,19,0,-76,-57,20113,0,1589,21702,3.28%,3.54%,
106/09/04,-524,0,80,-444,20104,0,1665,21769,3.28%,3.55%,
106/09/01,121,0,0,121,20597,0,1585,22182,3.36%,3.62%,
106/08/31,-201,0,0,-201,20306,0,1585,21891,3.31%,3.57%,
106/08/30,-213,0,-76,-289,21064,0,1585,22649,3.44%,3.70%,
106/08/29,-504,0,-4,-508,20247,0,1661,21908,3.30%,3.57%,
106/08/28,97,0,0,97,20751,0,1665,22416,3.39%,3.66%,
106/08/25,-590,0,-166,-756,20654,0,1665,22319,3.37%,3.64%,
106/08/24,-174,0,-60,-234,21244,0,1831,23075,3.47%,3.77%,
106/08/23,-299,0,0,-299,19938,0,1891,21829,3.25%,3.56%,
106/08/22,-410,0,-12,-422,20037,0,1891,21928,3.27%,3.58%,
106/08/21,-148,0,-16,-164,20447,0,1903,22350,3.34%,3.65%,
106/08/18,-287,0,-101,-388,20595,0,1919,22514,3.36%,3.67%,
106/08/17,282,0,-528,-246,20882,0,2020,22902,3.41%,3.74%,
106/08/16,-8,0,-110,-118,20600,0,2548,23148,3.36%,3.78%,
106/08/15,11,0,62,73,20608,0,2658,23266,3.36%,3.79%,
106/08/14,-198,0,0,-198,20597,0,2596,23193,3.36%,3.78%,
106/08/11,-166,0,0,-166,20795,0,2596,23391,3.39%,3.81%,
106/08/10,-250,0,0,-250,20961,0,2596,23557,3.42%,3.84%,
106/08/09,-413,0,-1,-414,21211,0,2596,23807,3.46%,3.88%,
106/08/08,-506,0,0,-506,21624,0,2597,24221,3.53%,3.95%,
106/08/07,504,0,-5,499,21130,0,2597,23727,3.45%,3.87%,
106/08/04,-133,0,-1,-134,20626,0,2602,23228,3.37%,3.80%,
106/08/03,-364,0,-2,-366,20369,0,2603,22972,3.32%,3.75%,
106/08/02,-501,0,0,-501,20733,0,2605,23338,3.38%,3.81%,
106/08/01,-258,0,0,-258,21234,0,2605,23839,3.47%,3.90%,
106/07/31,-572,0,1,-571,20726,0,2605,23331,3.38%,3.81%,
106/07/28,-1198,0,1,-1197,21298,0,2604,23902,3.48%,3.91%,
106/07/27,-72,0,-97,-169,22195,0,2603,24798,3.62%,4.05%,
106/07/26,-1218,0,-39,-1257,22267,0,2700,24967,3.63%,4.07%,
106/07/25,310,0,0,310,23485,0,2739,26224,3.83%,4.28%,
106/07/24,-78,0,0,-78,23175,0,2739,25914,3.78%,4.23%,
106/07/21,-281,0,-250,-531,22853,0,2739,25592,3.73%,4.18%,
106/07/20,-330,0,-342,-672,23134,0,2989,26123,3.78%,4.27%,
106/07/19,-556,0,623,67,23464,0,3331,26795,3.83%,4.37%,
106/07/18,-881,0,0,-881,24046,0,2708,26754,3.93%,4.37%,
106/07/17,-2514,0,-12,-2526,24927,0,2708,27635,4.07%,4.51%,
106/07/14,-153,0,-19,-172,27441,0,2720,30161,4.48%,4.92%,
106/07/13,41,0,-7,34,28275,0,2739,31014,4.62%,5.07%,
106/07/12,-970,0,-17,-987,28234,0,2746,30980,4.61%,5.06%,
106/07/11,-188,0,18,-170,29204,0,2763,31967,4.77%,5.22%,
106/07/10,-603,0,19,-584,29392,0,2745,32137,4.80%,5.25%,
106/07/07,-2226,0,4,-2222,29995,0,2726,32721,4.90%,5.35%,
106/07/06,-2009,0,0,-2009,32296,0,2722,35018,5.27%,5.71%,
106/07/05,-895,0,-1,-896,34305,0,2722,37027,5.60%,6.04%,
106/07/04,-512,0,293,-219,36000,0,2723,38723,5.88%,6.33%,
106/07/03,-2402,0,-200,-2602,36682,0,2430,39112,5.99%,6.39%,
106/06/30,-53,0,189,136,39095,0,2630,41725,6.39%,6.82%,
106/06/29,-500,0,0,-500,39148,0,2441,41589,6.39%,6.79%,
106/06/28,-310,0,0,-310,39403,0,2441,41844,6.44%,6.84%,
106/06/27,-877,0,5,-872,39713,0,2441,42154,6.49%,6.89%,
106/06/26,-325,0,33,-292,40590,0,2436,43026,6.63%,7.03%,
106/06/23,-919,0,0,-919,40915,0,2403,43318,6.68%,7.07%,
106/06/22,7,0,0,7,41834,0,2403,44237,6.83%,7.22%,
106/06/21,106,0,8,114,41827,0,2403,44230,6.83%,7.22%,
106/06/20,-762,0,107,-655,41721,0,2395,44116,6.81%,7.20%,
106/06/19,-1198,0,1,-1197,42483,0,2288,44771,6.94%,7.31%,
106/06/16,-14,0,213,199,43681,0,2287,45968,7.14%,7.51%,
106/06/15,-61,0,60,-1,43695,0,2074,45769,7.14%,7.48%,
106/06/14,-1609,0,1,-1608,43755,0,2014,45769,7.15%,7.48%,
106/06/13,-490,0,21,-469,45364,0,2013,47377,7.41%,7.74%,
106/06/12,547,0,-3,544,45854,0,1992,47846,7.49%,7.82%,
106/06/09,-673,0,3,-670,45307,0,1995,47302,7.40%,7.73%,
106/06/08,-1361,0,1,-1360,45980,0,1992,47972,7.51%,7.84%,
106/06/07,-478,0,4,-474,47341,0,1991,49332,7.73%,8.06%,
106/06/06,99,0,0,99,47818,0,1987,49805,7.81%,8.13%,
106/06/05,-871,0,0,-871,47719,0,1987,49706,7.80%,8.12%,
106/06/03,0,0,50,50,48590,0,1987,50577,7.94%,8.26%,
106/06/02,-1136,0,0,-1136,48590,0,1937,50527,7.94%,8.26%,
106/06/01,-284,0,-1,-285,49715,0,1937,51652,8.12%,8.44%,
106/05/31,-2953,0,0,-2953,49999,0,1938,51937,8.17%,8.49%,
106/05/26,-336,0,0,-336,52952,0,1938,54890,8.65%,8.97%,
106/05/25,683,0,0,683,53188,0,1938,55126,8.69%,9.01%,
106/05/24,-2948,0,1,-2947,52505,0,1938,54443,8.58%,8.90%,
106/05/23,-1379,0,0,-1379,55454,0,1937,57391,9.06%,9.38%,
106/05/22,-662,0,0,-662,56833,0,1937,58770,9.28%,9.60%,
106/05/19,-3955,0,0,-3955,57495,0,1937,59432,9.39%,9.71%,
106/05/18,-2269,0,0,-2269,61450,0,1937,63387,10.04%,10.36%,
106/05/17,-1092,-150,0,-1242,63719,0,1937,65656,10.41%,10.73%,
106/05/16,-1239,-180,39,-1380,64811,150,1937,66898,10.59%,10.93%,
106/05/15,-3750,0,123,-3627,66050,330,1898,68278,10.79%,11.15%,
106/05/12,-866,-200,113,-953,69800,330,1775,71905,11.40%,11.74%,
106/05/11,-940,0,0,-940,70666,530,1662,72858,11.55%,11.91%,
106/05/10,-998,-70,34,-1034,71606,530,1662,73798,11.70%,12.06%,
106/05/09,-1062,-100,0,-1162,72604,600,1628,74832,11.86%,12.22%,
106/05/08,-308,0,0,-308,73561,700,1628,75889,12.02%,12.40%,
106/05/05,-666,-300,0,-966,73869,700,1628,76197,12.07%,12.45%,
106/05/04,164,0,0,164,74535,1000,1628,77163,12.18%,12.61%,
106/05/03,-64,0,1,-63,74371,1000,1628,76999,12.15%,12.58%,
106/05/02,-320,0,58,-262,74435,1000,1627,77062,12.16%,12.59%,
106/04/28,-123,0,0,-123,74755,1000,1569,77324,12.21%,12.63%,
106/04/27,-677,0,0,-677,74878,1000,1569,77447,12.23%,12.65%,
106/04/26,499,0,0,499,75555,1000,1569,78124,12.35%,12.77%,
106/04/25,11,0,0,11,75056,1000,1569,77625,12.26%,12.68%,
106/04/24,-189,0,0,-189,75045,1000,1569,77614,12.26%,12.68%,
106/04/21,-406,0,0,-406,75235,1000,1569,77804,12.29%,12.71%,
106/04/20,-131,0,-10,-141,75641,1000,1569,78210,12.36%,12.78%,
106/04/19,151,0,88,239,75172,1000,1579,77751,12.28%,12.70%,
106/04/18,-650,0,0,-650,75021,1000,1491,77512,12.26%,12.67%,
106/04/17,54,0,0,54,75671,1000,1491,78162,12.36%,12.77%,
106/04/14,-469,100,0,-369,75617,1000,1491,78108,12.36%,12.77%,
106/04/13,-184,0,0,-184,76086,900,1491,78477,12.43%,12.82%,
106/04/12,-1314,0,-2,-1316,76270,900,1491,78661,12.46%,12.85%,
106/04/11,-861,0,0,-861,77584,900,1493,79977,12.68%,13.07%,
106/04/10,-190,0,-5,-195,78445,900,1493,80838,12.82%,13.21%,
106/04/07,-577,-388,43,-922,78635,900,1498,81033,12.85%,13.24%,
106/04/06,-58,0,-40,-98,79212,1288,1455,81955,12.94%,13.39%,
106/04/05,-503,0,54,-449,79270,1288,1495,82053,12.95%,13.40%,
106/03/31,317,0,45,362,79773,1288,1441,82502,13.03%,13.48%,
106/03/30,0,0,-10,-10,79456,1288,1396,82140,12.98%,13.42%,
106/03/29,648,0,-37,611,80275,1288,1406,82969,13.12%,13.56%,
106/03/28,-57,-281,15,-323,79627,1288,1443,82358,13.01%,13.46%,
106/03/27,486,0,-10,476,79711,1569,1428,82708,13.02%,13.51%,
106/03/24,-280,0,-10,-290,79225,1569,1438,82232,12.95%,13.44%,
106/03/23,-70,0,0,-70,79505,1569,1448,82522,12.99%,13.48%,
106/03/22,890,0,0,890,79575,1569,1448,82592,13.00%,13.49%,
106/03/21,136,-133,1,4,78685,1569,1448,81702,12.86%,13.35%,
106/03/20,412,0,0,412,78549,1702,1447,81698,12.83%,13.34%,
106/03/17,-265,0,0,-265,78147,1702,1447,81296,12.77%,13.28%,
106/03/16,589,0,12,601,78412,1702,1447,81561,12.81%,13.32%,
106/03/15,503,0,7,510,77822,1702,1435,80959,12.72%,13.23%,
106/03/14,1354,-129,-783,442,77292,1702,1428,80422,12.63%,13.14%,
106/03/13,1477,-230,-333,914,75938,1831,2211,79980,12.41%,13.07%,
106/03/10,-543,-1163,31,-1675,74461,2061,2544,79066,12.17%,12.92%,
106/03/09,489,0,-519,-30,75004,3224,2513,80741,12.26%,13.20%,
106/03/08,-338,0,-5,-343,74515,3224,3032,80771,12.18%,13.20%,
106/03/07,-320,0,-270,-590,74853,3224,3037,81114,12.23%,13.25%,
106/03/06,525,100,-46,579,75173,3224,3307,81704,12.28%,13.35%,
106/03/03,2213,100,-220,2093,74798,3124,3353,81275,12.22%,13.28%,
106/03/02,552,-208,-370,-26,72585,3024,3573,79182,11.86%,12.94%,
106/03/01,162,-418,-276,-532,72033,3232,3943,79208,11.77%,12.94%,
106/02/24,2242,0,0,2242,71871,3650,4219,79740,11.74%,13.03%,
106/02/23,-1204,0,-156,-1360,69629,3650,4219,77498,11.38%,12.67%,
106/02/22,4125,0,-232,3893,70833,3650,4375,78858,11.57%,12.88%,
106/02/21,912,0,213,1125,66698,3650,4607,74955,10.90%,12.25%,
106/02/20,28,75,403,506,65986,3650,4394,74030,10.78%,12.09%,
106/02/18,-15,-100,334,219,65958,3575,3991,73524,10.78%,12.02%,
106/02/17,1578,926,399,2903,65973,3675,3657,73305,10.78%,11.98%,
106/02/16,2744,0,20,2764,64405,2749,3258,70412,10.52%,11.50%,
106/02/15,1057,0,91,1148,61661,2749,3238,67648,10.07%,11.05%,
106/02/14,1558,0,467,2025,60604,2749,3147,66500,9.90%,10.86%,
106/02/13,2397,80,-50,2427,59046,2749,2680,64475,9.65%,10.54%,
106/02/10,2860,0,0,2860,56649,2669,2730,62048,9.25%,10.13%,
106/02/09,2264,0,85,2349,53789,2669,2730,59188,8.79%,9.67%,
106/02/08,751,0,5,756,51525,2669,2645,56839,8.42%,9.29%,
106/02/07,1917,0,54,1971,50774,2669,2640,56083,8.29%,9.16%,
106/02/06,468,100,212,780,48857,2669,2586,54112,7.98%,8.84%,
106/02/03,689,0,217,906,48438,2569,2374,53381,7.91%,8.72%,
106/02/02,1738,100,-552,1286,47749,2569,2157,52475,7.80%,8.57%,
106/01/24,1009,319,620,1948,46011,2469,2709,51189,7.52%,8.37%,
106/01/23,1021,0,40,1061,45002,2150,2089,49241,7.35%,8.04%,
106/01/20,1395,0,-386,1009,43981,2150,2049,48180,7.18%,7.87%,
106/01/19,-634,0,-12,-646,42586,2150,2435,47171,6.96%,7.71%,
106/01/18,1910,0,-529,1381,43220,2150,2447,47817,7.06%,7.81%,
106/01/17,156,0,0,156,41310,2150,2976,46436,6.75%,7.59%,
106/01/16,462,0,-5,457,41154,2150,2976,46280,6.72%,7.56%,
106/01/13,632,0,-180,452,40692,2150,2981,45823,6.65%,7.49%,
106/01/12,228,0,20,248,40057,2150,3161,45368,6.54%,7.41%,
106/01/11,555,0,-243,312,39702,2150,3141,44993,6.48%,7.34%,
106/01/10,-79,0,-202,-281,39101,2150,3384,44635,6.39%,7.29%,
106/01/09,178,0,-20,158,39155,2150,3586,44891,6.40%,7.34%,
106/01/06,1088,0,-22,1066,38977,2150,3606,44733,6.37%,7.31%,
106/01/05,729,-1181,-2,-454,37889,2150,3628,43667,6.19%,7.13%,
106/01/04,10,-569,35,-524,37160,3331,3630,44121,6.07%,7.21%,
106/01/03,279,0,0,279,37150,3900,3595,44645,6.07%,7.30%,
105/12/30,143,0,-497,-354,36871,3900,3595,44366,6.02%,7.25%,
105/12/29,-316,92,74,-150,36728,3900,4092,44720,6.00%,7.31%,
105/12/28,113,20,-725,-592,37044,3808,4018,44870,6.05%,7.33%,
105/12/27,-175,-98,70,-203,36931,3788,4743,45462,6.03%,7.42%,
105/12/26,93,-165,0,-72,37106,3886,4673,45665,6.06%,7.46%,
105/12/23,1148,-393,91,846,37013,4051,4673,45737,6.05%,7.48%,
105/12/22,-158,-100,-149,-407,35865,4444,4582,44891,5.86%,7.34%,
105/12/21,-133,0,-149,-282,36023,4544,4731,45298,5.88%,7.40%,
105/12/20,130,88,301,519,36425,4544,4880,45849,5.95%,7.49%,
105/12/19,387,273,108,768,36295,4456,4579,45330,5.93%,7.41%,
105/12/16,191,0,45,236,35908,4183,4471,44562,5.86%,7.27%,
105/12/15,790,0,84,874,35717,4183,4426,44326,5.83%,7.24%,
105/12/14,1847,1287,31,3165,34927,4183,4342,43452,5.70%,7.09%,
105/12/13,4982,0,279,5261,33080,2896,4311,40287,5.40%,6.58%,
105/12/12,506,0,-46,460,28098,2896,4032,35026,4.59%,5.72%,
105/12/09,624,0,-42,582,27542,2896,4078,34516,4.50%,5.64%,
105/12/08,248,0,801,1049,26918,2896,4120,33934,4.40%,5.55%,
105/12/07,3378,100,261,3739,26670,2896,3319,32885,4.35%,5.37%,
105/12/06,2068,0,1,2069,23292,2796,3058,29146,3.80%,4.76%,
105/12/05,23,100,683,806,21224,2796,3057,27077,3.46%,4.42%,
105/12/02,5,520,-198,327,21919,2696,2374,26989,3.58%,4.41%,
105/12/01,-363,775,567,979,21914,2176,2572,26662,3.58%,4.36%,
105/11/30,137,0,61,198,22577,1401,2005,25983,3.69%,4.25%,
105/11/29,1049,0,119,1168,22440,1401,1944,25785,3.66%,4.21%,
105/11/28,-4,471,308,775,21391,1401,1825,24617,3.49%,4.02%,
105/11/25,112,0,159,271,21395,930,1517,23842,3.49%,3.89%,
105/11/24,-29,0,-8,-37,21273,930,1358,23561,3.47%,3.84%,
105/11/23,309,0,66,375,21302,930,1366,23598,3.48%,3.86%,
105/11/22,-38,0,3,-35,20993,930,1300,23223,3.43%,3.79%,
105/11/21,-40,0,0,-40,20531,930,1297,22758,3.35%,3.71%,
105/11/18,-233,930,0,697,20571,930,1297,22798,3.36%,3.72%,
105/11/17,-41,0,3,-38,20804,0,1297,22101,3.40%,3.61%,
105/11/16,622,0,-1,621,21272,0,1294,22566,3.47%,3.68%,
105/11/15,423,0,0,423,20650,0,1295,21945,3.37%,3.58%,
105/11/14,144,0,-1,143,20227,0,1295,21522,3.30%,3.51%,
105/11/11,98,0,0,98,20083,0,1296,21379,3.28%,3.49%,
105/11/10,0,0,0,0,19985,0,1296,21281,3.26%,3.47%,
105/11/09,68,0,-29,39,19985,0,1296,21281,3.26%,3.47%,
105/11/08,-17,0,0,-17,19917,0,1325,21242,3.25%,3.47%,
105/11/07,-36,0,4,-32,19934,0,1325,21259,3.25%,3.47%,
105/11/04,-63,0,0,-63,19970,0,1321,21291,3.26%,3.48%,
105/11/03,49,0,7,56,20033,0,1321,21354,3.27%,3.49%,
105/11/02,-22,0,-56,-78,19984,0,1314,21298,3.26%,3.47%,
105/11/01,17,0,2,19,20006,0,1370,21376,3.27%,3.49%,
105/10/31,-15,0,-3,-18,19989,0,1368,21357,3.26%,3.48%,
105/10/28,-21,0,0,-21,20004,0,1371,21375,3.26%,3.48%,
105/10/27,-12,0,0,-12,20025,0,1371,21396,3.27%,3.49%,
105/10/26,-30,0,0,-30,20037,0,1371,21408,3.27%,3.49%,
105/10/25,-6,0,0,-6,20067,0,1371,21438,3.28%,3.50%,
105/10/24,-5,0,0,-5,20073,0,1371,21444,3.28%,3.50%,
105/10/21,-35,0,-2,-37,20078,0,1371,21449,3.28%,3.50%,
105/10/20,-203,0,-1,-204,20100,0,1373,21473,3.28%,3.50%,
105/10/19,40,0,-3,37,20293,0,1374,21667,3.31%,3.53%,
105/10/18,-109,0,-1,-110,20253,0,1377,21630,3.31%,3.54%,
105/10/17,-50,0,-2,-52,20362,0,1378,21740,3.32%,3.55%,
105/10/14,-12,0,-552,-564,20409,0,1380,21789,3.33%,3.56%,
105/10/13,-1,0,-146,-147,20421,0,1932,22353,3.33%,3.65%,
105/10/12,4,0,-356,-352,20422,0,2078,22500,3.33%,3.67%,
105/10/11,-72,0,-8,-80,20418,0,2434,22852,3.33%,3.73%,
105/10/07,10,0,0,10,20385,0,2442,22827,3.33%,3.73%,
105/10/06,33,0,0,33,20375,0,2442,22817,3.33%,3.73%,
105/10/05,16,0,0,16,20342,0,2442,22784,3.32%,3.72%,
105/10/04,62,0,0,62,20326,0,2442,22768,3.32%,3.72%,
105/10/03,-12,0,0,-12,20264,0,2442,22706,3.31%,3.71%,
105/09/30,41,0,-109,-68,20276,0,2442,22718,3.31%,3.71%,
105/09/29,37,0,-292,-255,20235,0,2551,22786,3.30%,3.72%,
105/09/26,116,0,-2,114,20198,0,2843,23041,3.30%,3.76%,
105/09/23,98,0,-16,82,20082,0,2845,22927,3.28%,3.75%,
105/09/22,33,0,16,49,19984,0,2861,22845,3.26%,3.73%,
105/09/21,140,0,-11,129,19951,0,2845,22796,3.26%,3.73%,
105/09/20,206,0,2,208,19801,0,2856,22657,3.23%,3.70%,
105/09/19,37,0,-19,18,19595,0,2854,22449,3.20%,3.67%,
105/09/14,-49,0,-495,-544,19482,0,2873,22355,3.18%,3.65%,
105/09/13,-432,0,-118,-550,19531,0,3368,22899,3.19%,3.74%,
105/09/12,-35,0,-1,-36,19963,0,3486,23449,3.26%,3.83%,
105/09/10,0,0,20,20,18498,0,3487,21985,3.02%,3.59%,
105/09/09,-20,0,0,-20,18498,0,3467,21965,3.02%,3.59%,
105/09/08,-68,0,30,-38,18518,0,3467,21985,3.02%,3.59%,
105/09/07,102,0,64,166,18586,0,3437,22023,3.03%,3.59%,
105/09/06,161,0,-7,154,18484,0,3373,21857,3.02%,3.57%,
105/09/05,-26,0,12,-14,18191,0,3380,21571,2.97%,3.52%,
105/09/02,-135,0,0,-135,18217,0,3368,21585,2.97%,3.52%,
105/09/01,-99,0,0,-99,18352,0,3368,21720,2.99%,3.54%,
105/08/31,-31,0,107,76,18451,0,3368,21819,3.01%,3.56%,
105/08/30,-17,0,10,-7,18482,0,3261,21743,3.02%,3.55%,
105/08/29,22,0,8,30,18499,0,3251,21750,3.02%,3.55%,
105/08/26,65,0,21,86,18477,0,3243,21720,3.02%,3.55%,
105/08/25,30,0,101,131,18412,0,3222,21634,3.00%,3.53%,
105/08/24,-24,0,80,56,18382,0,3121,21503,3.00%,3.51%,
105/08/23,-54,0,85,31,18406,0,3041,21447,3.00%,3.50%,
105/08/22,-661,0,6,-655,18450,0,2956,21406,3.01%,3.49%,
105/08/19,135,0,118,253,19111,0,2950,22061,3.12%,3.60%,
105/08/18,54,0,-8,46,18976,0,2832,21808,3.10%,3.56%,
105/08/17,142,0,3,145,18922,0,2840,21762,3.09%,3.55%,
105/08/16,236,0,-2,234,18781,0,2837,21618,3.06%,3.52%,
105/08/15,128,0,0,128,18545,0,2839,21384,3.03%,3.49%,
105/08/12,369,0,15,384,18417,0,2839,21256,3.01%,3.47%,
105/08/11,488,0,115,603,18048,0,2824,20872,2.95%,3.41%,
105/08/10,460,0,-6,454,17560,0,2709,20269,2.87%,3.31%,
105/08/09,165,0,3,168,17100,0,2715,19815,2.79%,3.23%,
105/08/08,230,0,120,350,16935,0,2712,19647,2.76%,3.20%,
105/08/05,190,0,-73,117,16695,0,2592,19287,2.72%,3.14%,
105/08/04,171,0,206,377,16505,0,2665,19170,2.69%,3.13%,
105/08/03,-182,0,605,423,16334,0,2459,18793,2.66%,3.06%,
105/08/02,171,0,23,194,16516,0,1854,18370,2.69%,2.99%,
105/08/01,-194,0,1,-193,16345,0,1831,18176,2.67%,2.97%,
105/07/29,-271,0,-2,-273,16365,0,1830,18195,2.67%,2.97%,
105/07/28,408,0,-141,267,16619,0,1832,18451,2.71%,3.01%,
105/07/27,66,0,-1,65,16201,0,1973,18174,2.64%,2.96%,
105/07/26,-31,0,20,-11,16125,0,1974,18099,2.63%,2.95%,
105/07/25,20,0,0,20,16156,0,1954,18110,2.64%,2.96%,
105/07/22,119,0,1,120,16136,0,1954,18090,2.63%,2.95%,
105/07/21,98,0,14,112,15136,0,1953,17089,2.47%,2.79%,
105/07/20,344,0,-109,235,15038,0,1939,16977,2.45%,2.77%,
105/07/19,109,0,116,225,14694,0,2048,16742,2.40%,2.73%,
105/07/18,237,0,20,257,14785,0,1932,16717,2.41%,2.73%,
105/07/15,199,0,27,226,14348,0,1912,16260,2.34%,2.65%,
105/07/14,418,-175,0,243,14498,0,1885,16383,2.36%,2.67%,
105/07/13,316,-230,136,222,14080,66,1885,16031,2.30%,2.62%,
105/07/12,242,-70,24,196,13764,296,1749,15809,2.24%,2.57%,
105/07/11,-32,-100,-23,-155,13522,366,1725,15613,2.21%,2.55%,
105/07/07,-32,-20,-45,-97,14075,466,1748,16289,2.30%,2.66%,
105/07/06,138,0,9,147,14107,486,1793,16386,2.30%,2.67%,
105/07/05,55,0,-66,-11,13969,486,1784,16239,2.28%,2.65%,
105/07/04,131,0,0,131,14242,486,1850,16578,2.32%,2.70%,
105/07/01,247,0,0,247,14111,486,1850,16447,2.30%,2.68%,
105/06/30,6,0,0,6,13906,486,1850,16242,2.27%,2.65%,
105/06/29,84,0,-7,77,13817,486,1850,16153,2.25%,2.63%,
105/06/28,69,-47,15,37,13733,486,1857,16076,2.24%,2.62%,
105/06/27,-58,-100,0,-158,13664,533,1842,16039,2.23%,2.62%,
105/06/24,-133,0,47,-86,13722,633,1842,16197,2.24%,2.64%,
105/06/23,-121,-110,0,-231,14095,633,1795,16523,2.30%,2.70%,
105/06/22,142,0,0,142,14216,743,1795,16754,2.32%,2.73%,
105/06/21,151,0,0,151,14094,743,1795,16632,2.30%,2.71%,
105/06/20,88,0,13,101,13943,743,1795,16481,2.27%,2.68%,
105/06/17,-28,0,-3,-31,13855,743,1782,16380,2.26%,2.67%,
105/06/16,-12,-70,0,-82,13883,743,1785,16411,2.26%,2.67%,
105/06/15,-207,0,0,-207,13895,813,1785,16493,2.27%,2.69%,
105/06/14,-72,-67,0,-139,14102,813,1785,16700,2.30%,2.72%,
105/06/13,-189,0,26,-163,14174,880,1785,16839,2.31%,2.75%,
105/06/08,5,0,61,66,14363,880,1759,17002,2.34%,2.77%,
105/06/07,-8,0,0,-8,14358,880,1698,16936,2.34%,2.76%,
105/06/06,26,0,29,55,14366,880,1698,16944,2.34%,2.76%,
105/06/04,0,0,0,0,14340,880,1669,16889,2.34%,2.76%,
105/06/03,-149,0,0,-149,14340,880,1669,16889,2.34%,2.76%,
105/06/02,-24,0,-8,-32,14489,880,1669,17038,2.36%,2.78%,
105/06/01,151,0,5,156,14503,880,1677,17060,2.37%,2.79%,
105/05/31,54,0,28,82,14342,880,1672,16894,2.34%,2.76%,
105/05/30,17,0,0,17,14288,880,1644,16812,2.33%,2.74%,
105/05/27,-33,0,88,55,14271,880,1644,16795,2.33%,2.74%,
105/05/26,-89,0,37,-52,14304,880,1556,16740,2.33%,2.73%,
105/05/25,81,0,-34,47,14393,880,1519,16792,2.35%,2.74%,
105/05/24,8,0,0,8,14312,880,1553,16745,2.33%,2.73%,
105/05/23,-208,0,1,-207,14304,880,1553,16737,2.33%,2.73%,
105/05/20,-486,0,-4,-490,14504,880,1552,16936,2.37%,2.77%,
105/05/19,-270,0,-8,-278,14980,880,1556,17416,2.44%,2.84%,
105/05/18,-317,0,69,-248,15172,880,1564,17616,2.48%,2.88%,
105/05/17,-1012,0,0,-1012,15009,880,1495,17384,2.45%,2.84%,
105/05/16,-329,0,0,-329,16021,880,1495,18396,2.61%,3.00%,
105/05/13,-658,0,-30,-688,16350,880,1495,18725,2.67%,3.06%,
105/05/12,-347,0,-20,-367,17008,880,1525,19413,2.78%,3.17%,
105/05/11,91,0,-38,53,17351,880,1545,19776,2.83%,3.23%,
105/05/10,-449,-560,-8,-1017,17260,880,1583,19723,2.82%,3.22%,
105/05/09,-102,0,-30,-132,17699,1440,1591,20730,2.89%,3.39%,
105/05/06,-74,0,-772,-846,17801,1440,1621,20862,2.90%,3.40%,
105/05/05,-10,-100,-498,-608,17875,1440,2393,21708,2.92%,3.55%,
105/05/04,-172,0,-64,-236,17885,1540,2891,22316,2.92%,3.64%,
105/05/03,-90,0,0,-90,18057,1540,2955,22552,2.95%,3.68%,
105/04/29,-59,0,-50,-109,18147,1540,2955,22642,2.96%,3.69%,
105/04/28,-164,0,0,-164,18206,1540,3005,22751,2.97%,3.71%,
105/04/27,171,0,0,171,18370,1540,3005,22915,3.00%,3.74%,
105/04/26,-150,0,0,-150,18199,1540,3005,22744,2.97%,3.71%,
105/04/25,-253,0,0,-253,18339,1540,3005,22884,2.99%,3.73%,
105/04/22,-383,0,0,-383,18592,1540,3005,23137,3.03%,3.77%,
105/04/21,56,0,-20,36,18975,1540,3005,23520,3.10%,3.84%,
105/04/20,811,0,0,811,19555,1540,3025,24120,3.19%,3.94%,
105/04/19,126,0,41,167,18781,1540,3025,23346,3.06%,3.81%,
105/04/18,59,-200,-50,-191,18655,1540,2984,23179,3.04%,3.78%,
105/04/15,590,-200,0,390,18596,1740,3034,23370,3.03%,3.81%,
105/04/14,493,-200,-160,133,18006,1940,3034,22980,2.94%,3.75%,
105/04/13,139,0,0,139,17871,2140,3194,23205,2.92%,3.79%,
105/04/12,-514,0,-20,-534,17777,2140,3194,23111,2.90%,3.77%,
105/04/11,-145,0,-5,-150,19120,2140,3214,24474,3.12%,4.00%,
105/04/08,-909,0,-35,-944,19404,2140,3219,24763,3.17%,4.05%,
105/04/07,1579,0,-71,1508,20313,2140,3254,25707,3.32%,4.20%,
105/04/06,623,-110,-177,336,18956,2140,3325,24421,3.09%,3.98%,
105/04/01,374,-1104,-130,-860,18588,2250,3502,24340,3.03%,3.97%,
105/03/31,463,-1095,-8,-640,18214,3354,3632,25200,2.97%,4.11%,
105/03/30,367,-400,146,113,18739,4651,3640,27030,3.06%,4.42%,
105/03/29,-68,-478,0,-546,18372,5051,3494,26917,3.00%,4.40%,
105/03/28,-586,0,33,-553,18440,5529,3494,27463,3.01%,4.48%,
105/03/25,-144,0,-7,-151,19026,5529,3461,28016,3.10%,4.57%,
105/03/24,-359,0,13,-346,19170,5529,3468,28167,3.13%,4.60%,
105/03/23,-1073,0,-60,-1133,19529,5529,3455,28513,3.19%,4.66%,
105/03/22,1294,89,43,1426,20854,5529,3515,29898,3.40%,4.88%,
105/03/21,914,160,-170,904,19560,5440,3472,28472,3.19%,4.65%,
105/03/18,2295,0,0,2295,18646,5280,3642,27568,3.04%,4.50%,
105/03/17,-890,0,-61,-951,16401,5280,3642,25323,2.68%,4.14%,
105/03/16,1013,0,44,1057,17433,5280,3703,26416,2.84%,4.31%,
105/03/15,-110,200,-124,-34,16637,5280,3659,25576,2.71%,4.17%,
105/03/14,611,300,92,1003,16783,5080,3783,25646,2.74%,4.19%,
105/03/11,1211,0,126,1337,16032,4780,3691,24503,2.62%,4.00%,
105/03/10,-221,-606,111,-716,14821,4780,3565,23166,2.42%,3.78%,
105/03/09,-547,-794,293,-1048,15101,5386,3454,23941,2.46%,3.91%,
105/03/08,-897,-900,1625,-172,15648,6180,3161,24989,2.55%,4.08%,
105/03/07,-21,0,-483,-504,16559,7080,1536,25175,2.70%,4.11%,
105/03/04,-49,0,-65,-114,16639,7080,2019,25738,2.71%,4.20%,
105/03/03,-256,0,-59,-315,16745,7080,2084,25909,2.73%,4.23%,
105/03/02,-366,300,-67,-133,16923,7080,2143,26146,2.76%,4.27%,
105/03/01,-1939,300,30,-1609,17575,6780,2210,26565,2.87%,4.34%,
105/02/26,-1060,200,-726,-1586,19197,6480,2180,27857,3.13%,4.55%,
105/02/25,-991,707,-640,-924,20257,6280,2906,29443,3.31%,4.81%,
105/02/24,-256,500,-457,-213,21950,5573,3546,31069,3.58%,5.07%,
105/02/23,-907,0,258,-649,22256,5073,4003,31332,3.63%,5.11%,
105/02/22,113,0,60,173,23228,5073,3745,32046,3.79%,5.23%,
105/02/19,-701,2,184,-515,23115,5073,3685,31873,3.77%,5.20%,
105/02/18,-336,0,-27,-363,23831,5071,3501,32403,3.89%,5.29%,
105/02/17,-158,0,151,-7,24106,5071,3528,32705,3.94%,5.35%,
105/02/16,222,0,92,314,24453,5071,3377,32901,3.99%,5.37%,
105/02/15,-1283,0,330,-953,24166,5071,3285,32522,3.95%,5.32%,
105/02/03,-97,0,-43,-140,25449,5071,2955,33475,4.15%,5.46%,
105/02/02,-370,593,-96,127,26319,5071,2998,34388,4.30%,5.62%,
105/02/01,-333,0,-109,-442,26689,4478,3094,34261,4.36%,5.60%,
105/01/30,0,0,-10,-10,26151,4478,3203,33832,4.27%,5.53%,
105/01/29,-497,0,30,-467,26236,4478,3213,33927,4.28%,5.54%,
105/01/28,-850,0,-155,-1005,27573,4478,3183,35234,4.50%,5.75%,
105/01/27,1105,1000,-165,1940,27991,4478,3338,35807,4.57%,5.85%,
105/01/26,551,1300,-49,1802,27067,3478,3503,34048,4.42%,5.56%,
105/01/25,474,500,185,1159,27521,2178,3552,33251,4.49%,5.43%,
105/01/22,-749,0,8,-741,27047,1678,3367,32092,4.42%,5.24%,
105/01/21,-987,0,29,-958,27646,1678,3359,32683,4.51%,5.33%,
105/01/20,602,0,275,877,27349,1678,3330,32357,4.47%,5.29%,
105/01/19,-306,200,-2,-108,26226,1678,3055,30959,4.28%,5.05%,
105/01/18,-64,0,5,-59,26506,1478,3057,31041,4.33%,5.07%,
105/01/15,-1001,200,-30,-831,26362,1478,3052,30892,4.30%,5.04%,
105/01/14,-1930,0,7,-1923,27220,1278,3082,31580,4.44%,5.15%,
105/01/13,-471,0,151,-320,29148,1278,3075,33501,4.76%,5.47%,
105/01/12,-679,0,-26,-705,29154,1278,2924,33356,4.76%,5.45%,
105/01/11,-677,0,-8,-685,29260,1278,2950,33488,4.78%,5.47%,
105/01/08,60,0,66,126,29937,1278,2958,34173,4.89%,5.58%,
105/01/07,-478,100,172,-206,29833,1278,2892,34003,4.87%,5.55%,
105/01/06,-447,200,97,-150,30325,1178,2720,34223,4.95%,5.59%,
105/01/05,-1220,200,104,-916,30854,978,2623,34455,5.04%,5.63%,
105/01/04,-927,200,513,-214,31800,778,2519,35097,5.19%,5.73%,
104/12/31,-203,200,33,30,32374,578,2006,34958,5.29%,5.71%,
104/12/30,59,300,-46,313,32323,300,1973,34596,5.28%,5.65%,
104/12/29,-238,-144,5,-377,32282,0,2019,34301,5.27%,5.60%,
104/12/28,-542,-132,89,-585,32782,129,2014,34925,5.35%,5.70%,
104/12/25,151,0,107,258,32966,261,1925,35152,5.38%,5.74%,
104/12/24,19,0,-1,18,32920,261,1818,34999,5.38%,5.72%,
104/12/23,334,0,-7,327,32645,261,1819,34725,5.33%,5.67%,
104/12/22,124,0,-4,120,32679,261,1826,34766,5.34%,5.68%,
104/12/21,-654,0,14,-640,32853,261,1830,34944,5.37%,5.71%,
104/12/18,1065,0,3,1068,33176,261,1816,35253,5.42%,5.76%,
104/12/17,475,0,1,476,32098,261,1813,34172,5.24%,5.58%,
104/12/16,-402,0,12,-390,32358,261,1812,34431,5.28%,5.62%,
104/12/15,-567,0,-5,-572,33422,261,1800,35483,5.46%,5.80%,
104/12/14,-864,0,0,-864,34497,261,1805,36563,5.63%,5.97%,
104/12/11,-414,0,0,-414,35250,261,1805,37316,5.76%,6.10%,
104/12/10,-1332,0,-10,-1342,35654,261,1805,37720,5.82%,6.16%,
104/12/09,-1125,0,37,-1088,36664,261,1815,38740,5.99%,6.33%,
104/12/08,-882,0,99,-783,37779,261,1778,39818,6.17%,6.50%,
104/12/07,-946,0,9,-937,38544,261,1679,40484,6.30%,6.62%,
104/12/04,-716,0,46,-670,39161,261,1670,41092,6.40%,6.72%,
104/12/03,-927,0,95,-832,39720,261,1624,41605,6.49%,6.80%,
104/12/02,-736,0,11,-725,40603,261,1529,42393,6.63%,6.92%,
104/12/01,-907,0,13,-894,41278,261,1518,43057,6.74%,7.03%,
104/11/30,-1501,0,72,-1429,41898,261,1505,43664,6.84%,7.13%,
104/11/27,-305,0,-2,-307,42148,261,1433,43842,6.88%,7.16%,
104/11/26,-1072,0,0,-1072,42453,261,1435,44149,6.93%,7.21%,
104/11/25,-844,0,-12,-856,43296,261,1435,44992,7.07%,7.35%,
104/11/24,-2596,0,-6,-2602,44140,261,1447,45848,7.21%,7.49%,
104/11/23,-1242,0,-3,-1245,46536,261,1453,48250,7.60%,7.88%,
104/11/20,-2345,0,-1,-2346,47633,261,1456,49350,7.78%,8.06%,
104/11/19,-993,0,-8,-1001,49828,261,1457,51546,8.14%,8.42%,
104/11/18,-1311,0,10,-1301,50785,261,1465,52511,8.30%,8.58%,
104/11/17,-838,0,-101,-939,51963,261,1455,53679,8.49%,8.77%,
104/11/16,-1778,0,-85,-1863,52576,261,1556,54393,8.59%,8.89%,
104/11/13,-647,0,21,-626,54354,261,1641,56256,8.88%,9.19%,
104/11/12,-308,0,-13,-321,54941,261,1620,56822,8.98%,9.29%,
104/11/11,-345,0,-30,-375,55563,261,1633,57457,9.08%,9.39%,
104/11/10,10,0,-7,3,55884,261,1663,57808,9.13%,9.44%,
104/11/09,-192,0,43,-149,56011,261,1670,57942,9.15%,9.47%,
104/11/06,-417,0,-16,-433,56203,261,1627,58091,9.18%,9.49%,
104/11/05,-220,0,1,-219,56844,261,1643,58748,9.29%,9.60%,
104/11/04,220,27,20,267,57064,261,1642,58967,9.32%,9.63%,
104/11/03,-25,0,-24,-49,56844,234,1622,58700,9.29%,9.59%,
104/11/02,-138,0,-41,-179,56859,234,1646,58739,9.29%,9.60%,
104/10/30,-495,0,214,-281,56935,234,1687,58856,9.30%,9.61%,
104/10/29,-465,0,91,-374,57364,234,1473,59071,9.37%,9.65%,
104/10/28,-866,0,-14,-880,57807,234,1382,59423,9.44%,9.70%,
104/10/27,-427,0,6,-421,58619,234,1396,60249,9.58%,9.85%,
104/10/26,-141,0,5,-136,59014,234,1390,60638,9.64%,9.91%,
104/10/23,-830,0,-33,-863,58994,234,1385,60613,9.64%,9.90%,
104/10/22,-1646,0,-4,-1650,59401,234,1418,61053,9.70%,9.97%,
104/10/21,-581,0,-37,-618,60820,234,1422,62476,9.94%,10.21%,
104/10/20,-888,0,145,-743,61157,234,1459,62850,9.99%,10.27%,
104/10/19,-1638,0,-14,-1652,61735,234,1314,63283,10.09%,10.34%,
104/10/16,-972,0,-30,-1002,63373,234,1328,64935,10.35%,10.61%,
104/10/15,-1438,0,-54,-1492,64345,234,1358,65937,10.51%,10.77%,
104/10/14,-1048,0,-75,-1123,65723,234,1412,67369,10.74%,11.01%,
104/10/13,-960,0,-178,-1138,66771,234,1487,68492,10.91%,11.19%,
104/10/12,-1426,0,46,-1380,67731,234,1665,69630,11.07%,11.38%,
104/10/08,-2780,0,-1353,-4133,69157,234,1619,71010,11.30%,11.60%,
104/10/07,-1642,0,36,-1606,71937,234,2972,75143,11.75%,12.27%,
104/10/06,-1183,0,-275,-1458,73569,234,2936,76739,12.02%,12.54%,
104/10/05,473,0,358,831,74752,234,3211,78197,12.21%,12.77%,
104/10/02,-1163,22,-603,-1744,74257,234,2853,77344,12.13%,12.63%,
104/10/01,99,0,548,647,75263,212,3456,78931,12.30%,12.90%,
104/09/30,-498,0,-121,-619,75154,212,2908,78274,12.28%,12.79%,
104/09/25,-763,0,-15,-778,75642,212,3029,78883,12.36%,12.89%,
104/09/24,68,0,-16,52,76405,212,3044,79661,12.48%,13.01%,
104/09/23,-717,0,-153,-870,76337,212,3060,79609,12.47%,13.00%,
104/09/22,-171,0,-48,-219,77055,212,3213,80480,12.59%,13.15%,
104/09/21,-107,212,-20,85,77079,212,3261,80552,12.59%,13.16%,
104/09/18,719,0,-381,338,77186,0,3281,80467,12.61%,13.15%,
104/09/17,-2594,0,240,-2354,76467,0,3662,80129,12.49%,13.09%,
104/09/16,-128,-1338,113,-1353,79061,0,3422,82483,12.92%,13.48%,
104/09/15,-401,0,40,-361,79189,0,3309,82498,12.94%,13.48%,
104/09/14,-615,0,-268,-883,79590,0,3269,82859,13.00%,13.53%,
104/09/11,417,0,2,419,80205,0,3537,83742,13.11%,13.69%,
104/09/10,174,0,4,178,79788,0,3535,83323,13.04%,13.62%,
104/09/09,372,0,108,480,79614,0,3531,83145,13.01%,13.59%,
104/09/08,-574,0,350,-224,79242,0,3423,82665,12.95%,13.51%,
104/09/07,280,0,-461,-181,79815,0,3073,82888,13.04%,13.54%,
104/09/04,-625,0,2,-623,79535,0,3534,83069,13.00%,13.58%,
104/09/03,301,-567,819,553,80160,0,3532,83692,13.10%,13.68%,
104/09/02,176,-1000,-95,-919,79847,0,2713,82560,13.05%,13.49%,
104/09/01,-421,-402,431,-392,79671,0,2808,82479,13.02%,13.48%,
104/08/31,235,-134,-5,96,80082,0,2377,82459,13.09%,13.48%,
104/08/28,-16,-504,-66,-586,81868,0,2382,84250,13.38%,13.77%,
104/08/27,-236,0,-241,-477,81874,0,2448,84322,13.38%,13.78%,
104/08/26,700,-200,-615,-115,82110,0,2689,84799,13.42%,13.86%,
104/08/25,1700,0,-27,1673,81410,188,3304,84902,13.30%,13.87%,
104/08/24,65,0,476,541,79710,188,3331,83229,13.02%,13.60%,
104/08/21,-2131,-196,68,-2259,79645,188,2855,82688,13.01%,13.51%,
104/08/20,541,-311,1095,1325,81776,384,2787,84947,13.36%,13.88%,
104/08/19,87,-89,-15,-17,81241,695,1692,83628,13.27%,13.66%,
104/08/18,-1287,-330,-82,-1699,81154,784,1707,83645,13.26%,13.67%,
104/08/17,-2002,0,-218,-2220,82441,1114,1789,85344,13.47%,13.94%,
104/08/14,-953,0,24,-929,84443,1114,2007,87564,13.80%,14.31%,
104/08/13,-1380,0,38,-1342,85380,1114,1983,88477,13.95%,14.46%,
104/08/12,360,0,32,392,86760,1114,1945,89819,14.18%,14.68%,
104/08/11,-1061,0,-15,-1076,86400,1114,1913,89427,14.12%,14.61%,
104/08/10,339,0,-92,247,87461,1114,1928,90503,14.29%,14.79%,
104/08/07,485,-100,5,390,87122,1114,2020,90256,14.24%,14.75%,
104/08/06,1844,-200,3,1647,86637,1214,2015,89866,14.16%,14.69%,
104/08/05,2404,-784,-104,1516,84793,1414,2012,88219,13.86%,14.42%,
104/08/04,-1759,-2700,-28,-4487,82389,2198,2116,86703,13.46%,14.17%,
104/08/03,160,0,-72,88,84148,4898,2144,91190,13.75%,14.90%,
104/07/31,-279,0,-99,-378,83988,4898,2216,91102,13.72%,14.88%,
104/07/30,312,0,56,368,84462,4898,2315,91675,13.80%,14.98%,
104/07/29,-258,0,8,-250,84293,4898,2259,91450,13.77%,14.94%,
104/07/28,-232,4,-32,-260,84356,4898,2251,91505,13.78%,14.95%,
104/07/27,379,0,-31,348,84470,4894,2283,91647,13.80%,14.97%,
104/07/24,417,-300,-45,72,84091,4894,2314,91299,13.74%,14.92%,
104/07/23,1099,0,182,1281,83860,5194,2359,91413,13.70%,14.93%,
104/07/22,704,-500,-66,138,82736,5194,2177,90107,13.52%,14.72%,
104/07/21,-1402,0,-307,-1709,81846,5694,2243,89783,13.37%,14.67%,
104/07/20,-78,0,498,420,83248,5694,2550,91492,13.60%,14.95%,
104/07/17,607,1012,-258,1361,83326,5694,2052,91072,13.62%,14.89%,
104/07/16,279,-750,-1705,-2176,83820,4682,2310,90812,13.70%,14.84%,
104/07/15,941,2,-486,457,83541,5432,4015,92988,13.65%,15.19%,
104/07/14,-62,0,-185,-247,82600,5430,4501,92531,13.50%,15.12%,
104/07/13,-1938,250,-856,-2544,82419,5430,4686,92535,13.47%,15.12%,
104/07/09,1584,200,-94,1690,83499,5180,5542,94221,13.64%,15.39%,
104/07/08,2536,0,157,2693,79894,4980,5636,90510,13.05%,14.79%,
104/07/07,3558,0,-547,3011,77358,4980,5479,87817,12.64%,14.35%,
104/07/06,503,0,186,689,73800,4980,6026,84806,12.06%,13.86%,
104/07/03,377,0,-896,-519,73297,4980,5840,84117,11.98%,13.75%,
104/07/02,398,0,-48,350,72920,4980,6736,84636,11.91%,13.83%,
104/07/01,71,0,297,368,72522,4980,6784,84286,11.85%,13.77%,
104/06/30,-670,0,-381,-1051,72451,4980,6487,83918,11.84%,13.71%,
104/06/29,-502,0,-525,-1027,73121,8925,6868,88914,11.95%,14.53%,
104/06/26,2974,30,-480,2524,73623,8925,7393,89941,12.03%,14.70%,
104/06/25,831,100,424,1355,70649,8895,7873,87417,11.54%,14.28%,
104/06/24,105,0,725,830,69818,8795,7449,86062,11.41%,14.07%,
104/06/23,1062,100,-386,776,70295,8795,6724,85814,11.49%,14.03%,
104/06/22,1641,190,1229,3060,69233,8695,7110,85038,11.31%,13.89%,
104/06/18,544,0,-464,80,67600,8505,5881,81986,11.05%,13.40%,
104/06/17,1789,1000,-263,2526,67019,8505,6345,81869,10.95%,13.38%,
104/06/16,-1427,0,197,-1230,65230,7505,6608,79343,10.66%,12.97%,
104/06/15,2199,1150,-152,3197,66112,7505,6411,80028,10.80%,13.07%,
104/06/12,-986,1100,9,123,63913,6355,6563,76831,10.44%,12.55%,
104/06/11,1530,0,2476,4006,64899,5255,6554,76708,10.60%,12.53%,
104/06/10,1864,0,408,2272,63369,5255,4078,72702,10.35%,11.88%,
104/06/09,1550,0,-513,1037,61505,5255,3670,70430,10.05%,11.51%,
104/06/08,897,0,302,1199,60105,5255,4183,69543,9.82%,11.36%,
104/06/05,1037,-1,-861,175,59208,5255,3881,68344,9.67%,11.16%,
104/06/04,2212,0,-769,1443,58161,5256,4742,68159,9.50%,11.13%,
104/06/03,-284,634,1147,1497,55949,5256,5511,66716,9.14%,10.90%,
104/06/02,1588,0,-788,800,56233,4622,4364,65219,9.19%,10.66%,
104/06/01,230,0,244,474,54635,4622,5152,64409,8.93%,10.53%,
104/05/29,1397,0,-685,712,54405,4622,4908,63935,8.89%,10.45%,
104/05/28,685,-57,-334,294,53008,4622,5593,63223,8.66%,10.33%,
104/05/27,34,0,234,268,52323,4679,5927,62929,8.55%,10.28%,
104/05/26,189,0,247,436,52289,4679,5693,62661,8.54%,10.24%,
104/05/25,-355,100,197,-58,52043,4679,5446,62168,8.50%,10.16%,
104/05/22,2372,200,-54,2518,52388,4579,5249,62216,8.56%,10.17%,
104/05/21,1084,700,882,2666,49945,4379,5303,59627,8.16%,9.74%,
104/05/20,978,300,293,1571,48861,3679,4421,56961,7.98%,9.30%,
104/05/19,716,1000,647,2363,47883,3379,4128,55390,7.82%,9.05%,
104/05/18,971,2338,-344,2965,47167,2379,3481,53027,7.70%,8.66%,
104/05/15,1082,-852,-29,201,46196,41,3825,50062,7.55%,8.18%,
104/05/14,1391,1,71,1463,45114,893,3854,49861,7.37%,8.15%,
104/05/13,1117,0,-10,1107,43702,892,3783,48377,7.14%,7.90%,
104/05/12,1327,0,-46,1281,42585,892,3793,47270,6.96%,7.73%,
104/05/11,1722,0,-154,1568,41258,892,3839,45989,6.74%,7.51%,
104/05/08,1126,0,118,1244,39536,892,3993,44421,6.46%,7.26%,
104/05/07,1580,0,119,1699,38410,892,3875,43177,6.27%,7.05%,
104/05/06,1301,0,-324,977,36830,892,3756,41478,6.02%,6.78%,
104/05/05,780,0,406,1186,35529,892,4080,40501,5.80%,6.61%,
104/05/04,420,0,59,479,34749,892,3674,39315,5.68%,6.43%,
104/04/30,1535,0,-359,1176,34329,892,3615,38836,5.61%,6.35%,
104/04/29,1327,-3,187,1511,32794,892,3974,37660,5.36%,6.16%,
104/04/28,1328,-2,95,1421,31467,895,3787,36149,5.14%,5.91%,
104/04/27,496,0,197,693,30139,897,3692,34728,4.92%,5.67%,
104/04/24,465,-6,714,1173,29643,897,3495,34035,4.84%,5.56%,
104/04/23,503,0,740,1243,29178,903,2781,32862,4.76%,5.36%,
104/04/22,617,0,31,648,28675,903,2041,31619,4.68%,5.16%,
104/04/21,260,0,-183,77,28058,903,2010,30971,4.58%,5.06%,
104/04/20,276,-7,543,812,27798,903,2193,30894,4.54%,5.05%,
104/04/17,-92,0,200,108,27522,910,1650,30082,4.49%,4.91%,
104/04/16,89,416,112,617,27614,910,1450,29974,4.51%,4.90%,
104/04/15,256,494,0,750,27525,494,1338,29357,4.49%,4.79%,
104/04/14,323,0,-2,321,27269,0,1338,28607,4.45%,4.67%,
104/04/13,114,0,37,151,26946,0,1340,28286,4.40%,4.62%,
104/04/10,234,0,58,292,26832,0,1303,28135,4.38%,4.59%,
104/04/09,274,0,80,354,26598,0,1245,27843,4.34%,4.54%,
104/04/08,219,0,218,437,26324,0,1165,27489,4.30%,4.49%,
104/04/07,153,0,10,163,26105,0,947,27052,4.26%,4.41%,
104/04/02,94,0,10,104,25952,0,937,26889,4.24%,4.39%,
104/04/01,122,0,432,554,25858,0,927,26785,4.22%,4.37%,
104/03/31,-35,0,70,35,25736,0,495,26231,4.20%,4.28%,
104/03/30,193,0,46,239,25771,0,425,26196,4.21%,4.28%,
104/03/27,255,0,330,585,25578,0,379,25957,4.18%,4.24%,
104/03/26,50,0,10,60,25323,0,49,25372,4.13%,4.14%,
104/03/25,-136,0,5,-131,25273,0,39,25312,4.13%,4.14%,
104/03/24,124,0,0,124,25409,0,34,25443,4.15%,4.16%,
104/03/23,139,0,0,139,25285,0,34,25319,4.13%,4.14%,
104/03/20,189,0,4,193,25146,0,34,25180,4.11%,4.12%,
104/03/19,59,0,0,59,24957,0,30,24987,4.07%,4.07%,
104/03/18,55,0,0,55,24898,0,30,24928,4.06%,4.06%,
104/03/17,165,0,1,166,24843,0,30,24873,4.06%,4.06%,
104/03/16,99,0,17,116,24678,0,29,24707,4.03%,4.03%,
104/03/13,215,0,-1,214,24579,0,12,24591,4.01%,4.01%,
104/03/12,6,0,0,6,24364,0,13,24377,3.98%,3.98%,
104/03/11,172,0,-1,171,24358,0,13,24371,3.98%,3.98%,
104/03/10,23,0,-5,18,24186,0,14,24200,3.95%,3.95%,
104/03/09,135,0,0,135,24163,0,19,24182,3.94%,3.94%,
104/03/06,120,0,0,120,24028,0,19,24047,3.92%,3.92%,
104/03/05,-128,0,1,-127,23908,0,19,23927,3.90%,3.90%,
104/03/04,19,0,0,19,24036,0,18,24054,3.92%,3.92%,
104/03/03,44,0,0,44,24017,0,18,24035,3.92%,3.92%,
104/03/02,-2,0,6,4,23973,0,18,23991,3.91%,3.91%,
104/02/26,60,0,0,60,23975,0,12,23987,3.91%,3.91%,
104/02/25,127,0,-6,121,23915,0,12,23927,3.90%,3.90%,
104/02/24,153,0,-21,132,23788,0,18,23806,3.88%,3.88%,
104/02/13,32,0,-15,17,23635,0,39,23674,3.86%,3.87%,
104/02/12,-21,0,-2,-23,23603,0,54,23657,3.85%,3.86%,
104/02/11,-30,0,5,-25,23624,0,56,23680,3.86%,3.87%,
104/02/10,108,0,14,122,23654,0,51,23705,3.86%,3.87%,
104/02/09,91,0,0,91,23546,0,37,23583,3.84%,3.85%,
104/02/06,-9,0,0,-9,23605,0,37,23642,3.85%,3.86%,
104/02/05,-81,0,0,-81,23614,0,37,23651,3.85%,3.86%,
104/02/04,-22,0,0,-22,23695,0,37,23732,3.87%,3.88%,
104/02/03,32,0,0,32,23717,0,37,23754,3.87%,3.88%,
104/02/02,27,0,3,30,23685,0,37,23722,3.87%,3.88%,
104/01/30,36,0,0,36,23658,0,34,23692,3.86%,3.87%,
104/01/29,85,0,3,88,23622,0,34,23656,3.86%,3.87%,
104/01/28,26,0,0,26,23537,0,31,23568,3.84%,3.85%,
104/01/27,50,0,0,50,23511,0,31,23542,3.84%,3.85%,
104/01/26,-3,0,0,-3,23461,0,31,23492,3.83%,3.84%,
104/01/23,265,0,0,265,23464,0,31,23495,3.83%,3.84%,
104/01/22,201,0,-40,161,23199,0,31,23230,3.79%,3.80%,
104/01/21,88,0,-30,58,22998,0,71,23069,3.75%,3.76%,
104/01/20,32,0,-20,12,22910,0,101,23011,3.74%,3.76%,
104/01/19,-35,0,-10,-45,22878,0,121,22999,3.73%,3.75%,
104/01/16,-157,0,-35,-192,22913,0,131,23044,3.74%,3.76%,
104/01/15,-22,0,-3,-25,23070,0,166,23236,3.77%,3.80%,
104/01/14,-2,0,158,156,22942,0,169,23111,3.75%,3.78%,
104/01/13,119,0,5,124,22944,0,11,22955,3.75%,3.75%,
104/01/12,64,0,0,64,22825,0,6,22831,3.73%,3.73%,
104/01/09,150,0,4,154,22761,0,6,22767,3.72%,3.72%,
104/01/08,3,0,2,5,22611,0,2,22613,3.69%,3.69%,
104/01/07,-73,0,0,-73,22608,0,0,22608,3.69%,3.69%,
104/01/06,44,0,0,44,22681,0,0,22681,3.70%,3.70%,
104/01/05,-64,0,-34,-98,22637,0,0,22637,3.70%,3.70%,
