日期,外資買賣超,投信買賣超,自營商買賣超,單日合計買賣超,外資估計持股,投信估計持股,自營商估計持股,單日合計估計持股,外資持股比重,三大法人持股比重,
107/03/31,258,-114,540,684,30443,5230,7455,43128,16.46%,23.32%,
107/03/30,-1834,-645,-742,-3221,30105,5344,6915,42364,16.28%,22.91%,
107/03/29,-2661,-843,1367,-2137,31488,5989,7657,45134,17.02%,24.40%,
107/03/28,-2535,-1531,-171,-4237,33328,6832,6290,46450,18.02%,25.12%,
107/03/27,-1624,-2951,151,-4424,34928,8363,6461,49752,18.88%,26.90%,
107/03/26,-1429,-158,-54,-1641,35479,11314,6310,53103,19.18%,28.71%,
107/03/23,2673,-86,-505,2082,36908,11472,6364,54744,19.96%,29.61%,
107/03/22,124,-274,-717,-867,34235,11558,6869,52662,18.51%,28.48%,
107/03/21,-143,-17,404,244,33979,11832,7586,53397,18.37%,28.87%,
107/03/20,193,-712,-329,-848,34372,11849,7182,53403,18.58%,28.87%,
107/03/19,367,-224,29,172,34131,12561,7511,54203,18.45%,29.31%,
107/03/16,-1201,-171,236,-1136,33556,12785,7482,53823,18.14%,29.10%,
107/03/15,858,21,-329,550,34727,12956,7246,54929,18.78%,29.71%,
107/03/14,-559,151,-240,-648,33859,12935,7575,54369,18.31%,29.40%,
107/03/13,446,23,-261,208,34575,12784,7815,55174,18.69%,29.83%,
107/03/12,15,839,978,1832,34119,12761,8076,54956,18.45%,29.72%,
107/03/09,-168,227,-500,-441,34251,11922,7098,53271,18.52%,28.81%,
107/03/08,723,727,663,2113,34388,11695,7598,53681,18.59%,29.02%,
107/03/07,334,65,210,609,33582,10968,6935,51485,18.16%,27.84%,
107/03/06,74,0,410,484,33260,10903,6725,50888,17.98%,27.51%,
107/03/05,-620,-60,-278,-958,33206,10903,6315,50424,17.95%,27.26%,
107/03/02,-1205,-71,12,-1264,33821,10963,6593,51377,18.29%,27.78%,
107/03/01,689,-40,237,886,34970,11034,6581,52585,18.91%,28.44%,
107/02/27,361,-297,23,87,34286,11074,6344,51704,18.54%,27.96%,
107/02/26,255,-437,-181,-363,33945,11371,6321,51637,18.35%,27.92%,
107/02/23,800,23,30,853,33803,11808,6502,52113,18.28%,28.18%,
107/02/22,-1823,671,258,-894,33013,11785,6472,51270,17.85%,27.72%,
107/02/21,403,304,455,1162,35100,11114,6214,52428,18.98%,28.35%,
107/02/12,-881,190,52,-639,34952,10810,5759,51521,18.90%,27.86%,
107/02/09,33,-178,35,-110,35861,10620,5707,52188,19.39%,28.22%,
107/02/08,-812,-50,-682,-1544,36319,10798,5672,52789,19.64%,28.55%,
107/02/07,-98,873,-355,420,37115,10848,6354,54317,20.07%,29.37%,
107/02/06,-353,-216,-1745,-2314,36958,9975,6709,53642,19.98%,29.00%,
107/02/05,-210,48,-630,-792,37301,10191,8454,55946,20.17%,30.25%,
107/02/02,151,746,-711,186,37511,10143,9084,56738,20.28%,30.68%,
107/02/01,443,119,1039,1601,37345,9397,9795,56537,20.19%,30.57%,
107/01/31,-976,262,-295,-1009,36764,9278,8756,54798,19.88%,29.63%,
107/01/30,3704,382,1365,5451,37740,9016,9051,55807,20.41%,30.18%,
107/01/29,-279,69,110,-100,34221,8634,7686,50541,18.50%,27.33%,
107/01/26,883,6,204,1093,34603,8565,7576,50744,18.71%,27.44%,
107/01/25,-1348,-158,85,-1421,33732,8559,7372,49663,18.24%,26.86%,
107/01/24,517,74,65,656,35395,8717,7287,51399,19.14%,27.80%,
107/01/23,439,72,-355,156,34882,8643,7222,50747,18.86%,27.44%,
107/01/22,-757,-85,279,-563,34447,8571,7577,50595,18.62%,27.35%,
107/01/19,275,50,-75,250,35435,8656,7298,51389,19.16%,27.79%,
107/01/18,-700,143,92,-465,35168,8606,7373,51147,19.01%,27.65%,
107/01/17,1095,90,587,1772,35892,8463,7281,51636,19.41%,27.92%,
107/01/16,-1637,684,79,-874,35035,8373,6694,50102,18.94%,27.09%,
107/01/15,3214,391,649,4254,36644,7689,6615,50948,19.81%,27.55%,
107/01/12,-1605,410,109,-1086,33882,7298,5966,47146,18.32%,25.49%,
107/01/11,652,283,282,1217,34832,6888,5857,47577,18.83%,25.72%,
107/01/10,391,106,91,588,34317,6605,5575,46497,18.55%,25.14%,
107/01/09,361,35,-71,325,34003,6499,5484,45986,18.38%,24.86%,
107/01/08,-767,0,-34,-801,33643,6464,5555,45662,18.19%,24.69%,
107/01/05,33,1244,-131,1146,34624,6464,5589,46677,18.72%,25.24%,
107/01/04,-500,100,-282,-682,34766,5220,5720,45706,18.80%,24.72%,
107/01/03,-2452,377,643,-1432,37091,5120,6002,48213,20.05%,26.06%,
107/01/02,1463,50,268,1781,39052,4743,5359,49154,21.12%,26.58%,
106/12/29,-991,120,-190,-1061,37389,4693,5091,47173,20.22%,25.51%,
106/12/28,-1648,443,553,-652,38625,5031,5281,48937,20.88%,26.46%,
106/12/27,694,-3,-3,688,40273,4588,4728,49589,21.78%,26.82%,
106/12/26,1055,-174,-771,110,39628,4591,4731,48950,21.43%,26.47%,
106/12/25,-167,-308,267,-208,38485,4765,5502,48752,20.81%,26.36%,
106/12/22,768,-128,-744,-104,38505,5073,5235,48813,20.82%,26.39%,
106/12/21,-1109,-220,2,-1327,37798,5201,5979,48978,20.44%,26.49%,
106/12/20,-5,-200,396,191,38506,5421,5977,49904,20.82%,26.98%,
106/12/19,-700,60,-73,-713,40013,5621,5581,51215,21.63%,27.69%,
106/12/18,1270,-132,-342,796,40805,5561,5654,52020,22.06%,28.13%,
106/12/15,-990,11,-136,-1115,39466,5693,5996,51155,21.34%,27.66%,
106/12/14,-1915,-1529,418,-3026,40026,5682,6132,51840,21.64%,28.03%,
106/12/13,535,-735,20,-180,40542,7211,5714,53467,21.92%,28.91%,
106/12/12,-1926,33,-771,-2664,40292,7946,5694,53932,21.79%,29.17%,
106/12/11,-1066,185,571,-310,41992,7913,6465,56370,22.70%,30.48%,
106/12/08,3087,-165,214,3136,43040,7728,5894,56662,23.27%,30.64%,
106/12/07,1655,155,-546,1264,40134,7893,5680,53707,21.70%,29.04%,
106/12/06,-711,187,61,-463,38361,7738,6226,52325,20.74%,28.29%,
106/12/05,2019,73,-309,1783,39282,7551,6165,52998,21.24%,28.66%,
106/12/04,674,956,-297,1333,37527,7478,6474,51479,20.29%,27.84%,
106/12/01,32,463,-547,-52,36853,6522,6771,50146,19.93%,27.12%,
106/11/30,-1583,1489,-203,-297,36821,6059,7318,50198,19.91%,27.14%,
106/11/29,342,17,37,396,38118,4570,7521,50209,20.61%,27.15%,
106/11/28,261,-80,119,300,37939,4553,7484,49976,20.51%,27.02%,
106/11/27,177,310,-334,153,37892,4633,7365,49890,20.49%,26.98%,
106/11/24,-2,498,363,859,37704,4323,7699,49726,20.39%,26.89%,
106/11/23,1071,110,41,1222,37710,3825,7336,48871,20.39%,26.43%,
106/11/22,-578,1174,219,815,37226,3715,7295,48236,20.13%,26.08%,
106/11/21,-67,243,195,371,37909,2541,7076,47526,20.50%,25.70%,
106/11/20,-700,900,-893,-693,37890,2298,6881,47069,20.49%,25.45%,
106/11/17,-678,293,374,-11,38590,1398,7774,47762,20.87%,25.83%,
106/11/16,809,-1388,771,192,39241,1105,7400,47746,21.22%,25.82%,
106/11/15,825,97,-90,832,38420,2493,6629,47542,20.77%,25.70%,
106/11/14,1022,0,-104,918,37585,2396,6719,46700,20.32%,25.25%,
106/11/13,358,0,70,428,36645,2396,6823,45864,19.81%,24.80%,
106/11/10,369,0,105,474,36297,2396,6753,45446,19.63%,24.58%,
106/11/09,665,-109,-701,-145,36833,2396,6648,45877,19.91%,24.80%,
106/11/08,-953,100,1211,358,36460,2505,7349,46314,19.71%,25.04%,
106/11/07,1532,0,-63,1469,37417,2405,6138,45960,20.23%,24.85%,
106/11/06,2005,30,-255,1780,36558,2405,6201,45164,19.77%,24.42%,
106/11/03,349,128,-178,299,35020,2375,6456,43851,18.93%,23.71%,
106/11/02,2577,0,1603,4180,36747,2247,6634,45628,19.87%,24.67%,
106/11/01,698,200,-355,543,34421,2247,5031,41699,18.61%,22.55%,
106/10/31,357,0,939,1296,33723,2047,5386,41156,18.23%,22.25%,
106/10/30,3,0,27,30,33466,2047,4447,39960,18.09%,21.60%,
106/10/27,410,-100,-15,295,33804,2047,4420,40271,18.28%,21.78%,
106/10/26,168,0,-200,-32,33438,2147,4435,40020,18.08%,21.64%,
106/10/25,157,0,51,208,33318,2147,4635,40100,18.01%,21.68%,
106/10/24,144,0,368,512,33251,2147,4584,39982,17.98%,21.62%,
106/10/23,173,0,-31,142,33107,2147,4216,39470,17.90%,21.34%,
106/10/20,-495,0,-74,-569,33748,2147,4247,40142,18.25%,21.71%,
106/10/19,-314,100,498,284,34232,2147,4321,40700,18.51%,22.01%,
106/10/18,-584,0,-185,-769,34396,2047,3823,40266,18.60%,21.77%,
106/10/17,789,0,-188,601,35520,2047,4008,41575,19.20%,22.47%,
106/10/16,-58,0,41,-17,35151,2047,4196,41394,19.01%,22.39%,
106/10/13,1322,0,-673,649,35573,2047,4155,41775,19.23%,22.58%,
106/10/12,1698,-500,708,1906,34162,2047,4828,41037,18.47%,22.19%,
106/10/11,-286,-68,-553,-907,32338,2547,4120,39005,17.48%,21.09%,
106/10/06,1643,-500,518,1661,33344,2615,4673,40632,18.03%,21.97%,
106/10/05,-461,0,138,-323,31801,3115,4155,39071,17.19%,21.12%,
106/10/03,88,0,-333,-245,32053,3115,4017,39185,17.33%,21.19%,
106/10/02,210,0,-318,-108,31977,3115,4350,39442,17.29%,21.33%,
106/09/30,0,0,351,351,31857,3115,4668,39640,17.22%,21.43%,
106/09/29,-535,68,567,100,31857,3075,4317,39249,17.22%,21.22%,
106/09/28,-848,0,47,-801,31260,3007,3750,38017,16.90%,20.55%,
106/09/27,-1626,0,146,-1480,31508,3007,3703,38218,17.04%,20.67%,
106/09/26,-434,0,84,-350,32208,3007,3557,38772,17.41%,20.96%,
106/09/25,327,0,-375,-48,32422,3007,3473,38902,17.53%,21.03%,
106/09/22,-559,0,-221,-780,32094,3007,3848,38949,17.35%,21.06%,
106/09/21,-220,0,-23,-243,32553,3007,4069,39629,17.60%,21.43%,
106/09/20,-489,-22,-326,-837,32623,3007,4092,39722,17.64%,21.48%,
106/09/19,-687,-422,284,-825,31880,3029,4418,39327,17.24%,21.27%,
106/09/18,-506,-252,-57,-815,32574,3451,4134,40159,17.61%,21.71%,
106/09/15,-108,-437,-173,-718,33055,3703,4191,40949,17.87%,22.14%,
106/09/14,-497,-1223,484,-1236,33216,4140,4364,41720,17.96%,22.56%,
106/09/13,-552,-42,-39,-633,33460,5363,3880,42703,18.09%,23.09%,
106/09/12,-647,-500,70,-1077,34002,5405,3919,43326,18.38%,23.42%,
106/09/11,242,-1250,45,-963,34336,5905,3849,44090,18.56%,23.84%,
106/09/08,487,-1110,-23,-646,33894,7155,3804,44853,18.33%,24.26%,
106/09/07,-551,-599,-360,-1510,33197,8265,3827,45289,17.95%,24.49%,
106/09/06,-639,-600,721,-518,33639,8864,4187,46690,18.19%,25.25%,
106/09/05,-709,0,63,-646,34020,9464,3466,46950,18.39%,25.38%,
106/09/04,-110,-947,121,-936,34917,9464,3403,47784,18.88%,25.84%,
106/09/01,-1561,-800,24,-2337,35027,10411,3282,48720,18.94%,26.35%,
106/08/31,-218,0,109,-109,36301,11211,3258,50770,19.63%,27.46%,
106/08/30,-205,320,-4,111,36907,11211,3149,51267,19.95%,27.72%,
106/08/29,-516,0,-65,-581,37282,10891,3153,51326,20.16%,27.76%,
106/08/28,68,-63,163,168,37798,10891,3218,51907,20.44%,28.07%,
106/08/25,342,-40,-608,-306,37696,10954,3055,51705,20.38%,27.96%,
106/08/24,-524,-146,10,-660,37474,10994,3663,52131,20.26%,28.19%,
106/08/23,-528,-51,-271,-850,37898,11140,3653,52691,20.49%,28.49%,
106/08/22,-504,0,192,-312,38376,11191,3924,53491,20.75%,28.92%,
106/08/21,-518,0,-224,-742,38880,11191,3732,53803,21.02%,29.09%,
106/08/18,-1395,0,-427,-1822,39383,11191,3956,54530,21.29%,29.48%,
106/08/17,-1461,55,1064,-342,39798,11191,4383,55372,21.52%,29.94%,
106/08/16,-507,0,85,-422,40449,11136,3319,54904,21.87%,29.69%,
106/08/15,-37,0,282,245,39679,11136,3234,54049,21.45%,29.22%,
106/08/14,33,0,-74,-41,39616,11136,2952,53704,21.42%,29.04%,
106/08/11,94,0,-173,-79,39583,11136,3026,53745,21.40%,29.06%,
106/08/10,-112,0,-77,-189,39489,11136,3199,53824,21.35%,29.10%,
106/08/09,260,0,-224,36,39601,11136,3276,54013,21.41%,29.20%,
106/08/08,-399,-137,-135,-671,39388,11136,3500,54024,21.30%,29.22%,
106/08/07,-561,-40,75,-526,39787,11273,3635,54695,21.51%,29.57%,
106/08/04,107,0,95,202,40338,11313,3560,55211,21.81%,29.85%,
106/08/03,-166,0,-15,-181,40356,11313,3465,55134,21.82%,29.81%,
106/08/02,-228,0,11,-217,40522,11313,3480,55315,21.91%,29.91%,
106/08/01,-197,-120,8,-309,40657,11313,3469,55439,21.98%,29.97%,
106/07/31,-808,0,-61,-869,40844,11433,3461,55738,22.08%,30.13%,
106/07/28,1201,190,-441,950,40801,11433,3522,55756,22.06%,30.15%,
106/07/27,1112,0,-247,865,39600,11243,3963,54806,21.41%,29.63%,
106/07/26,1083,-33,-44,1006,38488,11243,4210,53941,20.81%,29.17%,
106/07/25,922,180,351,1453,37399,11276,4254,52929,20.22%,28.62%,
106/07/24,520,1650,70,2240,36429,11096,3903,51428,19.70%,27.81%,
106/07/21,993,-65,393,1321,35853,9446,3833,49132,19.38%,26.56%,
106/07/20,710,1710,-157,2263,34955,9511,3440,47906,18.90%,25.90%,
106/07/19,343,0,-300,43,34235,7801,3597,45633,18.51%,24.67%,
106/07/18,65,0,-305,-240,33859,7801,3897,45557,18.31%,24.64%,
106/07/17,681,50,645,1376,33794,7801,4202,45797,18.27%,24.76%,
106/07/14,263,0,91,354,33113,7751,3557,44421,17.90%,24.02%,
106/07/13,264,52,151,467,32850,7751,3466,44067,17.76%,23.83%,
106/07/12,-44,52,-2,6,32586,7699,3315,43600,17.62%,23.58%,
106/07/11,-43,72,-78,-49,32630,7647,3317,43594,17.64%,23.57%,
106/07/10,15,74,72,161,32673,7575,3395,43643,17.67%,23.60%,
106/07/07,39,0,-47,-8,32658,7501,3323,43482,17.66%,23.51%,
106/07/06,86,0,-39,47,35589,7501,3370,46460,19.24%,25.12%,
106/07/05,146,0,-24,122,32521,7501,3409,43431,17.58%,23.48%,
106/07/04,51,0,-41,10,28445,7501,3433,39379,15.38%,21.29%,
106/07/03,128,0,-231,-103,28561,7501,3474,39536,15.44%,21.38%,
106/06/30,-210,1,-201,-410,28433,7501,3705,39639,15.37%,21.43%,
106/06/29,25,-20,438,443,28651,7458,3906,40015,15.49%,21.64%,
106/06/28,-8,0,-45,-53,28626,7478,3468,39572,15.48%,21.40%,
106/06/27,5,0,-60,-55,28634,7478,3513,39625,15.48%,21.42%,
106/06/26,182,0,142,324,28589,7478,3573,39640,15.46%,21.44%,
106/06/23,30,-20,-30,-20,28407,7478,3431,39316,15.36%,21.26%,
106/06/22,135,0,1,136,28377,7498,3461,39336,15.34%,21.27%,
106/06/21,7,0,-198,-191,28242,7498,3460,39200,15.27%,21.20%,
106/06/20,-129,0,190,61,31206,7498,3658,42362,16.87%,22.90%,
106/06/19,-94,0,-33,-127,31134,7498,3468,42100,16.83%,22.76%,
106/06/16,-150,0,15,-135,31244,7498,3501,42243,16.89%,22.84%,
106/06/15,-226,0,50,-176,31313,7498,3486,42297,16.93%,22.87%,
106/06/14,-88,0,-216,-304,31520,7498,3436,42454,17.04%,22.95%,
106/06/13,-75,0,70,-5,31621,7498,3652,42771,17.10%,23.13%,
106/06/12,225,0,-42,183,31746,7498,3582,42826,17.16%,23.15%,
106/06/09,167,0,-335,-168,31521,7498,3624,42643,17.04%,23.05%,
106/06/08,-288,0,-30,-318,31379,7498,3959,42836,16.97%,23.17%,
106/06/07,41,0,-39,2,31657,7498,3989,43144,17.12%,23.33%,
106/06/06,231,0,-32,199,31656,7498,4028,43182,17.11%,23.34%,
106/06/05,83,0,-48,35,31562,7498,4060,43120,17.06%,23.31%,
106/06/03,0,0,4,4,31479,7498,4108,43085,17.02%,23.30%,
106/06/02,397,0,-19,378,31225,7498,4104,42827,16.88%,23.15%,
106/06/01,-121,0,137,16,30828,7498,4123,42449,16.67%,22.95%,
106/05/31,4,0,121,125,31130,7498,3986,42614,16.83%,23.04%,
106/05/26,818,-35,-677,106,31226,7498,3865,42589,16.88%,23.03%,
106/05/25,580,0,1459,2039,30700,7533,4542,42775,16.60%,23.13%,
106/05/24,908,0,-7,901,30070,7533,3083,40686,16.26%,22.00%,
106/05/23,272,0,82,354,29239,7533,3090,39862,15.81%,21.56%,
106/05/22,171,0,35,206,28544,7533,3008,39085,15.43%,21.13%,
106/05/19,100,0,396,496,28373,7533,2973,38879,15.34%,21.02%,
106/05/18,35,0,18,53,28263,7533,2577,38373,15.28%,20.75%,
106/05/17,26,0,124,150,28278,7533,2559,38370,15.29%,20.75%,
106/05/16,51,0,66,117,28242,7533,2435,38210,15.27%,20.66%,
106/05/15,17,0,69,86,28218,7533,2369,38120,15.26%,20.62%,
106/05/12,-25,0,9,-16,28233,7533,2300,38066,15.26%,20.58%,
106/05/11,40,0,-21,19,28136,7533,2291,37960,15.21%,20.52%,
106/05/10,-61,0,25,-36,28061,7533,2312,37906,15.17%,20.49%,
106/05/09,-94,0,-97,-191,28060,7533,2287,37880,15.17%,20.48%,
106/05/08,-227,0,-24,-251,28254,7533,2384,38171,15.28%,20.64%,
106/05/05,-91,0,-64,-155,28281,7533,2408,38222,15.29%,20.67%,
106/05/04,94,0,-170,-76,28422,7533,2472,38427,15.37%,20.78%,
106/05/03,179,0,-73,106,28300,7533,2642,38475,15.30%,20.80%,
106/05/02,-11,0,-48,-59,27971,7533,2715,38219,15.12%,20.66%,
106/04/28,117,0,44,161,28082,7533,2763,38378,15.18%,20.75%,
106/04/27,62,0,-63,-1,28134,7533,2719,38386,15.21%,20.75%,
106/04/26,-66,0,-97,-163,28227,7533,2782,38542,15.26%,20.84%,
106/04/25,404,35,105,544,28543,7533,2879,38955,15.43%,21.06%,
106/04/24,177,0,-25,152,28239,7498,2774,38511,15.27%,20.83%,
106/04/21,-60,0,24,-36,28052,7498,2799,38349,15.17%,20.74%,
106/04/20,77,0,-11,66,28069,7498,2775,38342,15.17%,20.73%,
106/04/19,-88,20,-64,-132,27992,7498,2786,38276,15.13%,20.69%,
106/04/18,112,30,492,634,28009,7478,2850,38337,15.14%,20.73%,
106/04/17,-9,30,-9,12,27782,7448,2358,37588,15.02%,20.32%,
106/04/14,-17,0,-161,-178,27781,7418,2367,37566,15.02%,20.31%,
106/04/13,79,0,37,116,27909,7418,2528,37855,15.09%,20.47%,
106/04/12,307,0,-51,256,25680,7418,2491,35589,13.88%,19.24%,
106/04/11,130,0,-46,84,25398,7418,2542,35358,13.73%,19.12%,
106/04/10,97,50,29,176,25226,7418,2587,35231,13.64%,19.05%,
106/04/07,111,50,26,187,25094,7368,2558,35020,13.57%,18.94%,
106/04/06,227,50,-113,164,24983,7318,2532,34833,13.51%,18.84%,
106/04/05,-75,0,33,-42,24756,7268,2645,34669,13.38%,18.74%,
106/03/31,-155,50,-6,-111,24718,7268,2612,34598,13.36%,18.70%,
106/03/30,655,0,88,743,24756,11089,2618,38463,13.38%,20.79%,
106/03/29,151,0,25,176,24184,11089,2530,37803,13.07%,20.44%,
106/03/28,79,0,-130,-51,24043,11089,2505,37637,13.00%,20.35%,
106/03/27,133,4,64,201,27914,11089,2635,41638,15.09%,22.51%,
106/03/24,26,0,-9,17,27801,11085,2571,41457,15.03%,22.42%,
106/03/23,-214,0,1,-213,27975,11085,2580,41640,15.12%,22.51%,
106/03/22,-308,0,-34,-342,28229,11085,2579,41893,15.26%,22.65%,
106/03/21,-421,0,-7,-428,28178,11085,2613,41876,15.23%,22.64%,
106/03/20,-170,0,21,-149,28454,11085,2620,42159,15.38%,22.79%,
106/03/17,5,0,-95,-90,28518,11085,2599,42202,15.42%,22.82%,
106/03/16,-661,0,64,-597,28503,11085,2694,42282,15.41%,22.86%,
106/03/15,-343,0,-134,-477,29130,11085,2630,42845,15.75%,23.17%,
106/03/14,-803,0,359,-444,29473,11085,2764,43322,15.93%,23.42%,
106/03/13,-984,0,-8,-992,30316,11085,2405,43806,16.39%,23.69%,
106/03/10,-1251,-45,-137,-1433,31289,11085,2413,44787,16.92%,24.22%,
106/03/09,-602,-45,-280,-927,32540,11130,2550,46220,17.59%,24.99%,
106/03/08,-175,40,-176,-311,33142,11175,2830,47147,17.92%,25.49%,
106/03/07,-156,0,177,21,33317,11135,3006,47458,18.01%,25.66%,
106/03/06,327,0,281,608,33553,11135,2829,47517,18.14%,25.69%,
106/03/03,296,0,-92,204,33226,11135,2548,46909,17.96%,25.36%,
106/03/02,-123,0,-131,-254,32930,11135,2640,46705,17.80%,25.25%,
106/03/01,23,0,-40,-17,33136,11135,2771,47042,17.92%,25.44%,
106/02/24,92,0,-119,-27,33103,11135,2811,47049,17.90%,25.44%,
106/02/23,-20,0,236,216,33094,11135,2930,47159,17.89%,25.50%,
106/02/22,222,0,-48,174,33132,11135,2694,46961,17.91%,25.39%,
106/02/21,61,-230,-48,-217,32919,11135,2742,46796,17.80%,25.30%,
106/02/20,597,-190,-391,16,32858,11365,2790,47013,17.77%,25.43%,
106/02/18,0,0,-1008,-1008,32261,11555,3181,46997,17.44%,25.41%,
106/02/17,-38,80,1376,1418,32261,11555,4189,48005,17.44%,25.95%,
106/02/16,68,100,-33,135,32289,11475,2813,46577,17.46%,25.19%,
106/02/15,178,200,-245,133,32221,11375,2846,46442,17.42%,25.11%,
106/02/14,414,-94,-39,281,32044,11175,3091,46310,17.33%,25.05%,
106/02/13,617,0,365,982,31615,11269,3130,46014,17.09%,24.88%,
106/02/10,400,0,-214,186,30998,11269,2765,45032,16.76%,24.35%,
106/02/09,855,120,-69,906,32757,11269,2979,47005,17.71%,25.42%,
106/02/08,648,0,-336,312,29167,11149,3048,43364,15.77%,23.45%,
106/02/07,421,0,494,915,28456,11149,3384,42989,15.38%,23.24%,
106/02/06,18,0,58,76,28133,11149,2890,42172,15.21%,22.80%,
106/02/03,-175,154,-53,-74,28281,11149,2832,42262,15.29%,22.85%,
106/02/02,372,0,-58,314,28256,10995,2886,42137,15.28%,22.79%,
106/01/24,-109,0,-193,-302,28077,10995,2944,42016,15.18%,22.72%,
106/01/23,-34,0,94,60,28088,10995,3137,42220,15.19%,22.83%,
106/01/20,-55,0,-43,-98,28115,10995,3043,42153,15.20%,22.79%,
106/01/19,-74,0,67,-7,28528,10995,3086,42609,15.42%,23.04%,
106/01/18,35,-88,-18,-71,28602,10995,3019,42616,15.46%,23.04%,
106/01/17,-64,0,7,-57,28506,11083,3037,42626,15.41%,23.05%,
106/01/16,-23,0,45,22,28570,11083,3030,42683,15.45%,23.08%,
106/01/13,220,0,1,221,28586,11083,2985,42654,15.45%,23.06%,
106/01/12,6,0,-42,-36,28351,11083,2984,42418,15.33%,22.94%,
106/01/11,186,160,-10,336,28462,11083,3026,42571,15.39%,23.02%,
106/01/10,73,0,14,87,28182,10923,3036,42141,15.24%,22.79%,
106/01/09,67,0,-31,36,28416,10923,3022,42361,15.36%,22.90%,
106/01/06,261,0,-8,253,28289,10923,3053,42265,15.29%,22.85%,
106/01/05,488,-370,85,203,28156,10923,3061,42140,15.22%,22.78%,
106/01/04,207,0,28,235,28256,11293,2976,42525,15.28%,23.00%,
106/01/03,152,0,24,176,28049,11293,2948,42290,15.16%,22.86%,
105/12/30,192,0,79,271,27897,11293,2924,42114,15.08%,22.77%,
105/12/29,49,0,-59,-10,27705,11293,2845,41843,14.98%,22.63%,
105/12/28,-8,75,22,89,27655,11293,2904,41852,14.95%,22.63%,
105/12/27,18,87,14,119,27698,11218,2882,41798,14.97%,22.60%,
105/12/26,68,23,-14,77,27680,11131,2868,41679,14.96%,22.53%,
105/12/23,301,0,-61,240,27599,11108,2882,41589,14.92%,22.49%,
105/12/22,-154,4,156,6,27288,11108,2943,41339,14.75%,22.35%,
105/12/21,641,25,8,674,27478,11104,2787,41369,14.86%,22.37%,
105/12/20,-125,0,-347,-472,27021,11079,2779,40879,14.61%,22.10%,
105/12/19,-112,0,578,466,27871,11079,3126,42076,15.07%,22.75%,
105/12/16,187,0,-30,157,27983,11079,2548,41610,15.13%,22.50%,
105/12/15,-10,0,-42,-52,27846,11079,2578,41503,15.05%,22.44%,
105/12/14,31,30,5,66,27856,11079,2620,41555,15.06%,22.47%,
105/12/13,-193,60,-8,-141,27841,11049,2615,41505,15.05%,22.44%,
105/12/12,-85,0,-23,-108,28032,10989,2623,41644,15.16%,22.52%,
105/12/09,-243,30,12,-201,28093,10989,2646,41728,15.19%,22.56%,
105/12/08,577,0,71,648,28240,10959,2634,41833,15.27%,22.62%,
105/12/07,-37,-4,77,36,27663,10959,2563,41185,14.96%,22.27%,
105/12/06,95,50,37,182,27700,10963,2486,41149,14.98%,22.25%,
105/12/05,-109,0,55,-54,27605,10913,2449,40967,14.92%,22.15%,
105/12/02,-109,0,-72,-181,27706,10913,2394,41013,14.98%,22.18%,
105/12/01,-181,68,-38,-151,27315,10913,2466,40694,14.77%,22.01%,
105/11/30,-43,0,0,-43,27973,10845,2504,41322,15.12%,22.34%,
105/11/29,-574,120,-86,-540,27981,10845,2504,41330,15.13%,22.35%,
105/11/28,163,0,181,344,28756,10725,2590,42071,15.55%,22.75%,
105/11/25,185,0,-17,168,28583,10725,2409,41717,15.45%,22.55%,
105/11/24,-24,0,30,6,28398,10725,2426,41549,15.35%,22.46%,
105/11/23,-131,-45,20,-156,28222,10725,2396,41343,15.26%,22.36%,
105/11/22,-296,0,-16,-312,28187,10770,2376,41333,15.24%,22.35%,
105/11/21,-125,0,33,-92,28482,10770,2392,41644,15.40%,22.52%,
105/11/18,52,42,-38,56,28107,10770,2359,41236,15.20%,22.30%,
105/11/17,-30,0,-6,-36,28040,10728,2397,41165,15.16%,22.26%,
105/11/16,-27,170,49,192,27905,10728,2403,41036,15.09%,22.19%,
105/11/15,-52,0,-7,-59,27901,10558,2354,40813,15.08%,22.06%,
105/11/14,-238,0,16,-222,27953,10558,2361,40872,15.11%,22.10%,
105/11/11,-68,0,16,-52,28191,10558,2345,41094,15.24%,22.22%,
105/11/10,-297,0,36,-261,27153,10558,2329,40040,14.68%,21.65%,
105/11/09,-377,0,-72,-449,27440,10558,2293,40291,14.84%,21.79%,
105/11/08,8,0,-59,-51,27766,10558,2365,40689,15.01%,22.00%,
105/11/07,-190,0,32,-158,27258,10558,2424,40240,14.74%,21.76%,
105/11/04,-326,-15,14,-327,27438,10558,2392,40388,14.83%,21.83%,
105/11/03,-465,298,-29,-196,27764,10573,2378,40715,15.01%,22.01%,
105/11/02,44,-102,-1,-59,28079,10275,2407,40761,15.18%,22.04%,
105/11/01,-117,0,19,-98,28025,10377,2408,40810,15.15%,22.06%,
105/10/31,-246,-147,-85,-478,28309,10377,2389,41075,15.30%,22.20%,
105/10/28,-484,0,4,-480,28475,10524,2473,41472,15.39%,22.42%,
105/10/27,-383,0,-31,-414,28496,10524,2469,41489,15.41%,22.44%,
105/10/26,-486,0,-43,-529,28879,10524,2500,41903,15.61%,22.65%,
105/10/25,-534,0,198,-336,29315,10524,2543,42382,15.85%,22.92%,
105/10/24,-228,-11,18,-221,29849,10524,2345,42718,16.14%,23.10%,
105/10/21,11,0,-18,-7,30077,10535,2327,42939,16.26%,23.22%,
105/10/20,-19,-161,6,-174,30066,10535,2345,42946,16.25%,23.22%,
105/10/19,-222,-36,-22,-280,29869,10695,2339,42903,16.15%,23.20%,
105/10/18,-240,-1,46,-195,30007,10731,2362,43100,16.22%,23.30%,
105/10/17,180,-870,32,-658,30247,10732,2316,43295,16.35%,23.41%,
105/10/14,-253,-619,-8,-880,29990,11602,2284,43876,16.21%,23.72%,
105/10/13,-598,-793,82,-1309,30243,12221,2292,44756,16.35%,24.20%,
105/10/12,-907,-1390,-21,-2318,30378,13014,2210,45602,16.42%,24.65%,
105/10/11,-634,-822,-178,-1634,28165,14404,2231,44800,15.23%,24.23%,
105/10/07,-4,-80,-311,-395,28739,15226,2409,46374,15.54%,25.08%,
105/10/06,0,0,0,0,28743,15306,2719,46768,15.54%,22.85%,
105/10/05,0,0,0,0,38251,15306,2719,56276,15.51%,22.82%,
105/10/04,0,0,0,0,38251,15306,2719,56276,15.51%,22.82%,
105/10/03,0,0,0,0,38251,15306,2719,56276,15.51%,22.82%,
105/09/30,0,0,0,0,38251,15306,2719,56276,15.51%,22.82%,
105/09/29,0,0,0,0,38251,13212,2719,54182,15.51%,21.97%,
105/09/26,-441,-62,-138,-641,38251,13212,2719,54182,15.51%,21.97%,
105/09/23,-36,0,-38,-74,38692,13274,2857,54823,15.69%,22.23%,
105/09/22,-157,0,86,-71,38728,13274,2895,54897,15.70%,22.26%,
105/09/21,128,-139,-40,-51,38885,13274,2809,54968,15.77%,22.29%,
105/09/20,-1266,0,-222,-1488,39708,13413,2849,55970,16.10%,22.70%,
105/09/19,857,-95,556,1318,41051,13413,3071,57535,16.65%,23.34%,
105/09/14,1773,0,-76,1697,40869,13508,2515,56892,16.57%,23.07%,
105/09/13,1442,-4,121,1559,39096,13508,2591,55195,15.85%,22.38%,
105/09/12,771,0,-13,758,37654,13512,2470,53636,15.27%,21.75%,
105/09/10,0,84,-277,-193,36883,13512,2483,52878,14.96%,21.45%,
105/09/09,1564,0,392,1956,36883,13428,2760,53071,14.96%,21.53%,
105/09/08,473,-113,-24,336,35319,13428,2368,51115,14.32%,20.73%,
105/09/07,753,-214,-52,487,35546,13541,2392,51479,14.41%,20.87%,
105/09/06,1097,-319,74,852,34793,13755,2444,50992,14.11%,20.68%,
105/09/05,238,-105,42,175,35506,14074,2370,51950,14.40%,21.07%,
105/09/02,475,-298,-219,-42,35282,14179,2328,51789,14.31%,21.01%,
105/09/01,-16,0,129,113,34795,14477,2547,51819,14.11%,21.02%,
105/08/31,0,-128,-261,-389,34842,14477,2418,51737,14.13%,20.98%,
105/08/30,147,-189,-65,-107,35145,14605,2679,52429,14.25%,21.26%,
105/08/29,164,-310,358,212,34915,14794,2744,52453,14.16%,21.27%,
105/08/26,511,0,-163,348,34751,15104,2386,52241,14.09%,21.18%,
105/08/25,202,0,-17,185,34159,15104,2549,51812,13.85%,21.01%,
105/08/24,848,-1,571,1418,33147,15104,2566,50817,13.44%,20.61%,
105/08/23,-167,45,45,-77,32319,15105,1995,49419,13.10%,20.04%,
105/08/22,-953,45,-67,-975,32486,15060,1950,49496,13.17%,20.07%,
105/08/19,148,14,-179,-17,33759,15015,2017,50791,13.69%,20.60%,
105/08/18,-641,0,165,-476,33779,15001,2196,50976,13.70%,20.68%,
105/08/17,-356,-303,29,-630,34510,15001,2031,51542,13.99%,20.90%,
105/08/16,-444,-1,-120,-565,34856,15304,2002,52162,14.13%,21.15%,
105/08/15,-483,0,206,-277,35260,15305,2122,52687,14.30%,21.37%,
105/08/12,-128,-324,57,-395,35727,15305,1916,52948,14.49%,21.48%,
105/08/11,-1138,-350,-102,-1590,35837,15629,1859,53325,14.53%,21.62%,
105/08/10,-469,4,16,-449,36975,15979,1961,54915,14.99%,22.27%,
105/08/09,-406,-89,140,-355,37494,15975,1945,55414,15.20%,22.47%,
105/08/08,-194,-55,42,-207,37850,16064,1805,55719,15.35%,22.60%,
105/08/05,-327,-1,87,-241,38044,16119,1763,55926,15.43%,22.68%,
105/08/04,-55,-371,142,-284,37358,16120,1676,55154,15.15%,22.37%,
105/08/03,-415,-465,-217,-1097,37166,16491,1534,55191,15.07%,22.38%,
105/08/02,-646,-25,137,-534,37438,16956,1751,56145,15.18%,22.77%,
105/08/01,532,134,-37,629,38009,16981,1614,56604,15.41%,22.95%,
105/07/29,-4121,-134,-229,-4484,37477,16847,1651,55975,15.20%,22.70%,
105/07/28,-337,114,30,-193,41473,16981,1880,60334,16.82%,24.47%,
105/07/27,-850,377,28,-445,41811,16867,1850,60528,16.95%,24.54%,
105/07/26,95,152,-55,192,42511,16490,1822,60823,17.24%,24.67%,
105/07/25,-342,150,-110,-302,42356,16338,1877,60571,17.18%,24.57%,
105/07/22,-448,-3,-348,-799,42005,16188,1987,60180,17.03%,24.40%,
105/07/21,714,-983,-12,-281,42391,16191,2335,60917,17.19%,24.70%,
105/07/20,604,-1097,13,-480,41483,17174,2347,61004,16.82%,24.74%,
105/07/19,90,-484,46,-348,40735,18271,2334,61340,16.52%,24.88%,
105/07/18,-764,-1800,60,-2504,40591,18755,2288,61634,16.46%,25.00%,
105/07/15,2143,-991,326,1478,41105,20555,2228,63888,16.67%,25.91%,
105/07/14,-1462,-496,-45,-2003,38862,21546,1902,62310,15.76%,25.27%,
105/07/13,-2173,-3,117,-2059,40324,22042,1947,64313,16.35%,26.08%,
105/07/12,-107,-1019,-7,-1133,42755,22045,1830,66630,17.34%,27.02%,
105/07/11,-1727,-68,-15,-1810,42862,23064,1837,67763,17.38%,27.48%,
105/07/07,-1408,-75,-426,-1909,44589,23132,1852,69573,18.08%,28.21%,
105/07/06,-1305,-1024,109,-2220,45997,23207,2278,71482,18.65%,28.99%,
105/07/05,97,380,138,615,47302,24231,2169,73702,19.18%,29.89%,
105/07/04,228,-192,-161,-125,47049,23851,2031,72931,19.08%,29.58%,
105/07/01,-197,-117,116,-198,46821,24043,2192,73056,18.99%,29.63%,
105/06/30,122,80,-92,110,47018,24160,2076,73254,19.07%,29.71%,
105/06/29,-85,80,-130,-135,46928,25381,2168,74477,19.03%,30.20%,
105/06/28,-58,570,-16,496,47137,25301,2298,74736,19.11%,30.30%,
105/06/27,140,739,196,1075,47695,24731,2314,74740,19.34%,30.31%,
105/06/24,-517,-462,-13,-992,47555,23992,2118,73665,19.28%,29.87%,
105/06/23,-153,-630,20,-763,48132,24454,2131,74717,19.52%,30.30%,
105/06/22,-190,-981,-52,-1223,48304,25084,2111,75499,19.59%,30.62%,
105/06/21,-329,81,48,-200,48494,26065,2163,76722,19.66%,31.11%,
105/06/20,-38,300,-13,249,48813,25984,2115,76912,19.79%,31.19%,
105/06/17,513,-42,-38,433,48851,25684,2128,76663,19.81%,31.09%,
105/06/16,6,-762,-211,-967,48338,25726,2166,76230,19.60%,30.91%,
105/06/15,-400,0,84,-316,48332,26488,2377,77197,19.60%,31.31%,
105/06/14,97,18,178,293,48696,26488,2293,77477,19.75%,31.42%,
105/06/13,-84,72,-49,-61,48599,26470,2115,77184,19.71%,31.30%,
105/06/08,94,728,35,857,48683,26398,2164,77245,19.74%,31.33%,
105/06/07,-379,18,37,-324,48736,25670,2129,76535,19.76%,31.04%,
105/06/06,-46,70,-88,-64,49074,25652,2092,76818,19.90%,31.15%,
105/06/04,-26,137,289,400,49120,25582,2180,76882,19.92%,31.18%,
105/06/03,-402,-122,-36,-560,49146,25445,1891,76482,19.93%,31.02%,
105/06/02,-193,117,-148,-224,49548,25567,1927,77042,20.09%,31.24%,
105/06/01,-105,246,-163,-22,49891,25450,2075,77416,20.23%,31.39%,
105/05/31,-698,0,-518,-1216,50045,25204,2238,77487,20.29%,31.42%,
105/05/30,820,382,987,2189,50743,25204,2756,78703,20.58%,31.92%,
105/05/27,-402,19,120,-263,49913,24822,1769,76504,20.24%,31.03%,
105/05/26,-253,-6,-33,-292,50779,24803,1649,77231,20.59%,31.32%,
105/05/25,-195,172,76,53,51032,24809,1682,77523,20.69%,31.44%,
105/05/24,-15,349,6,340,51355,24637,1606,77598,20.83%,31.47%,
105/05/23,651,-357,72,366,51370,24288,1600,77258,20.83%,31.33%,
105/05/20,-26,-1245,-35,-1306,50463,24645,1528,76636,20.46%,31.08%,
105/05/19,56,100,-4,152,49849,25890,1563,77302,20.21%,31.35%,
105/05/18,-464,105,27,-332,49733,25790,1567,77090,20.17%,31.27%,
105/05/17,689,118,-36,771,50197,25685,1540,77422,20.36%,31.40%,
105/05/16,-243,139,19,-85,49826,25567,1576,76969,20.20%,31.21%,
105/05/13,-525,179,-71,-417,50227,25428,1557,77212,20.37%,31.32%,
105/05/12,1456,-80,-37,1339,50713,25249,1628,77590,20.56%,31.46%,
105/05/11,1276,-2342,-91,-1157,49216,25329,1665,76210,19.96%,30.91%,
105/05/10,-555,3,78,-474,48069,27671,1756,77496,19.49%,31.43%,
105/05/09,-601,-60,126,-535,48624,27668,1678,77970,19.72%,31.62%,
105/05/06,-846,0,1,-845,49225,27728,1552,78505,19.96%,31.84%,
105/05/05,1398,-1211,-122,65,49521,27728,1551,78800,20.08%,31.96%,
105/05/04,611,-1802,-108,-1299,48621,28939,1673,79233,19.72%,32.14%,
105/05/03,-286,185,-200,-301,46549,30741,1781,79071,18.88%,32.07%,
105/04/29,212,193,103,508,46705,30556,1981,79242,18.94%,32.14%,
105/04/28,-425,88,-91,-428,46456,30363,1878,78697,18.84%,31.92%,
105/04/27,-147,380,-6,227,46849,30275,1969,79093,19.00%,32.08%,
105/04/26,191,294,144,629,47386,29895,1975,79256,19.22%,32.15%,
105/04/25,1370,-1103,53,320,47195,29601,1831,78627,19.14%,31.89%,
105/04/22,-160,-750,-4,-914,45125,30704,1778,77607,18.30%,31.48%,
105/04/21,-82,-172,0,-254,45257,31454,1782,78493,18.35%,31.83%,
105/04/20,-170,-1271,-32,-1473,45339,31626,1782,78747,18.39%,31.94%,
105/04/19,-827,-1546,-142,-2515,45509,32897,1814,80220,18.45%,32.53%,
105/04/18,168,-622,-21,-475,46337,34443,1956,82736,18.79%,33.55%,
105/04/15,852,-3078,-200,-2426,46137,35065,1977,83179,18.71%,33.73%,
105/04/14,-260,-1480,21,-1719,45285,38143,2177,85605,18.36%,34.71%,
105/04/13,-453,-131,-27,-611,45545,39623,2156,87324,18.47%,35.42%,
105/04/12,-837,-1195,-572,-2604,46021,39754,2183,87958,18.66%,35.67%,
105/04/11,-287,-335,-69,-691,46875,40949,2755,90579,19.01%,36.74%,
105/04/08,-1064,35,91,-938,47139,41284,2824,91247,19.12%,37.01%,
105/04/07,-857,-785,-113,-1755,48723,41249,2733,92705,19.76%,37.60%,
105/04/06,-907,-932,-4,-1843,49563,42034,2846,94443,20.10%,38.30%,
105/04/01,-615,300,25,-290,50470,42966,2850,96286,20.47%,39.05%,
105/03/31,-374,-150,-8,-532,51085,42666,2825,96576,20.72%,39.17%,
105/03/30,463,-60,35,438,51459,43509,2833,97801,20.87%,39.67%,
105/03/29,268,250,-266,252,50986,43569,2798,97353,20.68%,39.49%,
105/03/28,-319,193,-142,-268,50718,43319,3064,97101,20.57%,39.38%,
105/03/25,310,710,141,1161,51027,43126,3206,97359,20.69%,39.48%,
105/03/24,447,246,-143,550,50717,42416,3065,96198,20.57%,39.02%,
105/03/23,-895,68,-513,-1340,50280,42170,3208,95658,20.39%,38.80%,
105/03/22,-982,-162,-111,-1255,51175,42102,3721,96998,20.75%,39.34%,
105/03/21,-850,-179,97,-932,52158,42264,3832,98254,21.15%,39.85%,
105/03/18,1193,705,-446,1452,52998,42443,3735,99176,21.49%,40.22%,
105/03/17,3412,406,-588,3230,51805,41738,4181,97724,21.01%,39.64%,
105/03/16,81,44,231,356,48874,41332,4769,94975,19.82%,38.52%,
105/03/15,369,854,-1041,182,48855,41288,4538,94681,19.81%,38.40%,
105/03/14,-730,804,-645,-571,48509,40434,5579,94522,19.67%,38.33%,
105/03/11,-408,255,384,231,49229,39630,6224,95083,19.96%,38.56%,
105/03/10,-1986,100,-516,-2402,49281,39375,5840,94496,19.98%,38.32%,
105/03/09,140,483,2195,2818,51289,39275,6356,96920,20.80%,39.31%,
105/03/08,-1654,926,174,-554,51043,38792,4161,93996,20.70%,38.12%,
105/03/07,-462,-190,33,-619,52472,37866,3987,94325,21.28%,38.26%,
105/03/04,82,-1439,-145,-1502,52849,38056,3954,94859,21.43%,38.47%,
105/03/03,-604,-1696,-545,-2845,52881,39495,4099,96475,21.44%,39.12%,
105/03/02,-838,-1336,-734,-2908,53620,41191,4644,99455,21.74%,40.33%,
105/03/01,814,-206,1250,1858,54355,42527,5378,102260,22.04%,41.47%,
105/02/26,-81,344,384,647,54041,42733,4128,100902,21.91%,40.92%,
105/02/25,104,30,35,169,54539,42389,3744,100672,22.12%,40.83%,
105/02/24,-4,85,-132,-51,54738,42359,3709,100806,22.20%,40.89%,
105/02/23,-220,145,125,50,54631,42274,3841,100746,22.15%,40.85%,
105/02/22,-550,30,-239,-759,54859,42129,3716,100704,22.25%,40.85%,
105/02/19,-341,-4,677,332,55156,42099,3955,101210,22.37%,41.05%,
105/02/18,146,-180,65,31,55499,42103,3278,100880,22.51%,40.92%,
105/02/17,-553,-90,-11,-654,55366,42283,3213,100862,22.45%,40.90%,
105/02/16,-549,230,86,-233,55931,42373,3224,101528,22.68%,41.17%,
105/02/15,-1071,503,197,-371,56420,42143,3138,101701,22.88%,41.25%,
105/02/03,-664,100,-52,-616,57491,41640,2941,102072,23.31%,41.39%,
105/02/02,-784,-223,-618,-1625,58143,41540,2993,102676,23.58%,41.64%,
105/02/01,-354,-25,-152,-531,59007,41763,3611,104381,23.93%,42.33%,
105/01/30,359,2642,795,3796,59361,41788,3763,104912,24.07%,42.55%,
105/01/29,1520,460,-201,1779,59002,39146,2968,101116,23.93%,41.01%,
105/01/28,446,40,173,659,57482,38686,3169,99337,23.31%,40.29%,
105/01/27,1145,90,-112,1123,57740,38646,2996,99382,23.41%,40.30%,
105/01/26,-366,300,8,-58,55884,38556,3108,97548,22.66%,39.56%,
105/01/25,-356,238,-48,-166,56696,38256,3100,98052,22.99%,39.76%,
105/01/22,1393,407,-426,1374,57042,38018,3148,98208,23.13%,39.83%,
105/01/21,1575,2853,425,4853,55639,37611,3574,96824,22.56%,39.27%,
105/01/20,-1204,1456,-1028,-776,54064,34758,3149,91971,21.92%,37.30%,
105/01/19,1972,1289,901,4162,54269,33302,4177,91748,22.01%,37.21%,
105/01/18,2136,604,19,2759,52247,32013,3276,87536,21.19%,35.50%,
105/01/15,714,27,-278,463,50111,31409,3257,84777,20.32%,34.38%,
105/01/14,6,0,37,43,49387,31382,3535,84304,20.03%,34.19%,
105/01/13,1495,105,-369,1231,49385,31382,3498,84265,20.03%,34.18%,
105/01/12,-922,425,-593,-1090,47890,31277,3867,83034,19.42%,33.67%,
105/01/11,545,940,-270,1215,48872,30852,4460,84184,19.82%,34.14%,
105/01/08,-657,987,17,347,49127,29912,4730,83769,19.92%,33.97%,
105/01/07,-841,1903,-162,900,49324,28925,4713,82962,20.00%,33.64%,
105/01/06,393,1950,25,2368,50165,27022,4875,82062,20.34%,33.28%,
105/01/05,2430,1627,1012,5069,49762,25072,4850,79684,20.18%,32.32%,
105/01/04,100,0,23,123,47272,23445,3838,74555,19.17%,30.24%,
104/12/31,428,140,224,792,47172,23445,3815,74432,19.13%,30.19%,
104/12/30,-1131,690,-558,-999,46744,23029,3591,73364,18.96%,29.76%,
104/12/29,-365,892,161,688,47865,22339,4149,74353,19.41%,30.15%,
104/12/28,-1140,906,25,-209,48223,21447,3988,73658,19.55%,29.87%,
104/12/25,-233,74,104,-55,49363,20541,3963,73867,20.02%,29.96%,
104/12/24,-579,117,-74,-536,49764,20467,3859,74090,20.18%,30.05%,
104/12/23,-735,712,69,46,50343,20350,3933,74626,20.41%,30.26%,
104/12/22,1077,0,-246,831,51068,19638,3864,74570,20.71%,30.24%,
104/12/21,-273,3200,24,2951,49981,19638,4110,73729,20.27%,29.90%,
104/12/18,1871,1814,209,3894,49713,16438,4086,70237,20.16%,28.48%,
104/12/17,193,1010,428,1631,48632,14624,3877,67133,19.72%,27.22%,
104/12/16,907,-411,0,496,48439,13614,3449,65502,19.64%,26.56%,
104/12/15,-1303,175,36,-1092,47532,14025,3449,65006,19.27%,26.36%,
104/12/14,1331,13,13,1357,48535,13850,3413,65798,19.68%,26.68%,
104/12/11,2461,200,-336,2325,47204,13837,3400,64441,19.14%,26.13%,
104/12/10,-1604,198,-480,-1886,44765,13637,3736,62138,18.15%,25.20%,
104/12/09,510,1474,1117,3101,47430,13439,4216,65085,19.23%,26.39%,
104/12/08,1538,353,-167,1724,47309,11965,3099,62373,19.18%,25.29%,
104/12/07,1283,0,-419,864,45771,11612,3266,60649,18.56%,24.59%,
104/12/04,-132,228,23,119,44625,11612,3685,59922,18.10%,24.30%,
104/12/03,2989,0,172,3161,45248,11384,3662,60294,18.35%,24.45%,
104/12/02,1210,50,-18,1242,42259,11384,3490,57133,17.14%,23.17%,
104/12/01,1075,823,636,2534,41049,11334,3508,55891,16.64%,22.66%,
104/11/30,1398,125,802,2325,39796,10511,2872,53179,16.14%,21.57%,
104/11/27,1027,0,-46,981,38244,10386,2070,50700,15.51%,20.56%,
104/11/26,148,0,138,286,37347,10386,2116,49849,15.14%,20.21%,
104/11/25,489,0,-6,483,37199,10386,1978,49563,15.08%,20.09%,
104/11/24,139,0,57,196,36902,10386,1984,49272,14.96%,19.98%,
104/11/23,987,0,-219,768,37065,10386,1927,49378,15.03%,20.02%,
104/11/20,945,205,-28,1122,36078,10386,2146,48610,14.63%,19.71%,
104/11/19,482,0,-182,300,35042,10181,2174,47397,14.21%,19.22%,
104/11/18,-435,0,365,-70,34560,10181,2356,47097,14.01%,19.10%,
104/11/17,1593,0,132,1725,34906,10181,1991,47078,14.15%,19.09%,
104/11/16,-1176,0,-91,-1267,33313,10181,1859,45353,13.51%,18.39%,
104/11/13,-318,-146,3,-461,34278,10181,1950,46409,13.90%,18.82%,
104/11/12,-1656,0,-71,-1727,34581,10327,1947,46855,14.02%,19.00%,
104/11/11,-85,0,-66,-151,35428,10327,2018,47773,14.37%,19.38%,
104/11/10,-1535,0,22,-1513,35369,10327,2084,47780,14.34%,19.37%,
104/11/09,-1798,0,28,-1770,36904,10327,2062,49293,14.96%,19.99%,
104/11/06,-818,0,172,-646,37805,10327,2034,50166,15.33%,20.34%,
104/11/05,-607,0,72,-535,39009,10327,1862,51198,15.82%,20.76%,
104/11/04,-1909,2,-54,-1961,39526,10327,1790,51643,16.03%,20.94%,
104/11/03,-632,0,59,-573,40927,10325,1844,53096,16.60%,21.54%,
104/11/02,-1885,-67,-49,-2001,41578,10325,1785,53688,16.86%,21.77%,
104/10/30,-1139,0,-52,-1191,43463,10392,1834,55689,17.62%,22.58%,
104/10/29,-1985,0,-10,-1995,44049,10392,1886,56327,17.86%,22.84%,
104/10/28,373,-200,-51,122,46034,10392,1896,58322,18.67%,23.65%,
104/10/27,-418,0,-348,-766,45661,10592,1947,58200,18.52%,23.61%,
104/10/26,-191,0,41,-150,45979,10592,2295,58866,18.64%,23.87%,
104/10/23,-593,0,262,-331,46170,10592,2254,59016,18.72%,23.93%,
104/10/22,256,0,35,291,46763,10592,1992,59347,18.96%,24.06%,
104/10/21,-25,0,-27,-52,46507,10592,1957,59056,18.86%,23.95%,
104/10/20,-276,0,-83,-359,46532,10592,1984,59108,18.87%,23.97%,
104/10/19,-686,-23,-43,-752,46808,10592,2067,59467,18.98%,24.11%,
104/10/16,-358,-98,170,-286,47494,10615,2110,60219,19.26%,24.42%,
104/10/15,-1293,0,-102,-1395,47952,10713,1940,60605,19.44%,24.57%,
104/10/14,-628,0,49,-579,49245,10713,2042,62000,19.97%,25.14%,
104/10/13,-519,0,26,-493,49773,10713,1993,62479,20.18%,25.33%,
104/10/12,-606,0,73,-533,50292,10713,1967,62972,20.39%,25.53%,
104/10/08,-436,0,-82,-518,50898,10713,1894,63505,20.64%,25.75%,
104/10/07,48,-82,-44,-78,51334,10713,1976,64023,20.82%,25.97%,
104/10/06,-1354,0,-176,-1530,51286,10795,2020,64101,20.80%,26.00%,
104/10/05,-658,-1,353,-306,52640,10795,2196,65631,21.35%,26.62%,
104/10/02,1319,2,186,1507,53298,10796,1843,65937,21.61%,26.74%,
104/10/01,1,-30,84,55,51979,10794,1657,64430,21.08%,26.13%,
104/09/30,-183,0,-43,-226,51978,10824,1573,64375,21.08%,26.11%,
104/09/25,-683,-218,-109,-1010,52161,9200,1616,62977,21.15%,25.54%,
104/09/24,-59,273,-65,149,52844,9418,1725,63987,21.43%,25.95%,
104/09/23,228,13,-271,-30,52903,9145,1790,63838,21.45%,25.89%,
104/09/22,-639,-179,100,-718,52675,9132,2061,63868,21.36%,25.90%,
104/09/21,-48,590,-60,482,53314,9311,1961,64586,21.62%,26.19%,
104/09/18,45,0,-38,7,53362,8721,2021,64104,21.64%,26.00%,
104/09/17,188,50,-10,228,53317,8721,2059,64097,21.62%,25.99%,
104/09/16,-523,0,-50,-573,53129,8671,2069,63869,21.54%,25.90%,
104/09/15,-693,0,418,-275,53652,8671,2119,64442,21.76%,26.14%,
104/09/14,77,20,-75,22,54335,8671,1701,64707,22.03%,26.24%,
104/09/11,1256,25,504,1785,54258,8651,1776,64685,22.00%,26.23%,
104/09/10,241,0,87,328,53002,8626,1272,62900,21.49%,25.50%,
104/09/09,-33,0,128,95,52762,8626,1185,62573,21.40%,25.38%,
104/09/08,51,983,-8,1026,52795,8626,1057,62478,21.41%,25.34%,
104/09/07,674,-219,-33,422,52744,7643,1065,61452,21.39%,24.92%,
104/09/04,299,-309,-322,-332,52070,7862,1098,61030,21.12%,24.75%,
104/09/03,-714,170,98,-446,51771,8171,1420,61362,20.99%,24.88%,
104/09/02,499,0,-214,285,52485,8001,1322,61808,21.28%,25.06%,
104/09/01,494,63,214,771,52037,8001,1536,61574,21.10%,24.97%,
104/08/31,1006,-6,-11,989,51976,7938,1322,61236,21.08%,24.84%,
104/08/28,236,0,-84,152,50970,7944,1333,60247,20.67%,24.43%,
104/08/27,266,-202,108,172,50734,7944,1417,60095,20.57%,24.37%,
104/08/26,-392,28,-139,-503,50468,8146,1309,59923,20.47%,24.31%,
104/08/25,715,-207,132,640,50848,8118,1448,60414,20.62%,24.50%,
104/08/24,131,-150,-340,-359,50179,8325,1316,59820,20.35%,24.26%,
104/08/21,-1124,0,-169,-1293,50048,8475,1656,60179,20.30%,24.41%,
104/08/20,1456,15,37,1508,51062,8475,1825,61362,20.71%,24.89%,
104/08/19,1644,0,-599,1045,49681,8460,1788,59929,20.15%,24.31%,
104/08/18,-705,251,-215,-669,48040,8460,2387,58887,19.48%,23.88%,
104/08/17,-485,0,276,-209,48745,8209,2602,59556,19.77%,24.16%,
104/08/14,-41,-6,-89,-136,49165,8209,2326,59700,19.94%,24.21%,
104/08/13,132,5,189,326,49193,8215,2415,59823,19.95%,24.26%,
104/08/12,97,22,36,155,49061,8210,2226,59497,19.89%,24.12%,
104/08/11,-603,-25,-261,-889,48964,8188,2190,59342,19.86%,24.07%,
104/08/10,-702,200,628,126,49568,8213,2451,60232,20.10%,24.43%,
104/08/07,943,-184,48,807,50270,8013,1823,60106,20.39%,24.38%,
104/08/06,-1380,1886,-202,304,49327,8197,1775,59299,20.00%,24.04%,
104/08/05,-1265,98,119,-1048,50707,6311,1977,58995,20.56%,23.92%,
104/08/04,-380,-4,31,-353,52111,6213,1858,60182,21.13%,24.40%,
104/08/03,1488,-461,-599,428,52544,6217,1827,60588,21.31%,24.57%,
104/07/31,-1,-327,98,-230,51056,6678,2426,60160,20.70%,24.39%,
104/07/30,-2400,1,-212,-2611,50492,7005,2328,59825,20.48%,24.27%,
104/07/29,-2491,394,-127,-2224,52892,7004,2540,62436,21.45%,25.32%,
104/07/28,2243,33,195,2471,55108,6610,2667,64385,22.35%,26.11%,
104/07/27,1669,-825,-535,309,52897,6577,2472,61946,21.45%,25.12%,
104/07/24,-148,1468,293,1613,51128,7402,3007,61537,20.73%,24.95%,
104/07/23,1813,-1954,-683,-824,51220,5934,2714,59868,20.77%,24.28%,
104/07/22,-1725,-508,160,-2073,49407,7888,3397,60692,20.04%,24.62%,
104/07/21,705,-226,166,645,51132,8396,3237,62765,20.73%,25.45%,
104/07/20,1701,-2086,-571,-956,50417,8622,3071,62110,20.44%,25.18%,
104/07/17,-333,-1424,-95,-1852,48706,10708,3642,63056,19.75%,25.57%,
104/07/16,-2408,0,115,-2293,49967,12132,3737,65836,20.26%,26.70%,
104/07/15,875,-229,-170,476,52569,12132,3622,68323,21.32%,27.71%,
104/07/14,-620,-1841,-256,-2717,51762,12361,3792,67915,20.99%,27.54%,
104/07/13,-2984,20,-187,-3151,52447,14202,4048,70697,21.27%,28.67%,
104/07/09,-546,-40,511,-75,54380,14182,4235,72797,22.05%,29.52%,
104/07/08,-1331,-1123,-219,-2673,54916,14222,3724,72862,22.27%,29.55%,
104/07/07,-794,-864,-512,-2170,56220,15345,3943,75508,22.80%,30.62%,
104/07/06,-2434,1888,827,281,56883,16209,4455,77547,23.07%,31.45%,
104/07/03,-83,413,791,1121,59317,14321,3628,77266,24.05%,31.33%,
104/07/02,137,508,-93,552,59401,13908,2837,76146,24.09%,30.88%,
104/07/01,-1084,230,-156,-1010,59264,13400,2930,75594,24.03%,30.65%,
104/06/30,1539,-449,-17,1073,60285,13170,3086,76541,24.45%,31.04%,
104/06/29,762,-208,-182,372,58746,15639,3103,77488,23.82%,31.42%,
104/06/26,276,-189,-505,-418,57984,15847,3285,77116,23.51%,31.27%,
104/06/25,-1157,525,-1113,-1745,57707,16036,3790,77533,23.40%,31.44%,
104/06/24,-601,-719,718,-602,58864,15511,4903,79278,23.87%,32.15%,
104/06/23,532,-150,-325,57,59465,16230,4185,79880,24.11%,32.39%,
104/06/22,170,40,846,1056,58934,16380,4510,79824,23.90%,32.37%,
104/06/18,179,625,-141,663,58764,16340,3664,78768,23.83%,31.94%,
104/06/17,796,856,-11,1641,58585,15715,3805,78105,23.76%,31.68%,
104/06/16,414,420,788,1622,57790,14859,3816,76465,23.44%,31.01%,
104/06/15,227,1160,-285,1102,57376,14439,3028,74843,23.27%,30.35%,
104/06/12,-15,828,239,1052,57149,13279,3313,73741,23.18%,29.91%,
104/06/11,1394,644,56,2094,57164,12451,3074,72689,23.18%,29.48%,
104/06/10,2601,588,302,3491,55769,11807,3018,70594,22.62%,28.63%,
104/06/09,153,1777,-340,1590,53168,11219,2716,67103,21.56%,27.21%,
104/06/08,-496,187,209,-100,53015,9442,3056,65513,21.50%,26.57%,
104/06/05,1218,262,-166,1314,53511,9255,2847,65613,21.70%,26.61%,
104/06/04,-401,-13,-873,-1287,52293,8993,3013,64299,21.21%,26.08%,
104/06/03,-416,-252,27,-641,52694,9006,3886,65586,21.37%,26.60%,
104/06/02,199,-75,-108,16,53091,9258,3859,66208,21.53%,26.85%,
104/06/01,289,-100,-106,83,52892,9333,3967,66192,21.45%,26.84%,
104/05/29,-61,740,79,758,52602,9433,4073,66108,21.33%,26.81%,
104/05/28,353,-26,38,365,52663,8693,3994,65350,21.36%,26.51%,
104/05/27,-1050,90,-449,-1409,52310,8719,3956,64985,21.21%,26.35%,
104/05/26,-1123,-80,1679,476,53360,8629,4405,66394,21.64%,26.93%,
104/05/25,163,-100,47,110,54483,8709,2726,65918,22.09%,26.73%,
104/05/22,27,229,484,740,54320,8809,2679,65808,22.03%,26.69%,
104/05/21,-43,188,-18,127,54293,8580,2195,65068,22.02%,26.39%,
104/05/20,440,87,-443,84,54336,8392,2213,64941,22.03%,26.33%,
104/05/19,188,221,367,776,53896,8305,2656,64857,21.86%,26.31%,
104/05/18,7,165,639,811,53708,8084,2289,64081,21.78%,25.99%,
104/05/15,133,322,-910,-455,53701,7919,1650,63270,21.78%,25.66%,
104/05/14,277,258,-492,43,53568,7597,2560,63725,21.72%,25.84%,
104/05/13,-71,255,1185,1369,53291,7339,3052,63682,21.61%,25.82%,
104/05/12,-567,673,-3,103,53362,7084,1867,62313,21.64%,25.27%,
104/05/11,-532,523,76,67,53929,6411,1870,62210,21.87%,25.23%,
104/05/08,-151,1419,-35,1233,54461,5888,1794,62143,22.08%,25.20%,
104/05/07,-772,1759,-226,761,54612,4469,1829,60910,22.15%,24.70%,
104/05/06,-1282,0,1219,-63,55383,2710,2055,60148,22.46%,24.39%,
104/05/05,91,100,-31,160,56665,2710,836,60211,22.98%,24.42%,
104/05/04,93,0,105,198,56574,2610,867,60051,22.94%,24.35%,
104/04/30,212,155,11,378,56481,2610,762,59853,22.90%,24.27%,
104/04/29,-906,-30,-126,-1062,56269,2455,751,59475,22.82%,24.12%,
104/04/28,-149,-1,8,-142,57175,2485,877,60537,23.19%,24.55%,
104/04/27,308,-633,-55,-380,57324,2486,869,60679,23.25%,24.61%,
104/04/24,686,0,-329,357,57016,3119,924,61059,23.12%,24.76%,
104/04/23,-535,0,673,138,56330,3119,1253,60702,22.84%,24.61%,
104/04/22,-402,1884,118,1600,56865,3119,580,60564,23.06%,24.56%,
104/04/21,-132,32,227,127,57267,1235,462,58964,23.22%,23.91%,
104/04/20,289,2,-6,285,57399,1203,235,58837,23.28%,23.86%,
104/04/17,337,0,-14,323,57110,1201,241,58552,23.16%,23.74%,
104/04/16,1113,-487,-48,578,56773,1201,255,58229,23.02%,23.61%,
104/04/15,-2,-2,-113,-117,55660,1688,303,57651,22.57%,23.38%,
104/04/14,23,0,-30,-7,55662,1690,416,57768,22.57%,23.42%,
104/04/13,-39,0,-31,-70,55639,1690,446,57775,22.56%,23.43%,
104/04/10,255,0,12,267,55678,1690,477,57845,22.58%,23.46%,
104/04/09,-251,0,-117,-368,55423,1690,465,57578,22.48%,23.35%,
104/04/08,-20,0,-61,-81,55674,1690,582,57946,22.58%,23.50%,
104/04/07,-39,-375,-171,-585,55694,1690,643,58027,22.59%,23.54%,
104/04/02,775,50,-89,736,55733,2065,814,58612,22.60%,23.77%,
104/04/01,-634,-1250,-819,-2703,54958,2015,903,57876,22.29%,23.47%,
104/03/31,160,62,-21,201,55592,3265,1722,60579,22.54%,24.56%,
104/03/30,333,195,-415,113,55432,3237,1743,60412,22.48%,24.50%,
104/03/27,350,-150,-20,180,55099,3042,2158,60299,22.34%,24.45%,
104/03/26,1126,487,15,1628,54749,3192,2178,60119,22.20%,24.38%,
104/03/25,517,-1,6,522,53623,2705,2163,58491,21.75%,23.72%,
104/03/24,1005,-296,-17,692,53106,2706,2157,57969,21.54%,23.51%,
104/03/23,-475,-431,-20,-926,52101,3002,2174,57277,21.13%,23.23%,
104/03/20,676,-1,359,1034,52576,3433,2194,58203,21.32%,23.60%,
104/03/19,1154,-76,-205,873,51900,3434,1835,57169,21.05%,23.19%,
104/03/18,192,0,-268,-76,50747,3510,2040,56297,20.58%,22.83%,
104/03/17,427,-87,-509,-169,50555,3510,2308,56373,20.50%,22.86%,
104/03/16,43,-227,56,-128,50128,3597,2817,56542,20.33%,22.93%,
104/03/13,1381,230,224,1835,50086,3824,2761,56671,20.31%,22.98%,
104/03/12,599,41,145,785,48705,3594,2537,54836,19.75%,22.24%,
104/03/11,-273,-182,4,-451,48106,3553,2392,54051,19.51%,21.92%,
104/03/10,792,-100,140,832,48379,3735,2388,54502,19.62%,22.10%,
104/03/09,-169,271,244,346,47587,3835,2248,53670,19.30%,21.77%,
104/03/06,-227,459,931,1163,47756,3564,2004,53324,19.37%,21.63%,
104/03/05,344,827,189,1360,47983,3105,1073,52161,19.46%,21.15%,
104/03/04,1103,121,442,1666,47639,2278,884,50801,19.32%,20.60%,
104/03/03,81,-1,229,309,46536,2157,442,49135,18.87%,19.92%,
104/03/02,551,0,1,552,46455,2158,213,48826,18.84%,19.80%,
104/02/26,220,-202,4,22,45904,2158,212,48274,18.61%,19.57%,
104/02/25,-164,0,-1,-165,45684,2360,208,48252,18.52%,19.56%,
104/02/24,524,0,-6,518,45848,2360,209,48417,18.59%,19.63%,
104/02/13,486,-3,-4,479,45324,2360,215,47899,18.38%,19.42%,
104/02/12,425,0,-2,423,44861,2363,219,47443,18.19%,19.24%,
104/02/11,-8,0,0,-8,44436,2363,221,47020,18.02%,19.07%,
104/02/10,513,0,4,517,44444,2363,221,47028,18.02%,19.07%,
104/02/09,1,-2,1,0,43926,2363,217,46506,17.81%,18.86%,
104/02/06,615,0,-130,485,43925,2365,216,46506,17.81%,18.86%,
104/02/05,148,0,114,262,43374,2365,346,46085,17.59%,18.69%,
104/02/04,1329,0,136,1465,43226,2365,232,45823,17.53%,18.58%,
104/02/03,1657,0,11,1668,41906,2365,96,44367,16.99%,17.99%,
104/02/02,356,600,0,956,40249,2365,85,42699,16.32%,17.31%,
104/01/30,246,-3,0,243,39893,1765,85,41743,16.18%,16.93%,
104/01/29,405,0,20,425,39647,1768,85,41500,16.08%,16.83%,
104/01/28,173,300,10,483,39242,1768,65,41075,15.91%,16.65%,
104/01/27,526,300,13,839,39069,1468,55,40592,15.84%,16.46%,
104/01/26,99,0,-12,87,38543,1168,42,39753,15.63%,16.12%,
104/01/23,183,0,0,183,38444,1168,54,39666,15.59%,16.09%,
104/01/22,413,-4,0,409,38261,1168,54,39483,15.51%,16.01%,
104/01/21,579,0,36,615,37851,1172,54,39077,15.35%,15.85%,
104/01/20,621,0,0,621,37277,1172,18,38467,15.11%,15.59%,
104/01/19,169,0,0,169,36656,1172,18,37846,14.86%,15.34%,
104/01/16,866,0,-2,864,36479,1172,18,37669,14.79%,15.27%,
104/01/15,706,-370,0,336,35613,1172,20,36805,14.44%,14.92%,
104/01/14,658,100,-100,658,34907,1542,20,36469,14.15%,14.78%,
104/01/13,884,100,-92,892,34249,1442,120,35811,13.89%,14.52%,
104/01/12,684,300,93,1077,33365,1342,212,34919,13.53%,14.16%,
104/01/09,717,0,97,814,32681,1042,119,33842,13.25%,13.72%,
104/01/08,1252,0,0,1252,31964,1042,22,33028,12.96%,13.39%,
104/01/07,918,0,-20,898,30712,1042,22,31776,12.45%,12.88%,
104/01/06,965,0,-100,865,29796,1042,42,30880,12.08%,12.52%,
104/01/05,503,0,-176,327,28831,1042,142,30015,11.69%,12.17%,
