日期,外資買賣超,投信買賣超,自營商買賣超,單日合計買賣超,外資估計持股,投信估計持股,自營商估計持股,單日合計估計持股,外資持股比重,三大法人持股比重,
107/03/31,0,-7,0,-7,79929,1422,4,81355,90.79%,92.42%,
107/03/30,5,0,-3,2,79929,1429,4,81362,90.79%,92.42%,
107/03/29,-5,0,0,-5,79891,1429,7,81327,90.75%,92.39%,
107/03/28,34,-13,0,21,79849,1429,7,81285,90.70%,92.34%,
107/03/27,86,-71,3,18,79848,1442,7,81297,90.70%,92.35%,
107/03/26,1,-29,1,-27,79703,1513,4,81220,90.54%,92.27%,
107/03/23,-5,-5,-1,-11,79637,1542,3,81182,90.46%,92.22%,
107/03/22,12,-5,0,7,79611,1547,4,81162,90.43%,92.20%,
107/03/21,13,-10,0,3,79557,1552,4,81113,90.85%,92.62%,
107/03/20,41,-30,0,11,79498,1562,4,81064,90.78%,92.57%,
107/03/19,30,-10,0,20,79454,1592,4,81050,90.73%,92.55%,
107/03/16,-7,-25,0,-32,79423,1602,4,81029,90.70%,92.53%,
107/03/15,100,-57,0,43,79430,1627,4,81061,90.70%,92.56%,
107/03/14,10,-7,0,3,79331,1684,4,81019,90.59%,92.51%,
107/03/13,78,-26,0,52,79367,1691,4,81062,90.63%,92.56%,
107/03/12,92,-44,0,48,79300,1717,4,81021,90.56%,92.52%,
107/03/09,54,-20,0,34,79208,1761,4,80973,90.45%,92.46%,
107/03/08,14,-51,-2,-39,79176,1781,4,80961,90.41%,92.44%,
107/03/07,3,-22,0,-19,79162,1832,6,81000,90.40%,92.50%,
107/03/06,37,-59,0,-22,79159,1854,6,81019,90.39%,92.51%,
107/03/05,27,-41,0,-14,79122,1913,6,81041,90.35%,92.54%,
107/03/02,-6,-5,1,-10,79089,1954,6,81049,90.31%,92.54%,
107/03/01,11,-16,0,-5,79093,1959,5,81057,90.32%,92.56%,
107/02/27,106,-84,0,22,79081,1975,5,81061,90.31%,92.57%,
107/02/26,9,-14,0,-5,79012,2059,5,81076,90.23%,92.58%,
107/02/23,35,-22,0,13,79002,2073,5,81080,90.22%,92.59%,
107/02/22,47,-23,5,29,78959,2095,5,81059,90.17%,92.56%,
107/02/21,136,0,0,136,78908,2118,0,81026,90.11%,92.52%,
107/02/12,5,0,0,5,78771,2118,0,80889,89.95%,92.36%,
107/02/09,0,0,0,0,78787,2118,0,80905,89.97%,92.38%,
107/02/08,0,-4,0,-4,78839,2118,0,80957,90.03%,92.44%,
107/02/07,-47,-8,0,-55,78819,2122,0,80941,90.01%,92.43%,
107/02/06,9,0,-10,-1,78866,2130,0,80996,90.06%,92.49%,
107/02/05,6,0,-2,4,78880,2130,0,81010,90.08%,92.51%,
107/02/02,58,0,-1,57,78890,2130,1,81021,90.09%,92.53%,
107/02/01,212,0,-1,211,78832,2130,2,80964,90.02%,92.46%,
107/01/31,10,-1,2,11,78657,2130,3,80790,89.82%,92.26%,
107/01/30,67,-10,0,57,78645,2131,1,80777,89.81%,92.25%,
107/01/29,-11,-20,-1,-32,78577,2141,1,80719,89.73%,92.18%,
107/01/26,-78,-5,-6,-89,78586,2161,2,80749,89.74%,92.22%,
107/01/25,-8,-17,0,-25,78636,2166,8,80810,89.80%,92.29%,
107/01/24,39,-29,0,10,78625,2183,8,80816,89.78%,92.29%,
107/01/23,-73,-43,-2,-118,78672,2212,8,80892,89.84%,92.38%,
107/01/22,121,3,7,131,78804,2255,10,81069,89.99%,92.58%,
107/01/19,-61,-19,0,-80,78763,2252,3,81018,89.94%,92.52%,
107/01/18,41,-131,-2,-92,78824,2271,3,81098,90.01%,92.61%,
107/01/17,-146,0,1,-145,78819,2402,5,81226,90.01%,92.76%,
107/01/16,-38,-41,-2,-81,78959,2402,4,81365,90.17%,92.92%,
107/01/15,-62,-27,-3,-92,78904,2443,6,81353,90.10%,92.90%,
107/01/12,15,-15,-4,-4,78899,2470,9,81378,90.10%,92.94%,
107/01/11,102,-62,-2,38,78876,2485,13,81374,90.07%,92.93%,
107/01/10,72,-10,0,62,78704,2547,15,81266,89.88%,92.81%,
107/01/09,107,-5,0,102,78623,2557,15,81195,89.78%,92.72%,
107/01/08,14,0,0,14,78501,2562,15,81078,89.64%,92.59%,
107/01/05,91,-3,0,88,78485,2562,15,81062,89.62%,92.57%,
107/01/04,96,-53,0,43,78394,2565,15,80974,89.52%,92.47%,
107/01/03,49,0,0,49,78265,2618,15,80898,89.37%,92.38%,
107/01/02,78,0,1,79,78206,2618,15,80839,89.31%,92.32%,
106/12/29,87,0,3,90,78117,2618,14,80749,89.20%,92.21%,
106/12/28,121,5,0,126,78010,2786,11,80807,89.08%,92.28%,
106/12/27,51,0,2,53,77862,2781,11,80654,88.91%,92.10%,
106/12/26,46,5,2,53,77878,2781,9,80668,88.93%,92.12%,
106/12/25,36,0,-3,33,77831,2776,7,80614,88.88%,92.06%,
106/12/22,27,10,1,38,77794,2776,10,80580,88.84%,92.03%,
106/12/21,37,10,0,47,77568,2766,9,80343,88.58%,91.76%,
106/12/20,30,0,0,30,77515,2756,9,80280,88.52%,91.68%,
106/12/19,31,-8,1,24,77406,2756,9,80171,88.39%,91.55%,
106/12/18,14,-16,0,-2,77389,2764,8,80161,88.37%,91.54%,
106/12/15,32,-6,0,26,77342,2780,8,80130,88.32%,91.51%,
106/12/14,6,0,1,7,77296,2786,8,80090,88.27%,91.47%,
106/12/13,9,-22,-2,-15,77272,2786,7,80065,88.24%,91.44%,
106/12/12,21,-27,1,-5,77241,2808,9,80058,88.20%,91.42%,
106/12/11,-18,0,1,-17,77138,2835,8,79981,88.09%,91.34%,
106/12/08,-23,0,2,-21,77155,2835,7,79997,88.11%,91.36%,
106/12/07,7,3,-12,-2,77163,2835,5,80003,88.12%,91.37%,
106/12/06,-35,0,-1,-36,77141,2832,17,79990,88.09%,91.35%,
106/12/05,24,-83,-7,-66,77176,2832,18,80026,88.13%,91.39%,
106/12/04,-31,-23,5,-49,77146,2915,25,80086,88.10%,91.46%,
106/12/01,-14,0,-1,-15,77145,2938,20,80103,88.10%,91.48%,
106/11/30,-29,-7,-3,-39,77111,2938,21,80070,88.06%,91.45%,
106/11/29,19,-1,0,18,77154,2945,24,80123,88.10%,91.50%,
106/11/28,20,-23,-2,-5,77188,2946,24,80158,88.14%,91.54%,
106/11/27,-23,-2,-2,-27,77160,2969,26,80155,88.11%,91.54%,
106/11/24,139,-107,4,36,77183,2971,28,80182,88.14%,91.57%,
106/11/23,-68,49,-4,-23,76859,3078,24,79961,88.82%,92.38%,
106/11/22,28,-130,-13,-115,76923,3029,28,79980,88.90%,92.41%,
106/11/21,90,-3,-1,86,76890,3159,41,80090,88.86%,92.53%,
106/11/20,63,-46,0,17,76779,3162,42,79983,88.73%,92.41%,
106/11/17,40,-48,-9,-17,76716,3208,42,79966,88.66%,92.39%,
106/11/16,4,-10,9,3,76656,3256,51,79963,88.59%,92.38%,
106/11/15,5,-21,-1,-17,76652,3266,42,79960,88.58%,92.38%,
106/11/14,137,-140,-11,-14,76581,3287,43,79911,88.50%,92.32%,
106/11/13,36,-7,-16,13,76413,3427,54,79894,88.31%,92.30%,
106/11/10,-8,7,0,-1,76376,3434,70,79880,88.26%,92.28%,
106/11/09,4,15,-7,12,76379,3427,70,79876,88.27%,92.28%,
106/11/08,50,-15,0,35,76373,3412,77,79862,88.26%,92.26%,
106/11/07,35,0,5,40,76316,3427,77,79820,88.20%,92.22%,
106/11/06,-41,0,4,-37,76352,3427,72,79851,88.24%,92.25%,
106/11/03,-33,-3,-7,-43,76393,3427,68,79888,88.28%,92.29%,
106/11/02,14,0,1,15,76426,3430,75,79931,88.32%,92.39%,
106/11/01,43,-135,-15,-107,76416,3430,74,79920,88.31%,92.38%,
106/10/31,-72,-45,13,-104,76373,3565,89,80027,88.26%,92.50%,
106/10/30,7,-20,-10,-23,76441,3610,76,80127,88.34%,92.62%,
106/10/27,23,-52,4,-25,76435,3630,86,80151,88.33%,92.64%,
106/10/26,7,-20,2,-11,76411,3681,82,80174,88.31%,92.68%,
106/10/25,32,-10,-9,13,76404,3701,80,80185,88.30%,92.69%,
106/10/24,45,-25,-10,10,76369,3711,89,80169,88.26%,92.67%,
106/10/23,57,-32,1,26,76324,3736,99,80159,88.21%,92.66%,
106/10/20,2,-5,12,9,76268,3768,98,80134,88.14%,92.63%,
106/10/19,64,-2,7,69,76265,3773,86,80124,88.14%,92.62%,
106/10/18,30,-20,5,15,76201,3775,79,80055,88.06%,92.53%,
106/10/17,11,-4,-1,6,76164,3795,74,80033,88.02%,92.51%,
106/10/16,-2,15,-11,2,76180,3799,75,80054,88.04%,92.54%,
106/10/13,28,-1,14,41,76180,3784,86,80050,88.04%,92.53%,
106/10/12,-4,-4,17,9,76152,3785,72,80009,88.01%,92.49%,
106/10/11,5,-12,8,1,76156,3789,55,80000,88.01%,92.47%,
106/10/06,13,-5,-2,6,76151,3801,47,79999,88.01%,92.48%,
106/10/05,9,0,1,10,76164,3806,49,80019,88.02%,92.50%,
106/10/03,2,0,-1,1,76157,3806,48,80011,88.01%,92.48%,
106/10/02,23,-9,-5,9,76163,3806,49,80018,88.02%,92.50%,
106/09/30,5,0,2,7,76140,3815,54,80009,87.99%,92.48%,
106/09/29,15,-15,-4,-4,76135,3569,52,79756,87.99%,92.19%,
106/09/28,0,0,-2,-2,76155,3584,56,79795,88.01%,92.24%,
106/09/27,-34,2,2,-30,76155,3584,58,79797,88.01%,92.24%,
106/09/26,-22,0,3,-19,76189,3582,56,79827,88.05%,92.27%,
106/09/25,22,-5,5,22,76211,3582,53,79846,88.07%,92.29%,
106/09/22,9,0,-8,1,76187,3587,48,79822,88.05%,92.27%,
106/09/21,46,-5,-23,18,76167,3587,56,79810,88.02%,92.25%,
106/09/20,-13,61,31,79,76155,3592,79,79826,88.01%,92.27%,
106/09/19,34,-18,0,16,76143,3531,48,79722,88.00%,92.15%,
106/09/18,-6,-3,3,-6,76129,3549,48,79726,87.98%,92.16%,
106/09/15,61,-34,-10,17,76138,3552,45,79735,87.99%,92.17%,
106/09/14,21,0,-6,15,76080,3586,55,79721,87.92%,92.15%,
106/09/13,22,12,-2,32,76059,3586,61,79706,87.90%,92.13%,
106/09/12,40,-0,-3,37,76032,3574,63,79669,87.87%,92.09%,
106/09/11,22,0,-10,12,75979,3574,66,79619,87.81%,92.04%,
106/09/08,13,-12,-16,-15,75951,3574,76,79601,87.77%,92.01%,
106/09/07,37,-3,-9,25,75952,3586,92,79630,87.77%,92.04%,
106/09/06,17,-11,-16,-10,75914,3589,101,79604,87.73%,92.01%,
106/09/05,-0,-11,7,-4,75878,3600,117,79595,87.69%,92.01%,
106/09/04,34,0,-3,31,75878,3611,110,79599,87.69%,92.01%,
106/09/01,-70,6,-13,-77,75842,3611,113,79566,87.65%,91.97%,
106/08/31,-15,0,2,-13,75911,3605,126,79642,87.73%,92.06%,
106/08/30,-15,0,8,-7,75923,3605,124,79652,87.74%,92.07%,
106/08/29,16,1,2,19,75924,3605,116,79645,87.74%,92.06%,
106/08/28,-13,17,13,17,75884,3604,114,79602,87.70%,92.02%,
106/08/25,34,-47,10,-3,75872,3587,101,79560,87.68%,91.96%,
106/08/24,78,-7,1,72,75824,3634,91,79549,87.63%,91.96%,
106/08/23,11,-21,-6,-16,75692,3641,90,79423,88.02%,92.35%,
106/08/22,18,0,1,19,75669,3662,96,79427,88.00%,92.37%,
106/08/21,38,-20,-6,12,75648,3662,95,79405,87.97%,92.33%,
106/08/18,35,-3,21,53,75618,3682,101,79401,87.94%,92.33%,
106/08/17,57,0,-1,56,75602,3685,80,79367,87.92%,92.29%,
106/08/16,66,0,-16,50,75580,3685,81,79346,87.89%,92.26%,
106/08/15,186,-197,-25,-36,75522,3685,97,79304,87.83%,92.22%,
106/08/14,276,1,25,302,75336,3882,122,79340,87.61%,92.26%,
106/08/11,-51,-4,20,-35,75059,3881,97,79037,87.29%,91.91%,
106/08/10,105,-42,-3,60,75086,3885,77,79048,87.32%,91.92%,
106/08/09,49,-24,-11,14,74968,3927,80,78975,87.18%,91.83%,
106/08/08,77,-15,-8,54,74921,3951,91,78963,87.13%,91.83%,
106/08/07,12,-7,24,29,74867,3966,99,78932,87.06%,91.78%,
106/08/04,19,-32,-3,-16,74877,3973,75,78925,87.08%,91.78%,
106/08/03,42,-13,-7,22,74858,4005,78,78941,87.05%,91.79%,
106/08/02,-10,65,10,65,74806,4018,85,78909,86.99%,91.76%,
106/08/01,-43,-2,-3,-48,74758,3953,75,78786,86.94%,91.62%,
106/07/31,11,0,7,18,74798,3955,78,78831,86.98%,91.67%,
106/07/28,-9,0,-2,-11,74796,3955,71,78822,86.98%,91.66%,
106/07/27,-1,12,2,13,74778,3955,73,78806,86.96%,91.64%,
106/07/26,59,-35,-4,20,74776,3943,71,78790,86.96%,91.63%,
106/07/25,34,0,8,42,74704,3978,75,78757,86.88%,91.59%,
106/07/24,-18,-1,-1,-20,74670,3978,67,78715,86.84%,91.54%,
106/07/21,3,0,2,5,74688,3979,68,78735,86.86%,91.57%,
106/07/20,-19,-4,-3,-26,74685,3979,66,78730,86.85%,91.55%,
106/07/19,-41,18,-12,-35,74703,3983,69,78755,86.87%,91.58%,
106/07/18,150,0,12,162,74735,3965,81,78781,86.91%,91.62%,
106/07/17,28,18,8,54,74585,3965,69,78619,86.74%,91.43%,
106/07/14,-19,-3,5,-17,74558,3947,61,78566,86.70%,91.36%,
106/07/13,-37,67,2,32,74577,3950,56,78583,86.73%,91.39%,
106/07/12,-77,0,-3,-80,74614,3883,54,78551,86.77%,91.35%,
106/07/11,-38,0,2,-36,74700,3883,57,78640,86.87%,91.45%,
106/07/10,-2,-7,1,-8,74738,3883,55,78676,86.91%,91.49%,
106/07/07,1,-14,-1,-14,74740,3890,54,78684,86.92%,91.51%,
106/07/06,-34,19,-5,-20,74737,3904,55,78696,86.91%,91.51%,
106/07/05,-9,-4,0,-13,74771,3885,60,78716,86.95%,91.54%,
106/07/04,124,-17,-22,85,74766,3889,60,78715,86.95%,91.54%,
106/07/03,24,-7,19,36,74641,3906,82,78629,86.80%,91.44%,
106/06/30,50,-50,-37,-37,74617,3913,63,78593,86.77%,91.39%,
106/06/29,70,-3,4,71,74556,3994,100,78650,86.70%,91.46%,
106/06/28,30,59,-30,59,74486,3997,96,78579,86.62%,91.38%,
106/06/27,42,50,22,114,74456,3938,126,78520,86.59%,91.32%,
106/06/26,46,0,18,64,74415,3888,104,78407,86.54%,91.18%,
106/06/23,-6,0,1,-5,74369,3888,86,78343,86.49%,91.11%,
106/06/22,116,-67,-5,44,74375,3888,85,78348,86.49%,91.11%,
106/06/21,-12,10,8,6,74259,3955,90,78304,86.36%,91.06%,
106/06/20,-43,7,5,-31,74271,3945,82,78298,86.37%,91.05%,
106/06/19,-56,10,12,-34,74314,3938,77,78329,86.42%,91.09%,
106/06/16,41,-18,4,27,74380,3928,65,78373,86.50%,91.14%,
106/06/15,-4,0,-4,-8,74339,3946,61,78346,86.45%,91.11%,
106/06/14,11,0,-1,10,74343,3946,65,78354,86.46%,91.12%,
106/06/13,37,0,4,41,74388,3946,66,78400,86.51%,91.18%,
106/06/12,-31,2,-4,-33,74351,3946,62,78359,86.46%,91.12%,
106/06/09,9,-2,-6,1,74382,3944,66,78392,86.50%,91.16%,
106/06/08,2,0,-3,-1,74373,3946,72,78391,86.49%,91.16%,
106/06/07,9,2,1,12,74385,3946,75,78406,86.50%,91.18%,
106/06/06,8,0,-14,-6,74523,3944,74,78541,86.66%,91.33%,
106/06/05,35,0,17,52,74555,3944,88,78587,86.70%,91.39%,
106/06/03,-4,0,-9,-13,74500,3944,71,78515,86.64%,91.31%,
106/06/02,5,0,10,15,74504,3944,80,78528,86.64%,91.32%,
106/06/01,-10,-3,-2,-15,74498,3944,70,78512,86.64%,91.31%,
106/05/31,4,-3,-5,-4,74529,3947,72,78548,86.67%,91.34%,
106/05/26,-28,50,-3,19,74535,3950,77,78562,86.68%,91.36%,
106/05/25,36,5,-12,29,74564,3900,80,78544,86.71%,91.34%,
106/05/24,175,0,-13,162,70831,3895,92,74818,83.36%,88.00%,
106/05/23,151,-12,-4,135,70662,3895,105,74662,83.16%,87.81%,
106/05/22,99,24,2,125,70510,3907,109,74526,82.99%,87.66%,
106/05/19,111,2,-8,105,70411,3883,108,74402,82.87%,87.51%,
106/05/18,-4,1,8,5,70300,3881,116,74297,82.74%,87.39%,
106/05/17,6,0,-2,4,70294,3880,108,74282,82.73%,87.37%,
106/05/16,-141,15,-38,-164,70258,3880,110,74248,82.69%,87.33%,
106/05/15,153,0,28,181,70405,3865,148,74418,82.86%,87.53%,
106/05/12,27,7,12,46,70252,3865,120,74237,82.68%,87.31%,
106/05/11,58,-3,7,62,70195,3858,108,74161,82.61%,87.22%,
106/05/10,48,0,-2,46,70127,3861,101,74089,82.53%,87.14%,
106/05/09,155,0,-1,154,70079,3861,103,74043,82.48%,87.09%,
106/05/08,118,-2,-2,114,69924,3861,104,73889,82.29%,86.90%,
106/05/05,42,-1,-9,32,69804,3863,106,73773,82.15%,86.77%,
106/05/04,67,0,-10,57,69766,3864,115,73745,82.11%,86.74%,
106/05/03,42,106,15,163,69715,3864,125,73704,82.05%,86.80%,
106/05/02,136,-2,8,142,69673,3758,110,73541,82.00%,86.60%,
106/04/28,137,-15,0,122,69537,3760,102,73399,81.84%,86.44%,
106/04/27,51,-15,-41,-5,69378,3775,102,73255,81.65%,86.26%,
106/04/26,78,-2,-28,48,69335,3790,143,73268,81.60%,86.28%,
106/04/25,163,0,3,166,69257,3792,171,73220,81.51%,86.23%,
106/04/24,85,0,-2,83,69109,3792,168,73069,81.34%,86.05%,
106/04/21,206,5,3,214,69024,3792,170,72986,81.24%,85.96%,
106/04/20,132,0,-10,122,68817,3787,167,72771,80.99%,85.70%,
106/04/19,7,49,-4,52,68685,3787,177,72649,80.84%,85.56%,
106/04/18,90,0,5,95,68686,3738,181,72605,80.84%,85.50%,
106/04/17,7,0,0,7,68596,3738,176,72510,80.73%,85.39%,
106/04/14,33,2,-22,13,68589,3738,176,72503,80.72%,85.38%,
106/04/13,54,-29,25,50,68556,3736,198,72490,80.68%,85.36%,
106/04/12,33,-1,24,56,68502,3765,173,72440,80.62%,85.31%,
106/04/11,106,-2,-25,79,68469,3766,149,72384,80.58%,85.24%,
106/04/10,96,30,31,157,68394,3768,174,72336,80.49%,85.18%,
106/04/07,165,6,-1,170,68317,3738,143,72198,80.40%,85.02%,
106/04/06,114,7,-12,109,68155,3732,144,72031,80.21%,84.82%,
106/04/05,36,-2,18,52,67990,3725,156,71871,80.02%,84.64%,
106/03/31,147,-19,-3,125,67955,3727,138,71820,79.98%,84.58%,
106/03/30,11,-4,-7,0,67808,3781,141,71730,79.80%,84.47%,
106/03/29,-38,29,14,5,67816,3785,148,71749,79.81%,84.49%,
106/03/28,117,-21,-3,93,67861,3756,134,71751,79.87%,84.50%,
106/03/27,119,-99,6,26,67744,3777,137,71658,79.73%,84.39%,
106/03/24,163,3,-11,155,67625,3876,131,71632,79.59%,84.36%,
106/03/23,244,0,2,246,67673,3873,142,71688,79.65%,84.43%,
106/03/22,81,-4,-5,72,67429,3873,140,71442,79.36%,84.14%,
106/03/21,167,-13,2,156,67351,3877,145,71373,79.27%,84.06%,
106/03/20,165,-13,-14,138,67222,3890,143,71255,79.11%,83.91%,
106/03/17,76,25,-32,69,67110,3903,157,71170,78.98%,83.81%,
106/03/16,385,19,-56,348,67160,3878,189,71227,79.04%,83.88%,
106/03/15,-105,276,7,178,66866,3859,245,70970,78.70%,83.58%,
106/03/14,-52,-1,50,-3,66955,3583,238,70776,78.80%,83.35%,
106/03/13,-130,77,-6,-59,67171,3584,188,70943,79.05%,83.54%,
106/03/10,-110,11,4,-95,67301,3507,194,71002,79.21%,83.61%,
106/03/09,-44,-10,8,-46,67411,3496,190,71097,79.34%,83.73%,
106/03/08,76,-10,2,68,67461,3506,182,71149,79.40%,83.79%,
106/03/07,-2,-13,-9,-24,67310,3516,180,71006,79.22%,83.62%,
106/03/06,99,-12,13,100,67186,3529,189,70904,80.11%,84.54%,
106/03/03,43,-3,-24,16,67166,3541,176,70883,80.09%,84.52%,
106/03/02,91,6,14,111,66958,3544,200,70702,79.84%,84.30%,
106/03/01,79,32,54,165,66705,3538,186,70429,79.54%,83.98%,
106/02/24,57,-24,-15,18,66627,3506,132,70265,79.44%,83.77%,
106/02/23,77,-30,9,56,66570,3530,147,70247,79.37%,83.75%,
106/02/22,31,-90,-13,-72,66493,3560,138,70191,79.28%,83.69%,
106/02/21,5,-42,-11,-48,66462,3650,151,70263,79.25%,83.78%,
106/02/20,56,36,-1,91,66458,3692,162,70312,79.24%,83.83%,
106/02/18,32,30,-3,59,66404,3656,163,70223,79.18%,83.73%,
106/02/17,50,-19,-5,26,66372,3626,166,70164,79.14%,83.66%,
106/02/16,206,-21,-7,178,66323,3645,171,70139,79.08%,83.63%,
106/02/15,-17,2,15,0,66116,3666,178,69960,78.83%,83.41%,
106/02/14,-53,-34,-4,-91,66149,3664,163,69976,78.87%,83.43%,
106/02/13,-42,-81,5,-118,66202,3698,167,70067,78.94%,83.54%,
106/02/10,-64,-14,8,-70,66244,3779,162,70185,78.99%,83.68%,
106/02/09,-102,-4,15,-91,66331,3793,154,70278,79.09%,83.79%,
106/02/08,-18,-2,-1,-21,66428,3797,139,70364,79.20%,83.89%,
106/02/07,-51,51,14,14,66421,3799,140,70360,79.20%,83.89%,
106/02/06,-24,0,13,-11,66472,3748,126,70346,79.26%,83.88%,
106/02/03,11,22,-9,24,66456,3748,113,70317,79.24%,83.99%,
106/02/02,99,24,2,125,66445,3726,122,70293,79.23%,83.97%,
106/01/24,13,7,-1,19,66366,3702,120,70188,79.13%,83.83%,
106/01/23,-3,5,1,3,66353,3695,121,70169,79.12%,83.82%,
106/01/20,-19,25,5,11,66369,3690,120,70179,79.13%,83.82%,
106/01/19,13,4,0,17,66426,3665,115,70206,79.20%,83.85%,
106/01/18,111,-2,-9,100,66449,3661,115,70225,79.23%,83.88%,
106/01/17,16,0,-10,6,66323,3663,124,70110,79.08%,83.74%,
106/01/16,-63,0,15,-48,66292,3663,134,70089,79.04%,83.71%,
106/01/13,-66,0,-16,-82,66355,3663,119,70137,79.12%,83.77%,
106/01/12,-26,0,1,-25,66421,3663,135,70219,79.20%,83.87%,
106/01/11,-12,2,0,-10,66397,3663,134,70194,79.17%,83.84%,
106/01/10,11,0,-1,10,66409,3661,134,70204,79.18%,83.85%,
106/01/09,-38,-3,-17,-58,66441,3661,135,70237,79.22%,83.89%,
106/01/06,-100,-29,18,-111,66400,3664,152,70216,79.17%,83.87%,
106/01/05,35,-3,-15,17,66500,3693,134,70327,79.29%,84.00%,
106/01/04,-51,123,24,96,66465,3696,149,70310,79.25%,83.98%,
106/01/03,-22,0,-1,-23,66516,3573,125,70214,79.31%,83.86%,
105/12/30,-3,16,-8,5,66538,3573,126,70237,79.34%,83.89%,
105/12/29,6,0,-5,1,66541,3557,134,70232,79.34%,83.88%,
105/12/28,107,-1,-13,93,66534,3557,139,70230,79.33%,83.88%,
105/12/27,-50,22,-4,-32,66427,3558,152,70137,79.20%,83.77%,
105/12/26,-77,12,-8,-73,66520,3536,156,70212,79.31%,83.85%,
105/12/23,18,0,-5,13,66597,3524,164,70285,79.41%,83.95%,
105/12/22,-52,-3,-17,-72,66553,3524,169,70246,79.35%,83.89%,
105/12/21,-18,2,16,0,66675,3527,186,70388,79.50%,84.07%,
105/12/20,-9,0,-19,-28,66680,3525,170,70375,79.51%,84.06%,
105/12/19,-11,0,-17,-28,66689,3525,189,70403,79.52%,84.09%,
105/12/16,87,1,12,100,66676,3525,206,70407,79.50%,84.09%,
105/12/15,-27,15,3,-9,66579,3524,194,70297,79.39%,83.97%,
105/12/14,48,3,-17,34,66616,3509,191,70316,79.43%,83.98%,
105/12/13,-24,0,-7,-31,66613,3506,208,70327,79.43%,84.00%,
105/12/12,25,0,3,28,66637,3506,215,70358,79.45%,84.04%,
105/12/09,-10,0,8,-2,66537,3506,212,70255,84.86%,89.45%,
105/12/08,-17,-8,-53,-78,66546,3506,204,70256,84.88%,89.46%,
105/12/07,-43,25,-7,-25,66697,3514,257,70468,85.07%,89.72%,
105/12/06,-53,30,2,-21,66740,3489,264,70493,85.12%,89.75%,
105/12/05,-45,-12,-36,-93,66793,3459,262,70514,85.19%,89.78%,
105/12/02,10,16,1,27,66838,3471,298,70607,85.25%,89.90%,
105/12/01,-20,-27,-2,-49,66828,3455,297,70580,85.24%,89.87%,
105/11/30,-64,0,19,-45,66848,3482,299,70629,85.26%,89.92%,
105/11/29,-23,10,-18,-31,66912,3482,280,70674,85.34%,89.98%,
105/11/28,49,16,7,72,66906,3472,298,70676,85.33%,89.98%,
105/11/25,61,14,3,78,66759,3456,291,70506,85.15%,89.77%,
105/11/24,6,-11,-4,-9,66750,3442,288,70480,85.14%,89.74%,
105/11/23,93,60,-54,99,66744,3453,292,70489,85.13%,89.75%,
105/11/22,99,10,89,198,66651,3393,346,70390,85.01%,89.62%,
105/11/21,287,32,10,329,66552,3383,257,70192,84.88%,89.37%,
105/11/18,132,-3,95,224,66089,3351,247,69687,84.29%,88.73%,
105/11/17,113,-6,1,108,65857,3354,152,69363,84.00%,88.32%,
105/11/16,51,31,6,88,65800,3360,151,69311,83.92%,88.25%,
105/11/15,-9,20,-5,6,65722,3329,145,69196,83.82%,88.10%,
105/11/14,48,-48,-11,-11,65731,3309,150,69190,83.84%,88.11%,
105/11/11,-5,44,2,41,65683,3357,161,69201,83.78%,88.12%,
105/11/10,26,5,12,43,65854,3313,159,69326,83.99%,88.27%,
105/11/09,20,30,-16,34,65836,3308,147,69291,83.97%,88.23%,
105/11/08,25,19,5,49,65858,3278,163,69299,84.00%,88.24%,
105/11/07,33,0,3,36,65925,3259,158,69342,84.08%,88.29%,
105/11/04,-19,20,13,14,65892,3259,155,69306,84.04%,88.25%,
105/11/03,33,4,-5,32,65912,3239,142,69293,84.07%,88.24%,
105/11/02,79,10,-29,60,65879,3235,147,69261,84.02%,88.33%,
105/11/01,1,-3,3,1,65800,3225,176,69201,83.92%,88.26%,
105/10/31,9,0,0,9,65782,3228,173,69183,83.90%,88.24%,
105/10/28,38,7,-37,8,65773,3228,173,69174,83.89%,88.23%,
105/10/27,39,0,44,83,65735,3221,210,69166,83.84%,88.22%,
105/10/26,23,5,-14,14,65718,3221,166,69105,83.82%,88.14%,
105/10/25,12,0,-12,0,65695,3216,180,69091,83.79%,88.12%,
105/10/24,13,0,0,13,65683,3216,192,69091,83.78%,88.13%,
105/10/21,-15,4,-3,-14,65675,3216,192,69083,83.76%,88.11%,
105/10/20,-15,21,-2,4,65690,3212,195,69097,83.78%,88.13%,
105/10/19,24,-29,-1,-6,65728,3191,197,69116,83.83%,88.15%,
105/10/18,-19,38,1,20,65702,3220,198,69120,83.80%,88.16%,
105/10/17,-25,34,1,10,65721,3182,197,69100,83.82%,88.13%,
105/10/14,18,26,6,50,65746,3148,196,69090,83.86%,88.13%,
105/10/13,-76,43,1,-32,65748,3122,190,69060,83.86%,88.08%,
105/10/12,-92,27,-32,-97,65825,3079,189,69093,83.96%,88.13%,
105/10/11,47,-5,-3,39,65827,3052,221,69100,83.96%,88.13%,
105/10/07,3,4,3,10,65680,3057,224,68961,83.77%,87.96%,
105/10/06,15,2,0,17,65627,3053,221,68901,83.70%,87.88%,
105/10/05,39,9,18,66,65612,3051,221,68884,83.68%,87.85%,
105/10/04,-55,0,-6,-61,65573,3042,203,68818,83.63%,87.77%,
105/10/03,6,0,2,8,65628,3042,209,68879,83.70%,87.85%,
105/09/30,-50,25,0,-25,65622,3042,207,68871,83.70%,87.84%,
105/09/29,10,4,-1,13,65658,2853,207,68718,83.74%,87.64%,
105/09/26,-30,9,-7,-28,65467,2849,208,68524,83.50%,87.40%,
105/09/23,30,25,6,61,65497,2840,215,68552,83.54%,87.44%,
105/09/22,-86,54,-2,-34,65467,2815,209,68491,83.50%,87.36%,
105/09/21,-202,74,16,-112,65553,2761,211,68525,83.61%,87.40%,
105/09/20,-63,-34,16,-81,65754,2687,195,68636,83.87%,87.55%,
105/09/19,-69,0,3,-66,65817,2721,179,68717,83.95%,87.65%,
105/09/14,106,19,-20,105,65885,2721,176,68782,84.03%,87.73%,
105/09/13,-29,0,9,-20,65779,2702,196,68677,83.90%,87.60%,
105/09/12,40,0,15,55,65790,2702,187,68679,83.91%,87.59%,
105/09/10,-79,33,-2,-48,65750,2702,172,68624,83.86%,87.53%,
105/09/09,-84,0,-4,-88,65829,2669,174,68672,83.96%,87.59%,
105/09/08,-66,6,4,-56,65913,2669,178,68760,84.07%,87.70%,
105/09/07,36,-8,-9,19,65959,2663,174,68796,84.13%,87.75%,
105/09/06,-26,0,-6,-32,65924,2671,183,68778,84.08%,87.72%,
105/09/05,-94,23,17,-54,65960,2671,189,68820,84.13%,87.78%,
105/09/02,19,-18,-15,-14,66054,2648,172,68874,84.25%,87.85%,
105/09/01,-6,-22,-4,-32,66035,2666,187,68888,84.22%,87.86%,
105/08/31,-37,-19,-4,-60,66041,2688,191,68920,84.23%,87.90%,
105/08/30,208,28,31,267,66078,2707,195,68980,84.28%,87.98%,
105/08/29,75,0,-9,66,65870,2679,164,68713,84.01%,87.64%,
105/08/26,173,0,1,174,65795,2679,173,68647,83.92%,87.56%,
105/08/25,181,40,22,243,65622,2679,172,68473,83.70%,87.34%,
105/08/24,59,0,-2,57,65441,2639,150,68230,83.47%,87.03%,
105/08/23,60,10,6,76,65382,2639,152,68173,83.39%,86.95%,
105/08/22,76,26,-4,98,65322,2629,146,68097,83.31%,86.85%,
105/08/19,32,13,-3,42,65246,2603,150,67999,83.22%,86.73%,
105/08/18,90,26,-2,114,65214,2590,153,67957,83.18%,86.68%,
105/08/17,122,71,-29,164,65124,2564,155,67843,83.06%,86.53%,
105/08/16,229,71,24,324,65002,2493,184,67679,82.91%,86.32%,
105/08/15,186,-7,-2,177,64773,2422,160,67355,82.61%,85.90%,
105/08/12,178,-58,-7,113,64587,2429,162,67178,82.38%,85.68%,
105/08/11,21,-59,13,-25,64380,2487,169,67036,82.11%,85.50%,
105/08/10,58,-10,16,64,64341,2546,156,67043,82.06%,85.51%,
105/08/09,94,-136,5,-37,64380,2556,140,67076,82.11%,85.55%,
105/08/08,101,-103,-1,-3,64286,2692,135,67113,81.99%,85.60%,
105/08/05,127,-168,-8,-49,64203,2795,136,67134,81.89%,85.63%,
105/08/04,285,-18,15,282,64076,2963,144,67183,81.73%,85.69%,
105/08/03,119,-68,-2,49,63591,2981,129,66701,81.11%,85.08%,
105/08/02,92,-110,-1,-19,63427,3049,131,66607,80.90%,84.96%,
105/08/01,175,-90,0,85,63325,3159,132,66616,80.77%,84.97%,
105/07/29,390,-310,-12,68,63071,3249,132,66452,80.44%,84.75%,
105/07/28,332,-204,-42,86,62571,3559,144,66274,79.81%,84.54%,
105/07/27,128,-20,-24,84,62239,3763,186,66188,79.38%,84.42%,
105/07/26,268,-39,33,262,62111,3783,210,66104,79.22%,84.32%,
105/07/25,67,0,-15,52,61843,3822,177,65842,78.88%,83.98%,
105/07/22,50,0,3,53,61776,3822,192,65790,78.79%,83.91%,
105/07/21,39,-7,1,33,61726,3822,189,65737,78.73%,83.85%,
105/07/20,43,-3,20,60,61687,3829,188,65704,78.68%,83.81%,
105/07/19,5,-18,1,-12,61644,3832,168,65644,78.62%,83.72%,
105/07/18,-16,-20,8,-28,61639,3850,167,65656,78.62%,83.75%,
105/07/15,-75,25,-1,-51,61655,3870,159,65684,78.64%,83.78%,
105/07/14,-24,-8,0,-32,61730,3845,160,65735,78.73%,83.84%,
105/07/13,-55,46,3,-6,61754,3853,160,65767,78.76%,83.88%,
105/07/12,-56,3,-2,-55,61809,3807,157,65773,78.83%,83.89%,
105/07/11,-12,-18,5,-25,61865,3804,159,65828,78.91%,83.97%,
105/07/07,-34,-12,0,-46,61878,3822,154,65854,78.92%,83.99%,
105/07/06,-20,12,-1,-9,61912,3834,154,65900,78.96%,84.05%,
105/07/05,28,-64,3,-33,61932,3822,155,65909,78.99%,84.07%,
105/07/04,-28,0,0,-28,61904,3886,152,65942,78.95%,84.11%,
105/07/01,-20,4,-7,-23,61886,3886,152,65924,79.03%,84.19%,
105/06/30,22,35,0,57,61905,3882,159,65946,79.06%,84.22%,
105/06/29,26,26,4,56,61884,4122,159,66165,79.03%,84.50%,
105/06/28,73,31,0,104,61858,4096,155,66109,78.99%,84.42%,
105/06/27,20,0,-6,14,61785,4065,155,66005,78.90%,84.29%,
105/06/24,122,-126,-5,-9,61765,4065,161,65991,78.88%,84.28%,
105/06/23,138,-129,-4,5,61643,4191,166,66000,78.72%,84.28%,
105/06/22,2,-183,-1,-182,61505,4320,170,65995,78.54%,84.27%,
105/06/21,-9,-45,5,-49,61503,4503,171,66177,78.54%,84.51%,
105/06/20,10,16,-1,25,61512,4548,166,66226,78.55%,84.57%,
105/06/17,28,-31,1,-2,61502,4532,167,66201,78.54%,84.54%,
105/06/16,13,-16,1,-2,61474,4563,166,66203,78.50%,84.54%,
105/06/15,24,-53,3,-26,61461,4579,165,66205,78.49%,84.55%,
105/06/14,-40,0,-21,-61,61447,4632,162,66241,78.47%,84.59%,
105/06/13,-44,17,4,-23,61477,4632,183,66292,78.51%,84.66%,
105/06/08,-29,0,-4,-33,61521,4615,179,66315,78.56%,84.68%,
105/06/07,-74,-8,-32,-114,61550,4615,183,66348,78.60%,84.73%,
105/06/06,190,-140,30,80,61624,4623,215,66462,78.70%,84.88%,
105/06/04,38,-361,-63,-386,61434,4763,185,66382,78.45%,84.77%,
105/06/03,122,-206,-98,-182,61396,5124,248,66768,78.40%,85.26%,
105/06/02,27,14,2,43,61274,5330,346,66950,78.25%,85.50%,
105/06/01,-34,76,3,45,61247,5316,344,66907,78.21%,85.44%,
105/05/31,95,-12,-1,82,61281,5240,341,66862,78.26%,85.39%,
105/05/30,102,-84,17,35,61186,5252,342,66780,78.14%,85.28%,
105/05/27,20,-65,4,-41,61084,5336,325,66745,78.01%,85.24%,
105/05/26,-6,-103,22,-87,61064,5401,321,66786,77.98%,85.29%,
105/05/25,13,-160,3,-144,61070,5504,299,66873,77.99%,85.40%,
105/05/24,50,1,31,82,61057,5664,296,67017,77.97%,85.58%,
105/05/23,-18,-31,44,-5,61007,5663,265,66935,77.91%,85.48%,
105/05/20,78,-32,-2,44,61025,5694,221,66940,77.93%,85.48%,
105/05/19,149,-101,-3,45,60947,5726,223,66896,77.83%,85.43%,
105/05/18,77,-177,-10,-110,60798,5827,226,66851,77.64%,85.37%,
105/05/17,236,-251,-51,-66,60721,6004,236,66961,77.54%,85.51%,
105/05/16,17,0,-4,13,60485,6255,287,67027,77.24%,85.59%,
105/05/13,-8,-67,-28,-103,66197,6255,291,72743,84.54%,92.90%,
105/05/12,4,40,-5,39,66206,6322,319,72847,84.55%,93.03%,
105/05/11,77,22,-14,85,66202,6282,324,72808,84.54%,92.98%,
105/05/10,33,-20,-18,-5,66125,6260,338,72723,84.44%,92.87%,
105/05/09,-1,-7,3,-5,66092,6280,356,72728,84.40%,92.87%,
105/05/06,21,29,0,50,66103,6287,353,72743,84.42%,92.90%,
105/05/05,63,-44,8,27,66082,6258,353,72693,84.39%,92.83%,
105/05/04,50,-74,-11,-35,66019,6302,345,72666,84.31%,92.81%,
105/05/03,-9,0,-8,-17,65969,6376,356,72701,84.25%,92.86%,
105/04/29,46,-47,26,25,65978,6376,364,72718,84.26%,92.88%,
105/04/28,18,-9,-3,6,65932,6423,338,72693,84.20%,92.84%,
105/04/27,37,-37,27,27,65914,6432,341,72687,84.17%,92.83%,
105/04/26,79,-11,-6,62,65877,6469,314,72660,84.13%,92.80%,
105/04/25,12,-15,-11,-14,65798,6480,320,72598,84.03%,92.72%,
105/04/22,72,-59,0,13,65786,6495,331,72612,84.01%,92.74%,
105/04/21,70,-3,-9,58,65714,6554,331,72599,83.92%,92.72%,
105/04/20,216,3,-24,195,65644,6557,340,72541,83.83%,92.65%,
105/04/19,115,-85,-47,-17,65428,6554,364,72346,83.55%,92.39%,
105/04/18,-1,-32,-6,-39,65313,6639,411,72363,83.41%,92.42%,
105/04/15,2,0,14,16,65314,6671,417,72402,83.41%,92.47%,
105/04/14,85,10,29,124,65312,6671,403,72386,83.41%,92.45%,
105/04/13,-57,0,44,-13,65227,6661,374,72262,83.30%,92.29%,
105/04/12,145,0,25,170,65284,6661,330,72275,83.37%,92.31%,
105/04/11,46,-9,9,46,65138,6661,305,72104,83.18%,92.09%,
105/04/08,-8,-1,-3,-12,65092,6670,296,72058,83.13%,92.04%,
105/04/07,4,8,-2,10,65100,6671,299,72070,83.14%,92.05%,
105/04/06,-7,-6,-12,-25,65086,6663,301,72050,83.12%,92.02%,
105/04/01,-49,12,22,-15,65093,6669,313,72075,83.13%,92.06%,
105/03/31,150,-21,-7,122,65142,6657,291,72090,83.19%,92.07%,
105/03/30,43,58,18,119,64992,6394,298,71684,83.00%,91.56%,
105/03/29,53,38,-27,64,64943,6336,280,71559,83.12%,91.58%,
105/03/28,-46,26,-22,-42,64890,6298,307,71495,83.05%,91.50%,
105/03/25,-33,-47,8,-72,64936,6272,329,71537,83.11%,91.55%,
105/03/24,-119,-23,41,-101,64969,6319,321,71609,83.15%,91.64%,
105/03/23,-94,58,-14,-50,65088,6342,280,71710,83.30%,91.77%,
105/03/22,-7,-94,1,-100,65182,6284,294,71760,83.42%,91.83%,
105/03/21,14,-7,3,10,65189,6378,293,71860,83.43%,91.96%,
105/03/18,-46,-9,-1,-56,65175,6385,290,71850,83.41%,91.95%,
105/03/17,60,-5,-36,19,65221,6394,291,71906,83.47%,92.02%,
105/03/16,15,-16,-6,-7,65162,6399,327,71888,83.40%,92.00%,
105/03/15,103,182,12,297,65147,6415,333,71895,83.38%,92.01%,
105/03/14,-46,88,4,46,65044,6233,321,71598,83.25%,91.63%,
105/03/11,74,35,42,151,65090,6145,317,71552,83.30%,91.57%,
105/03/10,17,3,9,29,65016,6110,275,71401,83.21%,91.38%,
105/03/09,-66,15,7,-44,64999,6107,266,71372,83.19%,91.34%,
105/03/08,57,1,11,69,65065,6092,259,71416,83.27%,91.39%,
105/03/07,0,-1,-11,-12,65008,6091,248,71347,83.20%,91.31%,
105/03/04,-146,-4,-35,-185,65008,6092,259,71359,83.20%,91.32%,
105/03/03,-20,-11,2,-29,65154,6096,294,71544,83.39%,91.56%,
105/03/02,-69,0,-14,-83,65173,6107,292,71572,83.41%,91.60%,
105/03/01,-105,11,18,-76,65242,6107,306,71655,83.50%,91.70%,
105/02/26,4,5,-41,-32,65347,6096,288,71731,83.63%,91.80%,
105/02/25,-12,28,6,22,65344,6091,329,71764,83.63%,91.84%,
105/02/24,-40,-5,8,-37,65356,6063,323,71742,83.65%,91.82%,
105/02/23,54,-3,15,66,65396,6068,315,71779,83.70%,91.87%,
105/02/22,-151,24,45,-82,65343,6071,300,71714,83.63%,91.78%,
105/02/19,-151,95,53,-3,65494,6047,255,71796,83.82%,91.88%,
105/02/18,-50,88,24,62,65645,5952,202,71799,84.01%,91.88%,
105/02/17,40,137,11,188,65695,5864,178,71737,84.08%,91.81%,
105/02/16,-263,120,14,-129,65654,5727,167,71548,84.03%,91.57%,
105/02/15,-112,85,5,-22,65918,5607,153,71678,84.36%,91.73%,
105/02/03,-91,2,-35,-124,66030,5522,148,71700,84.51%,91.76%,
105/02/02,-57,67,8,18,66121,5520,183,71824,84.62%,91.92%,
105/02/01,1,50,-3,48,66178,5453,175,71806,84.70%,91.90%,
105/01/30,0,27,-2,25,66177,5403,178,71758,84.70%,91.84%,
105/01/29,-69,178,-6,103,66177,5376,180,71733,84.70%,91.81%,
105/01/28,81,47,10,138,66246,5198,186,71630,84.78%,91.67%,
105/01/27,94,49,14,157,66165,5151,176,71492,84.68%,91.50%,
105/01/26,82,45,-20,107,66071,5102,162,71335,84.56%,91.30%,
105/01/25,-3,48,37,82,65989,5057,182,71228,84.46%,91.17%,
105/01/22,-182,10,5,-167,65992,5009,145,71146,84.46%,91.06%,
105/01/21,-24,48,4,28,66174,4999,140,71313,84.69%,91.27%,
105/01/20,17,59,17,93,66198,4951,136,71285,84.72%,91.23%,
105/01/19,12,40,3,55,66181,4892,119,71192,84.70%,91.11%,
105/01/18,3,65,11,79,66169,4852,116,71137,84.69%,91.05%,
105/01/15,17,-5,0,12,66165,4787,105,71057,84.68%,90.94%,
105/01/14,76,28,-33,71,66148,4792,105,71045,84.66%,90.93%,
105/01/13,44,16,-15,45,66073,4764,138,70975,84.56%,90.83%,
105/01/12,109,3,-36,76,66029,4748,153,70930,84.51%,90.78%,
105/01/11,20,8,12,40,65920,4745,189,70854,84.37%,90.69%,
105/01/08,81,0,71,152,65900,4737,177,70814,84.34%,90.63%,
105/01/07,81,35,-10,106,65819,4737,106,70662,84.24%,90.44%,
105/01/06,188,-9,8,187,65739,4702,116,70557,84.13%,90.30%,
105/01/05,-7,-17,30,6,65551,4711,108,70370,83.89%,90.06%,
105/01/04,149,91,13,253,65565,4728,78,70371,83.91%,90.06%,
104/12/31,-100,12,-4,-92,65416,4637,65,70118,83.72%,89.74%,
104/12/30,-4,-119,3,-120,65516,4909,69,70494,83.85%,90.22%,
104/12/29,110,-113,1,-2,65522,5028,66,70616,83.86%,90.38%,
104/12/28,48,-87,-2,-41,65412,5141,65,70618,83.72%,90.38%,
104/12/25,-13,4,-1,-10,65364,5228,67,70659,83.66%,90.44%,
104/12/24,-4,-7,-7,-18,65377,5224,68,70669,83.67%,90.44%,
104/12/23,38,-4,-6,28,65381,5231,75,70687,83.68%,90.47%,
104/12/22,-170,50,1,-119,65342,5235,81,70658,83.63%,90.43%,
104/12/21,32,-15,-1,16,65512,5185,80,70777,83.84%,90.58%,
104/12/18,44,-25,2,21,65480,5200,81,70761,83.80%,90.56%,
104/12/17,74,-14,-12,48,65436,5225,79,70740,83.75%,90.54%,
104/12/16,-62,53,10,1,65362,5239,91,70692,83.65%,90.47%,
104/12/15,182,-5,-5,172,65424,5186,81,70691,83.73%,90.47%,
104/12/14,32,-2,2,32,65242,5191,86,70519,83.50%,90.25%,
104/12/11,-160,186,-19,7,65211,5193,84,70488,83.46%,90.21%,
104/12/10,15,-15,-78,-78,65370,5007,103,70480,83.66%,90.20%,
104/12/09,-5,0,-9,-14,65356,5022,181,70559,83.64%,90.30%,
104/12/08,-162,38,-10,-134,65361,5022,190,70573,83.65%,90.32%,
104/12/07,-179,-90,1,-268,65523,4984,200,70707,83.86%,90.50%,
104/12/04,-30,32,-2,0,65702,5074,199,70975,84.09%,90.84%,
104/12/03,-18,16,-18,-20,65732,5042,201,70975,84.13%,90.84%,
104/12/02,4,-23,-16,-35,65750,5026,219,70995,84.15%,90.86%,
104/12/01,32,42,-11,63,65746,5049,235,71030,84.14%,90.90%,
104/11/30,52,39,-6,85,65714,5007,246,70967,84.10%,90.82%,
104/11/27,-1,38,3,40,65662,4968,252,70882,84.04%,90.72%,
104/11/26,-18,9,-9,-18,65663,4930,249,70842,84.04%,90.67%,
104/11/25,43,-6,-24,13,65681,4921,258,70860,84.06%,90.69%,
104/11/24,-158,-1,-31,-190,65638,4927,282,70847,84.01%,90.68%,
104/11/23,23,59,23,105,65796,4928,313,71037,84.21%,90.92%,
104/11/20,2,93,-29,66,65773,4869,290,70932,84.18%,90.78%,
104/11/19,-36,213,59,236,65771,4776,319,70866,84.18%,90.71%,
104/11/18,-63,127,24,88,65807,4563,260,70630,84.22%,90.40%,
104/11/17,141,47,-12,176,65766,4436,236,70438,84.50%,90.49%,
104/11/16,0,3,5,8,65625,4389,248,70262,84.32%,90.27%,
104/11/13,20,18,-23,15,65625,4386,243,70254,84.32%,90.26%,
104/11/12,-24,3,19,-2,65605,4368,266,70239,84.29%,90.23%,
104/11/11,31,-2,-20,9,65629,4365,247,70241,84.32%,90.23%,
104/11/10,-103,-70,25,-148,65589,4367,267,70223,84.27%,90.21%,
104/11/09,3,146,-1,148,65692,4437,242,70371,84.40%,90.40%,
104/11/06,76,139,-31,184,65689,4291,243,70223,84.40%,90.21%,
104/11/05,25,0,-23,2,65613,4152,274,70039,84.30%,89.98%,
104/11/04,41,98,-15,124,65588,4152,297,70037,84.27%,89.97%,
104/11/03,118,18,23,159,65547,4054,312,69913,84.21%,89.82%,
104/11/02,-76,154,17,95,65429,4036,289,69754,84.06%,89.62%,
104/10/30,60,60,-17,103,65505,3882,272,69659,84.16%,89.50%,
104/10/29,30,0,-29,1,65445,3822,289,69556,84.08%,89.36%,
104/10/28,-14,37,-9,14,65415,3822,318,69555,84.04%,89.36%,
104/10/27,-43,32,34,23,65429,3785,327,69541,84.06%,89.34%,
104/10/26,22,114,17,153,65472,3753,293,69518,84.12%,89.32%,
104/10/23,54,186,-8,232,65450,3639,276,69365,84.09%,89.12%,
104/10/22,31,37,-8,60,65396,3453,284,69133,84.02%,88.82%,
104/10/21,24,106,0,130,65365,3416,292,69073,83.98%,88.74%,
104/10/20,2,43,1,46,65341,3310,292,68943,83.95%,88.58%,
104/10/19,-41,70,-1,28,65339,3267,291,68897,83.95%,88.52%,
104/10/16,124,93,9,226,65380,3197,292,68869,84.00%,88.48%,
104/10/15,17,5,-7,15,65256,3104,283,68643,83.84%,88.19%,
104/10/14,-66,27,1,-38,65239,3099,290,68628,83.82%,88.17%,
104/10/13,47,-73,-7,-33,65305,3072,289,68666,83.90%,88.22%,
104/10/12,225,-13,5,217,65258,3145,296,68699,83.84%,88.26%,
104/10/08,31,0,-5,26,65033,3158,291,68482,83.55%,87.98%,
104/10/07,27,-68,-18,-59,65002,3158,296,68456,83.51%,87.95%,
104/10/06,70,-27,-42,1,64975,3226,314,68515,83.48%,88.03%,
104/10/05,-38,-60,9,-89,64905,3253,356,68514,83.39%,88.03%,
104/10/02,50,27,7,84,64943,3313,347,68603,83.44%,88.14%,
104/10/01,27,-5,-2,20,64893,3286,340,68519,83.37%,88.03%,
104/09/30,141,56,26,223,64867,3291,342,68500,83.34%,88.01%,
104/09/25,32,80,-17,95,64725,3393,316,68434,83.16%,87.93%,
104/09/24,7,58,59,124,64693,3313,333,68339,83.12%,87.80%,
104/09/23,3,151,-48,106,64686,3255,274,68215,83.11%,87.64%,
104/09/22,-17,89,65,137,64683,3104,322,68109,83.10%,87.50%,
104/09/21,-36,111,7,82,64700,3015,257,67972,83.13%,87.33%,
104/09/18,-35,121,26,112,64736,2904,250,67890,83.17%,87.22%,
104/09/17,14,69,-52,31,64771,2783,224,67778,83.22%,87.08%,
104/09/16,-16,91,-9,66,64757,2714,276,67747,83.20%,87.04%,
104/09/15,-41,126,-5,80,64773,2623,285,67681,83.22%,86.96%,
104/09/14,-46,0,-13,-59,64814,2497,290,67601,83.27%,86.85%,
104/09/11,-38,34,12,8,64860,2497,303,67660,83.33%,86.93%,
104/09/10,18,20,22,60,64898,2463,291,67652,83.38%,86.92%,
104/09/09,8,0,14,22,64880,2443,269,67592,83.36%,86.84%,
104/09/08,-113,0,135,22,64872,2443,255,67570,83.35%,86.82%,
104/09/07,-54,0,-2,-56,64984,2443,120,67547,83.49%,86.78%,
104/09/04,-14,0,-12,-26,65038,2443,122,67603,83.56%,86.86%,
104/09/03,-118,-16,13,-121,65052,2443,134,67629,83.58%,86.89%,
104/09/02,-54,39,0,-15,65171,2459,121,67751,83.73%,87.05%,
104/09/01,7,0,-14,-7,65225,2420,121,67766,83.80%,87.06%,
104/08/31,-24,-75,1,-98,65218,2420,135,67773,83.79%,87.07%,
104/08/28,52,-44,2,10,65242,2495,134,67871,83.82%,87.20%,
104/08/27,86,13,-4,95,65189,2539,132,67860,83.75%,87.18%,
104/08/26,18,17,10,45,65103,2526,136,67765,83.64%,87.06%,
104/08/25,-13,28,2,17,65125,2509,126,67760,83.67%,87.06%,
104/08/24,88,-69,-19,0,65138,2481,124,67743,83.69%,87.04%,
104/08/21,-20,36,-5,11,65110,2550,143,67803,83.65%,87.11%,
104/08/20,-63,61,-5,-7,65131,2514,148,67793,83.68%,87.10%,
104/08/19,34,0,1,35,65193,2453,153,67799,83.76%,87.11%,
104/08/18,-7,0,-1,-8,65164,2453,152,67769,83.72%,87.07%,
104/08/17,-46,27,-5,-24,65171,2453,153,67777,83.73%,87.08%,
104/08/14,25,-14,0,11,65314,2426,158,67898,83.92%,87.24%,
104/08/13,295,-40,-3,252,65288,2440,158,67886,83.88%,87.22%,
104/08/12,66,-80,12,-2,64994,2480,161,67635,83.50%,86.89%,
104/08/11,165,-86,5,84,64928,2560,149,67637,83.42%,86.90%,
104/08/10,15,0,-44,-29,64857,2646,144,67647,83.33%,86.91%,
104/08/07,19,0,-14,5,64841,2646,188,67675,83.31%,86.95%,
104/08/06,24,-5,-4,15,64822,2646,202,67670,83.28%,86.94%,
104/08/05,9,0,-30,-21,64798,2651,206,67655,83.25%,86.92%,
104/08/04,8,0,0,8,64789,2651,236,67676,83.24%,86.96%,
104/08/03,37,0,-3,34,64781,2651,236,67668,83.23%,86.95%,
104/07/31,29,0,-7,22,64744,2651,239,67634,83.18%,86.90%,
104/07/30,20,4,-18,6,64715,2651,246,67612,83.15%,86.88%,
104/07/29,99,0,-34,65,64695,2647,264,67606,83.12%,86.87%,
104/07/28,3,0,-21,-18,64596,2647,298,67541,82.99%,86.78%,
104/07/27,215,-43,-138,34,64593,2647,319,67559,82.99%,86.81%,
104/07/24,-32,-28,5,-55,64378,2690,457,67525,82.71%,86.76%,
104/07/23,58,15,-27,46,64410,2718,452,67580,82.75%,86.83%,
104/07/22,29,-81,-23,-75,64066,2703,479,67248,82.31%,86.41%,
104/07/21,71,0,20,91,64037,2784,502,67323,82.27%,86.50%,
104/07/20,52,4,-10,46,63967,2784,482,67233,82.18%,86.39%,
104/07/17,54,0,-3,51,63915,2780,492,67187,82.12%,86.34%,
104/07/16,43,0,-2,41,63861,2780,495,67136,82.05%,86.27%,
104/07/15,95,0,-7,88,63818,2780,497,67095,81.99%,86.21%,
104/07/14,94,0,-41,53,63723,2780,504,67007,81.87%,86.10%,
104/07/13,96,0,38,134,63628,2780,545,66953,81.75%,86.03%,
104/07/09,149,3,-58,94,63532,2780,507,66819,81.63%,85.86%,
104/07/08,46,-20,-73,-47,63383,2777,565,66725,81.43%,85.74%,
104/07/07,61,10,-42,29,63337,2797,638,66772,81.38%,85.81%,
104/07/06,-8,19,-34,-23,63277,2787,680,66744,81.30%,85.77%,
104/07/03,11,48,-30,29,63285,2768,714,66767,81.31%,85.80%,
104/07/02,-94,33,-7,-68,63277,2720,744,66741,81.30%,85.76%,
104/07/01,17,30,132,179,63371,2687,751,66809,81.42%,85.85%,
104/06/30,106,0,3,109,63354,2657,619,66630,81.40%,85.62%,
104/06/29,70,-43,-31,-4,63281,2756,616,66653,81.30%,85.64%,
104/06/26,85,-60,-2,23,63209,2799,647,66655,81.21%,85.65%,
104/06/25,99,-5,-5,89,63124,2859,649,66632,81.10%,85.62%,
104/06/24,78,78,8,164,63025,2864,654,66543,80.97%,85.50%,
104/06/23,54,62,6,122,62947,2786,646,66379,80.87%,85.29%,
104/06/22,65,0,-10,55,62893,2724,640,66257,80.81%,85.14%,
104/06/18,38,3,-4,37,62828,2724,650,66202,80.72%,85.07%,
104/06/17,-57,42,-39,-54,62790,2721,654,66165,80.67%,85.02%,
104/06/16,-78,32,9,-37,62875,2679,693,66247,80.78%,85.12%,
104/06/15,-5,7,-3,-1,62967,2647,684,66298,80.90%,85.19%,
104/06/12,-115,150,113,148,62972,2640,687,66299,80.91%,85.20%,
104/06/11,21,161,33,215,63088,2490,574,66152,81.05%,85.00%,
104/06/10,26,-10,-19,-3,63067,2329,541,65937,81.03%,84.73%,
104/06/09,97,14,-4,107,63041,2339,560,65940,80.99%,84.72%,
104/06/08,40,10,-12,38,62944,2325,564,65833,80.87%,84.59%,
104/06/05,36,35,20,91,62904,2315,576,65795,80.82%,84.54%,
104/06/04,105,-21,5,89,62868,2280,556,65704,80.77%,84.42%,
104/06/03,286,3,-23,266,62783,2301,551,65635,80.66%,84.33%,
104/06/02,192,5,105,302,62497,2298,574,65369,80.30%,84.00%,
104/06/01,-236,225,-12,-23,62305,2293,469,65067,80.05%,83.61%,
104/05/29,97,0,7,104,62541,2068,481,65090,80.35%,83.63%,
104/05/28,-72,0,61,-11,62444,2068,474,64986,80.23%,83.50%,
104/05/27,-73,11,61,-1,72816,2068,413,75297,94.08%,97.28%,
104/05/26,-28,0,12,-16,72890,2057,352,75299,94.17%,97.27%,
104/05/25,-72,-3,33,-42,72918,2057,340,75315,94.21%,97.30%,
104/05/22,-7,-15,8,-14,72989,2060,307,75356,94.30%,97.35%,
104/05/21,177,0,-6,171,72996,2075,299,75370,94.31%,97.37%,
104/05/20,7,0,37,44,72819,2075,305,75199,94.08%,97.15%,
104/05/19,35,32,89,156,72812,2075,268,75155,94.07%,97.09%,
104/05/18,175,-7,12,180,72778,2043,179,75000,94.03%,96.89%,
104/05/15,3,-6,-3,-6,72603,2050,167,74820,93.80%,96.66%,
104/05/14,-22,-77,38,-61,72600,2056,170,74826,93.80%,96.67%,
104/05/13,29,30,0,59,72622,2133,132,74887,93.83%,96.75%,
104/05/12,65,0,-1,64,72580,2103,132,74815,93.77%,96.65%,
104/05/11,-45,42,0,-3,72515,2103,133,74751,93.69%,96.57%,
104/05/08,-103,19,-24,-108,72560,2061,133,74754,93.75%,96.58%,
104/05/07,4,0,-9,-5,72665,2042,157,74864,93.88%,96.71%,
104/05/06,-28,-9,5,-32,72661,2042,166,74869,93.88%,96.72%,
104/05/05,74,4,8,86,72689,2051,161,74901,93.91%,96.77%,
104/05/04,89,0,-10,79,72613,2047,153,74813,93.82%,96.66%,
104/04/30,317,-6,-63,248,72523,2047,163,74733,93.70%,96.56%,
104/04/29,191,58,-7,242,72206,2053,226,74485,93.29%,96.23%,
104/04/28,155,0,10,165,72015,1995,233,74243,93.04%,95.92%,
104/04/27,64,-61,0,3,71860,1995,223,74078,92.84%,95.71%,
104/04/24,49,-22,4,31,71796,2056,223,74075,92.76%,95.70%,
104/04/23,7,-73,-2,-68,71747,2078,219,74044,92.70%,95.67%,
104/04/22,-4,1,4,1,71740,2151,221,74112,92.69%,95.75%,
104/04/21,21,10,-5,26,71744,2150,217,74111,92.69%,95.75%,
104/04/20,-66,17,-1,-50,71723,2140,222,74085,92.67%,95.72%,
104/04/17,-61,14,-16,-63,71788,2123,223,74134,92.75%,95.78%,
104/04/16,41,51,12,104,71849,2109,239,74197,92.83%,95.86%,
104/04/15,-69,-10,26,-53,71809,2058,227,74094,92.78%,95.73%,
104/04/14,-193,93,-27,-127,71882,2068,201,74151,92.87%,95.80%,
104/04/13,-145,43,59,-43,72075,1975,228,74278,93.12%,95.97%,
104/04/10,-45,10,1,-34,72220,1932,169,74321,93.31%,96.02%,
104/04/09,-109,90,2,-17,72280,1922,168,74370,93.39%,96.09%,
104/04/08,-116,141,-7,18,72390,1832,166,74388,93.53%,96.11%,
104/04/07,-10,47,1,38,72506,1691,173,74370,93.68%,96.09%,
104/04/02,59,336,10,405,72517,1644,172,74333,93.69%,96.04%,
104/04/01,118,61,17,196,72458,1308,162,73928,93.62%,95.52%,
104/03/31,25,100,-56,69,72340,1247,145,73732,93.46%,95.26%,
104/03/30,-10,0,-2,-12,72305,1171,201,73677,93.42%,95.19%,
104/03/27,-1,0,12,11,72315,1171,203,73689,93.43%,95.21%,
104/03/26,-58,0,3,-55,72316,1171,191,73678,93.43%,95.19%,
104/03/25,-64,15,-6,-55,72374,1171,188,73733,93.51%,95.27%,
104/03/24,-77,23,-3,-57,72438,1156,194,73788,93.59%,95.33%,
104/03/23,-3,19,86,102,72514,1133,197,73844,93.69%,95.41%,
104/03/20,1,-14,104,91,72517,1114,111,73742,93.69%,95.27%,
104/03/19,-24,0,-2,-26,72516,1128,7,73651,93.69%,95.16%,
104/03/18,-116,0,2,-114,72500,1128,9,73637,93.67%,95.14%,
104/03/17,-257,0,7,-250,72976,1128,7,74111,94.29%,95.76%,
104/03/16,5273,0,-16,5257,73218,1128,0,74346,94.60%,96.06%,
104/03/13,9,0,0,9,67596,1128,15,68739,87.33%,88.81%,
104/03/12,24,0,0,24,67577,1128,15,68720,87.31%,88.79%,
104/03/11,-9,0,5,-4,67544,1128,15,68687,87.27%,88.75%,
104/03/10,22,0,9,31,67543,1128,10,68681,87.27%,88.74%,
104/03/09,-3,0,0,-3,67501,1128,1,68630,87.21%,88.67%,
104/03/06,-14,0,-2,-16,67504,1128,1,68633,87.22%,88.68%,
104/03/05,12,-1,-3,8,67518,1128,3,68649,87.23%,88.69%,
104/03/04,-3,0,-8,-11,67506,1129,6,68641,87.22%,88.69%,
104/03/03,-44,0,11,-33,67509,1129,14,68652,87.22%,88.70%,
104/03/02,-130,0,2,-128,67553,1129,3,68685,87.28%,88.74%,
104/02/26,-10,0,-1,-11,67682,1129,1,68812,87.45%,88.91%,
104/02/25,-11,0,-2,-13,67692,1129,2,68823,87.46%,88.92%,
104/02/24,-19,0,2,-17,67703,1129,4,68836,87.47%,88.93%,
104/02/13,-24,0,-1,-25,67722,1129,2,68853,87.50%,88.96%,
104/02/12,-6,0,0,-6,67746,1129,3,68878,87.53%,89.01%,
104/02/11,-3,0,0,-3,67752,1129,3,68884,87.54%,89.02%,
104/02/10,-6,0,3,-3,67755,1129,3,68887,87.54%,89.02%,
104/02/09,-17,0,0,-17,67024,1129,0,68153,87.99%,89.47%,
104/02/06,4,0,-1,3,67041,1129,0,68170,88.01%,89.49%,
104/02/05,22,0,-20,2,67037,1129,0,68166,88.00%,89.48%,
104/02/04,18,0,-0,18,67015,1129,0,68144,87.97%,89.45%,
104/02/03,-5,0,-4,-9,66997,1129,0,68126,87.95%,89.43%,
104/02/02,12,0,-2,10,67002,1129,1,68132,87.96%,89.44%,
104/01/30,10,0,-1,9,66990,1129,3,68122,87.94%,89.43%,
104/01/29,15,0,-5,10,66980,1129,4,68113,87.93%,89.42%,
104/01/28,51,0,1,52,66965,1129,9,68103,87.91%,89.40%,
104/01/27,-6,0,-1,-7,66914,1129,8,68051,87.84%,89.33%,
104/01/26,-10,0,3,-7,66920,1129,9,68058,87.85%,89.34%,
104/01/23,3,0,-3,0,66930,1129,6,68065,87.86%,89.35%,
104/01/22,85,-7,8,86,66927,1129,9,68065,87.86%,89.35%,
104/01/21,-35,0,-5,-40,66842,1136,1,67979,87.75%,89.24%,
104/01/20,-31,0,4,-27,66877,1136,6,68019,87.79%,89.29%,
104/01/19,-82,0,2,-80,66908,1136,2,68046,87.83%,89.32%,
104/01/16,-91,0,-37,-128,66990,1136,0,68126,87.94%,89.43%,
104/01/15,-36,0,0,-36,67081,1136,0,68217,88.06%,89.55%,
104/01/14,9,-15,0,-6,67117,1136,0,68253,88.11%,89.60%,
104/01/13,628,-36,0,592,67108,1151,0,68259,88.10%,89.61%,
104/01/12,22,-22,-1,-1,66480,1187,0,67667,87.27%,88.83%,
104/01/09,4,0,0,4,66458,1209,1,67668,87.24%,88.83%,
104/01/08,10,-10,0,0,66454,1209,1,67664,87.24%,88.83%,
104/01/07,20,-32,1,-11,66444,1219,1,67664,87.22%,88.82%,
104/01/06,42,-22,-5,15,66424,1251,0,67675,87.20%,88.84%,
104/01/05,4,0,0,4,66382,1273,0,67655,87.14%,88.81%,
