日期,外資買賣超,投信買賣超,自營商買賣超,單日合計買賣超,外資估計持股,投信估計持股,自營商估計持股,單日合計估計持股,外資持股比重,三大法人持股比重,
107/03/31,0,0,36,36,93988,41,3503,97532,21.81%,22.63%,
107/03/30,80,0,15,95,93988,41,3467,97496,21.81%,22.62%,
107/03/29,212,0,3,215,93904,41,3452,97397,21.79%,22.60%,
107/03/28,-230,0,105,-125,93698,41,3449,97188,21.75%,22.56%,
107/03/27,-28,0,9,-19,93925,41,3344,97310,21.80%,22.59%,
107/03/26,-142,0,23,-119,93952,41,3335,97328,21.81%,22.59%,
107/03/23,-294,0,233,-61,94094,41,3312,97447,21.84%,22.62%,
107/03/22,-387,0,-23,-410,94387,41,3079,97507,21.91%,22.63%,
107/03/21,-163,0,0,-163,94774,41,3102,97917,22.00%,22.73%,
107/03/20,-108,0,0,-108,94935,41,3102,98078,22.03%,22.76%,
107/03/19,-19,-1,7,-13,95019,41,3102,98162,22.05%,22.78%,
107/03/16,-758,0,-3,-761,95038,42,3095,98175,22.06%,22.79%,
107/03/15,-195,0,-3,-198,95796,42,3098,98936,22.23%,22.96%,
107/03/14,-89,0,22,-67,96322,42,3101,99465,22.36%,23.09%,
107/03/13,-66,0,0,-66,96411,42,3079,99532,22.38%,23.10%,
107/03/12,-109,0,-33,-142,96436,42,3079,99557,22.38%,23.10%,
107/03/09,-156,0,116,-40,96545,42,3112,99699,22.41%,23.14%,
107/03/08,-225,0,5,-220,96699,42,2996,99737,22.44%,23.15%,
107/03/07,-202,0,-46,-248,96924,42,2991,99957,22.50%,23.20%,
107/03/06,-222,0,4,-218,97044,42,3037,100123,22.52%,23.23%,
107/03/05,-166,0,-24,-190,97266,42,3033,100341,22.57%,23.28%,
107/03/02,-273,0,68,-205,97407,42,3057,100506,22.61%,23.33%,
107/03/01,-102,0,-1,-103,97680,42,2989,100711,22.67%,23.37%,
107/02/27,-165,0,-5,-170,97782,42,2990,100814,22.69%,23.39%,
107/02/26,220,0,5,225,97945,42,2995,100982,22.73%,23.44%,
107/02/23,31,0,22,53,97725,42,2990,100757,22.68%,23.38%,
107/02/22,32,0,68,100,97694,42,2968,100704,22.67%,23.37%,
107/02/21,-56,0,8,-48,97772,42,2900,100714,22.69%,23.37%,
107/02/12,-75,0,2,-73,97828,42,2892,100762,22.71%,23.39%,
107/02/09,-304,0,25,-279,97908,42,2890,100840,22.72%,23.40%,
107/02/08,-165,0,-5,-170,98198,42,2865,101105,22.79%,23.46%,
107/02/07,-330,0,-3,-333,98361,42,2870,101273,22.83%,23.51%,
107/02/06,-431,0,21,-410,98649,42,2873,101564,22.90%,23.58%,
107/02/05,2,0,-7,-5,99078,42,2852,101972,23.00%,23.67%,
107/02/02,3,0,-4,-1,99048,42,2859,101949,22.99%,23.66%,
107/02/01,58,0,-19,39,99126,42,2863,102031,23.01%,23.68%,
107/01/31,-150,0,18,-132,99068,42,2882,101992,22.99%,23.67%,
107/01/30,-3,0,-7,-10,99218,42,2864,102124,23.03%,23.70%,
107/01/29,0,0,-4,-4,99221,42,2871,102134,23.03%,23.71%,
107/01/26,-130,0,5,-125,99219,42,2875,102136,23.03%,23.71%,
107/01/25,52,0,-1,51,99349,42,2870,102261,23.06%,23.74%,
107/01/24,-4,0,4,0,99297,42,2871,102210,23.05%,23.73%,
107/01/23,-10,0,-4,-14,99301,42,2867,102210,23.05%,23.73%,
107/01/22,239,0,-119,120,99311,42,2871,102224,23.05%,23.73%,
107/01/19,103,0,-2,101,99072,42,2990,102104,22.99%,23.69%,
107/01/18,19,0,2,21,98969,42,2992,102003,22.97%,23.67%,
107/01/17,86,0,-30,56,98950,42,2990,101982,22.97%,23.67%,
107/01/16,124,0,8,132,98864,42,3020,101926,22.95%,23.66%,
107/01/15,-36,0,4,-32,98870,42,3012,101924,22.95%,23.66%,
107/01/12,-163,0,-5,-168,98931,42,3008,101981,22.96%,23.67%,
107/01/11,-164,0,23,-141,99036,42,3013,102091,22.99%,23.70%,
107/01/10,-31,0,15,-16,99178,42,2990,102210,23.02%,23.72%,
107/01/09,48,0,18,66,99209,42,2975,102226,23.03%,23.73%,
107/01/08,25,0,-76,-51,99161,42,2957,102160,23.01%,23.71%,
107/01/05,146,0,-32,114,99136,42,3033,102211,23.01%,23.72%,
107/01/04,100,0,-45,55,99021,42,3065,102128,22.98%,23.70%,
107/01/03,-166,0,-36,-202,98882,42,3110,102034,22.95%,23.68%,
107/01/02,33,0,-97,-64,99048,42,3146,102236,22.99%,23.73%,
106/12/29,37,0,0,37,99015,42,3243,102300,22.98%,23.74%,
106/12/28,-80,-11,0,-91,98978,0,3243,102221,22.97%,23.72%,
106/12/27,-235,-11,0,-246,99053,0,3243,102296,22.99%,23.74%,
106/12/26,-122,-9,0,-131,99073,0,3243,102316,22.99%,23.74%,
106/12/25,-25,0,0,-25,99191,0,3243,102434,23.02%,23.77%,
106/12/22,-233,0,0,-233,99216,0,3243,102459,23.03%,23.78%,
106/12/21,-100,0,0,-100,99385,0,3243,102628,23.07%,23.82%,
106/12/20,-331,0,0,-331,99469,0,3243,102712,23.09%,23.84%,
106/12/19,-446,-478,0,-924,99796,0,3243,103039,23.16%,23.91%,
106/12/18,-191,0,149,-42,100242,0,3243,103485,23.27%,24.02%,
106/12/15,1411,-1704,-1,-294,100433,0,3094,103527,23.31%,24.03%,
106/12/14,-363,-730,-14,-1107,98879,1468,3095,103442,22.95%,24.01%,
106/12/13,-415,-725,4,-1136,99240,2198,3109,104547,23.03%,24.26%,
106/12/12,-702,0,4,-698,99703,2923,3105,105731,23.14%,24.54%,
106/12/11,-332,0,0,-332,100342,2923,3101,106366,23.29%,24.69%,
106/12/08,-1229,0,18,-1211,101706,2923,3101,107730,23.61%,25.01%,
106/12/07,-922,0,65,-857,103001,2923,3083,109007,23.91%,25.30%,
106/12/06,-719,0,85,-634,103913,2923,3018,109854,24.12%,25.50%,
106/12/05,-984,0,38,-946,105417,2923,2933,111273,24.47%,25.83%,
106/12/04,-1039,0,7,-1032,106721,2923,2895,112539,24.77%,26.12%,
106/12/01,280,0,8,288,108319,2923,2888,114130,25.14%,26.49%,
106/11/30,-234,-4,20,-218,107840,2923,2880,113643,25.03%,26.38%,
106/11/29,-156,0,0,-156,108474,2927,2860,114261,25.18%,26.52%,
106/11/28,-1925,0,3,-1922,108630,2927,2860,114417,25.21%,26.55%,
106/11/27,-1067,0,0,-1067,110552,2927,2857,116336,25.66%,27.00%,
106/11/24,-301,0,-14,-315,111619,2927,2857,117403,25.91%,27.25%,
106/11/23,-1017,22,0,-995,111890,2927,2871,117688,25.97%,27.32%,
106/11/22,-1177,44,0,-1133,112676,2905,2871,118452,26.15%,27.49%,
106/11/21,-1118,0,4,-1114,113853,2861,2871,119585,26.43%,27.76%,
106/11/20,-1048,0,15,-1033,114890,2861,2867,120618,26.67%,28.00%,
106/11/17,-726,0,19,-707,115888,2861,2852,121601,26.90%,28.23%,
106/11/16,-728,26,11,-691,116614,2861,2833,122308,27.07%,28.39%,
106/11/15,-928,45,31,-852,117340,2835,2822,122997,27.24%,28.55%,
106/11/14,-633,0,19,-614,118202,2790,2791,123783,27.44%,28.74%,
106/11/13,-822,0,52,-770,118508,2790,2772,124070,27.51%,28.80%,
106/11/10,-821,0,37,-784,119520,2790,2720,125030,27.74%,29.02%,
106/11/09,-446,0,19,-427,120341,2790,2683,125814,27.93%,29.20%,
106/11/08,-383,0,3,-380,120787,2790,2664,126241,28.04%,29.31%,
106/11/07,-131,0,4,-127,121170,2790,2661,126621,28.12%,29.39%,
106/11/06,-263,0,22,-241,121161,2790,2657,126608,28.12%,29.38%,
106/11/03,-730,2,13,-715,121432,2790,2635,126857,28.19%,29.45%,
106/11/02,-444,0,0,-444,122162,2788,2622,127572,28.35%,29.61%,
106/11/01,-354,0,14,-340,122606,2788,2622,128016,28.46%,29.72%,
106/10/31,-361,0,14,-347,122960,2788,2608,128356,28.54%,29.79%,
106/10/30,-96,0,54,-42,123321,2788,2594,128703,28.62%,29.87%,
106/10/27,-142,-16,11,-147,123417,2788,2540,128745,28.65%,29.89%,
106/10/26,-534,0,0,-534,123489,2804,2529,128822,28.66%,29.90%,
106/10/25,-412,20,0,-392,124023,2804,2529,129356,28.79%,30.03%,
106/10/24,-488,1,-28,-515,124435,2784,2529,129748,28.88%,30.11%,
106/10/23,-228,0,-16,-244,124719,2783,2557,130059,28.95%,30.19%,
106/10/20,-454,43,-2,-413,124947,2783,2573,130303,29.00%,30.24%,
106/10/19,-314,-4,1,-317,125401,2740,2575,130716,29.11%,30.34%,
106/10/18,-62,3,0,-59,125715,2744,2574,131033,29.18%,30.41%,
106/10/17,-1013,0,0,-1013,125432,2741,2574,130747,29.11%,30.34%,
106/10/16,-671,0,-8,-679,126439,2741,2574,131754,29.35%,30.58%,
106/10/13,-359,3,-3,-359,126879,2741,2582,132202,29.45%,30.69%,
106/10/12,-350,5,0,-345,127152,2738,2585,132475,29.51%,30.75%,
106/10/11,174,4,14,192,127442,2733,2585,132760,29.58%,30.81%,
106/10/06,-362,9,-1,-354,127138,2729,2571,132438,29.51%,30.74%,
106/10/05,-721,3,0,-718,127492,2720,2572,132784,29.59%,30.82%,
106/10/03,-198,6,3,-189,128031,2717,2572,133320,29.72%,30.95%,
106/10/02,28,18,0,46,128229,2711,2569,133509,29.76%,30.99%,
106/09/30,0,0,4,4,127956,2693,2569,133218,29.70%,30.92%,
106/09/29,24,0,39,63,127956,2658,2565,133179,29.70%,30.91%,
106/09/28,-88,0,5,-83,128026,2658,2526,133210,29.72%,30.92%,
106/09/27,148,5,15,168,128109,2658,2521,133288,29.74%,30.94%,
106/09/26,-660,218,67,-375,127942,2653,2506,133101,29.70%,30.90%,
106/09/25,-144,0,65,-79,128379,2435,2439,133253,29.80%,30.93%,
106/09/22,-217,0,16,-201,128523,2435,2374,133332,29.83%,30.95%,
106/09/21,-79,0,0,-79,128740,2435,2358,133533,29.88%,30.99%,
106/09/20,-198,0,12,-186,128819,2435,2358,133612,29.90%,31.01%,
106/09/19,-177,0,12,-165,129072,2435,2346,133853,29.96%,31.07%,
106/09/18,-139,0,7,-132,129144,2435,2334,133913,29.98%,31.09%,
106/09/15,-289,0,8,-281,129283,2435,2327,134045,30.01%,31.12%,
106/09/14,-117,0,2,-115,129571,2435,2319,134325,30.07%,31.17%,
106/09/13,-148,0,0,-148,129688,2435,2317,134440,30.10%,31.20%,
106/09/12,-102,0,-4,-106,129836,2435,2317,134588,30.14%,31.24%,
106/09/11,7,0,-4,3,129885,2435,2321,134641,30.15%,31.25%,
106/09/08,124,-4,-6,114,129908,2435,2325,134668,30.15%,31.26%,
106/09/07,5,0,-1,4,129784,2439,2331,134554,30.12%,31.23%,
106/09/06,-106,0,-1,-107,129779,2439,2332,134550,30.12%,31.23%,
106/09/05,-52,0,-4,-56,129795,2439,2333,134567,30.13%,31.24%,
106/09/04,-33,0,-4,-37,129847,2439,2337,134623,30.14%,31.25%,
106/09/01,-88,0,-19,-107,129780,2439,2341,134560,30.12%,31.23%,
106/08/31,2,0,-12,-10,129868,2439,2360,134667,30.14%,31.25%,
106/08/30,-230,0,0,-230,129866,2439,2372,134677,30.14%,31.26%,
106/08/29,-50,0,0,-50,130096,2439,2372,134907,30.20%,31.32%,
106/08/28,36,2,0,38,130146,2439,2372,134957,30.21%,31.33%,
106/08/25,-19,2,-2,-19,130110,2437,2372,134919,30.20%,31.32%,
106/08/24,-88,6,0,-82,130128,2435,2374,134937,30.20%,31.32%,
106/08/23,-77,6,-25,-96,130216,2429,2374,135019,30.22%,31.34%,
106/08/22,32,0,0,32,130293,2423,2399,135115,30.24%,31.36%,
106/08/21,59,0,9,68,130261,2423,2399,135083,30.23%,31.35%,
106/08/18,-78,0,9,-69,130202,2423,2390,135015,30.22%,31.34%,
106/08/17,2,0,-2,0,130343,2423,2381,135147,30.25%,31.37%,
106/08/16,-41,7,27,-7,130341,2423,2383,135147,30.25%,31.37%,
106/08/15,168,0,8,176,130482,2416,2356,135254,30.29%,31.40%,
106/08/14,-104,0,26,-78,130264,2416,2348,135028,30.24%,31.35%,
106/08/11,-20,0,22,2,130368,2416,2322,135106,30.26%,31.36%,
106/08/10,-73,4,25,-44,130388,2416,2300,135104,30.26%,31.35%,
106/08/09,-103,8,-10,-105,130360,2412,2275,135047,30.26%,31.35%,
106/08/08,-18,0,-8,-26,130463,2404,2285,135152,30.28%,31.37%,
106/08/07,-114,4,0,-110,130481,2404,2293,135178,30.29%,31.38%,
106/08/04,-200,0,-4,-204,130595,2400,2293,135288,30.31%,31.40%,
106/08/03,-82,0,-6,-88,130795,2400,2297,135492,30.36%,31.45%,
106/08/02,-6,0,-5,-11,130867,2400,2303,135570,30.38%,31.47%,
106/08/01,99,-2,0,97,130869,2400,2308,135577,30.38%,31.47%,
106/07/31,-182,0,-17,-199,130761,2402,2308,135471,30.35%,31.44%,
106/07/28,-186,0,0,-186,130943,2402,2325,135670,30.39%,31.49%,
106/07/27,-70,0,-4,-74,131129,2402,2325,135856,30.44%,31.54%,
106/07/26,-147,0,-18,-165,131184,2402,2329,135915,30.45%,31.55%,
106/07/25,-84,0,-9,-93,131331,2402,2347,136080,30.48%,31.58%,
106/07/24,-7,0,-4,-11,131315,2402,2356,136073,30.48%,31.58%,
106/07/21,-111,0,0,-111,131122,2402,2360,135884,30.43%,31.54%,
106/07/20,-6,0,1,-5,131233,2402,2360,135995,30.46%,31.57%,
106/07/19,-116,0,1,-115,131239,2402,2359,136000,30.46%,31.57%,
106/07/18,23,0,-4,19,131355,2402,2358,136115,30.49%,31.60%,
106/07/17,-13,0,-16,-29,131335,2402,2362,136099,30.48%,31.59%,
106/07/14,-58,0,-16,-74,131348,2402,2378,136128,30.49%,31.60%,
106/07/13,1,0,-6,-5,131406,2402,2394,136202,30.50%,31.61%,
106/07/12,77,0,-23,54,131405,2402,2400,136207,30.50%,31.61%,
106/07/11,155,0,5,160,131328,2402,2423,136153,30.48%,31.60%,
106/07/10,-50,0,-3,-53,131208,2402,2418,136028,30.45%,31.57%,
106/07/07,15,-18,-8,-11,131258,2402,2421,136081,30.47%,31.59%,
106/07/06,-32,0,-4,-36,131240,2420,2429,136089,30.46%,31.59%,
106/07/05,-43,0,21,-22,131221,2420,2433,136074,30.46%,31.59%,
106/07/04,-110,0,-47,-157,131251,2420,2412,136083,30.46%,31.58%,
106/07/03,362,0,-123,239,131431,2420,2459,136310,30.51%,31.64%,
106/06/30,-567,1,99,-467,131043,2420,2582,136045,30.42%,31.58%,
106/06/29,-211,0,-4,-215,131589,2546,2483,136618,30.54%,31.71%,
106/06/28,-262,0,26,-236,131800,2546,2487,136833,30.59%,31.76%,
106/06/27,-29,0,0,-29,132062,2546,2461,137069,30.65%,31.81%,
106/06/26,108,0,15,123,132171,2546,2461,137178,30.68%,31.84%,
106/06/23,-21,0,-8,-29,132097,2546,2446,137089,30.66%,31.82%,
106/06/22,35,0,-14,21,132246,2546,2454,137246,30.70%,31.86%,
106/06/21,221,2,-2,221,132211,2546,2468,137225,30.69%,31.85%,
106/06/20,-114,0,13,-101,131990,2544,2470,137004,30.64%,31.80%,
106/06/19,-53,30,-32,-55,132185,2544,2457,137186,30.68%,31.84%,
106/06/16,-1064,1352,5,293,132238,2514,2489,137241,30.69%,31.85%,
106/06/15,35,586,-1,620,133237,1162,2484,136883,30.93%,31.78%,
106/06/14,-29,500,-2,469,133192,576,2485,136253,30.92%,31.63%,
106/06/13,24,0,3,27,133211,76,2487,135774,30.92%,31.51%,
106/06/12,-199,0,0,-199,133187,76,2484,135747,30.91%,31.50%,
106/06/09,-246,0,0,-246,133386,76,2484,135946,30.96%,31.55%,
106/06/08,143,0,0,143,133623,76,2484,136183,31.02%,31.61%,
106/06/07,-27,0,0,-27,133480,76,2484,136040,30.98%,31.57%,
106/06/06,-21,3,-1,-19,133466,76,2484,136026,30.98%,31.57%,
106/06/05,233,2,0,235,133487,73,2485,136045,30.98%,31.57%,
106/06/03,0,0,0,0,133254,71,2485,135810,30.93%,31.52%,
106/06/02,6,0,0,6,133254,71,2485,135810,30.93%,31.52%,
106/06/01,-29,0,0,-29,133248,71,2485,135804,30.93%,31.52%,
106/05/31,194,0,-1,193,133267,71,2485,135823,30.93%,31.52%,
106/05/26,-135,0,0,-135,133014,71,2486,135571,30.87%,31.46%,
106/05/25,192,0,0,192,133139,71,2486,135696,30.90%,31.49%,
106/05/24,141,0,-3,138,132938,71,2486,135495,30.86%,31.45%,
106/05/23,-4,0,-12,-16,132786,71,2489,135346,30.82%,31.41%,
106/05/22,55,0,-4,51,132790,71,2501,135362,30.82%,31.42%,
106/05/19,-10,0,-4,-14,132736,71,2505,135312,30.81%,31.41%,
106/05/18,-99,0,4,-95,132763,71,2509,135343,30.82%,31.42%,
106/05/17,31,0,0,31,132863,71,2505,135439,30.84%,31.44%,
106/05/16,14,0,-3,11,132832,71,2505,135408,30.83%,31.43%,
106/05/15,-5,0,4,-1,132807,71,2508,135386,30.83%,31.43%,
106/05/12,112,0,0,112,132817,71,2504,135392,30.83%,31.43%,
106/05/11,85,0,0,85,132815,71,2504,135390,30.83%,31.43%,
106/05/10,154,0,-4,150,132730,71,2504,135305,30.81%,31.41%,
106/05/09,-72,0,-11,-83,132576,71,2508,135155,30.77%,31.37%,
106/05/08,-466,0,0,-466,132647,71,2519,135237,30.79%,31.39%,
106/05/05,118,0,-2,116,133113,71,2519,135703,30.90%,31.50%,
106/05/04,279,-0,-17,262,132995,71,2521,135587,30.87%,31.47%,
106/05/03,11,0,-8,3,132716,71,2538,135325,30.80%,31.41%,
106/05/02,215,0,-2,213,132705,71,2546,135322,30.80%,31.41%,
106/04/28,82,0,-6,76,132480,71,2548,135099,30.75%,31.36%,
106/04/27,30,0,-141,-111,132399,71,2554,135024,30.73%,31.34%,
106/04/26,566,0,25,591,132369,71,2695,135135,30.72%,31.36%,
106/04/25,510,-0,2,512,131803,71,2670,134544,30.59%,31.23%,
106/04/24,-30,0,0,-30,131293,71,2668,134032,30.47%,31.11%,
106/04/21,124,0,-34,90,131313,71,2668,134052,30.48%,31.12%,
106/04/20,-5,0,-8,-13,131179,71,2702,133952,30.45%,31.09%,
106/04/19,-72,0,6,-66,131184,71,2710,133965,30.45%,31.10%,
106/04/18,440,0,-393,47,131256,71,2704,134031,30.47%,31.11%,
106/04/17,6,0,44,50,130706,71,3097,133874,30.34%,31.08%,
106/04/14,89,-2,7,94,130700,71,3053,133824,30.34%,31.07%,
106/04/13,59,0,-2,57,130611,73,3046,133730,30.32%,31.04%,
106/04/12,-3,0,4,1,130542,73,3048,133663,30.30%,31.02%,
106/04/11,304,0,-12,292,130545,73,3044,133662,30.30%,31.02%,
106/04/10,4,0,-2,2,130274,73,3056,133403,30.24%,30.97%,
106/04/07,487,0,0,487,130271,73,3058,133402,30.24%,30.97%,
106/04/06,66,0,14,80,129784,73,3058,132915,30.12%,30.85%,
106/04/05,715,0,15,730,129718,73,3044,132835,30.11%,30.83%,
106/03/31,535,0,0,535,129003,73,3029,132105,29.94%,30.66%,
106/03/30,157,0,0,157,128468,23,3029,131520,29.82%,30.53%,
106/03/29,464,0,16,480,128311,23,3029,131363,29.78%,30.49%,
106/03/28,694,0,-13,681,127847,23,3013,130883,29.67%,30.37%,
106/03/27,473,0,14,487,127153,23,3026,130202,29.51%,30.22%,
106/03/24,456,0,-22,434,126680,23,3012,129715,29.40%,30.10%,
106/03/23,321,0,2,323,126314,23,3034,129371,29.32%,30.03%,
106/03/22,419,0,33,452,125993,23,3032,129048,29.24%,29.95%,
106/03/21,1084,3,-2,1085,125574,23,2999,128596,29.15%,29.85%,
106/03/20,654,3,10,667,124491,20,3001,127512,28.90%,29.60%,
106/03/17,564,17,10,591,123809,17,2991,126817,28.74%,29.44%,
106/03/16,622,0,18,640,123249,0,2981,126230,28.61%,29.30%,
106/03/15,360,0,-10,350,122627,0,2963,125590,28.46%,29.15%,
106/03/14,1093,0,-12,1081,122467,0,2973,125440,28.43%,29.12%,
106/03/13,398,0,17,415,121365,0,2985,124350,28.17%,28.86%,
106/03/10,-248,0,0,-248,121004,0,2968,123972,28.09%,28.78%,
106/03/09,-268,0,0,-268,121252,0,2968,124220,28.14%,28.83%,
106/03/08,-37,0,0,-37,121520,0,2968,124488,28.21%,28.90%,
106/03/07,10,0,0,10,121557,0,2968,124525,28.21%,28.90%,
106/03/06,17,0,-4,13,121547,0,2968,124515,28.21%,28.90%,
106/03/03,-20,0,-40,-60,121515,0,2972,124487,28.20%,28.89%,
106/03/02,-256,0,-61,-317,121535,0,3012,124547,28.21%,28.91%,
106/03/01,-121,0,1,-120,121792,0,3073,124865,28.27%,28.98%,
106/02/24,-261,0,10,-251,121912,0,3072,124984,28.30%,29.01%,
106/02/23,92,0,0,92,122173,0,3062,125235,28.36%,29.07%,
106/02/22,9,0,0,9,122081,0,3062,125143,28.34%,29.05%,
106/02/21,69,0,0,69,122072,0,3062,125134,28.33%,29.04%,
106/02/20,-18,0,0,-18,122003,0,3062,125065,28.32%,29.03%,
106/02/18,0,0,0,0,121998,0,3062,125060,28.32%,29.03%,
106/02/17,-103,0,0,-103,121998,0,3062,125060,28.32%,29.03%,
106/02/16,-78,0,0,-78,122101,0,3062,125163,28.34%,29.05%,
106/02/15,108,0,30,138,122168,0,3062,125230,28.36%,29.07%,
106/02/14,-12,0,70,58,122050,0,3032,125082,28.33%,29.03%,
106/02/13,17,0,0,17,122099,0,2962,125061,28.34%,29.03%,
106/02/10,1,-24,0,-23,122072,0,2962,125034,28.33%,29.02%,
106/02/09,-161,0,-3,-164,122073,4,2962,125039,28.33%,29.02%,
106/02/08,-114,0,-2,-116,122235,4,2965,125204,28.37%,29.06%,
106/02/07,-82,0,-1,-83,122499,4,2967,125470,28.43%,29.12%,
106/02/06,-1,0,0,-1,122571,4,2968,125543,28.45%,29.14%,
106/02/03,6,4,-2,8,122572,4,2968,125544,28.45%,29.14%,
106/02/02,-76,0,3,-73,122565,0,2970,125535,28.45%,29.14%,
106/01/24,-25,0,0,-25,122641,0,2967,125608,28.47%,29.16%,
106/01/23,165,0,-1,164,122665,0,2967,125632,28.47%,29.16%,
106/01/20,-128,0,0,-128,122501,0,2968,125469,28.43%,29.12%,
106/01/19,-59,0,-4,-63,122628,0,2968,125596,28.46%,29.15%,
106/01/18,-19,0,-5,-24,122687,0,2972,125659,28.48%,29.17%,
106/01/17,-175,0,-9,-184,122702,0,2977,125679,28.48%,29.17%,
106/01/16,-277,0,0,-277,122877,0,2986,125863,28.52%,29.21%,
106/01/13,71,0,0,71,123154,0,2986,126140,28.58%,29.27%,
106/01/12,86,0,0,86,123083,0,2986,126069,28.57%,29.26%,
106/01/11,17,0,0,17,122977,0,2986,125963,28.54%,29.23%,
106/01/10,-13,0,0,-13,122961,0,2986,125947,28.54%,29.23%,
106/01/09,-71,0,1,-70,122974,0,2986,125960,28.54%,29.23%,
106/01/06,-29,-17,9,-37,123008,0,2985,125993,28.55%,29.24%,
106/01/05,22,-14,0,8,123075,0,2976,126051,28.57%,29.26%,
106/01/04,66,0,0,66,123053,2,2976,126031,28.56%,29.25%,
106/01/03,2,0,0,2,122988,2,2976,125966,28.55%,29.24%,
105/12/30,90,0,0,90,122986,2,2976,125964,28.55%,29.24%,
105/12/29,-1,0,0,-1,122896,2,2976,125874,28.52%,29.21%,
105/12/28,-19,0,0,-19,122697,2,2976,125675,28.48%,29.17%,
105/12/27,-5,0,0,-5,122716,2,2976,125694,28.48%,29.17%,
105/12/26,10,0,0,10,122721,2,2976,125699,28.48%,29.17%,
105/12/23,-63,0,11,-52,122776,2,2976,125754,28.50%,29.19%,
105/12/22,-15,0,5,-10,122839,2,2965,125806,28.51%,29.20%,
105/12/21,-22,0,9,-13,122890,2,2960,125852,28.52%,29.21%,
105/12/20,-103,0,5,-98,122912,2,2951,125865,28.53%,29.22%,
105/12/19,13,0,4,17,123015,2,2946,125963,28.55%,29.23%,
105/12/16,-183,0,0,-183,123002,2,2942,125946,28.55%,29.23%,
105/12/15,37,0,0,37,123185,2,2942,126129,28.59%,29.27%,
105/12/14,60,0,1,61,123148,2,2942,126092,28.58%,29.26%,
105/12/13,-26,0,0,-26,123088,2,2941,126031,28.57%,29.25%,
105/12/12,-134,0,2,-132,123115,2,2941,126058,28.58%,29.26%,
105/12/09,86,0,0,86,123249,2,2939,126190,28.61%,29.29%,
105/12/08,37,0,1,38,123162,2,2939,126103,28.59%,29.27%,
105/12/07,-9,0,1,-8,123125,2,2938,126065,28.58%,29.26%,
105/12/06,125,0,1,126,123162,2,2937,126101,28.59%,29.27%,
105/12/05,-101,0,-1,-102,123031,2,2936,125969,28.56%,29.24%,
105/12/02,66,0,0,66,123123,2,2937,126062,28.58%,29.26%,
105/12/01,106,0,2,108,123154,2,2937,126093,28.58%,29.26%,
105/11/30,386,0,-2,384,123038,2,2935,125975,28.56%,29.24%,
105/11/29,-62,1,1,-60,122530,2,2937,125469,28.44%,29.12%,
105/11/28,-75,0,-1,-76,122592,1,2936,125529,28.45%,29.13%,
105/11/25,-110,0,0,-110,122667,1,2937,125605,28.47%,29.15%,
105/11/24,-211,0,0,-211,122768,1,2937,125706,28.50%,29.18%,
105/11/23,115,0,0,115,122979,1,2937,125917,28.54%,29.22%,
105/11/22,-176,1,10,-165,122864,1,2937,125802,28.52%,29.20%,
105/11/21,-153,0,0,-153,123040,0,2927,125967,28.56%,29.24%,
105/11/18,44,0,-1,43,123183,0,2927,126110,28.59%,29.27%,
105/11/17,-331,0,-12,-343,123139,0,2928,126067,28.58%,29.26%,
105/11/16,-338,0,-3,-341,123470,0,2940,126410,28.66%,29.34%,
105/11/15,-139,-6,0,-145,123791,0,2943,126734,28.73%,29.41%,
105/11/14,-317,0,1,-316,123908,0,2943,126851,28.76%,29.44%,
105/11/11,-649,0,0,-649,124202,0,2942,127144,28.83%,29.51%,
105/11/10,-126,0,0,-126,124821,0,2942,127763,28.97%,29.65%,
105/11/09,-383,0,-14,-397,124897,0,2942,127839,28.99%,29.67%,
105/11/08,-4,-1,0,-5,125230,0,2956,128186,29.07%,29.76%,
105/11/07,28,0,1,29,125234,0,2956,128190,29.07%,29.76%,
105/11/04,-38,-2,-1,-41,125206,0,2955,128161,29.06%,29.75%,
105/11/03,-202,0,3,-199,125244,0,2956,128200,29.07%,29.76%,
105/11/02,-196,-0,6,-190,125446,0,2953,128399,29.12%,29.81%,
105/11/01,-58,0,1,-57,125642,0,2947,128589,29.16%,29.84%,
105/10/31,-22,-5,0,-27,125706,0,2946,128652,29.18%,29.86%,
105/10/28,-54,0,1,-53,125767,0,2946,128713,29.19%,29.87%,
105/10/27,-414,0,0,-414,125821,0,2945,128766,29.20%,29.88%,
105/10/26,-301,0,0,-301,126275,0,2945,129220,29.31%,29.99%,
105/10/25,-134,-140,-1,-275,126576,0,2945,129521,29.38%,30.06%,
105/10/24,-605,-156,0,-761,126710,92,2946,129748,29.41%,30.12%,
105/10/21,-150,-13,-8,-171,127315,248,2946,130509,29.55%,30.29%,
105/10/20,-60,-11,-13,-84,127455,261,2954,130670,29.58%,30.33%,
105/10/19,-25,0,-6,-31,127515,272,2967,130754,29.60%,30.35%,
105/10/18,88,0,0,88,127541,272,2973,130786,29.60%,30.35%,
105/10/17,-271,0,0,-271,127453,272,2973,130698,29.58%,30.33%,
105/10/14,-146,0,1,-145,127724,272,2973,130969,29.65%,30.40%,
105/10/13,-219,0,-2,-221,127870,272,2972,131114,29.68%,30.43%,
105/10/12,-9,-70,-4,-83,128050,272,2974,131296,29.72%,30.47%,
105/10/11,-233,0,-9,-242,128045,342,2978,131365,29.72%,30.49%,
105/10/07,-96,-15,0,-111,128262,342,2987,131591,29.77%,30.54%,
105/10/06,-89,0,-14,-103,128358,357,2987,131702,29.79%,30.57%,
105/10/05,-65,-4,-2,-71,128380,357,3001,131738,29.80%,30.58%,
105/10/04,87,0,0,87,128445,361,3003,131809,29.81%,30.59%,
105/10/03,11,0,0,11,128358,361,3003,131722,29.79%,30.57%,
105/09/30,-444,1,0,-443,128347,361,3003,131711,29.79%,30.57%,
105/09/29,148,0,0,148,128789,345,3003,132137,29.89%,30.67%,
105/09/26,2,0,0,2,128641,345,3003,131989,29.86%,30.64%,
105/09/23,195,0,-2,193,128639,345,3003,131987,29.86%,30.64%,
105/09/22,106,0,0,106,128444,345,3005,131794,29.81%,30.59%,
105/09/21,59,0,0,59,128338,345,3005,131688,29.79%,30.57%,
105/09/20,-184,0,0,-184,128279,345,3005,131629,29.77%,30.55%,
105/09/19,53,0,0,53,128463,345,3005,131813,29.82%,30.60%,
105/09/14,38,0,0,38,128410,345,3005,131760,29.81%,30.59%,
105/09/13,-154,0,-1,-155,128373,345,3005,131723,29.80%,30.58%,
105/09/12,-59,0,-1,-60,128516,345,3006,131867,29.83%,30.61%,
105/09/10,-43,0,0,-43,128565,345,3007,131917,29.84%,30.62%,
105/09/09,-28,5,0,-23,128608,345,3007,131960,29.85%,30.63%,
105/09/08,-174,-1,-11,-186,128636,340,3007,131983,29.86%,30.64%,
105/09/07,-334,0,8,-326,128809,341,3018,132168,29.90%,30.68%,
105/09/06,123,0,0,123,129143,341,3010,132494,29.98%,30.76%,
105/09/05,3,0,11,14,129021,341,3010,132372,29.95%,30.73%,
105/09/02,-176,0,0,-176,129018,341,2999,132358,29.95%,30.73%,
105/09/01,-184,0,-1,-185,129194,341,2999,132534,29.99%,30.77%,
105/08/31,-240,0,-5,-245,129378,341,3000,132719,30.03%,30.81%,
105/08/30,-91,0,-4,-95,129618,341,3005,132964,30.09%,30.87%,
105/08/29,-192,0,-1,-193,129673,341,3009,133023,30.10%,30.88%,
105/08/26,-52,0,-1,-53,129835,341,3010,133186,30.14%,30.92%,
105/08/25,-212,-65,4,-273,129857,341,3011,133209,30.14%,30.92%,
105/08/24,-421,-2,0,-423,130069,406,3007,133482,30.19%,30.98%,
105/08/23,-267,0,0,-267,130500,408,3007,133915,30.29%,31.08%,
105/08/22,-47,-35,0,-82,130767,408,3007,134182,30.35%,31.14%,
105/08/19,-2,-60,-2,-64,130814,443,3007,134264,30.36%,31.16%,
105/08/18,-121,-1,0,-122,130816,503,3009,134328,30.36%,31.18%,
105/08/17,33,-90,-4,-61,130937,504,3009,134450,30.39%,31.21%,
105/08/16,32,-2,0,30,130904,594,3013,134511,30.38%,31.22%,
105/08/15,158,0,-1,157,130872,596,3013,134481,30.38%,31.22%,
105/08/12,67,-1,0,66,130714,596,3014,134324,30.34%,31.18%,
105/08/11,28,-1,-2,25,130647,597,3014,134258,30.32%,31.16%,
105/08/10,-103,0,0,-103,130619,598,3016,134233,30.32%,31.16%,
105/08/09,190,0,1,191,130723,598,3016,134337,30.34%,31.18%,
105/08/08,-5,-1,-14,-20,130533,598,3015,134146,30.30%,31.14%,
105/08/05,225,-1,-1,223,130528,599,3029,134156,30.30%,31.14%,
105/08/04,8,0,-6,2,130303,600,3030,133933,30.24%,31.08%,
105/08/03,189,-2,-148,39,130295,600,3036,133931,30.24%,31.08%,
105/08/02,-5,0,-1,-6,130106,602,3184,133892,30.20%,31.08%,
105/08/01,101,0,-62,39,130111,602,3185,133898,30.20%,31.08%,
105/07/29,-37,-3,-2,-42,130010,602,3247,133859,30.18%,31.07%,
105/07/28,256,0,1,257,130047,605,3249,133901,30.19%,31.08%,
105/07/27,95,-1,-1,93,129791,605,3248,133644,30.13%,31.02%,
105/07/26,201,0,3,204,129696,606,3249,133551,30.10%,30.99%,
105/07/25,38,0,-1,37,129505,606,3246,133357,30.06%,30.95%,
105/07/22,77,-4,-39,34,129467,606,3247,133320,30.05%,30.94%,
105/07/21,348,-149,11,210,129380,610,3286,133276,30.03%,30.93%,
105/07/20,260,-80,2,182,129032,759,3275,133066,29.95%,30.89%,
105/07/19,299,-1,5,303,128772,839,3273,132884,29.89%,30.84%,
105/07/18,411,0,-10,401,128473,840,3268,132581,29.82%,30.77%,
105/07/15,180,-80,0,100,128062,840,3278,132180,29.72%,30.68%,
105/07/14,13,-110,0,-97,127883,920,3278,132081,29.68%,30.65%,
105/07/13,408,-2,1,407,127968,1030,3278,132276,29.70%,30.70%,
105/07/12,162,0,0,162,127567,1032,3277,131876,29.61%,30.61%,
105/07/11,328,0,0,328,127406,1032,3277,131715,29.57%,30.57%,
105/07/07,49,0,-122,-73,127078,1032,3277,131387,29.50%,30.50%,
105/07/06,-240,150,57,-33,127029,1032,3399,131460,29.48%,30.51%,
105/07/05,-114,0,2,-112,127269,882,3342,131493,29.54%,30.52%,
105/07/04,39,0,119,158,127383,882,3340,131605,29.57%,30.55%,
105/07/01,264,260,-14,510,127344,882,3221,131447,29.56%,30.51%,
105/06/30,90,160,-1,249,127080,622,3235,130937,29.50%,30.40%,
105/06/29,57,179,2,238,126990,399,3236,130625,29.48%,30.32%,
105/06/28,-186,0,0,-186,126933,220,3234,130387,29.46%,30.26%,
105/06/27,37,-5,32,64,127119,220,3234,130573,29.51%,30.31%,
105/06/24,-219,-1,7,-213,127082,225,3202,130509,29.50%,30.30%,
105/06/23,-34,0,15,-19,127301,226,3195,130722,29.55%,30.34%,
105/06/22,-59,0,8,-51,127334,226,3180,130740,29.56%,30.35%,
105/06/21,299,123,14,436,127544,226,3172,130942,29.60%,30.39%,
105/06/20,123,0,19,142,127245,103,3158,130506,29.53%,30.29%,
105/06/17,-225,0,60,-165,127122,103,3139,130364,29.51%,30.26%,
105/06/16,38,0,34,72,127347,103,3079,130529,29.56%,30.30%,
105/06/15,108,-1,17,124,127309,103,3045,130457,29.55%,30.28%,
105/06/14,64,0,1,65,127201,104,3028,130333,29.52%,30.25%,
105/06/13,-81,-1,-1,-83,127137,104,3027,130268,29.51%,30.24%,
105/06/08,22,0,0,22,127218,105,3028,130351,29.53%,30.26%,
105/06/07,148,0,13,161,127196,105,3028,130329,29.52%,30.25%,
105/06/06,22,0,-7,15,127048,105,3015,130168,29.49%,30.21%,
105/06/04,11,0,0,11,127026,105,3022,130153,29.48%,30.21%,
105/06/03,53,0,-4,49,127015,105,3022,130142,29.48%,30.21%,
105/06/02,-54,0,0,-54,126962,105,3026,130093,29.47%,30.20%,
105/06/01,80,4,-10,74,127016,105,3026,130147,29.48%,30.21%,
105/05/31,-9,90,-20,61,126986,101,3036,130123,29.47%,30.20%,
105/05/30,134,7,0,141,126995,11,3056,130062,29.48%,30.19%,
105/05/27,-75,0,6,-69,126861,4,3056,129921,29.45%,30.16%,
105/05/26,-29,2,46,19,126963,4,3050,130017,29.47%,30.18%,
105/05/25,2,0,0,2,126992,2,3004,129998,29.48%,30.18%,
105/05/24,-212,0,0,-212,126990,2,3004,129996,29.48%,30.18%,
105/05/23,234,2,15,251,127202,2,3004,130208,29.52%,30.22%,
105/05/20,119,0,-1,118,126958,0,2989,129947,29.47%,30.16%,
105/05/19,-160,0,-1,-161,126840,0,2990,129830,29.44%,30.13%,
105/05/18,73,0,1,74,126990,0,2991,129981,29.48%,30.17%,
105/05/17,-32,0,0,-32,126907,0,2990,129897,29.46%,30.15%,
105/05/16,-20,0,0,-20,126929,0,2990,129919,29.46%,30.15%,
105/05/13,-321,0,-24,-345,126702,0,2990,129692,29.41%,30.10%,
105/05/12,101,0,10,111,127023,0,3014,130037,29.48%,30.18%,
105/05/11,-232,0,13,-219,126922,0,3004,129926,29.46%,30.16%,
105/05/10,-164,-12,-8,-184,127145,0,2991,130136,29.51%,30.20%,
105/05/09,-73,-13,0,-86,127309,0,2999,130308,29.55%,30.25%,
105/05/06,-255,0,0,-255,127382,0,2999,130381,29.57%,30.27%,
105/05/05,-136,0,0,-136,127637,0,2999,130636,29.63%,30.33%,
105/05/04,-88,-78,-5,-171,127773,0,2999,130772,29.66%,30.36%,
105/05/03,-17,-1,1,-17,127861,78,3004,130943,29.68%,30.40%,
105/04/29,-112,0,0,-112,127878,79,3003,130960,29.68%,30.40%,
105/04/28,-242,0,-3,-245,127990,79,3003,131072,29.71%,30.43%,
105/04/27,-128,-3,0,-131,128232,79,3006,131317,29.76%,30.48%,
105/04/26,-207,0,0,-207,128360,82,3006,131448,29.79%,30.51%,
105/04/25,-72,0,2,-70,128567,82,3006,131655,29.84%,30.56%,
105/04/22,43,0,-9,34,128639,82,3004,131725,29.86%,30.58%,
105/04/21,-109,0,2,-107,128596,82,3013,131691,29.85%,30.57%,
105/04/20,-106,0,3,-103,128705,82,3011,131798,29.87%,30.59%,
105/04/19,-180,0,10,-170,128811,82,3008,131901,29.90%,30.62%,
105/04/18,64,0,-1,63,128991,82,2998,132071,29.94%,30.66%,
105/04/15,140,39,1,180,128927,82,2999,132008,29.93%,30.65%,
105/04/14,-145,0,-2,-147,128787,43,2998,131828,29.89%,30.60%,
105/04/13,66,0,-1,65,128932,43,3000,131975,29.93%,30.64%,
105/04/12,-67,0,0,-67,128866,43,3001,131910,29.91%,30.62%,
105/04/11,-1,-2,-1,-4,128933,43,3001,131977,29.93%,30.64%,
105/04/08,-143,-2,-13,-158,128934,45,3002,131981,29.93%,30.64%,
105/04/07,-155,-3,-3,-161,129078,47,3015,132140,29.96%,30.67%,
105/04/06,-124,-7,-21,-152,129233,50,3018,132301,30.00%,30.71%,
105/04/01,-140,-10,-10,-160,129357,57,3039,132453,30.02%,30.74%,
105/03/31,190,-17,0,173,129497,67,3049,132613,30.06%,30.78%,
105/03/30,222,-60,1,163,129307,0,3049,132356,30.01%,30.72%,
105/03/29,78,0,0,78,129085,0,3048,132133,29.96%,30.67%,
105/03/28,21,0,4,25,129007,0,3048,132055,29.94%,30.65%,
105/03/25,-43,0,0,-43,128986,0,3044,132030,29.94%,30.65%,
105/03/24,-59,0,-6,-65,129029,0,3044,132073,29.95%,30.66%,
105/03/23,105,0,-3,102,129088,0,3050,132138,29.96%,30.67%,
105/03/22,-418,0,-6,-424,128983,0,3053,132036,29.94%,30.65%,
105/03/21,277,-274,-3,0,129301,0,3059,132360,30.01%,30.72%,
105/03/18,920,-1263,-35,-378,129024,258,3062,132344,29.95%,30.72%,
105/03/17,130,-665,-9,-544,128104,1521,3097,132722,29.73%,30.80%,
105/03/16,123,-557,24,-410,127974,2186,3106,133266,29.70%,30.93%,
105/03/15,12,-272,-27,-287,127796,2743,3082,133621,29.66%,31.01%,
105/03/14,16,-272,7,-249,127784,3015,3109,133908,29.66%,31.08%,
105/03/11,228,0,-19,209,127768,3287,3102,134157,29.66%,31.14%,
105/03/10,126,0,-4,122,127540,3287,3121,133948,29.60%,31.09%,
105/03/09,263,6,-23,246,127404,3287,3125,133816,29.57%,31.06%,
105/03/08,-60,1,17,-42,127141,3281,3148,133570,29.51%,31.00%,
105/03/07,-104,0,-20,-124,127201,3280,3131,133612,29.52%,31.01%,
105/03/04,132,0,-5,127,127295,3280,3151,133726,29.55%,31.04%,
105/03/03,294,0,31,325,127163,3280,3156,133599,29.52%,31.01%,
105/03/02,523,-2,-23,498,126863,3280,3125,133268,29.45%,30.94%,
105/03/01,476,0,2,478,126330,3282,3148,132760,29.32%,30.81%,
105/02/26,531,0,-32,499,125844,3282,3146,132272,29.21%,30.70%,
105/02/25,360,0,-9,351,125300,3282,3178,131760,29.08%,30.58%,
105/02/24,295,0,-11,284,124957,3282,3187,131426,29.00%,30.50%,
105/02/23,308,0,-18,290,124651,3282,3198,131131,28.93%,30.43%,
105/02/22,327,0,-14,313,124343,3282,3216,130841,28.86%,30.37%,
105/02/19,183,0,-13,170,124006,3282,3230,130518,28.78%,30.29%,
105/02/18,433,0,-47,386,123806,3282,3243,130331,28.74%,30.25%,
105/02/17,198,0,-30,168,123374,3282,3290,129946,28.64%,30.17%,
105/02/16,416,0,-20,396,123176,3282,3320,129778,28.59%,30.12%,
105/02/15,199,-0,0,199,122760,3282,3340,129382,28.49%,30.03%,
105/02/03,141,0,-19,122,122561,3282,3340,129183,28.45%,29.99%,
105/02/02,405,23,-39,389,122420,3282,3359,129061,28.41%,29.95%,
105/02/01,381,0,-5,376,122065,3259,3398,128722,28.33%,29.88%,
105/01/30,24,7,10,41,121684,3259,3403,128346,28.24%,29.79%,
105/01/29,404,0,-15,389,121660,3252,3393,128305,28.24%,29.78%,
105/01/28,302,104,-4,402,121257,3252,3408,127917,28.14%,29.69%,
105/01/27,369,0,-9,360,120965,3148,3412,127525,28.08%,29.60%,
105/01/26,-214,0,0,-214,120596,3148,3421,127165,27.99%,29.51%,
105/01/25,-7,0,-5,-12,120811,3148,3421,127380,28.04%,29.56%,
105/01/22,120,0,28,148,120818,3148,3426,127392,28.04%,29.57%,
105/01/21,-67,0,27,-40,120678,3148,3398,127224,28.01%,29.53%,
105/01/20,-117,-35,27,-125,120745,3148,3371,127264,28.03%,29.54%,
105/01/19,-36,0,9,-27,120842,3183,3344,127369,28.05%,29.57%,
105/01/18,56,0,36,92,120877,3183,3335,127395,28.06%,29.57%,
105/01/15,-201,-6,58,-149,120781,3183,3299,127263,28.03%,29.53%,
105/01/14,-63,0,44,-19,120982,3189,3241,127412,28.08%,29.57%,
105/01/13,12,0,42,54,121045,3189,3197,127431,28.10%,29.58%,
105/01/12,-268,-56,27,-297,121033,3189,3155,127377,28.09%,29.56%,
105/01/11,-231,0,53,-178,121282,3245,3128,127655,28.15%,29.63%,
105/01/08,-245,0,88,-157,121508,3245,3075,127828,28.20%,29.67%,
105/01/07,61,0,69,130,121753,3245,2987,127985,28.26%,29.71%,
105/01/06,-96,0,59,-37,121692,3245,2918,127855,28.25%,29.68%,
105/01/05,21,0,14,35,121788,3245,2859,127892,28.27%,29.69%,
105/01/04,-253,0,104,-149,121767,3245,2845,127857,28.26%,29.67%,
104/12/31,3,0,20,23,122020,3245,2741,128006,28.32%,29.71%,
104/12/30,-62,0,35,-27,122017,3343,2721,128081,28.32%,29.73%,
104/12/29,-60,38,15,-7,122078,3343,2686,128107,28.34%,29.74%,
104/12/28,38,39,49,126,122138,3305,2671,128114,28.35%,29.74%,
104/12/25,11,0,0,11,122100,3266,2622,127988,28.34%,29.71%,
104/12/24,20,0,0,20,122089,3266,2622,127977,28.34%,29.71%,
104/12/23,11,0,-8,3,122069,3266,2622,127957,28.33%,29.70%,
104/12/22,105,0,0,105,122060,3266,2630,127956,28.33%,29.70%,
104/12/21,-289,14,-37,-312,121991,3266,2630,127887,28.31%,29.68%,
104/12/18,335,68,-26,377,122280,3252,2667,128199,28.38%,29.75%,
104/12/17,83,28,1,112,121945,3184,2693,127822,28.30%,29.66%,
104/12/16,-145,29,12,-104,121862,3156,2692,127710,28.28%,29.64%,
104/12/15,-114,0,3,-111,122006,3127,2680,127813,28.32%,29.67%,
104/12/14,57,-0,18,75,122120,3127,2677,127924,28.34%,29.69%,
104/12/11,-29,0,7,-22,122063,3127,2659,127849,28.33%,29.67%,
104/12/10,-152,0,-3,-155,122092,3127,2652,127871,28.34%,29.68%,
104/12/09,-112,0,15,-97,122234,3127,2655,128016,28.37%,29.71%,
104/12/08,-110,0,10,-100,122346,3127,2640,128113,28.40%,29.74%,
104/12/07,-7,0,-5,-12,122456,3127,2630,128213,28.42%,29.76%,
104/12/04,-31,0,1,-30,122463,3127,2635,128225,28.42%,29.76%,
104/12/03,38,0,0,38,122526,3127,2634,128287,28.44%,29.78%,
104/12/02,290,0,0,290,122488,3127,2634,128249,28.43%,29.77%,
104/12/01,-66,0,113,47,122198,3127,2634,127959,28.36%,29.70%,
104/11/30,-109,0,95,-14,122205,3127,2521,127853,28.36%,29.67%,
104/11/27,-41,0,7,-34,122314,3127,2426,127867,28.39%,29.68%,
104/11/26,49,0,9,58,122355,3127,2419,127901,28.40%,29.69%,
104/11/25,-6,0,4,-2,122306,3127,2410,127843,28.39%,29.68%,
104/11/24,109,0,5,114,122312,3127,2406,127845,28.39%,29.67%,
104/11/23,81,0,0,81,122203,3127,2401,127731,28.36%,29.64%,
104/11/20,-163,0,0,-163,122122,3127,2401,127650,28.35%,29.63%,
104/11/19,-35,0,8,-27,122285,3127,2401,127813,28.38%,29.66%,
104/11/18,-448,0,8,-440,122320,3127,2393,127840,28.39%,29.67%,
104/11/17,-1095,0,6,-1089,122768,3127,2385,128280,28.50%,29.78%,
104/11/16,-222,0,21,-201,123863,3127,2379,129369,28.75%,30.03%,
104/11/13,-154,0,43,-111,124085,3127,2358,129570,28.80%,30.07%,
104/11/12,-227,0,39,-188,124239,3127,2315,129681,28.84%,30.10%,
104/11/11,-147,0,35,-112,124466,3127,2276,129869,28.89%,30.14%,
104/11/10,-198,0,-15,-213,124613,3127,2241,129981,28.92%,30.17%,
104/11/09,106,17,-22,101,124811,3127,2256,130194,28.97%,30.22%,
104/11/06,161,0,-25,136,124792,3110,2278,130180,28.97%,30.22%,
104/11/05,335,0,-17,318,124714,3110,2303,130127,28.95%,30.21%,
104/11/04,126,1,0,127,124379,3110,2320,129809,28.87%,30.13%,
104/11/03,252,0,-1,251,124253,3109,2320,129682,28.84%,30.10%,
104/11/02,-48,0,19,-29,124027,3109,2321,129457,28.79%,30.05%,
104/10/30,67,-1,18,84,124075,3109,2302,129486,28.80%,30.06%,
104/10/29,-150,0,25,-125,124068,3110,2284,129462,28.80%,30.05%,
104/10/28,128,0,34,162,124217,3110,2259,129586,28.83%,30.08%,
104/10/27,2,0,3,5,124084,3110,2225,129419,28.80%,30.04%,
104/10/26,390,0,0,390,124069,3110,2222,129401,28.80%,30.04%,
104/10/23,284,-37,5,252,123754,3110,2222,129086,28.72%,29.96%,
104/10/22,308,0,-7,301,123875,3147,2217,129239,28.75%,30.00%,
104/10/21,63,0,10,73,123500,3147,2224,128871,28.67%,29.92%,
104/10/20,326,0,-9,317,123732,3147,2214,129093,28.72%,29.96%,
104/10/19,353,0,-5,348,123343,3147,2223,128713,28.63%,29.88%,
104/10/16,423,1,-31,393,122990,3147,2228,128365,28.55%,29.80%,
104/10/15,198,0,-19,179,122633,3146,2259,128038,28.46%,29.71%,
104/10/14,148,0,-9,139,122475,3146,2278,127899,28.43%,29.69%,
104/10/13,71,0,-18,53,122326,3146,2287,127759,28.39%,29.65%,
104/10/12,404,0,0,404,122237,3146,2305,127688,28.37%,29.64%,
104/10/08,5,0,-1,4,121833,3146,2305,127284,28.28%,29.55%,
104/10/07,-50,0,2,-48,121968,3146,2306,127420,28.31%,29.58%,
104/10/06,82,0,-1,81,122009,3146,2304,127459,28.32%,29.59%,
104/10/05,-93,2,-1,-92,121471,3146,2305,126922,28.19%,29.46%,
104/10/02,-48,3,4,-41,121493,3144,2306,126943,28.20%,29.47%,
104/10/01,-169,0,-10,-179,121541,3141,2302,126984,28.21%,29.47%,
104/09/30,-170,0,35,-135,121710,3141,2312,127163,28.25%,29.52%,
104/09/25,-252,0,16,-236,121879,3460,2277,127616,28.29%,29.62%,
104/09/24,-308,0,28,-280,122131,3460,2261,127852,28.35%,29.68%,
104/09/23,-761,0,19,-742,122505,3460,2233,128198,28.43%,29.75%,
104/09/22,-560,0,0,-560,123266,3460,2214,128940,28.61%,29.93%,
104/09/21,-592,388,-2,-206,123710,3460,2214,129384,28.71%,30.03%,
104/09/18,-1216,1230,-25,-11,124236,3072,2216,129524,28.84%,30.07%,
104/09/17,137,750,28,915,125411,1842,2241,129494,29.11%,30.06%,
104/09/16,164,600,0,764,125275,1092,2213,128580,29.08%,29.85%,
104/09/15,-244,0,0,-244,125215,492,2213,127920,29.06%,29.69%,
104/09/14,45,0,0,45,125459,492,2213,128164,29.12%,29.75%,
104/09/11,46,1,0,47,125332,492,2213,128037,29.09%,29.72%,
104/09/10,25,0,0,25,125286,491,2213,127990,29.08%,29.71%,
104/09/09,107,0,0,107,125262,491,2213,127966,29.07%,29.70%,
104/09/08,-124,1,-1,-124,125075,491,2213,127779,29.03%,29.66%,
104/09/07,3,1,12,16,125199,490,2214,127903,29.06%,29.69%,
104/09/04,103,-1,0,102,125196,489,2202,127887,29.06%,29.68%,
104/09/03,-70,2,-1,-69,124998,490,2202,127690,29.01%,29.63%,
104/09/02,-219,0,0,-219,125067,488,2203,127758,29.03%,29.65%,
104/09/01,-357,-3,0,-360,125341,488,2203,128032,29.09%,29.71%,
104/08/31,439,-4,0,435,125655,491,2203,128349,29.17%,29.80%,
104/08/28,-30,1,-3,-32,125215,495,2203,127913,29.06%,29.69%,
104/08/27,-25,0,-13,-38,125245,494,2206,127945,29.07%,29.70%,
104/08/26,-75,0,-4,-79,125270,494,2219,127983,29.08%,29.71%,
104/08/25,261,-63,-7,191,125345,494,2223,128062,29.09%,29.72%,
104/08/24,195,-4,-10,181,125004,557,2230,127791,29.01%,29.66%,
104/08/21,-83,0,-2,-85,124799,561,2240,127600,28.97%,29.62%,
104/08/20,-193,0,-5,-198,124872,561,2242,127675,28.98%,29.63%,
104/08/19,-145,1,-12,-156,125065,561,2247,127873,29.03%,29.68%,
104/08/18,-324,0,-4,-328,125208,560,2259,128027,29.06%,29.71%,
104/08/17,139,0,4,143,125532,560,2263,128355,29.14%,29.80%,
104/08/14,-22,0,-6,-28,125393,560,2259,128212,29.10%,29.75%,
104/08/13,-92,-32,1,-123,125395,560,2265,128220,29.11%,29.77%,
104/08/12,273,0,17,290,125414,592,2264,128270,29.11%,29.77%,
104/08/11,-139,0,-32,-171,125140,592,2247,127979,29.05%,29.71%,
104/08/10,-24,1,38,15,125277,592,2279,128148,29.08%,29.75%,
104/08/07,-150,0,-7,-157,125273,591,2241,128105,29.08%,29.74%,
104/08/06,-132,0,2,-130,125372,591,2248,128211,29.10%,29.76%,
104/08/05,41,0,15,56,125453,591,2246,128290,29.12%,29.78%,
104/08/04,235,1,-21,215,125390,591,2231,128212,29.10%,29.76%,
104/08/03,182,0,-75,107,125201,590,2252,128043,29.06%,29.72%,
104/07/31,218,0,-316,-98,124997,590,2327,127914,29.01%,29.69%,
104/07/30,98,1,-122,-23,124779,590,2643,128012,28.96%,29.71%,
104/07/29,-319,0,-30,-349,124643,589,2765,127997,28.93%,29.71%,
104/07/28,51,3,33,87,124914,589,2795,128298,28.99%,29.78%,
104/07/27,36,0,26,62,124796,586,2762,128144,28.97%,29.75%,
104/07/24,-100,5,0,-95,124760,586,2736,128082,28.96%,29.73%,
104/07/23,-153,-85,-4,-242,124763,581,2736,128080,28.96%,29.73%,
104/07/22,-342,-80,6,-416,124920,666,2740,128326,28.99%,29.78%,
104/07/21,-92,-59,0,-151,125262,746,2734,128742,29.07%,29.88%,
104/07/20,-43,0,1,-42,125354,805,2734,128893,29.10%,29.92%,
104/07/17,-215,8,0,-207,125397,805,2733,128935,29.11%,29.93%,
104/07/16,-142,0,0,-142,125622,797,2733,129152,29.16%,29.98%,
104/07/15,140,2,-22,120,125764,797,2733,129294,29.19%,30.01%,
104/07/14,-49,0,-4,-53,125614,795,2755,129164,29.16%,29.98%,
104/07/13,-264,0,-17,-281,125620,795,2759,129174,29.16%,29.99%,
104/07/09,86,0,-52,34,125833,795,2776,129404,29.21%,30.04%,
104/07/08,-24,0,-30,-54,125747,795,2828,129370,29.19%,30.03%,
104/07/07,-13,0,6,-7,125762,795,2858,129415,29.19%,30.04%,
104/07/06,-21,0,27,6,125775,795,2852,129422,29.19%,30.04%,
104/07/03,-92,0,26,-66,125796,795,2825,129416,29.20%,30.04%,
104/07/02,-19,0,-18,-37,125886,795,2799,129480,29.22%,30.05%,
104/07/01,15,0,9,24,125905,795,2817,129517,29.22%,30.06%,
104/06/30,132,-22,-2,108,125920,795,2808,129523,29.23%,30.07%,
104/06/29,73,0,1,74,125792,686,2810,129288,29.20%,30.01%,
104/06/26,-138,0,10,-128,125738,686,2809,129233,29.18%,29.99%,
104/06/25,-19,0,14,-5,125952,686,2799,129437,29.23%,30.04%,
104/06/24,8,-19,9,-2,126091,686,2785,129562,29.27%,30.08%,
104/06/23,-111,0,19,-92,126111,705,2776,129592,29.27%,30.08%,
104/06/22,131,-1,8,138,126337,705,2757,129799,29.32%,30.12%,
104/06/18,-51,0,9,-42,126206,706,2749,129661,29.29%,30.09%,
104/06/17,-102,-38,7,-133,126257,706,2740,129703,29.31%,30.11%,
104/06/16,-233,-3,9,-227,126359,744,2733,129836,29.33%,30.14%,
104/06/15,-355,0,7,-348,126602,747,2724,130073,29.39%,30.20%,
104/06/12,-154,-30,9,-175,127127,747,2717,130591,29.51%,30.31%,
104/06/11,-151,0,9,-142,127348,777,2708,130833,29.56%,30.37%,
104/06/10,195,-16,-1,178,127500,777,2698,130975,29.59%,30.40%,
104/06/09,-450,0,3,-447,127324,793,2699,130816,29.55%,30.36%,
104/06/08,105,-40,-22,43,127775,793,2696,131264,29.66%,30.47%,
104/06/05,-198,0,5,-193,127669,833,2718,131220,29.63%,30.45%,
104/06/04,-222,-0,-86,-308,127877,833,2713,131423,29.68%,30.50%,
104/06/03,183,-18,47,212,128099,833,2799,131731,29.73%,30.57%,
104/06/02,-48,0,9,-39,127916,851,2752,131519,29.69%,30.53%,
104/06/01,50,0,14,64,127964,851,2743,131558,29.70%,30.53%,
104/05/29,-126,-325,-1,-452,127914,851,2729,131494,29.69%,30.52%,
104/05/28,-170,-73,7,-236,128040,1176,2730,131946,29.72%,30.63%,
104/05/27,-42,0,108,66,128210,1249,2723,132182,29.76%,30.68%,
104/05/26,-187,-107,20,-274,128252,1249,2615,132116,29.77%,30.67%,
104/05/25,17,-570,-10,-563,128438,1356,2595,132389,29.81%,30.73%,
104/05/22,-122,-60,25,-157,128421,1926,2605,132952,29.81%,30.86%,
104/05/21,-361,0,-10,-371,128544,1986,2580,133110,29.84%,30.90%,
104/05/20,10,0,4,14,128895,1986,2590,133471,29.92%,30.98%,
104/05/19,-287,0,7,-280,128885,1986,2586,133457,29.92%,30.98%,
104/05/18,4,-35,9,-22,129153,1986,2579,133718,29.98%,31.04%,
104/05/15,-58,0,6,-52,129184,2021,2570,133775,29.98%,31.05%,
104/05/14,-149,1,17,-131,129252,2021,2564,133837,30.00%,31.06%,
104/05/13,-54,-40,-93,-187,129415,2020,2547,133982,30.04%,31.10%,
104/05/12,123,0,20,143,129446,2060,2640,134146,30.05%,31.14%,
104/05/11,253,0,13,266,129323,2060,2620,134003,30.02%,31.11%,
104/05/08,120,0,10,130,129046,2060,2607,133713,29.95%,31.03%,
104/05/07,16,61,-39,38,128935,2060,2597,133592,29.93%,31.01%,
104/05/06,-42,120,19,97,128919,1999,2636,133554,29.92%,31.00%,
104/05/05,-79,100,6,27,128931,1879,2617,133427,29.93%,30.97%,
104/05/04,195,0,52,247,129010,1779,2611,133400,29.94%,30.96%,
104/04/30,-83,0,68,-15,128815,1779,2559,133153,29.90%,30.91%,
104/04/29,164,0,47,211,128897,1779,2491,133167,29.92%,30.91%,
104/04/28,338,0,-5,333,128733,1779,2444,132956,29.88%,30.86%,
104/04/27,345,0,11,356,128395,1779,2449,132623,29.80%,30.78%,
104/04/24,460,-110,5,355,128050,1779,2438,132267,29.72%,30.70%,
104/04/23,88,0,28,116,127590,1889,2433,131912,29.61%,30.61%,
104/04/22,306,0,-91,215,127503,1889,2405,131797,29.59%,30.59%,
104/04/21,202,20,-122,100,127197,1889,2496,131582,29.52%,30.54%,
104/04/20,313,0,-15,298,126995,1869,2618,131482,29.48%,30.52%,
104/04/17,261,0,61,322,126682,1869,2633,131184,29.40%,30.45%,
104/04/16,95,0,-10,85,126420,1869,2572,130861,29.34%,30.37%,
104/04/15,-112,213,6,107,126325,1869,2582,130776,29.32%,30.35%,
104/04/14,634,0,86,720,126437,1656,2576,130669,29.35%,30.33%,
104/04/13,150,0,17,167,125803,1656,2490,129949,29.20%,30.16%,
104/04/10,487,0,-171,316,125653,1656,2473,129782,29.17%,30.13%,
104/04/09,275,0,51,326,125166,1656,2644,129466,29.05%,30.05%,
104/04/08,687,547,421,1655,124891,1656,2593,129140,28.99%,29.98%,
104/04/07,40,0,9,49,124204,1109,2172,127485,28.83%,29.59%,
104/04/02,454,0,22,476,124164,1109,2163,127436,28.82%,29.58%,
104/04/01,-79,0,9,-70,123710,1109,2141,126960,28.71%,29.46%,
104/03/31,108,0,9,117,123789,1109,2132,127030,28.73%,29.48%,
104/03/30,95,0,26,121,123681,1193,2123,126997,28.71%,29.48%,
104/03/27,200,0,10,210,123586,1193,2097,126876,28.69%,29.45%,
104/03/26,289,0,23,312,123387,1193,2087,126667,28.64%,29.40%,
104/03/25,-231,0,99,-132,123098,1193,2064,126355,28.57%,29.33%,
104/03/24,309,0,12,321,123329,1193,1965,126487,28.63%,29.36%,
104/03/23,286,-100,11,197,123020,1193,1953,126166,28.55%,29.28%,
104/03/20,670,-1143,5,-468,122734,1294,1943,125971,28.49%,29.24%,
104/03/19,-139,-306,115,-330,122064,2437,1938,126439,28.33%,29.35%,
104/03/18,26,0,5,31,122203,2743,1823,126769,28.36%,29.42%,
104/03/17,196,0,27,223,122187,2743,1818,126748,28.36%,29.42%,
