日期,外資買賣超,投信買賣超,自營商買賣超,單日合計買賣超,外資估計持股,投信估計持股,自營商估計持股,單日合計估計持股,外資持股比重,三大法人持股比重,
107/03/31,-2,0,-127,-129,15748,8641,1621,26010,7.58%,12.52%,
107/03/30,77,-151,327,253,15750,8641,1748,26139,7.58%,12.59%,
107/03/29,-301,0,-75,-376,15673,8792,1421,25886,7.55%,12.47%,
107/03/28,-81,-80,-75,-236,15974,8792,1496,26262,7.69%,12.65%,
107/03/27,101,-40,-71,-10,16055,8872,1571,26498,7.73%,12.76%,
107/03/26,-34,-131,-57,-222,15954,8912,1642,26508,7.68%,12.76%,
107/03/23,110,0,-390,-280,15972,9043,1699,26714,7.69%,12.87%,
107/03/22,122,86,-134,74,15862,9043,2089,26994,7.64%,13.00%,
107/03/21,186,0,334,520,15740,8957,2223,26920,7.58%,12.97%,
107/03/20,198,-3,-193,2,15554,8957,1889,26400,7.49%,12.72%,
107/03/19,-6,-70,56,-20,15386,8960,2082,26428,7.41%,12.73%,
107/03/16,-860,121,-643,-1382,15382,9030,2026,26438,7.41%,12.74%,
107/03/15,1317,50,1277,2644,16272,8909,2669,27850,7.84%,13.42%,
107/03/14,-259,425,-396,-230,14955,8859,1392,25206,7.20%,12.14%,
107/03/13,274,431,-29,676,15214,8434,1788,25436,7.33%,12.25%,
107/03/12,228,0,456,684,14940,8003,1817,24760,7.19%,11.92%,
107/03/09,-325,477,37,189,14702,8003,1361,24066,7.08%,11.59%,
107/03/08,-125,0,-7,-132,15037,7526,1324,23887,7.24%,11.50%,
107/03/07,-304,0,-290,-594,15152,7526,1331,24009,7.30%,11.57%,
107/03/06,-245,0,-27,-272,15575,7526,1621,24722,7.50%,11.91%,
107/03/05,-396,-13,11,-398,15832,7526,1648,25006,7.62%,12.04%,
107/03/02,-73,0,-172,-245,16102,7539,1637,25278,7.75%,12.17%,
107/03/01,-492,-57,-7,-556,16154,7539,1809,25502,7.78%,12.28%,
107/02/27,-315,-10,-639,-964,16646,7596,1816,26058,8.02%,12.55%,
107/02/26,322,198,324,844,17173,7606,2455,27234,8.27%,13.12%,
107/02/23,-254,80,1,-173,16919,7408,2131,26458,8.15%,12.75%,
107/02/22,-512,249,238,-25,17221,7328,2130,26679,8.29%,12.85%,
107/02/21,-18,8,403,393,17753,7079,1892,26724,8.55%,12.87%,
107/02/12,-1244,8,109,-1127,17771,7071,1489,26331,8.56%,12.68%,
107/02/09,173,286,-161,298,18729,7063,1380,27172,9.02%,13.09%,
107/02/08,-71,480,-197,212,18546,6777,1541,26864,8.93%,12.94%,
107/02/07,-16,902,243,1129,18617,6297,1738,26652,8.96%,12.83%,
107/02/06,-284,-532,-651,-1467,18633,5395,1495,25523,8.97%,12.29%,
107/02/05,248,232,228,708,18907,5927,2146,26980,9.10%,12.99%,
107/02/02,-415,-157,-430,-1002,18669,5695,1918,26282,8.99%,12.66%,
107/02/01,-575,23,-247,-799,19208,5852,2348,27408,9.25%,13.20%,
107/01/31,690,-252,247,685,20007,5829,2595,28431,9.63%,13.69%,
107/01/30,-163,-131,137,-157,19422,6081,2348,27851,9.35%,13.41%,
107/01/29,149,1230,441,1820,19568,6212,2211,27991,9.42%,13.48%,
107/01/26,27,138,608,773,19379,4982,1770,26131,9.33%,12.58%,
107/01/25,-7,20,-55,-42,19352,4844,1162,25358,9.32%,12.21%,
107/01/24,-135,-210,-2,-347,19359,4824,1217,25400,9.32%,12.23%,
107/01/23,83,-376,-6,-299,19494,5034,1219,25747,9.39%,12.40%,
107/01/22,-27,-450,-248,-725,19411,5410,1225,26046,9.35%,12.55%,
107/01/19,-758,0,304,-454,19438,5860,1473,26771,9.36%,12.89%,
107/01/18,-62,-200,103,-159,20166,5860,1169,27195,9.71%,13.10%,
107/01/17,-93,-20,-136,-249,20218,6060,1066,27344,9.74%,13.17%,
107/01/16,82,-206,-210,-334,20311,6080,1202,27593,9.78%,13.29%,
107/01/15,-28,0,189,161,20229,6286,1412,27927,9.74%,13.45%,
107/01/12,-37,80,281,324,20257,6286,1223,27766,9.75%,13.37%,
107/01/11,92,0,-40,52,20294,6206,942,27442,9.77%,13.21%,
107/01/10,-42,-345,-103,-490,20202,6206,982,27390,9.73%,13.19%,
107/01/09,144,-30,-8,106,20289,6551,1085,27925,9.77%,13.45%,
107/01/08,-216,-147,-173,-536,20145,6581,1093,27819,9.70%,13.40%,
107/01/05,-231,11,-488,-708,20416,6728,1266,28410,9.83%,13.68%,
107/01/04,227,72,756,1055,20695,6717,1754,29166,9.97%,14.05%,
107/01/03,-164,0,103,-61,20455,6645,998,28098,9.85%,13.53%,
107/01/02,-384,0,-77,-461,20613,6645,895,28153,9.93%,13.56%,
106/12/29,-122,403,139,420,20987,6645,972,28604,10.11%,13.78%,
106/12/28,229,-197,77,109,21094,7103,833,29030,10.16%,13.98%,
106/12/27,260,-385,18,-107,20892,7300,756,28948,10.06%,13.94%,
106/12/26,92,-225,-441,-574,20826,7685,738,29249,10.03%,14.09%,
106/12/25,11,-170,-115,-274,20734,7910,1179,29823,9.98%,14.36%,
106/12/22,-240,0,-51,-291,20723,8080,1294,30097,9.98%,14.50%,
106/12/21,-393,-620,159,-854,20963,8080,1345,30388,10.10%,14.64%,
106/12/20,559,-593,-13,-47,21346,8700,1186,31232,10.28%,15.04%,
106/12/19,191,-333,260,118,20777,9293,1199,31269,10.01%,15.07%,
106/12/18,293,-751,-32,-490,20586,9626,939,31151,9.91%,15.00%,
106/12/15,322,-7,-158,157,20293,10377,971,31641,9.77%,15.24%,
106/12/14,-372,-15,52,-335,19971,10384,1129,31484,9.62%,15.17%,
106/12/13,-287,0,67,-220,20333,10399,1077,31809,9.79%,15.32%,
106/12/12,-299,0,-53,-352,20610,10399,1010,32019,9.92%,15.42%,
106/12/11,21,150,26,197,20888,10399,1063,32350,10.06%,15.58%,
106/12/08,94,-94,188,188,20862,10249,1037,32148,10.05%,15.49%,
106/12/07,-140,-154,90,-204,20840,10343,849,32032,10.04%,15.43%,
106/12/06,704,-85,-238,381,20970,10497,759,32226,10.10%,15.52%,
106/12/05,165,-678,-185,-698,20266,10582,997,31845,9.76%,15.34%,
106/12/04,92,-45,49,96,20097,11260,1182,32539,9.68%,15.67%,
106/12/01,350,-87,-282,-19,19955,11305,1133,32393,9.61%,15.60%,
106/11/30,103,-10,-76,17,19630,11392,1415,32437,9.45%,15.62%,
106/11/29,-268,-137,200,-205,19452,11402,1491,32345,9.37%,15.58%,
106/11/28,-98,-316,-43,-457,19710,11539,1291,32540,9.49%,15.67%,
106/11/27,-568,-237,-351,-1156,19808,11855,1334,32997,9.54%,15.89%,
106/11/24,357,0,417,774,20346,12092,1685,34123,9.80%,16.44%,
106/11/23,-259,-542,-41,-842,19944,12092,1268,33304,9.60%,16.04%,
106/11/22,-743,-200,-249,-1192,20277,12634,1309,34220,9.76%,16.48%,
106/11/21,-223,-34,346,89,20962,12834,1558,35354,10.09%,17.02%,
106/11/20,-533,-300,-86,-919,21175,12868,1212,35255,10.20%,16.98%,
106/11/17,-92,0,126,34,21708,13168,1298,36174,10.45%,17.42%,
106/11/16,129,0,-180,-51,21800,13168,1172,36140,10.50%,17.41%,
106/11/15,44,-225,163,-18,21671,13168,1352,36191,10.44%,17.44%,
106/11/14,-27,-31,98,40,21627,13393,1189,36209,10.41%,17.44%,
106/11/13,-81,-185,-271,-537,21821,13424,1091,36336,10.51%,17.50%,
106/11/10,77,-56,-220,-199,21892,13609,1362,36863,10.54%,17.75%,
106/11/09,-575,-200,-273,-1048,21815,13665,1582,37062,10.51%,17.86%,
106/11/08,-461,274,-740,-927,22391,13865,1855,38111,10.78%,18.35%,
106/11/07,-372,418,766,812,22832,13591,2595,39018,11.00%,18.80%,
106/11/06,686,227,185,1098,23204,13173,1829,38206,11.17%,18.40%,
106/11/03,-4,-52,-415,-471,22518,12946,1644,37108,10.84%,17.87%,
106/11/02,-820,0,-127,-947,22522,12998,2059,37579,10.85%,18.10%,
106/11/01,-271,370,509,608,23342,12998,2186,38526,11.24%,18.56%,
106/10/31,-654,41,-376,-989,23613,12628,1677,37918,11.37%,18.26%,
106/10/30,364,84,715,1163,24244,12587,2053,38884,11.68%,18.73%,
106/10/27,940,0,-528,412,23880,12503,1338,37721,11.50%,18.17%,
106/10/26,119,17,89,225,22912,12503,1866,37281,11.03%,17.95%,
106/10/25,-717,-135,-54,-906,22780,12486,1777,37043,10.97%,17.84%,
106/10/24,-246,375,247,376,23456,12621,1831,37908,11.30%,18.26%,
106/10/23,8,0,60,68,23702,12246,1584,37532,11.41%,18.07%,
106/10/20,-309,30,-305,-584,23694,12246,1524,37464,11.41%,18.04%,
106/10/19,-590,409,-323,-504,24037,12216,1829,38082,11.58%,18.35%,
106/10/18,506,653,526,1685,24482,11807,2152,38441,11.79%,18.52%,
106/10/17,-121,-237,-502,-860,23966,11154,1626,36746,11.54%,17.70%,
106/10/16,584,654,-367,871,23959,11391,2128,37478,11.54%,18.05%,
106/10/13,391,707,-37,1061,23181,10737,2495,36413,11.16%,17.54%,
106/10/12,193,541,573,1307,22638,10030,2532,35200,10.90%,16.95%,
106/10/11,276,0,-86,190,22435,9489,1959,33883,10.80%,16.32%,
106/10/06,-722,0,-230,-952,22159,9489,2045,33693,10.67%,16.23%,
106/10/05,-591,38,452,-101,22881,9489,2275,34645,11.02%,16.69%,
106/10/03,278,-20,-706,-448,23472,9451,1823,34746,11.30%,16.73%,
106/10/02,-201,0,-123,-324,23194,9471,2529,35194,11.17%,16.95%,
106/09/30,0,286,-55,231,23394,9471,2652,35517,11.27%,17.11%,
106/09/29,270,-20,-483,-233,23394,7977,2707,34078,11.27%,16.42%,
106/09/28,82,100,888,1070,23124,7997,3190,34311,11.14%,16.53%,
106/09/27,530,379,306,1215,23042,7897,2302,33241,11.10%,16.01%,
106/09/26,703,35,-229,509,22488,7518,1996,32002,10.83%,15.41%,
106/09/25,-40,-86,-282,-408,21785,7483,2225,31493,10.49%,15.17%,
106/09/22,-244,143,-181,-282,21825,7569,2507,31901,10.51%,15.36%,
106/09/21,-9,-112,-1,-122,22069,7426,2688,32183,10.63%,15.50%,
106/09/20,-543,-487,-314,-1344,22078,7538,2689,32305,10.63%,15.56%,
106/09/19,-572,75,595,98,22621,8025,3003,33649,10.89%,16.20%,
106/09/18,8,-128,-34,-154,23193,7950,2408,33551,11.17%,16.16%,
106/09/15,93,-427,73,-261,23185,8078,2442,33705,11.17%,16.24%,
106/09/14,-721,70,-59,-710,23092,8505,2369,33966,11.12%,16.36%,
106/09/13,86,510,-106,490,23806,8435,2428,34669,11.46%,16.69%,
106/09/12,120,230,329,679,23720,7925,2534,34179,11.42%,16.46%,
106/09/11,992,801,704,2497,23600,7695,2205,33500,11.37%,16.14%,
106/09/08,182,-21,-121,40,22608,6894,1501,31003,10.89%,14.93%,
106/09/07,235,-35,-44,156,22425,6915,1622,30962,10.80%,14.91%,
106/09/06,191,-137,-373,-319,22158,6950,1666,30774,10.67%,14.82%,
106/09/05,-64,0,451,387,21967,7087,2039,31093,10.58%,14.98%,
106/09/04,-39,0,30,-9,22023,7087,1588,30698,10.61%,14.79%,
106/09/01,173,-100,-293,-220,22062,7087,1558,30707,10.62%,14.79%,
106/08/31,-691,16,-166,-841,21862,7187,1851,30900,10.53%,14.88%,
106/08/30,299,85,548,932,22543,7171,2017,31731,10.86%,15.29%,
106/08/29,-142,-58,34,-166,22244,7086,1469,30799,10.71%,14.83%,
106/08/28,114,-100,-190,-176,22386,7144,1435,30965,10.78%,14.91%,
106/08/25,-15,-68,-81,-164,22262,7244,1625,31131,10.72%,14.99%,
106/08/24,-2,0,55,53,22272,7312,1706,31290,10.73%,15.07%,
106/08/23,-37,0,441,404,22271,7312,1651,31234,10.73%,15.05%,
106/08/22,-315,174,68,-73,22298,7312,1210,30820,10.74%,14.85%,
106/08/21,-422,0,-12,-434,22499,7138,1142,30779,10.84%,14.83%,
106/08/18,-324,211,18,-95,22921,7138,1154,31213,11.04%,15.04%,
106/08/17,-469,0,213,-256,23235,6927,1136,31298,11.19%,15.07%,
106/08/16,-1019,0,-741,-1760,23694,6927,923,31544,11.41%,15.19%,
106/08/15,-194,-99,341,48,24701,6927,1664,33292,11.90%,16.04%,
106/08/14,-519,0,-103,-622,24980,7026,1323,33329,12.03%,16.05%,
106/08/11,487,0,320,807,25499,7026,1426,33951,12.28%,16.35%,
106/08/10,965,-681,-153,131,25012,7026,1106,33144,12.05%,15.97%,
106/08/09,261,0,-115,146,24083,7707,1259,33049,11.60%,15.92%,
106/08/08,10,-55,-266,-311,23822,7707,1374,32903,11.47%,15.85%,
106/08/07,-107,0,304,197,23857,7762,1640,33259,11.49%,16.02%,
106/08/04,310,0,4,314,23954,7762,1336,33052,11.54%,15.92%,
106/08/03,292,47,-133,206,23642,7762,1332,32736,11.39%,15.77%,
106/08/02,656,-714,-12,-70,23360,7715,1465,32540,11.25%,15.67%,
106/08/01,29,-126,-15,-112,22709,8429,1477,32615,10.94%,15.71%,
106/07/31,-265,625,-323,37,22693,8555,1492,32740,10.93%,15.77%,
106/07/28,-387,113,-56,-330,22933,7930,1815,32678,11.04%,15.74%,
106/07/27,353,180,199,732,23340,7817,1871,33028,11.24%,15.91%,
106/07/26,-589,686,-2,95,22987,7637,1672,32296,11.07%,15.56%,
106/07/25,602,-148,21,475,23556,6951,1674,32181,11.34%,15.50%,
106/07/24,-442,-655,-113,-1210,22954,7099,1653,31706,11.05%,15.27%,
106/07/21,738,663,75,1476,23388,7754,1766,32908,11.26%,15.85%,
106/07/20,186,890,-430,646,22775,7091,1691,31557,10.97%,15.20%,
106/07/19,-23,526,331,834,22481,6201,2121,30803,10.83%,14.84%,
106/07/18,293,107,10,410,22510,5675,1790,29975,10.84%,14.44%,
106/07/17,92,201,-183,110,22224,5568,1780,29572,10.70%,14.24%,
106/07/14,193,-65,235,363,22132,5367,1963,29462,10.66%,14.19%,
106/07/13,185,-50,177,312,21939,5432,1728,29099,10.57%,14.02%,
106/07/12,-71,-50,33,-88,21694,5482,1551,28727,10.45%,13.84%,
106/07/11,-85,-206,30,-261,21765,5532,1518,28815,10.48%,13.88%,
106/07/10,-73,-6,-233,-312,21850,5738,1488,29076,10.52%,14.00%,
106/07/07,8,0,110,118,21923,5744,1721,29388,10.56%,14.16%,
106/07/06,-188,200,713,725,21915,5744,1611,29270,10.55%,14.09%,
106/07/05,65,0,68,133,22103,5544,898,28545,10.64%,13.74%,
106/07/04,-71,173,72,174,22038,5544,830,28412,10.61%,13.68%,
106/07/03,-42,-80,19,-103,22109,5371,758,28238,10.65%,13.60%,
106/06/30,-77,16,191,130,22119,5451,739,28309,10.65%,13.63%,
106/06/29,-15,-137,-11,-163,22196,4606,548,27350,10.69%,13.17%,
106/06/28,-92,-148,10,-230,22211,4743,559,27513,10.70%,13.25%,
106/06/27,-59,-28,67,-20,22303,4891,549,27743,10.74%,13.36%,
106/06/26,121,0,53,174,22362,4919,482,27763,10.77%,13.37%,
106/06/23,-37,-391,-57,-485,22241,4919,429,27589,10.71%,13.29%,
106/06/22,-84,-145,28,-201,22278,5310,486,28074,10.73%,13.52%,
106/06/21,164,87,-20,231,22362,5455,458,28275,10.77%,13.62%,
106/06/20,-97,-150,-22,-269,22198,5368,478,28044,10.69%,13.51%,
106/06/19,-139,83,-14,-70,22295,5518,500,28313,10.74%,13.64%,
106/06/16,-40,0,-22,-62,22434,5435,514,28383,10.80%,13.67%,
106/06/15,167,0,7,174,22474,5435,536,28445,10.82%,13.70%,
106/06/14,115,20,-23,112,22307,5435,529,28271,10.74%,13.61%,
106/06/13,-107,0,-119,-226,22192,5415,552,28159,10.69%,13.56%,
106/06/12,-13,0,-137,-150,22299,5415,671,28385,10.74%,13.67%,
106/06/09,-138,0,-47,-185,22312,5415,808,28535,10.75%,13.75%,
106/06/08,343,100,-284,159,22450,5415,855,28720,10.81%,13.83%,
106/06/07,-104,212,321,429,22107,5315,1139,28561,10.65%,13.76%,
106/06/06,-281,11,-4,-274,22211,5103,818,28132,10.70%,13.55%,
106/06/05,-220,100,-64,-184,22492,5092,822,28406,10.83%,13.68%,
106/06/03,0,626,-163,463,22712,4992,886,28590,10.94%,13.77%,
106/06/02,-40,418,174,552,22712,4366,1049,28127,10.94%,13.55%,
106/06/01,-78,64,-53,-67,22752,3948,875,27575,10.96%,13.28%,
106/05/31,-53,93,280,320,22830,3884,928,27642,10.99%,13.31%,
106/05/26,-1,0,-12,-13,22883,3791,648,27322,11.02%,13.16%,
106/05/25,-184,23,-24,-185,22884,3791,660,27335,11.02%,13.16%,
106/05/24,-127,50,-14,-91,23068,3768,684,27520,11.11%,13.25%,
106/05/23,-573,164,-20,-429,23195,3718,698,27611,11.17%,13.30%,
106/05/22,-532,161,92,-279,23768,3554,718,28040,11.45%,13.51%,
106/05/19,-556,70,26,-460,24300,3393,626,28319,11.70%,13.64%,
106/05/18,-401,221,11,-169,24856,3323,600,28779,11.97%,13.86%,
106/05/17,-225,163,56,-6,25304,3102,589,28995,12.19%,13.97%,
106/05/16,-277,187,55,-35,25529,2939,533,29001,12.29%,13.96%,
106/05/15,-523,0,110,-413,25806,2752,478,29036,12.43%,13.99%,
106/05/12,-321,-20,10,-331,26329,2752,368,29449,12.68%,14.18%,
106/05/11,-291,0,149,-142,26650,2772,358,29780,12.84%,14.35%,
106/05/10,-64,0,0,-64,26941,2772,209,29922,12.98%,14.42%,
106/05/09,-225,0,-28,-253,26984,2772,209,29965,13.00%,14.44%,
106/05/08,-9,-28,-159,-196,27209,2772,237,30218,13.10%,14.55%,
106/05/05,-116,0,-1,-117,27218,2800,396,30414,13.11%,14.65%,
106/05/04,172,-22,-76,74,27334,2800,397,30531,13.16%,14.70%,
106/05/03,221,0,-192,29,27162,2822,473,30457,13.08%,14.67%,
106/05/02,314,65,172,551,26941,2822,665,30428,12.98%,14.66%,
106/04/28,-123,809,-74,612,26627,2757,493,29877,12.82%,14.39%,
106/04/27,-91,-186,18,-259,26750,1948,567,29265,12.88%,14.09%,
106/04/26,29,-274,-31,-276,26834,2134,549,29517,12.92%,14.21%,
106/04/25,-21,124,-33,70,26805,2408,580,29793,12.91%,14.35%,
106/04/24,-992,0,-29,-1021,26826,2284,613,29723,12.92%,14.32%,
106/04/21,-101,-238,29,-310,27818,2284,642,30744,13.40%,14.81%,
106/04/20,-35,0,-41,-76,27919,2522,613,31054,13.45%,14.96%,
106/04/19,-59,0,13,-46,27954,2522,654,31130,13.46%,14.99%,
106/04/18,-1,-233,-12,-246,28013,2522,641,31176,13.49%,15.01%,
106/04/17,82,84,-79,87,28014,2755,653,31422,13.49%,15.13%,
106/04/14,-34,-343,-35,-412,27932,2671,732,31335,13.45%,15.09%,
106/04/13,-148,-167,-24,-339,27966,3014,767,31747,13.47%,15.29%,
106/04/12,-42,28,77,63,28114,3181,791,32086,13.54%,15.45%,
106/04/11,-356,-160,73,-443,28156,3153,714,32023,13.56%,15.42%,
106/04/10,-81,-60,-18,-159,28512,3313,641,32466,13.73%,15.64%,
106/04/07,-126,0,21,-105,28593,3373,659,32625,13.77%,15.71%,
106/04/06,-52,0,-15,-67,28719,3373,638,32730,13.83%,15.76%,
106/04/05,-59,-100,-35,-194,28771,3373,653,32797,13.86%,15.80%,
106/03/31,64,0,-5,59,28830,3473,688,32991,13.89%,15.89%,
106/03/30,59,-454,-47,-442,28766,4870,693,34329,13.85%,16.53%,
106/03/29,-101,-378,-60,-539,28707,5324,740,34771,13.83%,16.75%,
106/03/28,-115,-301,-41,-457,28808,5702,800,35310,13.87%,17.00%,
106/03/27,-91,-256,27,-320,28923,6003,841,35767,13.93%,17.23%,
106/03/24,-373,-80,-116,-569,29014,6259,814,36087,13.97%,17.38%,
106/03/23,115,-25,144,234,29387,6339,930,36656,14.15%,17.65%,
106/03/22,185,-32,10,163,29272,6364,786,36422,14.10%,17.54%,
106/03/21,77,-180,-5,-108,29087,6396,776,36259,14.01%,17.47%,
106/03/20,-11,-10,14,-7,29010,6576,781,36367,13.97%,17.51%,
106/03/17,-51,0,-46,-97,29021,6586,767,36374,13.98%,17.52%,
106/03/16,-60,85,54,79,29072,6586,813,36471,14.00%,17.56%,
106/03/15,13,-10,-11,-8,29132,6501,759,36392,14.03%,17.53%,
106/03/14,101,-43,29,87,29119,6511,770,36400,14.02%,17.53%,
106/03/13,87,-24,-12,51,29018,6554,741,36313,13.98%,17.49%,
106/03/10,129,-15,-5,109,28931,6578,753,36262,13.93%,17.46%,
106/03/09,116,-104,7,19,28802,6593,758,36153,13.87%,17.41%,
106/03/08,-86,-238,27,-297,28686,6697,751,36134,13.82%,17.41%,
106/03/07,-3,66,7,70,28772,6935,724,36431,13.86%,17.55%,
106/03/06,357,-124,-20,213,28775,6869,717,36361,13.86%,17.51%,
106/03/03,74,-11,-1,62,28418,6993,737,36148,13.69%,17.41%,
106/03/02,-696,-208,17,-887,28344,7004,738,36086,13.65%,17.38%,
106/03/01,201,-144,10,67,29040,7212,721,36973,13.99%,17.81%,
106/02/24,-109,-114,-3,-226,28839,7356,711,36906,13.89%,17.78%,
106/02/23,369,-40,-99,230,28948,7470,714,37132,13.94%,17.88%,
106/02/22,776,0,-62,714,28579,7510,813,36902,13.76%,17.77%,
106/02/21,502,-617,61,-54,27803,7510,875,36188,13.39%,17.43%,
106/02/20,11,-277,-245,-511,27301,8127,814,36242,13.15%,17.46%,
106/02/18,0,109,30,139,27290,8404,1059,36753,13.14%,17.70%,
106/02/17,365,-211,225,379,27290,8295,1029,36614,13.14%,17.63%,
106/02/16,166,-640,-4,-478,26925,8506,804,36235,12.97%,17.46%,
106/02/15,634,-197,-13,424,26759,9146,808,36713,12.89%,17.69%,
106/02/14,873,-199,-18,656,26125,9343,821,36289,12.58%,17.48%,
106/02/13,-210,-46,-39,-295,25252,9542,839,35633,12.16%,17.16%,
106/02/10,933,-12,164,1085,25462,9588,878,35928,12.26%,17.30%,
106/02/09,-714,-72,-60,-846,24529,9600,714,34843,11.81%,16.78%,
106/02/08,-659,1652,103,1096,25253,9672,774,35699,12.16%,17.19%,
106/02/07,801,600,-33,1368,25907,8020,671,34598,12.48%,16.67%,
106/02/06,-251,643,107,499,25106,7420,704,33230,12.09%,16.00%,
106/02/03,-4,33,23,52,25366,6777,597,32740,12.22%,15.77%,
106/02/02,-117,-136,39,-214,25370,6744,574,32688,12.22%,15.75%,
106/01/24,162,24,22,208,25487,6880,535,32902,12.27%,15.84%,
106/01/23,-829,454,-65,-440,25325,6856,513,32694,12.20%,15.75%,
106/01/20,119,389,103,611,26153,6402,578,33133,12.60%,15.96%,
106/01/19,29,129,145,303,26025,6013,475,32513,12.53%,15.66%,
106/01/18,-154,350,64,260,25996,5884,330,32210,12.52%,15.51%,
106/01/17,-48,328,12,292,26150,5534,266,31950,12.59%,15.38%,
106/01/16,-12,0,0,-12,26198,5206,254,31658,12.62%,15.25%,
106/01/13,-63,0,5,-58,26210,5206,254,31670,12.62%,15.25%,
106/01/12,49,0,3,52,26273,5206,249,31728,12.65%,15.28%,
106/01/11,148,0,1,149,26224,5206,246,31676,12.63%,15.26%,
106/01/10,101,0,18,119,26076,5206,245,31527,12.56%,15.19%,
106/01/09,127,90,23,240,25975,5206,227,31408,12.51%,15.13%,
106/01/06,118,11,117,246,25947,5116,204,31267,12.50%,15.06%,
106/01/05,90,5,-1,94,25829,5105,87,31021,12.44%,14.94%,
106/01/04,155,103,59,317,25739,5100,88,30927,12.40%,14.90%,
106/01/03,35,218,0,253,25584,4997,29,30610,12.32%,14.74%,
105/12/30,-7,285,-11,267,25549,4779,29,30357,12.30%,14.62%,
105/12/29,78,-32,0,46,25556,4494,40,30090,12.31%,14.49%,
105/12/28,130,17,0,147,25478,4526,40,30044,12.27%,14.47%,
105/12/27,41,-50,0,-9,25348,4509,40,29897,12.21%,14.40%,
105/12/26,29,0,0,29,25307,4559,40,29906,12.19%,14.41%,
105/12/23,86,0,0,86,25278,4559,40,29877,12.17%,14.39%,
105/12/22,85,0,3,88,25192,4559,40,29791,12.13%,14.35%,
105/12/21,5,0,17,22,25265,4559,37,29861,12.17%,14.38%,
105/12/20,248,27,4,279,25260,4559,20,29839,12.17%,14.38%,
105/12/19,133,50,-97,86,25012,4532,16,29560,12.05%,14.24%,
105/12/16,5,150,55,210,24879,4482,113,29474,11.98%,14.19%,
105/12/15,20,90,50,160,24874,4332,58,29264,11.98%,14.10%,
105/12/14,408,16,0,424,24854,4242,8,29104,11.97%,14.02%,
105/12/13,-69,22,0,-47,24446,4226,8,28680,11.77%,13.81%,
105/12/12,87,50,5,142,24515,4204,8,28727,11.81%,13.84%,
105/12/09,30,25,-2,53,24428,4154,3,28585,11.76%,13.76%,
105/12/08,-336,0,0,-336,24398,4129,5,28532,11.75%,13.74%,
105/12/07,-51,53,0,2,24734,4129,5,28868,11.91%,13.90%,
105/12/06,-34,20,0,-14,24785,4076,5,28866,11.94%,13.91%,
105/12/05,-54,0,0,-54,24819,4056,5,28880,11.95%,13.91%,
105/12/02,-35,20,-2,-17,24873,4056,5,28934,11.98%,13.94%,
105/12/01,-146,120,-3,-29,24908,4036,7,28951,12.00%,13.95%,
105/11/30,-160,158,0,-2,25044,3916,10,28970,12.06%,13.95%,
105/11/29,57,65,0,122,25204,3758,10,28972,12.14%,13.96%,
105/11/28,-7,0,0,-7,25147,3693,10,28850,12.11%,13.89%,
105/11/25,-47,0,7,-40,25154,3693,10,28857,12.11%,13.89%,
105/11/24,-60,0,-1,-61,25201,3693,3,28897,12.14%,13.92%,
105/11/23,-53,0,-1,-54,25261,3693,4,28958,12.17%,13.95%,
105/11/22,-163,90,0,-73,25314,3693,5,29012,12.19%,13.97%,
105/11/21,29,63,-1,91,25477,3603,5,29085,12.27%,14.01%,
105/11/18,6,41,0,47,25448,3540,6,28994,12.26%,13.97%,
105/11/17,-13,0,0,-13,25452,3499,6,28957,12.26%,13.95%,
105/11/16,-73,0,0,-73,25465,3499,6,28970,12.26%,13.95%,
105/11/15,-50,0,0,-50,25503,3499,6,29008,12.28%,13.97%,
105/11/14,-123,60,2,-61,25432,3499,6,28937,12.25%,13.94%,
105/11/11,-5,0,0,-5,25499,3439,4,28942,12.28%,13.94%,
105/11/10,36,93,-3,126,25493,3439,4,28936,12.28%,13.94%,
105/11/09,-55,0,-19,-74,25457,3346,7,28810,12.26%,13.88%,
105/11/08,-56,0,0,-56,25512,3346,26,28884,12.29%,13.91%,
105/11/07,2,133,3,138,25568,3346,26,28940,12.31%,13.93%,
105/11/04,-71,160,-1,88,25566,3213,23,28802,12.31%,13.87%,
105/11/03,-72,0,1,-71,25637,3053,24,28714,12.35%,13.83%,
105/11/02,-95,0,6,-89,25709,3053,23,28785,12.38%,13.86%,
105/11/01,455,0,0,455,25804,3053,17,28874,12.43%,13.91%,
105/10/31,16,20,-9,27,25349,3053,17,28419,12.21%,13.69%,
105/10/28,-39,50,0,11,25333,3033,26,28392,12.20%,13.67%,
105/10/27,257,0,0,257,25372,2983,26,28381,12.22%,13.67%,
105/10/26,56,0,0,56,25115,2983,26,28124,12.10%,13.55%,
105/10/25,-33,0,0,-33,25059,2983,26,28068,12.07%,13.52%,
105/10/24,-34,0,5,-29,25092,2983,26,28101,12.08%,13.53%,
105/10/21,162,26,-14,174,25126,2983,21,28130,12.10%,13.55%,
105/10/20,-98,42,-1,-57,24964,2957,35,27956,12.02%,13.46%,
105/10/19,473,385,-2,856,25052,2915,36,28003,12.07%,13.49%,
105/10/18,326,0,-68,258,24579,2530,38,27147,11.84%,13.08%,
105/10/17,98,0,2,100,24253,2530,106,26889,11.68%,12.95%,
105/10/14,101,0,2,103,24155,2530,104,26789,11.63%,12.90%,
105/10/13,443,0,0,443,24054,2530,102,26686,11.58%,12.85%,
105/10/12,262,0,1,263,23611,2530,102,26243,11.37%,12.64%,
105/10/11,115,0,-1,114,23349,2530,101,25980,11.24%,12.51%,
105/10/07,204,-118,0,86,23234,2530,102,25866,11.19%,12.46%,
105/10/06,73,0,0,73,23030,2648,102,25780,11.09%,12.41%,
105/10/05,-48,-100,-5,-153,22957,2648,102,25707,11.06%,12.38%,
105/10/04,33,0,0,33,23005,2748,107,25860,11.08%,12.46%,
105/10/03,268,0,-4,264,22972,2748,107,25827,11.06%,12.44%,
105/09/30,-162,0,-193,-355,22704,2748,111,25563,10.93%,12.31%,
105/09/29,-102,0,0,-102,22866,3049,304,26219,11.01%,12.63%,
105/09/26,60,0,1,61,22968,3049,304,26321,11.06%,12.68%,
105/09/23,-328,0,-188,-516,22990,3049,303,26342,11.07%,12.69%,
105/09/22,12,10,-29,-7,23318,3049,491,26858,11.23%,12.94%,
105/09/21,-176,-154,10,-320,23306,3039,520,26865,11.22%,12.93%,
105/09/20,-85,0,-1,-86,23482,3193,510,27185,11.31%,13.09%,
105/09/19,601,0,-42,559,23567,3193,511,27271,11.35%,13.13%,
105/09/14,468,-269,49,248,22966,3193,553,26712,11.06%,12.86%,
105/09/13,-728,-100,-13,-841,22498,3462,504,26464,10.83%,12.74%,
105/09/12,-559,-100,1,-658,23226,3562,517,27305,11.19%,13.16%,
105/09/10,0,0,8,8,23774,3662,516,27952,11.45%,13.46%,
105/09/09,-789,-492,-5,-1286,23774,3662,508,27944,11.45%,13.46%,
105/09/08,-101,-300,-25,-426,24553,4154,513,29220,11.82%,14.07%,
105/09/07,-129,0,1,-128,24654,4454,538,29646,11.87%,14.28%,
105/09/06,54,20,22,96,24783,4454,537,29774,11.94%,14.34%,
105/09/05,-19,30,0,11,24729,4434,515,29678,11.91%,14.29%,
105/09/02,30,30,80,140,24748,4404,515,29667,11.92%,14.29%,
105/09/01,188,40,225,453,24748,4374,435,29557,11.92%,14.24%,
105/08/31,-294,-296,-15,-605,24560,4334,210,29104,11.83%,14.02%,
105/08/30,224,0,128,352,24815,4630,225,29670,11.95%,14.29%,
105/08/29,332,0,-27,305,24591,4630,97,29318,11.84%,14.12%,
105/08/26,-41,0,0,-41,24259,4630,124,29013,11.68%,13.97%,
105/08/25,144,-559,0,-415,24300,4630,124,29054,11.70%,13.99%,
105/08/24,93,-2,0,91,24156,5189,124,29469,11.63%,14.19%,
105/08/23,0,0,0,0,24033,5191,124,29348,11.57%,14.13%,
105/08/22,240,0,-3,237,24033,5191,124,29348,11.57%,14.13%,
105/08/19,158,0,-18,140,23793,5191,127,29111,11.46%,14.02%,
105/08/18,1083,-323,-3,757,23635,5191,145,28971,11.38%,13.95%,
105/08/17,37,-384,-7,-354,22552,5514,148,28214,10.86%,13.59%,
105/08/16,602,-202,0,400,22515,5898,155,28568,10.84%,13.76%,
105/08/15,179,0,0,179,21913,6100,155,28168,10.55%,13.56%,
105/08/12,576,653,-212,1017,21734,6100,155,27989,10.47%,13.48%,
105/08/11,500,-1,193,692,21158,5447,367,26972,10.19%,12.99%,
105/08/10,1079,-84,20,1015,20658,5448,174,26280,9.95%,12.66%,
105/08/09,967,-100,0,867,19580,5532,154,25266,9.43%,12.17%,
105/08/08,140,-166,0,-26,18591,5632,154,24377,8.95%,11.74%,
105/08/05,85,-166,0,-81,18452,5798,154,24404,8.89%,11.76%,
105/08/04,765,0,0,765,18367,5964,154,24485,8.84%,11.79%,
105/08/03,-106,-2,29,-79,17602,5964,154,23720,8.48%,11.43%,
105/08/02,565,0,22,587,17708,5966,125,23799,8.53%,11.46%,
105/08/01,242,-175,30,97,17143,5966,103,23212,8.25%,11.17%,
105/07/29,176,-13,6,169,16949,6141,73,23163,8.16%,11.15%,
105/07/28,-118,-160,1,-277,16773,6154,67,22994,8.08%,11.08%,
105/07/27,161,-1,0,160,16891,6314,66,23271,8.13%,11.20%,
105/07/26,-75,0,29,-46,16730,6315,66,23111,8.06%,11.13%,
105/07/25,-8,0,-2,-10,16805,6315,37,23157,8.09%,11.15%,
105/07/22,-27,246,0,219,16813,6315,39,23167,8.10%,11.16%,
105/07/21,56,-3,11,64,16840,6069,39,22948,8.11%,11.05%,
105/07/20,20,97,-4,113,16784,6072,28,22884,8.08%,11.02%,
105/07/19,-17,0,-62,-79,16864,5975,32,22871,8.12%,11.01%,
105/07/18,44,0,0,44,16871,5975,94,22940,8.12%,11.04%,
105/07/15,95,0,-1,94,16827,5975,94,22896,8.10%,11.02%,
105/07/14,-23,0,-10,-33,16732,5975,95,22802,8.06%,10.98%,
105/07/13,-68,0,-18,-86,16755,5975,105,22835,8.07%,11.00%,
105/07/12,-46,0,-5,-51,16823,5975,123,22921,8.10%,11.04%,
105/07/11,28,50,0,78,16869,5975,128,22972,8.12%,11.06%,
105/07/07,44,51,0,95,16841,5925,128,22894,8.11%,11.03%,
105/07/06,-75,0,0,-75,16797,5874,128,22799,8.09%,10.98%,
105/07/05,44,0,-1,43,16872,5874,128,22874,8.12%,11.01%,
105/07/04,35,0,0,35,16828,5874,129,22831,8.10%,10.99%,
105/07/01,32,0,0,32,16793,5874,129,22796,8.09%,10.98%,
105/06/30,-67,0,0,-67,16761,5874,129,22764,8.07%,10.96%,
105/06/29,-39,60,-94,-73,16833,4556,129,21518,8.11%,10.37%,
105/06/28,-44,120,-29,47,16862,4496,223,21581,8.12%,10.39%,
105/06/27,39,40,0,79,16908,4376,252,21536,8.14%,10.37%,
105/06/24,28,42,-158,-88,16869,4336,252,21457,8.12%,10.33%,
105/06/23,-18,0,28,10,16831,4294,410,21535,8.10%,10.37%,
105/06/22,13,0,0,13,16849,4294,382,21525,8.11%,10.36%,
105/06/21,1,0,1,2,16836,4294,382,21512,8.11%,10.36%,
105/06/20,50,0,109,159,16835,4294,381,21510,8.11%,10.36%,
105/06/17,-42,0,-37,-79,16785,4294,272,21351,8.08%,10.28%,
105/06/16,-92,0,98,6,16827,4294,309,21430,8.10%,10.32%,
105/06/15,146,0,41,187,16919,4294,211,21424,8.15%,10.32%,
105/06/14,29,0,3,32,16773,4294,170,21237,8.08%,10.23%,
105/06/13,-14,0,-75,-89,16744,4294,167,21205,8.06%,10.21%,
105/06/08,33,0,10,43,16758,4294,242,21294,8.07%,10.26%,
105/06/07,9,0,8,17,16725,4294,232,21251,8.05%,10.23%,
105/06/06,23,0,0,23,16716,4294,224,21234,8.05%,10.23%,
105/06/04,0,50,0,50,16693,4294,224,21211,8.04%,10.22%,
105/06/03,3,0,0,3,16693,4244,224,21161,8.04%,10.19%,
105/06/02,-67,35,15,-17,16700,4244,224,21168,8.04%,10.19%,
105/06/01,12,25,36,73,16767,4209,209,21185,8.07%,10.20%,
105/05/31,2,60,16,78,16834,4184,173,21191,8.11%,10.21%,
105/05/30,41,0,63,104,16913,4124,157,21194,8.14%,10.20%,
105/05/27,-6,0,0,-6,16831,4124,94,21049,8.10%,10.13%,
105/05/26,56,0,0,56,16837,4124,94,21055,8.11%,10.14%,
105/05/25,49,50,0,99,16781,4124,94,20999,8.08%,10.11%,
105/05/24,-26,15,0,-11,16732,4074,94,20900,8.06%,10.07%,
105/05/23,23,0,0,23,16758,4059,94,20911,8.07%,10.07%,
105/05/20,-15,0,-2,-17,16785,4059,94,20938,8.08%,10.08%,
105/05/19,-45,15,-1,-31,16800,4059,96,20955,8.09%,10.09%,
105/05/18,28,100,-6,122,16835,4044,97,20976,8.11%,10.11%,
105/05/17,104,100,3,207,16807,3944,103,20854,8.09%,10.04%,
105/05/16,160,0,6,166,16723,3844,100,20667,8.05%,9.95%,
105/05/13,3,0,-1,2,16563,3844,94,20501,7.98%,9.88%,
105/05/12,23,0,0,23,16560,3844,95,20499,7.97%,9.87%,
105/05/11,-101,0,0,-101,16537,3844,95,20476,7.96%,9.86%,
105/05/10,123,0,7,130,16528,3844,95,20467,7.96%,9.86%,
105/05/09,-147,0,0,-147,16375,3844,88,20307,7.88%,9.77%,
105/05/06,-71,0,-15,-86,16522,3844,88,20454,7.96%,9.85%,
105/05/05,15,15,-6,24,16563,3844,103,20510,7.98%,9.88%,
105/05/04,-110,98,0,-12,16548,3829,109,20486,7.97%,9.87%,
105/05/03,-27,0,-1,-28,16658,3731,109,20498,8.02%,9.87%,
105/04/29,-22,0,0,-22,16585,3731,110,20426,7.99%,9.84%,
105/04/28,47,0,-6,41,16607,3731,110,20448,8.00%,9.85%,
105/04/27,22,0,-2,20,16560,3731,116,20407,7.97%,9.82%,
105/04/26,37,25,1,63,16538,3731,118,20387,7.96%,9.81%,
105/04/25,-289,0,-44,-333,16421,3706,117,20244,7.91%,9.75%,
105/04/22,-284,25,1,-258,16710,3706,161,20577,8.05%,9.91%,
105/04/21,-302,75,0,-227,16994,3681,160,20835,8.18%,10.03%,
105/04/20,189,189,-47,331,17296,3606,160,21062,8.33%,10.14%,
105/04/19,-44,250,64,270,17107,3417,207,20731,8.24%,9.99%,
105/04/18,-43,0,-3,-46,17151,3167,143,20461,8.26%,9.85%,
105/04/15,-143,-8,0,-151,17194,3167,146,20507,8.28%,9.88%,
105/04/14,242,0,0,242,17337,3175,146,20658,8.35%,9.95%,
105/04/13,-1686,0,0,-1686,17095,3175,146,20416,8.23%,9.83%,
105/04/12,-300,0,0,-300,18781,3175,146,22102,9.04%,10.64%,
105/04/11,-263,-400,-15,-678,19081,3175,146,22402,9.19%,10.79%,
105/04/08,162,-304,-1,-143,19344,3575,161,23080,9.32%,11.12%,
105/04/07,-151,0,14,-137,19182,3879,162,23223,9.24%,11.19%,
105/04/06,28,0,-2,26,19333,3879,148,23360,9.31%,11.25%,
105/04/01,268,0,1,269,19305,3879,150,23334,9.30%,11.24%,
105/03/31,-54,0,1,-53,19037,3879,149,23065,9.17%,11.11%,
105/03/30,369,-296,7,80,19091,3811,148,23050,9.19%,11.10%,
105/03/29,22,0,6,28,18722,4107,141,22970,9.02%,11.07%,
105/03/28,18,0,1,19,18700,4107,135,22942,9.00%,11.04%,
105/03/25,-35,0,-3,-38,18814,4107,134,23055,9.06%,11.10%,
105/03/24,12,75,0,87,18849,4107,137,23093,9.08%,11.12%,
105/03/23,89,0,0,89,18913,4032,137,23082,9.11%,11.12%,
105/03/22,-35,0,-2,-37,18824,4032,137,22993,9.06%,11.07%,
105/03/21,64,0,0,64,18949,4032,139,23120,9.12%,11.13%,
105/03/18,359,0,0,359,18885,4032,139,23056,9.09%,11.10%,
105/03/17,-258,0,-112,-370,18526,4032,139,22697,8.92%,10.93%,
105/03/16,581,-206,16,391,18795,4032,251,23078,9.05%,11.11%,
105/03/15,77,-35,-91,-49,18214,4238,235,22687,8.77%,10.93%,
105/03/14,-54,0,5,-49,18137,4273,326,22736,8.73%,10.95%,
105/03/11,-11,400,-13,376,18191,4273,321,22785,8.76%,10.97%,
105/03/10,-22,0,91,69,18610,3873,334,22817,8.96%,10.99%,
105/03/09,-42,720,-17,661,18621,3873,243,22737,8.97%,10.95%,
105/03/08,67,0,30,97,18663,3153,260,22076,8.99%,10.63%,
105/03/07,-63,235,9,181,18596,3153,230,21979,8.95%,10.58%,
105/03/04,122,196,-2,316,18659,2918,221,21798,8.99%,10.50%,
105/03/03,56,-18,10,48,18537,2722,223,21482,8.93%,10.35%,
105/03/02,-97,-400,-20,-517,18481,2740,213,21434,8.90%,10.32%,
105/03/01,245,-22,-6,217,18578,3140,233,21951,8.95%,10.58%,
105/02/26,125,-400,37,-238,18333,3162,239,21734,8.83%,10.47%,
105/02/25,-113,0,40,-73,18209,3562,202,21973,8.77%,10.58%,
105/02/24,83,-400,-4,-321,18322,3562,162,22046,8.82%,10.61%,
105/02/23,-722,460,-13,-275,18239,3962,166,22367,8.78%,10.77%,
105/02/22,194,50,85,329,18995,3502,179,22676,9.15%,10.92%,
105/02/19,137,174,19,330,18801,3452,94,22347,9.05%,10.76%,
105/02/18,-39,0,0,-39,18674,3278,75,22027,8.99%,10.61%,
105/02/17,85,240,-16,309,18882,3278,75,22235,9.09%,10.71%,
105/02/16,201,384,18,603,18797,3038,91,21926,9.05%,10.56%,
105/02/15,-105,0,-3,-108,18596,2654,73,21323,8.95%,10.26%,
105/02/03,323,80,0,403,18571,2654,76,21301,8.94%,10.26%,
105/02/02,-205,-38,2,-241,18258,2574,76,20908,8.79%,10.07%,
105/02/01,-252,22,-1,-231,18463,2612,74,21149,8.89%,10.18%,
105/01/30,0,420,-1,419,18715,2590,75,21380,9.01%,10.29%,
105/01/29,-186,770,-10,574,18715,2170,76,20961,9.01%,10.09%,
105/01/28,1266,0,-4,1262,18901,1400,86,20387,9.10%,9.82%,
105/01/27,-20,0,0,-20,17485,1400,90,18975,8.42%,9.14%,
105/01/26,74,0,0,74,17535,1400,90,19025,8.44%,9.16%,
105/01/25,64,0,0,64,17461,1400,90,18951,8.41%,9.13%,
105/01/22,-50,0,0,-50,17397,1400,90,18887,8.38%,9.10%,
105/01/21,306,0,-19,287,17447,1400,90,18937,8.40%,9.12%,
105/01/20,-76,-3,-78,-157,17191,1400,109,18700,8.28%,9.01%,
105/01/19,162,-200,-41,-79,17317,1403,187,18907,8.34%,9.11%,
105/01/18,440,0,18,458,17155,1603,228,18986,8.26%,9.14%,
105/01/15,381,-25,-8,348,16715,1603,210,18528,8.05%,8.92%,
105/01/14,-2102,0,4,-2098,16334,1628,218,18180,7.86%,8.75%,
105/01/13,395,0,-8,387,18436,1628,214,20278,8.88%,9.77%,
105/01/12,-82,0,25,-57,18041,1628,222,19891,8.69%,9.58%,
105/01/11,-279,0,25,-254,18043,1628,197,19868,8.69%,9.57%,
105/01/08,213,0,17,230,18312,1628,172,20112,8.82%,9.69%,
105/01/07,59,0,-6,53,18099,1628,155,19882,8.72%,9.58%,
105/01/06,721,108,74,903,18001,1628,161,19790,8.67%,9.53%,
105/01/05,243,100,10,353,17280,1520,87,18887,8.32%,9.09%,
105/01/04,-47,0,4,-43,17037,1420,77,18534,8.20%,8.92%,
104/12/31,12,0,0,12,17084,1420,73,18577,8.23%,8.95%,
104/12/30,-217,0,17,-200,17072,3112,73,20257,8.22%,9.75%,
104/12/29,-63,-36,0,-99,17289,3112,56,20457,8.32%,9.85%,
104/12/28,-214,-31,0,-245,17352,3148,56,20556,8.36%,9.90%,
104/12/25,-513,0,-21,-534,17566,3179,56,20801,8.46%,10.02%,
104/12/24,-479,-260,-31,-770,18079,3179,77,21335,8.71%,10.28%,
104/12/23,345,10,45,400,18558,3439,108,22105,8.94%,10.65%,
104/12/22,-145,-102,0,-247,18213,3429,63,21705,8.77%,10.45%,
104/12/21,-34,0,0,-34,18127,3531,63,21721,8.73%,10.46%,
104/12/18,-133,0,28,-105,18161,3531,63,21755,8.74%,10.47%,
104/12/17,-93,0,0,-93,17994,3531,35,21560,8.66%,10.38%,
104/12/16,-187,0,-3,-190,18087,3531,35,21653,8.71%,10.43%,
104/12/15,188,0,2,190,18274,3531,38,21843,8.80%,10.52%,
104/12/14,91,200,-4,287,18086,3531,36,21653,8.71%,10.43%,
104/12/11,16,0,-139,-123,17995,3331,40,21366,8.66%,10.28%,
104/12/10,15,0,2,17,17939,3331,179,21449,8.64%,10.33%,
104/12/09,39,0,97,136,17924,3331,177,21432,8.63%,10.32%,
104/12/08,993,-200,-127,666,17885,3331,80,21296,8.61%,10.25%,
104/12/07,359,0,-48,311,16892,3531,207,20630,8.13%,9.93%,
104/12/04,2179,2027,120,4326,16533,3531,255,20319,7.96%,9.78%,
104/12/03,110,700,-41,769,14354,1504,135,15993,6.91%,7.70%,
104/12/02,154,0,56,210,14244,804,176,15224,6.86%,7.33%,
104/12/01,146,0,-1,145,14090,804,120,15014,6.78%,7.23%,
104/11/30,57,0,14,71,13944,804,121,14869,6.71%,7.16%,
104/11/27,11,0,0,11,13887,804,107,14798,6.69%,7.13%,
104/11/26,104,0,1,105,13876,804,107,14787,6.68%,7.12%,
104/11/25,42,0,1,43,13772,804,106,14682,6.63%,7.07%,
104/11/24,51,0,0,51,13730,804,105,14639,6.61%,7.05%,
104/11/23,50,0,0,50,13679,804,105,14588,6.59%,7.03%,
104/11/20,141,0,-45,96,13629,804,105,14538,6.56%,7.00%,
104/11/19,167,100,0,267,13488,804,150,14442,6.49%,6.95%,
104/11/18,-18,0,0,-18,13321,704,150,14175,6.41%,6.82%,
104/11/17,230,0,0,230,13339,704,150,14193,6.42%,6.83%,
104/11/16,47,0,-3,44,13109,704,150,13963,6.31%,6.72%,
104/11/13,-18,0,-1,-19,13062,704,153,13919,6.29%,6.70%,
104/11/12,53,0,0,53,13080,704,154,13938,6.30%,6.71%,
104/11/11,22,150,0,172,13027,704,154,13885,6.27%,6.68%,
104/11/10,89,0,0,89,13005,554,154,13713,6.26%,6.60%,
104/11/09,99,0,60,159,12916,554,154,13624,6.22%,6.56%,
104/11/06,172,0,0,172,12817,554,94,13465,6.17%,6.48%,
104/11/05,245,0,0,245,12645,554,94,13293,6.09%,6.40%,
104/11/04,332,12,1,345,12400,554,94,13048,5.97%,6.28%,
104/11/03,204,0,5,209,12068,542,93,12703,5.81%,6.12%,
104/11/02,297,0,0,297,11864,542,88,12494,5.71%,6.01%,
104/10/30,336,0,0,336,11567,542,88,12197,5.57%,5.87%,
104/10/29,130,0,5,135,11231,542,88,11861,5.41%,5.71%,
104/10/28,6,0,35,41,11091,542,83,11716,5.34%,5.64%,
104/10/27,4,0,0,4,11085,542,48,11675,5.34%,5.62%,
104/10/26,-52,0,-50,-102,11091,542,48,11681,5.34%,5.62%,
104/10/23,-89,150,-18,43,11143,542,98,11783,5.36%,5.67%,
104/10/22,-114,150,15,51,11232,392,116,11740,5.41%,5.65%,
104/10/21,-20,150,-9,121,11346,242,101,11689,5.46%,5.63%,
104/10/20,85,0,52,137,11366,92,110,11568,5.47%,5.57%,
104/10/19,131,0,0,131,11281,92,58,11431,5.43%,5.50%,
104/10/16,-112,0,17,-95,11150,92,58,11300,5.37%,5.44%,
104/10/15,36,0,0,36,11261,92,41,11394,5.42%,5.48%,
104/10/14,13,0,0,13,11225,92,41,11358,5.40%,5.46%,
104/10/13,13,0,0,13,11212,92,41,11345,5.40%,5.46%,
104/10/12,-6,0,0,-6,11199,92,41,11332,5.39%,5.45%,
104/10/08,-16,0,-55,-71,11205,92,41,11338,5.39%,5.45%,
104/10/07,-7,0,0,-7,11221,92,96,11409,5.40%,5.49%,
104/10/06,-138,0,0,-138,11228,92,96,11416,5.40%,5.49%,
104/10/05,473,15,0,488,11356,92,96,11544,5.47%,5.56%,
104/10/02,52,9,0,61,10883,77,96,11056,5.24%,5.32%,
104/10/01,101,0,5,106,10831,68,96,10995,5.21%,5.29%,
104/09/30,10,0,0,10,10730,68,91,10889,5.16%,5.24%,
104/09/25,13,0,0,13,10720,68,91,10879,5.16%,5.24%,
104/09/24,0,0,0,0,10707,68,91,10866,5.15%,5.23%,
104/09/23,30,0,0,30,10707,68,91,10866,5.15%,5.23%,
104/09/22,113,0,0,113,10677,68,91,10836,5.14%,5.22%,
104/09/21,-4,61,-1,56,10564,68,91,10723,5.08%,5.16%,
104/09/18,52,0,0,52,10568,7,92,10667,5.09%,5.14%,
104/09/17,32,0,0,32,10516,7,92,10615,5.06%,5.11%,
104/09/16,35,0,6,41,10484,7,92,10583,5.05%,5.10%,
104/09/15,4,0,1,5,10449,7,86,10542,5.03%,5.07%,
104/09/14,4,0,-6,-2,10445,7,85,10537,5.03%,5.07%,
104/09/11,15,0,-1,14,10441,7,91,10539,5.03%,5.08%,
104/09/10,17,0,0,17,10426,7,92,10525,5.02%,5.07%,
104/09/09,45,0,1,46,10409,7,92,10508,5.01%,5.06%,
104/09/08,4,0,-2,2,10364,7,91,10462,4.99%,5.04%,
104/09/07,31,0,0,31,10360,7,93,10460,4.99%,5.04%,
104/09/04,6,0,0,6,10329,7,93,10429,4.97%,5.02%,
104/09/03,15,0,-1,14,10323,7,93,10423,4.97%,5.02%,
104/09/02,70,0,0,70,10308,7,94,10409,4.96%,5.01%,
104/09/01,34,-5,0,29,10238,7,94,10339,4.93%,4.98%,
104/08/31,38,-3,0,35,10204,12,94,10310,4.91%,4.96%,
104/08/28,-69,0,0,-69,10116,15,94,10225,4.87%,4.92%,
104/08/27,132,0,-8,124,10135,15,94,10244,4.88%,4.93%,
104/08/26,7,0,-3,4,10003,15,102,10120,4.81%,4.87%,
104/08/25,38,0,0,38,9996,15,105,10116,4.81%,4.87%,
104/08/24,-90,0,-2,-92,9958,15,105,10078,4.79%,4.85%,
104/08/21,-47,0,-2,-49,10048,15,107,10170,4.84%,4.90%,
104/08/20,41,0,0,41,10095,15,109,10219,4.86%,4.92%,
104/08/19,-105,0,-3,-108,10054,15,109,10178,4.84%,4.90%,
104/08/18,-11,0,0,-11,10159,15,112,10286,4.89%,4.95%,
104/08/17,0,0,-9,-9,10170,15,112,10297,4.90%,4.96%,
104/08/14,35,0,4,39,10170,15,121,10306,4.90%,4.97%,
104/08/13,39,0,0,39,10135,15,117,10267,4.88%,4.94%,
104/08/12,5,-15,7,-3,10096,15,117,10228,4.86%,4.92%,
104/08/11,-23,0,-11,-34,10091,30,110,10231,4.86%,4.93%,
104/08/10,62,0,-4,58,10114,30,121,10265,4.87%,4.94%,
104/08/07,20,0,-1,19,10052,30,125,10207,4.84%,4.91%,
104/08/06,-48,0,-1,-49,10032,30,126,10188,4.83%,4.91%,
104/08/05,59,0,3,62,10080,30,127,10237,4.85%,4.93%,
104/08/04,-23,0,10,-13,10021,30,124,10175,4.82%,4.89%,
104/08/03,-14,0,-2,-16,10044,30,114,10188,4.83%,4.90%,
104/07/31,-26,0,8,-18,10058,30,116,10204,4.84%,4.91%,
104/07/30,8,0,-1,7,10084,30,108,10222,4.85%,4.92%,
104/07/29,6,0,-1,5,10076,30,109,10215,4.85%,4.92%,
104/07/28,11,2,5,18,10070,30,110,10210,4.85%,4.92%,
104/07/27,14,0,8,22,10059,28,105,10192,4.84%,4.90%,
104/07/24,-10,1,0,-9,10045,28,97,10170,4.83%,4.89%,
104/07/23,-14,0,1,-13,10066,27,97,10190,4.85%,4.91%,
104/07/22,-11,0,4,-7,10080,27,96,10203,4.85%,4.91%,
104/07/21,2,0,2,4,10091,27,92,10210,4.86%,4.92%,
104/07/20,-3,0,0,-3,10089,27,90,10206,4.86%,4.92%,
104/07/17,-25,11,3,-11,10092,27,90,10209,4.86%,4.92%,
104/07/16,8,0,0,8,10117,16,87,10220,4.87%,4.92%,
104/07/15,-33,2,34,3,10109,16,87,10212,4.87%,4.92%,
104/07/14,-19,0,-2,-21,10142,14,53,10209,4.88%,4.91%,
104/07/13,-1,0,-5,-6,10161,14,55,10230,4.89%,4.92%,
104/07/09,6,0,2,8,10162,14,60,10236,4.89%,4.93%,
104/07/08,-21,0,4,-17,10156,14,58,10228,4.89%,4.92%,
104/07/07,-1,0,-1,-2,10177,14,54,10245,4.90%,4.93%,
104/07/06,-27,0,0,-27,10178,14,55,10247,4.90%,4.93%,
104/07/03,-18,0,-9,-27,10205,14,55,10274,4.91%,4.94%,
104/07/02,-62,0,0,-62,10223,14,64,10301,4.92%,4.96%,
104/07/01,15,0,0,15,10285,14,64,10363,4.95%,4.99%,
104/06/30,-16,0,1,-15,10270,14,64,10348,4.94%,4.98%,
104/06/29,-83,0,19,-64,10286,42,63,10391,4.95%,5.00%,
104/06/26,-5,0,0,-5,10369,42,44,10455,4.99%,5.03%,
104/06/25,-44,0,5,-39,10374,42,44,10460,4.99%,5.03%,
104/06/24,-6,0,0,-6,10418,42,39,10499,5.01%,5.05%,
104/06/23,22,0,0,22,10424,42,39,10505,5.02%,5.06%,
104/06/22,-8,0,0,-8,10402,42,39,10483,5.01%,5.05%,
104/06/18,16,0,0,16,10410,42,39,10491,5.01%,5.05%,
104/06/17,-102,0,0,-102,10394,42,39,10475,5.00%,5.04%,
104/06/16,-69,0,0,-69,10496,42,39,10577,5.05%,5.09%,
104/06/15,-18,0,0,-18,10565,42,39,10646,5.09%,5.13%,
104/06/12,-8,0,0,-8,10583,42,39,10664,5.09%,5.13%,
104/06/11,-43,0,0,-43,10591,42,39,10672,5.10%,5.14%,
104/06/10,21,0,5,26,10634,42,39,10715,5.12%,5.16%,
104/06/09,-60,0,0,-60,10613,42,34,10689,5.11%,5.15%,
104/06/08,-14,0,-14,-28,10673,42,34,10749,5.14%,5.18%,
104/06/05,-73,-2,-3,-78,10687,42,48,10777,5.14%,5.18%,
104/06/04,-80,0,0,-80,10760,44,51,10855,5.18%,5.23%,
104/06/03,-20,0,-3,-23,10840,44,51,10935,5.22%,5.27%,
104/06/02,13,0,0,13,10860,44,54,10958,5.23%,5.28%,
104/06/01,-67,0,0,-67,10847,44,54,10945,5.22%,5.27%,
104/05/29,4,0,1,5,10914,44,54,11012,5.25%,5.30%,
104/05/28,13,19,0,32,10910,44,53,11007,5.25%,5.30%,
104/05/27,8,0,0,8,10897,25,53,10975,5.25%,5.29%,
104/05/26,-1,0,0,-1,10924,25,53,11002,5.26%,5.30%,
104/05/25,-2,0,6,4,10925,25,53,11003,5.26%,5.30%,
104/05/22,34,0,0,34,10927,25,47,10999,5.26%,5.29%,
104/05/21,-7,0,-4,-11,10893,25,47,10965,5.24%,5.27%,
104/05/20,-6,0,0,-6,10900,25,51,10976,5.25%,5.29%,
104/05/19,-23,0,-2,-25,10926,25,51,11002,5.26%,5.30%,
104/05/18,65,0,1,66,10949,25,53,11027,5.27%,5.31%,
104/05/15,-39,0,-4,-43,10887,25,52,10964,5.24%,5.28%,
104/05/14,80,0,-2,78,10926,25,56,11007,5.26%,5.30%,
104/05/13,69,0,1,70,10843,25,58,10926,5.22%,5.26%,
104/05/12,236,0,0,236,10774,25,57,10856,5.19%,5.23%,
104/05/11,12,0,8,20,10538,25,57,10620,5.07%,5.11%,
104/05/08,137,0,0,137,10514,25,49,10588,5.06%,5.10%,
104/05/07,60,0,0,60,10377,25,49,10451,4.99%,5.03%,
104/05/06,-3,0,1,-2,10317,25,49,10391,4.97%,5.01%,
104/05/05,-3,0,0,-3,10320,25,48,10393,4.97%,5.01%,
104/05/04,-123,0,0,-123,10323,25,48,10396,4.97%,5.01%,
104/04/30,75,0,0,75,10422,25,48,10495,5.02%,5.06%,
104/04/29,46,0,5,51,10347,25,48,10420,4.98%,5.02%,
104/04/28,75,0,2,77,10301,25,43,10369,4.96%,4.99%,
104/04/27,49,0,0,49,10226,25,41,10292,4.92%,4.95%,
104/04/24,15,0,9,24,10177,25,41,10243,4.90%,4.93%,
104/04/23,85,0,-1,84,10152,25,32,10209,4.89%,4.92%,
104/04/22,-29,0,-1,-30,10067,25,33,10125,4.85%,4.88%,
104/04/21,-44,0,0,-44,10096,25,34,10155,4.86%,4.89%,
104/04/20,-24,0,1,-23,10140,25,34,10199,4.88%,4.91%,
104/04/17,-3,0,0,-3,10164,25,33,10222,4.89%,4.92%,
104/04/16,-37,0,-12,-49,10167,25,33,10225,4.89%,4.92%,
104/04/15,-115,7,2,-106,10204,25,45,10274,4.91%,4.94%,
104/04/14,16,0,-8,8,10319,18,43,10380,4.97%,5.00%,
104/04/13,3,0,0,3,10303,18,51,10372,4.96%,4.99%,
104/04/10,-191,0,0,-191,10300,18,51,10369,4.96%,4.99%,
104/04/09,56,0,0,56,10491,18,51,10560,5.05%,5.08%,
104/04/08,-6,0,0,-6,10435,18,51,10504,5.02%,5.05%,
104/04/07,30,0,0,30,10441,18,51,10510,5.03%,5.06%,
104/04/02,28,0,0,28,10411,18,51,10480,5.01%,5.04%,
104/04/01,33,0,0,33,10393,18,51,10462,5.00%,5.03%,
104/03/31,-80,-280,2,-358,10360,18,51,10429,4.99%,5.02%,
104/03/30,-27,0,0,-27,10442,294,49,10785,5.03%,5.20%,
104/03/27,-133,0,2,-131,10467,294,49,10810,5.04%,5.21%,
104/03/26,8,0,1,9,10600,294,47,10941,5.10%,5.26%,
104/03/25,-78,0,2,-76,10592,294,46,10932,5.10%,5.26%,
104/03/24,-26,0,9,-17,10670,294,44,11008,5.14%,5.30%,
104/03/23,-105,0,0,-105,10696,294,35,11025,5.15%,5.31%,
104/03/20,21,0,0,21,10801,294,35,11130,5.20%,5.36%,
104/03/19,19,0,0,19,10780,294,35,11109,5.19%,5.35%,
104/03/18,3,0,0,3,10761,294,35,11090,5.18%,5.34%,
104/03/17,22,0,1,23,10758,294,35,11087,5.18%,5.34%,
104/03/16,4,0,4,8,10736,294,34,11064,5.17%,5.33%,
104/03/13,10,0,0,10,10732,294,30,11056,5.17%,5.33%,
104/03/12,7,0,0,7,10722,294,30,11046,5.16%,5.32%,
104/03/11,-18,0,0,-18,10715,294,30,11039,5.16%,5.32%,
104/03/10,8,0,-2,6,10733,294,30,11057,5.17%,5.33%,
104/03/09,17,0,0,17,10725,294,32,11051,5.16%,5.32%,
104/03/06,19,1,-4,16,10708,294,32,11034,5.15%,5.31%,
104/03/05,12,0,0,12,10689,293,36,11018,5.15%,5.31%,
104/03/04,5,0,0,5,10677,293,36,11006,5.14%,5.30%,
104/03/03,48,0,0,48,10672,293,36,11001,5.14%,5.30%,
104/03/02,47,0,0,47,10624,293,36,10953,5.11%,5.27%,
104/02/26,18,0,0,18,10674,293,36,11003,5.14%,5.30%,
104/02/25,15,0,-1,14,10646,293,36,10975,5.12%,5.28%,
104/02/24,-44,0,0,-44,10631,293,37,10961,5.12%,5.28%,
104/02/13,1,0,-3,-2,10675,293,37,11005,5.14%,5.30%,
104/02/12,-88,0,0,-88,10674,293,40,11007,5.14%,5.30%,
104/02/11,-14,0,1,-13,10764,293,40,11097,5.18%,5.34%,
104/02/10,-2,0,10,8,10778,293,39,11110,5.19%,5.35%,
104/02/09,20,-1,0,19,10780,293,29,11102,5.19%,5.35%,
104/02/06,4,0,-4,0,10760,294,29,11083,5.18%,5.34%,
104/02/05,50,0,0,50,10766,294,33,11093,5.18%,5.34%,
104/02/04,10,0,-1,9,10716,294,33,11043,5.16%,5.32%,
104/02/03,5,0,0,5,10706,294,34,11034,5.15%,5.31%,
104/02/02,-18,0,0,-18,10701,294,34,11029,5.15%,5.31%,
104/01/30,-40,0,0,-40,10719,294,34,11047,5.16%,5.32%,
104/01/29,5,0,1,6,10759,294,34,11087,5.18%,5.34%,
104/01/28,-1,0,-2,-3,10754,294,33,11081,5.18%,5.34%,
104/01/27,-105,0,0,-105,10755,294,35,11084,5.18%,5.34%,
104/01/26,7,0,-1,6,10860,294,35,11189,5.23%,5.39%,
104/01/23,-40,0,0,-40,10853,294,36,11183,5.22%,5.38%,
104/01/22,7,0,0,7,10893,294,36,11223,5.24%,5.40%,
104/01/21,8,0,0,8,10789,294,36,11119,5.19%,5.35%,
104/01/20,40,0,0,40,10781,294,36,11111,5.19%,5.35%,
104/01/19,-25,0,0,-25,10741,294,36,11071,5.17%,5.33%,
104/01/16,-88,0,-1,-89,10794,294,36,11124,5.20%,5.36%,
104/01/15,21,0,0,21,10882,294,37,11213,5.24%,5.40%,
104/01/14,2,0,1,3,10861,294,37,11192,5.23%,5.39%,
104/01/13,-16,0,-1,-17,10859,294,36,11189,5.23%,5.39%,
104/01/12,-40,0,1,-39,10875,294,37,11206,5.23%,5.39%,
104/01/09,-61,0,0,-61,10905,294,36,11235,5.25%,5.41%,
104/01/08,-63,0,0,-63,10966,294,36,11296,5.28%,5.44%,
104/01/07,-40,0,0,-40,11029,294,36,11359,5.31%,5.47%,
104/01/06,-78,0,0,-78,11069,294,36,11399,5.33%,5.49%,
104/01/05,-62,0,0,-62,11147,294,36,11477,5.37%,5.53%,
