日期,外資買賣超,投信買賣超,自營商買賣超,單日合計買賣超,外資估計持股,投信估計持股,自營商估計持股,單日合計估計持股,外資持股比重,三大法人持股比重,
107/03/31,-4,0,5,1,342877,4,1686,344567,76.74%,77.12%,
107/03/30,-481,-2,67,-416,342881,4,1681,344566,76.74%,77.12%,
107/03/29,-85,0,1,-84,343402,6,1614,345022,76.86%,77.22%,
107/03/28,367,3,0,370,343487,6,1613,345106,76.87%,77.23%,
107/03/27,-245,1,3,-241,343120,3,1613,344736,76.79%,77.15%,
107/03/26,-836,0,-12,-848,343365,2,1610,344977,76.85%,77.21%,
107/03/23,1134,0,-63,1071,344201,2,1622,345825,77.03%,77.39%,
107/03/22,-905,0,-63,-968,343068,2,1685,344755,76.78%,77.16%,
107/03/21,-431,2,2,-427,343973,2,1748,345723,76.98%,77.37%,
107/03/20,-501,-4,-56,-561,344444,0,1746,346190,77.09%,77.48%,
107/03/19,-1152,-1,-40,-1193,344945,0,1802,346747,77.20%,77.60%,
107/03/16,612,-484,-8,120,346110,0,1842,347952,77.46%,77.87%,
107/03/15,-425,2,-2,-425,345526,23,1850,347399,77.33%,77.75%,
107/03/14,-586,0,-9,-595,345951,21,1852,347824,77.43%,77.85%,
107/03/13,3,-4,18,17,346539,21,1861,348421,77.56%,77.98%,
107/03/12,-1584,0,-42,-1626,346718,25,1843,348586,77.60%,78.02%,
107/03/09,-706,0,9,-697,348232,25,1885,350142,77.94%,78.37%,
107/03/08,-645,0,-7,-652,348883,25,1876,350784,78.08%,78.51%,
107/03/07,123,0,2,125,349470,25,1883,351378,78.21%,78.64%,
107/03/06,-1015,0,-31,-1046,349335,25,1881,351241,78.18%,78.61%,
107/03/05,5,0,-138,-133,350378,25,1912,352315,78.42%,78.85%,
107/03/02,-773,-102,-98,-973,350428,25,2050,352503,78.43%,78.90%,
107/03/01,-1511,-262,-49,-1822,351191,127,2148,353466,78.60%,79.11%,
107/02/27,-897,-58,-48,-1003,352532,389,2197,355118,78.90%,79.48%,
107/02/26,-1414,0,205,-1209,353395,447,2245,356087,79.09%,79.69%,
107/02/23,-367,0,3,-364,354925,447,2040,357412,79.63%,80.19%,
107/02/22,159,-88,32,103,355292,447,2037,357776,79.71%,80.27%,
107/02/21,-613,-20,89,-544,355133,535,2005,357673,79.68%,80.25%,
107/02/12,-847,-41,-25,-913,355843,555,1916,358314,79.84%,80.39%,
107/02/09,-431,1,-26,-456,356690,596,1941,359227,80.03%,80.60%,
107/02/08,-487,150,0,-337,356996,595,1967,359558,80.09%,80.66%,
107/02/07,272,381,21,674,357446,445,1967,359858,80.20%,80.74%,
107/02/06,-66,-2,-339,-407,357114,64,1946,359124,80.12%,80.57%,
107/02/05,226,0,-93,133,357180,66,2285,359531,80.14%,80.67%,
107/02/02,-477,66,-35,-446,356959,66,2378,359403,80.09%,80.64%,
107/02/01,36,0,-49,-13,357556,0,2413,359969,80.22%,80.76%,
107/01/31,-50,0,-181,-231,357519,0,2462,359981,80.21%,80.76%,
107/01/30,1104,0,1,1105,357569,0,2643,360212,80.22%,80.81%,
107/01/29,277,0,215,492,356465,0,2642,359107,79.98%,80.57%,
107/01/26,914,-89,78,903,356189,0,2427,358616,79.91%,80.45%,
107/01/25,2022,-123,-144,1755,355164,0,2349,357513,79.68%,80.21%,
107/01/24,1875,-213,-288,1374,353176,0,2493,355669,79.24%,79.80%,
107/01/23,1572,-272,216,1516,351212,137,2781,354130,78.80%,79.45%,
107/01/22,1066,0,53,1119,349640,409,2565,352614,78.44%,79.11%,
107/01/19,378,-230,55,203,348574,409,2512,351495,78.21%,78.87%,
107/01/18,-1672,-480,-126,-2278,348220,639,2457,351316,78.13%,78.82%,
107/01/17,246,-764,-73,-591,349902,1119,2583,353604,78.50%,79.33%,
107/01/16,115,-81,124,158,349751,1883,2656,354290,78.47%,79.49%,
107/01/15,1383,-40,35,1378,349595,1964,2532,354091,78.43%,79.44%,
107/01/12,-140,-705,59,-786,348212,2004,2497,352713,78.12%,79.13%,
107/01/11,-1529,-243,288,-1484,348453,2709,2438,353600,78.18%,79.33%,
107/01/10,-2763,-1530,320,-3973,349902,2952,2150,355004,78.50%,79.64%,
107/01/09,-1654,-2147,24,-3777,352945,4482,1830,359257,79.19%,80.61%,
107/01/08,169,-450,-384,-665,354509,6629,1806,362944,79.54%,81.43%,
107/01/05,419,103,-83,439,354340,7079,2190,363609,79.50%,81.58%,
107/01/04,1308,450,-180,1578,353564,6976,2273,362813,79.32%,81.40%,
107/01/03,1593,50,-50,1593,352156,6526,2453,361135,79.01%,81.03%,
107/01/02,1356,-18,148,1486,350563,6476,2503,359542,78.65%,80.67%,
106/12/29,248,0,-85,163,349207,6494,2355,358056,78.35%,80.34%,
106/12/28,-84,128,-126,-82,348959,7591,2440,358990,78.29%,80.54%,
106/12/27,91,0,-41,50,349043,7463,2566,359072,78.31%,80.56%,
106/12/26,192,-0,-116,76,348952,7463,2607,359022,78.29%,80.55%,
106/12/25,-103,0,257,154,348760,7463,2723,358946,78.25%,80.54%,
106/12/22,-63,0,84,21,348863,7463,2466,358792,78.27%,80.50%,
106/12/21,-188,0,61,-127,349055,7463,2382,358900,78.39%,80.60%,
106/12/20,179,0,2,181,349320,7463,2321,359104,78.45%,80.65%,
106/12/19,358,-434,-352,-428,349121,7463,2319,358903,78.41%,80.61%,
106/12/18,-424,-306,-123,-853,348809,7897,2671,359377,78.34%,80.71%,
106/12/15,412,337,178,927,349155,8203,2794,360152,78.41%,80.88%,
106/12/14,181,0,-145,36,348744,7866,2616,359226,78.32%,80.67%,
106/12/13,491,0,-307,184,348780,7866,2761,359407,78.33%,80.72%,
106/12/12,101,200,-155,146,348288,7866,3068,359222,78.22%,80.68%,
106/12/11,796,0,436,1232,348188,7666,3223,359077,78.20%,80.65%,
106/12/08,-319,0,-21,-340,347436,7666,2787,357889,78.03%,80.38%,
106/12/07,1706,10,76,1792,348146,7666,2808,358620,78.19%,80.54%,
106/12/06,-881,-65,-161,-1107,346422,7656,2732,356810,77.80%,80.13%,
106/12/05,-10,-40,123,73,347220,7721,2893,357834,77.98%,80.36%,
106/12/04,534,0,87,621,347317,7761,2770,357848,78.00%,80.37%,
106/12/01,-129,0,-156,-285,346783,7761,2683,357227,77.88%,80.23%,
106/11/30,1237,-460,18,795,346911,7761,2839,357511,77.91%,80.29%,
106/11/29,363,0,-35,328,345675,8221,2821,356717,77.63%,80.11%,
106/11/28,-1185,-123,119,-1189,345312,8221,2856,356389,77.55%,80.04%,
106/11/27,-459,0,4,-455,346482,8344,2737,357563,77.81%,80.30%,
106/11/24,-810,197,-458,-1071,346941,8344,2733,358018,77.92%,80.41%,
106/11/23,2535,1230,-268,3497,348039,8147,3191,359377,78.16%,80.71%,
106/11/22,3615,1583,351,5549,345564,6917,3459,355940,77.61%,79.94%,
106/11/21,-403,-105,453,-55,341906,5334,3108,350348,76.79%,78.69%,
106/11/20,-149,-70,-109,-328,342291,5439,2655,350385,76.87%,78.69%,
106/11/17,-491,0,100,-391,342413,5509,2764,350686,76.90%,78.76%,
106/11/16,-14,0,3,-11,342903,5509,2664,351076,77.01%,78.85%,
106/11/15,-78,0,-29,-107,342907,5509,2661,351077,77.01%,78.84%,
106/11/14,-195,-40,28,-207,342904,5509,2690,351103,77.01%,78.85%,
106/11/13,-763,13,34,-716,343281,5549,2662,351492,77.09%,78.93%,
106/11/10,-258,4,17,-237,344044,5536,2628,352208,77.27%,79.10%,
106/11/09,327,4,-95,236,344302,5532,2611,352445,77.32%,79.15%,
106/11/08,252,328,-32,548,343975,5528,2706,352209,77.25%,79.10%,
106/11/07,326,390,124,840,343723,5200,2738,351661,77.19%,78.97%,
106/11/06,-807,-21,48,-780,343397,4810,2614,350821,77.12%,78.79%,
106/11/03,10,-73,-21,-84,344197,4831,2566,351594,77.30%,78.96%,
106/11/02,-923,-235,-96,-1254,344187,4904,2587,351678,77.30%,78.98%,
106/11/01,2072,-874,33,1231,345038,5139,2683,352860,77.49%,79.25%,
106/10/31,862,-459,-365,38,342471,6013,2650,351134,76.91%,78.86%,
106/10/30,610,468,723,1801,341619,6472,3015,351106,76.72%,78.85%,
106/10/27,-35,1141,-31,1075,341009,6004,2292,349305,76.58%,78.44%,
106/10/26,1153,-37,-37,1079,341162,4863,2323,348348,76.62%,78.24%,
106/10/25,397,0,-82,315,340009,4900,2360,347269,76.36%,77.99%,
106/10/24,372,-46,-54,272,339612,4900,2442,346954,76.27%,77.92%,
106/10/23,390,0,5,395,339240,4946,2496,346682,76.19%,77.86%,
106/10/20,187,0,-37,150,338850,4946,2491,346287,76.10%,77.77%,
106/10/19,-236,482,-73,173,338642,4946,2528,346116,76.05%,77.73%,
106/10/18,494,572,126,1192,338804,4464,2601,345869,76.09%,77.68%,
106/10/17,728,450,109,1287,338353,3892,2475,344720,75.99%,77.42%,
106/10/16,231,0,-62,169,337626,3442,2366,343434,75.82%,77.13%,
106/10/13,1136,0,17,1153,337311,3442,2428,343181,75.85%,77.17%,
106/10/12,775,0,-107,668,336175,3442,2411,342028,75.59%,76.91%,
106/10/11,974,0,-202,772,335400,3442,2518,341360,75.42%,76.76%,
106/10/06,2316,0,122,2438,334400,3442,2720,340562,75.19%,76.58%,
106/10/05,-254,7,-225,-472,332004,3442,2598,338044,74.65%,76.01%,
106/10/03,282,9,-69,222,332258,3435,2823,338516,74.71%,76.12%,
106/10/02,417,0,-3,414,331886,3426,2892,338204,74.63%,76.05%,
106/09/30,293,0,-245,48,331361,3426,2895,337682,74.51%,75.93%,
106/09/29,2153,55,216,2424,331068,3302,3140,337510,74.44%,75.89%,
106/09/28,1214,51,713,1978,328837,3247,2924,335008,73.94%,75.33%,
106/09/27,332,0,24,356,327810,3196,2211,333217,73.71%,74.93%,
106/09/26,-304,0,-80,-384,327478,3196,2187,332861,73.64%,74.85%,
106/09/25,536,-458,-168,-90,327762,3196,2267,333225,73.70%,74.93%,
106/09/22,-101,0,-64,-165,327806,3654,2435,333895,73.71%,75.08%,
106/09/21,14,0,102,116,327900,3654,2499,334053,73.73%,75.11%,
106/09/20,-258,0,-17,-275,327886,3654,2397,333937,73.73%,75.09%,
106/09/19,-210,0,-26,-236,328102,3654,2414,334170,73.78%,75.14%,
106/09/18,-16,-136,18,-134,328312,3654,2440,334406,73.82%,75.19%,
106/09/15,-253,-183,39,-397,328328,3790,2422,334540,73.83%,75.23%,
106/09/14,-556,40,54,-462,328558,3973,2383,334914,73.88%,75.31%,
106/09/13,126,0,-102,24,329255,3933,2329,335517,74.04%,75.45%,
106/09/12,23,-115,-9,-101,329119,3933,2431,335483,74.00%,75.43%,
106/09/11,-511,0,-59,-570,329096,4048,2440,335584,74.00%,75.46%,
106/09/08,11,-1,33,43,329507,4048,2499,336054,74.09%,75.56%,
106/09/07,-178,0,-6,-184,329496,4049,2466,336011,74.09%,75.55%,
106/09/06,695,-239,-54,402,329674,4049,2472,336195,74.13%,75.60%,
106/09/05,-256,150,98,-8,328969,4288,2526,335783,73.97%,75.50%,
106/09/04,-681,0,-180,-861,329223,4138,2428,335789,74.03%,75.51%,
106/09/01,419,0,297,716,329838,4138,2608,336584,74.15%,75.67%,
106/08/31,-181,-65,51,-195,329419,4138,2311,335868,74.06%,75.51%,
106/08/30,-565,-218,16,-767,329578,4203,2260,336041,74.09%,75.54%,
106/08/29,-1160,100,-86,-1146,330183,4421,2244,336848,74.23%,75.73%,
106/08/28,-581,0,-122,-703,331342,4321,2330,337993,74.49%,75.99%,
106/08/25,685,0,-116,569,331923,4321,2452,338696,74.62%,76.14%,
106/08/24,-1012,-9,-58,-1079,331239,4321,2568,338128,74.47%,76.02%,
106/08/23,-385,-4,314,-75,331815,4330,2626,338771,74.60%,76.16%,
106/08/22,-400,0,14,-386,332200,4334,2312,338846,74.68%,76.17%,
106/08/21,-112,0,103,-9,332600,4334,2298,339232,74.77%,76.26%,
106/08/18,243,2,-63,182,332712,4334,2195,339241,74.80%,76.27%,
106/08/17,41,0,31,72,332469,4332,2258,339059,74.74%,76.22%,
106/08/16,-366,50,-148,-464,332428,4332,2227,338987,74.73%,76.20%,
106/08/15,-93,-37,211,81,332725,4282,2375,339382,74.80%,76.30%,
106/08/14,299,0,-29,270,332869,4319,2164,339352,74.83%,76.29%,
106/08/11,88,0,-7,81,332570,4319,2193,339082,74.77%,76.23%,
106/08/10,412,0,-194,218,332661,4319,2200,339180,74.79%,76.26%,
106/08/09,106,0,-13,93,332249,4319,2394,338962,74.69%,76.20%,
106/08/08,1000,0,-382,618,332142,4319,2407,338868,74.67%,76.18%,
106/08/07,140,110,165,415,331058,4319,2789,338166,74.43%,76.03%,
106/08/04,665,62,-402,325,330866,4209,2624,337699,74.38%,75.92%,
106/08/03,-34,77,-84,-41,330201,4147,3026,337374,74.23%,75.84%,
106/08/02,-1128,450,410,-268,330235,4070,3110,337415,74.24%,75.85%,
106/08/01,697,342,-84,955,331363,3620,2700,337683,74.50%,75.92%,
106/07/31,249,32,237,518,330594,3278,2784,336656,74.32%,75.68%,
106/07/28,-384,348,-184,-220,330339,3246,2547,336132,74.27%,75.57%,
106/07/27,301,170,278,749,330632,2898,2731,336261,74.33%,75.60%,
106/07/26,164,70,-240,-6,330296,2728,2453,335477,74.26%,75.42%,
106/07/25,-384,0,228,-156,330132,2658,2693,335483,74.22%,75.42%,
106/07/24,166,0,19,185,330516,2658,2465,335639,74.31%,75.46%,
106/07/21,417,-53,47,411,330350,2658,2446,335454,74.27%,75.42%,
106/07/20,393,0,-48,345,329977,2711,2399,335087,74.18%,75.33%,
106/07/19,27,-528,-11,-512,329584,2711,2447,334742,74.10%,75.26%,
106/07/18,-88,-402,-136,-626,329557,3239,2458,335254,74.09%,75.37%,
106/07/17,-316,-407,36,-687,329645,3641,2594,335880,74.11%,75.51%,
106/07/14,430,0,-59,371,329961,4048,2558,336567,74.18%,75.67%,
106/07/13,1852,0,-253,1599,329531,4048,2617,336196,74.08%,75.58%,
106/07/12,1089,0,97,1186,327678,4048,2870,334596,73.67%,75.23%,
106/07/11,1134,-55,119,1198,326589,4048,2773,333410,73.42%,74.95%,
106/07/10,-383,0,102,-281,325756,4103,2654,332513,73.24%,74.76%,
106/07/07,524,-34,-28,462,326139,4103,2552,332794,73.32%,74.82%,
106/07/06,-1173,0,-25,-1198,325622,4137,2580,332339,73.20%,74.71%,
106/07/05,537,-12,-77,448,326785,4137,2605,333527,73.47%,74.99%,
106/07/04,-765,0,-5,-770,326248,4149,2682,333079,73.35%,74.89%,
106/07/03,515,0,9,524,326757,4149,2687,333593,73.46%,75.00%,
106/06/30,541,-292,21,270,326626,4149,2678,333453,73.43%,74.97%,
106/06/29,613,-45,148,716,326054,4745,2657,333456,73.30%,74.96%,
106/06/28,-300,-6,-183,-489,325081,4790,2509,332380,73.08%,74.72%,
106/06/27,-135,0,-84,-219,325381,4796,2692,332869,73.15%,74.83%,
106/06/26,-272,0,-480,-752,325582,4796,2776,333154,73.20%,74.90%,
106/06/23,-598,0,607,9,325854,4796,3256,333906,73.26%,75.07%,
106/06/22,-793,-4,243,-554,326521,4796,2649,333966,73.41%,75.08%,
106/06/21,-1106,135,43,-928,327491,4800,2406,334697,73.62%,75.24%,
106/06/20,-1016,0,-741,-1757,328950,4665,2363,335978,73.95%,75.53%,
106/06/19,208,0,481,689,329966,4665,3104,337735,74.18%,75.93%,
106/06/16,177,0,-46,131,329749,4665,2623,337037,74.13%,75.77%,
106/06/15,-437,-40,30,-447,329571,4665,2669,336905,74.09%,75.74%,
106/06/14,-275,180,-144,-239,330006,4705,2639,337350,74.19%,75.84%,
106/06/13,137,-24,-203,-90,330281,4525,2783,337589,74.25%,75.89%,
106/06/12,736,0,220,956,330484,4549,2986,338019,74.30%,75.99%,
106/06/09,399,0,61,460,329648,4549,2766,336963,74.11%,75.75%,
106/06/08,500,0,-129,371,329261,4549,2705,336515,74.02%,75.65%,
106/06/07,-79,0,135,56,328549,4549,2834,335932,73.86%,75.52%,
106/06/06,96,-104,-79,-87,328958,4549,2699,336206,73.95%,75.58%,
106/06/05,-168,-100,104,-164,328855,4653,2778,336286,73.93%,75.60%,
106/06/03,-148,0,-88,-236,328875,4753,2674,336302,73.94%,75.61%,
106/06/02,139,-63,-40,36,329023,4753,2762,336538,73.97%,75.66%,
106/06/01,-149,185,-166,-130,328813,4816,2802,336431,73.92%,75.63%,
106/05/31,2232,0,66,2298,328664,4631,2968,336263,73.89%,75.60%,
106/05/26,128,0,2,130,326432,4631,2902,333965,73.39%,75.08%,
106/05/25,-886,0,54,-832,326303,4631,2900,333834,73.36%,75.05%,
106/05/24,231,0,28,259,327370,4631,2846,334847,73.60%,75.28%,
106/05/23,161,0,-20,141,327139,4631,2818,334588,73.55%,75.22%,
106/05/22,-102,0,1,-101,326978,4631,2838,334447,73.51%,75.19%,
106/05/19,982,4,37,1023,327175,4631,2837,334643,73.55%,75.23%,
106/05/18,307,0,1,308,326201,4627,2800,333628,73.34%,75.01%,
106/05/17,280,0,-184,96,325786,4627,2799,333212,73.24%,74.91%,
106/05/16,-896,0,-610,-1506,325401,4627,2983,333011,73.16%,74.87%,
106/05/15,-1082,0,1122,40,329132,4627,3593,337352,74.01%,75.86%,
106/05/12,789,0,22,811,330157,4627,2471,337255,74.24%,75.84%,
106/05/11,711,0,-109,602,329349,4627,2449,336425,74.06%,75.65%,
106/05/10,-215,0,-213,-428,328438,4627,2558,335623,73.85%,75.47%,
106/05/09,-987,0,233,-754,328975,4627,2771,336373,73.97%,75.63%,
106/05/08,353,0,-4,349,329962,4627,2538,337127,74.19%,75.80%,
106/05/05,209,0,-96,113,329609,4627,2542,336778,74.11%,75.72%,
106/05/04,653,0,-492,161,329401,4627,2638,336666,74.07%,75.70%,
106/05/03,-19,0,485,466,328703,4627,3130,336460,73.91%,75.65%,
106/05/02,2251,0,578,2829,328712,4627,2645,335984,73.91%,75.55%,
106/04/28,488,0,105,593,326461,4627,2067,333155,73.41%,74.92%,
106/04/27,168,0,-6,162,325973,4627,1962,332562,73.30%,74.78%,
106/04/26,555,0,-47,508,325748,4627,1968,332343,73.25%,74.73%,
106/04/25,512,-0,46,558,325161,4627,2015,331803,73.11%,74.60%,
106/04/24,82,0,9,91,324750,4627,1969,331346,73.02%,74.50%,
106/04/21,-63,-69,0,-132,324641,4627,1960,331228,73.00%,74.48%,
106/04/20,91,0,30,121,324790,4696,1960,331446,73.03%,74.53%,
106/04/19,-427,0,-29,-456,324699,4696,1930,331325,73.01%,74.50%,
106/04/18,758,-288,-61,409,325442,4696,1959,332097,73.18%,74.68%,
106/04/17,-1084,-366,-28,-1478,324684,4984,2020,331688,73.01%,74.58%,
106/04/14,1376,-3,-161,1212,325761,5350,2048,333159,73.25%,74.91%,
106/04/13,-253,0,-114,-367,324385,5353,2209,331947,72.94%,74.64%,
106/04/12,410,0,-44,366,324538,5353,2323,332214,72.97%,74.70%,
106/04/11,238,0,-163,75,323975,5353,2367,331695,72.85%,74.59%,
106/04/10,480,0,-259,221,323730,5353,2530,331613,72.79%,74.56%,
106/04/07,1276,0,71,1347,323075,5353,2789,331217,72.64%,74.47%,
106/04/06,472,0,407,879,321799,5353,2718,329870,72.36%,74.18%,
106/04/05,945,0,24,969,321327,5353,2311,328991,72.25%,73.97%,
106/03/31,715,-446,-5,264,320381,5353,2287,328021,72.04%,73.76%,
106/03/30,488,-756,-28,-296,319656,4829,2292,326777,71.88%,73.48%,
106/03/29,868,-500,-134,234,319168,5585,2320,327073,71.77%,73.56%,
106/03/28,972,0,69,1041,318300,6085,2454,326839,71.57%,73.50%,
106/03/27,1153,-20,79,1212,317028,6085,2385,325498,71.28%,73.20%,
106/03/24,-709,0,-46,-755,315909,6105,2306,324320,71.03%,72.93%,
106/03/23,70,0,-14,56,316618,6105,2352,325075,71.19%,73.10%,
106/03/22,74,0,-38,36,316548,6105,2366,325019,71.18%,73.10%,
106/03/21,95,-103,-45,-53,316474,6105,2404,324983,71.16%,73.08%,
106/03/20,700,4,-489,215,316379,6208,2449,325036,71.14%,73.10%,
106/03/17,1228,0,585,1813,315691,6204,2938,324833,70.98%,73.05%,
106/03/16,1151,-335,-24,792,314463,6204,2353,323020,70.71%,72.65%,
106/03/15,837,-68,-340,429,313312,6539,2377,322228,70.45%,72.47%,
106/03/14,2194,-737,-758,699,312475,6607,2717,321799,70.26%,72.37%,
106/03/13,1310,0,871,2181,310281,7344,3475,321100,69.77%,72.22%,
106/03/10,926,0,-54,872,309196,7344,2604,319144,69.52%,71.77%,
106/03/09,565,0,-85,480,308285,7344,2658,318287,69.32%,71.58%,
106/03/08,-64,0,-38,-102,307720,7344,2743,317807,69.19%,71.47%,
106/03/07,1063,0,-431,632,307763,7344,2781,317888,69.20%,71.49%,
106/03/06,1617,0,-103,1514,306590,7344,3212,317146,68.94%,71.33%,
106/03/03,809,0,406,1215,304963,7344,3315,315622,68.57%,70.98%,
106/03/02,1279,0,-6,1273,304154,7344,2909,314407,68.39%,70.71%,
106/03/01,182,0,-163,19,302884,7344,2915,313143,68.56%,70.88%,
106/02/24,-1833,0,-390,-2223,302703,7344,3078,313125,68.52%,70.88%,
106/02/23,3209,0,288,3497,304541,7344,3468,315353,68.94%,71.39%,
106/02/22,1797,0,206,2003,301280,7344,3180,311804,68.20%,70.58%,
106/02/21,887,0,61,948,299433,7344,2974,309751,67.78%,70.11%,
106/02/20,-125,0,-48,-173,298546,7344,2913,308803,67.58%,69.90%,
106/02/18,50,-35,61,76,298671,7344,2961,308976,67.61%,69.94%,
106/02/17,-576,-71,-16,-663,298651,7379,2900,308930,67.60%,69.92%,
106/02/16,103,0,-178,-75,298977,7450,2916,309343,67.68%,70.02%,
106/02/15,395,8,-695,-292,299164,7450,3094,309708,67.72%,70.10%,
106/02/14,-1680,957,805,82,298759,7442,3789,309990,67.63%,70.17%,
106/02/13,-470,581,133,244,300439,6485,2984,309908,68.01%,70.15%,
106/02/10,-856,301,-295,-850,300969,5904,2851,309724,68.13%,70.11%,
106/02/09,1758,727,405,2890,301754,5603,3146,310503,68.30%,70.28%,
106/02/08,262,0,-112,150,299996,4876,2741,307613,67.91%,69.63%,
106/02/07,-493,0,72,-421,299724,4876,2853,307453,67.84%,69.59%,
106/02/06,663,0,-58,605,300206,4876,2781,307863,67.95%,69.68%,
106/02/03,-435,108,35,-292,299627,4876,2839,307342,67.82%,69.56%,
106/02/02,-3157,0,-60,-3217,300054,4768,2804,307626,67.92%,69.63%,
106/01/24,370,0,-74,296,303349,4768,2864,310981,68.67%,70.40%,
106/01/23,-704,100,172,-432,302967,4768,2938,310673,68.58%,70.32%,
106/01/20,-907,0,-3,-910,303822,4668,2766,311256,68.77%,70.45%,
106/01/19,-990,0,-101,-1091,304929,4668,2769,312366,69.02%,70.70%,
106/01/18,-601,929,207,535,306468,4668,2870,314006,69.37%,71.07%,
106/01/17,-798,0,-4,-802,307066,3739,2663,313468,69.51%,70.96%,
106/01/16,-686,0,-30,-716,307864,3739,2667,314270,69.69%,71.14%,
106/01/13,568,0,16,584,308510,3739,2697,314946,69.83%,71.29%,
106/01/12,-78,50,-10,-38,307904,3739,2681,314324,69.70%,71.15%,
106/01/11,-413,0,-83,-496,307957,3689,2691,314337,69.71%,71.15%,
106/01/10,-122,0,-39,-161,308513,3689,2774,314976,69.83%,71.29%,
106/01/09,799,130,50,979,308614,3689,2813,315116,69.86%,71.33%,
106/01/06,-1176,174,-7,-1009,307804,3559,2763,314126,69.67%,71.10%,
106/01/05,-1826,26,65,-1735,308971,3385,2770,315126,69.94%,71.33%,
106/01/04,-602,-250,-139,-991,310797,3359,2705,316861,70.35%,71.72%,
106/01/03,-751,-245,-137,-1133,311385,3609,2844,317838,70.48%,71.94%,
105/12/30,-51,-100,297,146,312136,3854,2981,318971,70.65%,72.20%,
105/12/29,126,0,-7,119,312035,3954,2684,318673,70.63%,72.13%,
105/12/28,-9,0,-6,-15,311853,3954,2691,318498,70.59%,72.09%,
105/12/27,-114,100,-10,-24,311819,3954,2697,318470,70.58%,72.09%,
105/12/26,-25,-80,-1,-106,312101,3854,2707,318662,70.65%,72.14%,
105/12/23,-350,0,3,-347,312126,3934,2708,318768,70.65%,72.15%,
105/12/22,754,-340,-39,375,312476,3934,2705,319115,70.73%,72.23%,
105/12/21,-2603,-76,-180,-2859,311721,4274,2744,318739,70.56%,72.15%,
105/12/20,-841,-306,-37,-1184,314301,4350,2924,321575,71.14%,72.79%,
105/12/19,24,-40,-22,-38,314975,4656,2961,322592,71.30%,73.02%,
105/12/16,42,0,17,59,314894,4696,2983,322573,71.28%,73.02%,
105/12/15,-220,0,-15,-235,315103,4696,2966,322765,71.33%,73.06%,
105/12/14,-517,0,15,-502,315323,4696,2981,323000,71.38%,73.12%,
105/12/13,-42,0,-187,-229,315840,4696,2966,323502,71.49%,73.22%,
105/12/12,-210,0,35,-175,315882,4696,3153,323731,71.50%,73.28%,
105/12/09,57,0,-23,34,316077,4696,3118,323891,71.55%,73.32%,
105/12/08,277,0,59,336,315927,4696,3141,323764,71.51%,73.28%,
105/12/07,848,0,-677,171,315330,4696,3082,323108,71.38%,73.14%,
105/12/06,1216,0,668,1884,314472,4696,3759,322927,71.18%,73.09%,
105/12/05,875,-194,-18,663,313242,4696,3091,321029,70.90%,72.66%,
105/12/02,-446,0,-562,-1008,312233,4890,3109,320232,70.68%,72.49%,
105/12/01,-245,-268,-47,-560,312679,4890,3671,321240,70.78%,72.72%,
105/11/30,802,-500,115,417,312864,5158,3718,321740,70.82%,72.83%,
105/11/29,-26,0,-288,-314,312062,5658,3603,321323,70.64%,72.74%,
105/11/28,781,0,449,1230,312071,5658,3891,321620,70.64%,72.80%,
105/11/25,77,0,-96,-19,311430,5658,3442,320530,70.49%,72.55%,
105/11/24,-91,0,18,-73,311447,5658,3538,320643,70.50%,72.58%,
105/11/23,860,-45,226,1041,311338,5658,3520,320516,70.47%,72.55%,
105/11/22,631,-700,188,119,310478,5703,3294,319475,70.28%,72.32%,
105/11/21,-576,-64,134,-506,309847,6403,3106,319356,70.14%,72.29%,
105/11/18,-194,0,43,-151,310323,6467,2972,319762,70.24%,72.38%,
105/11/17,170,0,-38,132,310469,6467,2929,319865,70.28%,72.41%,
105/11/16,-26,0,-21,-47,310286,6467,2967,319720,70.24%,72.38%,
105/11/15,-110,0,-125,-235,310282,6467,2988,319737,70.23%,72.37%,
105/11/14,-615,300,-465,-780,310225,6467,3113,319805,70.22%,72.39%,
105/11/11,110,0,614,724,310630,6167,3578,320375,70.31%,72.52%,
105/11/10,455,-160,-45,250,310805,6167,2964,319936,70.35%,72.42%,
105/11/09,902,-778,-407,-283,310350,6327,3009,319686,70.25%,72.36%,
105/11/08,1626,-1072,-237,317,309448,7105,3416,319969,70.05%,72.43%,
105/11/07,8,69,42,119,307752,8177,3653,319582,69.66%,72.34%,
105/11/04,-135,-56,-81,-272,307744,8108,3611,319463,69.66%,72.31%,
105/11/03,838,-109,-234,495,307878,8164,3692,319734,69.69%,72.37%,
105/11/02,-30,700,-407,263,307040,8273,3926,319239,69.50%,72.26%,
105/11/01,1452,0,-182,1270,307070,7573,4333,318976,69.51%,72.21%,
105/10/31,1369,206,-440,1135,305618,7573,4515,317706,69.18%,71.92%,
105/10/28,2277,55,634,2966,304239,7367,4955,316561,68.87%,71.66%,
105/10/27,1538,0,119,1657,301962,7312,4321,313595,68.35%,70.98%,
105/10/26,-2092,95,231,-1766,300482,7312,4202,311996,68.02%,70.63%,
105/10/25,2479,609,-1289,1799,303056,7217,3971,314244,68.60%,71.13%,
105/10/24,7889,546,-253,8182,300766,6608,5260,312634,68.08%,70.77%,
105/10/21,4364,340,207,4911,292844,6062,5513,304419,66.29%,68.91%,
105/10/20,55,-193,25,-113,288496,5722,5306,299524,65.30%,67.80%,
105/10/19,815,0,-12,803,288441,5915,5281,299637,65.29%,67.82%,
105/10/18,894,0,-8,886,287635,5915,5293,298843,65.11%,67.65%,
105/10/17,1217,0,161,1378,286753,5915,5301,297969,64.91%,67.45%,
105/10/14,789,0,-431,358,285662,5915,5140,296717,64.66%,67.16%,
105/10/13,746,0,297,1043,284736,5915,5571,296222,64.45%,67.05%,
105/10/12,692,0,159,851,284115,5915,5274,295304,64.31%,66.84%,
105/10/11,1990,0,-126,1864,283385,5915,5115,294415,64.15%,66.65%,
105/10/07,378,0,-53,325,281456,5915,5241,292612,63.71%,66.24%,
105/10/06,51,0,158,209,281078,5915,5294,292287,63.62%,66.16%,
105/10/05,2360,0,-136,2224,280963,5915,5136,292014,63.60%,66.10%,
105/10/04,622,0,-129,493,278660,5915,5272,289847,63.08%,65.61%,
105/10/03,-320,200,-526,-646,278038,5915,5401,289354,62.94%,65.50%,
105/09/30,601,1,767,1369,277982,5715,5927,289624,62.92%,65.55%,
105/09/29,2251,0,-86,2165,277359,5380,5160,287899,62.78%,65.17%,
105/09/26,-550,0,-989,-1539,275408,5380,5246,286034,62.34%,64.74%,
105/09/23,1026,-15,1539,2550,275692,5380,6235,287307,62.38%,65.01%,
105/09/22,116,-10,-19,87,274622,5395,4696,284713,62.14%,64.42%,
105/09/21,-683,-16,-55,-754,274566,5405,4715,284686,62.13%,64.42%,
105/09/20,421,82,-693,-190,275609,5421,4770,285800,62.36%,64.67%,
105/09/19,1623,-22,1120,2721,275078,5339,5463,285880,62.24%,64.68%,
105/09/14,959,0,-54,905,273455,5361,4343,283159,61.88%,64.08%,
105/09/13,789,-7,-55,727,272496,5361,4397,282254,61.66%,63.87%,
105/09/12,187,-21,-8,158,271749,5368,4452,281569,61.49%,63.71%,
105/09/10,-35,-80,-143,-258,271552,5389,4460,281401,61.45%,63.68%,
105/09/09,2444,-40,587,2991,271587,5469,4603,281659,61.45%,63.73%,
105/09/08,3350,170,21,3541,269142,5509,4016,278667,60.90%,63.06%,
105/09/07,2568,200,-694,2074,265782,5339,3995,275116,60.14%,62.25%,
105/09/06,3947,0,356,4303,262854,5139,4689,272682,59.48%,61.70%,
105/09/05,982,-10,663,1635,258961,5139,4333,268433,58.60%,60.74%,
105/09/02,1114,-19,-129,966,257979,5149,3670,266798,58.37%,60.37%,
105/09/01,30,-135,-1,-106,256865,5168,3799,265832,58.12%,60.15%,
105/08/31,1989,-671,-685,633,256835,5303,3800,265938,58.12%,60.18%,
105/08/30,2735,34,166,2935,254812,5974,4485,265271,57.66%,60.03%,
105/08/29,385,-197,260,448,252052,5940,4319,262311,57.03%,59.35%,
105/08/26,328,236,-122,442,252072,6137,4059,262268,57.04%,59.35%,
105/08/25,820,-7,-72,741,251744,5901,4181,261826,56.96%,59.24%,
105/08/24,171,91,-228,34,250924,5908,4253,261085,56.78%,59.08%,
105/08/23,804,172,232,1208,250514,5817,4481,260812,56.68%,59.01%,
105/08/22,453,0,-342,111,249652,5645,4249,259546,56.49%,58.73%,
105/08/19,-241,1,506,266,249102,5645,4591,259338,56.37%,58.69%,
105/08/18,-253,-50,71,-232,249495,5644,4085,259224,56.45%,58.65%,
105/08/17,654,0,-65,589,249733,5694,4014,259441,56.51%,58.71%,
105/08/16,763,-54,-47,662,249324,5694,4079,259097,56.42%,58.63%,
105/08/15,-154,70,-125,-209,248557,5748,4126,258431,56.24%,58.47%,
105/08/12,-411,0,-736,-1147,248711,5678,4251,258640,56.28%,58.53%,
105/08/11,-971,72,-973,-1872,248712,5678,4987,259377,56.28%,58.69%,
105/08/10,-650,605,1283,1238,249098,5606,5960,260664,56.36%,58.98%,
105/08/09,922,430,782,2134,249688,5001,4677,259366,56.50%,58.69%,
105/08/08,-115,0,551,436,248766,4571,3895,257232,56.29%,58.21%,
105/08/05,436,54,7,497,249027,4571,3344,256942,56.35%,58.14%,
105/08/04,502,0,52,554,248591,4517,3337,256445,56.25%,58.03%,
105/08/03,355,-1,-32,322,248075,4517,3285,255877,56.13%,57.90%,
105/08/02,529,-250,-137,142,247798,4518,3317,255633,56.07%,57.84%,
105/08/01,274,80,-317,37,247240,4768,3454,255462,55.94%,57.80%,
105/07/29,1219,34,607,1860,246915,4688,3771,255374,55.87%,57.78%,
105/07/28,543,0,14,557,245136,4654,3164,252954,55.47%,57.24%,
105/07/27,856,-225,26,657,244593,4654,3150,252397,55.35%,57.12%,
105/07/26,1416,-5,-35,1376,243736,4879,3124,251739,55.15%,56.96%,
105/07/25,76,-250,-16,-190,242320,4884,3159,250363,54.83%,56.65%,
105/07/22,564,-1,-123,440,242174,5134,3175,250483,54.80%,56.68%,
105/07/21,-329,29,-89,-389,241333,5135,3298,249766,54.61%,56.52%,
105/07/20,1174,-1,-442,731,241662,5106,3387,250155,54.68%,56.60%,
105/07/19,1198,20,-3044,-1826,240468,5107,3829,249404,54.41%,56.43%,
105/07/18,1666,100,2601,4367,239270,5087,6873,251230,54.14%,56.85%,
105/07/15,117,160,616,893,237604,4987,4272,246863,53.76%,55.86%,
105/07/14,496,53,407,956,237487,4827,3656,245970,53.74%,55.66%,
105/07/13,-102,30,428,356,236983,4774,3249,245006,53.62%,55.44%,
105/07/12,13,0,-577,-564,237085,4744,2821,244650,53.65%,55.36%,
105/07/11,-466,0,588,122,237072,4744,3398,245214,53.64%,55.48%,
105/07/07,365,-208,-368,-211,238028,4744,2810,245582,53.86%,55.57%,
105/07/06,-227,0,-49,-276,237663,4952,3178,245793,53.78%,55.62%,
105/07/05,-637,20,-296,-913,237890,4952,3227,246069,53.83%,55.68%,
105/07/04,-1048,0,-556,-1604,238527,4932,3523,246982,53.97%,55.88%,
105/07/01,717,359,941,2017,239575,4932,4079,248586,54.21%,56.25%,
105/06/30,972,25,-79,918,238858,4573,3138,246569,54.05%,55.80%,
105/06/29,393,0,-148,245,237886,4540,3217,245643,53.83%,55.59%,
105/06/28,714,0,188,902,237493,4540,3365,245398,53.74%,55.53%,
105/06/27,-366,-29,-168,-563,236779,4540,3177,244496,53.58%,55.33%,
105/06/24,-657,23,368,-266,237145,4569,3345,245059,53.66%,55.45%,
105/06/23,589,100,-6,683,237802,4546,2977,245325,53.81%,55.51%,
105/06/22,-403,741,-683,-345,237253,4446,2983,244682,53.68%,55.36%,
105/06/21,2177,491,1423,4091,237646,3705,3666,245017,53.77%,55.44%,
105/06/20,-376,100,144,-132,235459,3214,2243,240916,53.28%,54.52%,
105/06/17,98,0,-23,75,235835,3114,2099,241048,53.36%,54.54%,
105/06/16,-184,0,-20,-204,235737,3114,2122,240973,53.34%,54.53%,
105/06/15,-26,0,-59,-85,235921,3114,2142,241177,53.38%,54.57%,
105/06/14,-62,0,-34,-96,235947,3114,2201,241262,53.39%,54.59%,
105/06/13,-674,0,-57,-731,236009,3114,2235,241358,53.40%,54.61%,
105/06/08,1241,150,-602,789,236683,3114,2292,242089,53.55%,54.77%,
105/06/07,-3237,298,810,-2129,238331,2964,2894,244189,53.94%,55.27%,
105/06/06,359,386,26,771,241568,2666,2084,246318,54.67%,55.75%,
105/06/04,0,0,-27,-27,241186,2280,2058,245524,54.59%,55.57%,
105/06/03,166,150,-181,135,241186,2280,2085,245551,54.59%,55.58%,
105/06/02,-100,100,-124,-124,241020,2130,2266,245416,54.55%,55.55%,
105/06/01,-389,325,-128,-192,241120,2030,2390,245540,54.57%,55.57%,
105/05/31,829,0,578,1407,241509,1705,2518,245732,54.66%,55.62%,
105/05/30,2441,0,0,2441,240680,1705,1940,244325,54.47%,55.30%,
105/05/27,-541,0,-32,-573,238239,1705,1940,241884,53.92%,54.75%,
105/05/26,347,0,-13,334,238780,1705,1972,242457,54.04%,54.87%,
105/05/25,-509,0,31,-478,238433,1705,1985,242123,53.96%,54.80%,
105/05/24,-426,0,12,-414,238942,1705,1954,242601,54.08%,54.91%,
105/05/23,1618,8,-52,1574,239368,1705,1942,243015,54.18%,55.01%,
105/05/20,917,196,-39,1074,237750,1697,1994,241441,53.81%,54.65%,
105/05/19,452,9,-37,424,236833,1501,2033,240367,53.60%,54.40%,
105/05/18,-90,-201,15,-276,236381,1492,2070,239943,53.50%,54.31%,
105/05/17,378,0,10,388,236471,1693,2055,240219,53.52%,54.37%,
105/05/16,1579,322,365,2266,236093,1693,2045,239831,53.43%,54.28%,
105/05/13,2220,0,68,2288,234514,1371,1680,237565,53.08%,53.77%,
105/05/12,189,0,-63,126,232294,1371,1612,235277,52.57%,53.25%,
105/05/11,-1279,10,3,-1266,232105,1371,1675,235151,52.53%,53.22%,
105/05/10,659,-1,83,741,233384,1361,1672,236417,52.82%,53.51%,
105/05/09,-343,0,-71,-414,232725,1362,1589,235676,52.67%,53.34%,
105/05/06,-90,0,-2,-92,233068,1362,1660,236090,52.75%,53.43%,
105/05/05,-699,-99,-39,-837,233158,1362,1662,236182,52.77%,53.45%,
105/05/04,-820,0,13,-807,233857,1461,1701,237019,52.93%,53.65%,
105/05/03,-983,6,-25,-1002,234676,1461,1688,237825,53.11%,53.82%,
105/04/29,-728,4,18,-706,235659,1455,1713,238827,53.34%,54.06%,
105/04/28,-743,0,-52,-795,236387,1451,1695,239533,53.50%,54.21%,
105/04/27,496,-50,-11,435,237130,1451,1747,240328,53.67%,54.39%,
105/04/26,808,-50,-18,740,236624,1501,1758,239883,53.55%,54.29%,
105/04/25,2852,0,-28,2824,235816,1551,1776,239143,53.37%,54.12%,
105/04/22,1529,810,-633,1706,232964,1551,1804,236319,52.73%,53.49%,
105/04/21,6704,-77,535,7162,231445,741,2437,234623,52.38%,53.10%,
105/04/20,-5444,-2026,-369,-7839,224741,818,1902,227461,50.87%,51.49%,
105/04/19,-4650,-689,-80,-5419,230185,2844,2271,235300,52.10%,53.26%,
105/04/18,-1212,0,-139,-1351,234835,3533,2351,240719,53.15%,54.48%,
105/04/15,-552,468,-16,-100,236047,3533,2490,242070,53.42%,54.78%,
105/04/14,1117,0,-110,1007,236599,3065,2506,242170,53.55%,54.81%,
105/04/13,762,0,-1,761,235482,3065,2616,241163,53.30%,54.59%,
105/04/12,223,10,25,258,234720,3065,2617,240402,53.12%,54.41%,
105/04/11,-463,0,6,-457,235214,3055,2592,240861,53.24%,54.52%,
105/04/08,205,0,36,241,235677,3055,2586,241318,53.34%,54.62%,
105/04/07,432,0,19,451,235462,3055,2550,241067,53.29%,54.56%,
105/04/06,793,0,131,924,235030,3055,2531,240616,53.19%,54.46%,
105/04/01,-242,0,-24,-266,234237,3055,2400,239692,53.01%,54.25%,
105/03/31,-910,10,19,-881,234479,3055,2424,239958,53.07%,54.31%,
105/03/30,-285,0,16,-269,235389,2890,2405,240684,53.28%,54.48%,
105/03/29,-1988,10,24,-1954,235519,2890,2389,240798,53.30%,54.50%,
105/03/28,-1688,0,-214,-1902,237415,2880,2365,242660,53.73%,54.92%,
105/03/25,-330,-497,-367,-1194,239103,2880,2579,244562,54.12%,55.36%,
105/03/24,-164,0,19,-145,239433,3377,2946,245756,54.19%,55.62%,
105/03/23,-749,10,17,-722,239597,3377,2927,245901,54.23%,55.66%,
105/03/22,683,0,-141,542,240346,3367,2910,246623,54.40%,55.82%,
105/03/21,-670,-87,-219,-976,239662,3367,3051,246080,54.24%,55.69%,
105/03/18,-217,0,-95,-312,240332,3454,3270,247056,54.39%,55.91%,
105/03/17,-1675,10,-520,-2185,240560,3454,3365,247379,54.45%,56.00%,
105/03/16,2426,0,418,2844,242235,3444,3885,249564,54.82%,56.48%,
105/03/15,-411,10,-103,-504,239809,3444,3467,246720,54.28%,55.85%,
105/03/14,621,0,314,935,240220,3434,3570,247224,54.37%,55.96%,
105/03/11,-1278,0,27,-1251,239599,3434,3256,246289,54.23%,55.75%,
105/03/10,334,230,108,672,240877,3434,3229,247540,54.59%,56.10%,
105/03/09,-942,-222,-185,-1349,240543,3204,3121,246868,54.52%,55.95%,
105/03/08,53,-151,-287,-385,241485,3426,3306,248217,54.73%,56.26%,
105/03/07,38,-82,-180,-224,241433,3577,3593,248603,54.72%,56.35%,
105/03/04,445,0,163,608,241395,3659,3773,248827,54.71%,56.39%,
105/03/03,650,20,-110,560,240950,3659,3610,248219,54.61%,56.26%,
105/03/02,-1306,115,-201,-1392,240300,3639,3720,247659,54.46%,56.13%,
105/03/01,1685,0,415,2100,241605,3524,3921,249050,54.76%,56.45%,
105/02/26,-356,0,351,-5,239920,3524,3506,246950,54.38%,55.97%,
105/02/25,1189,5,62,1256,240276,3524,3155,246955,54.46%,55.97%,
105/02/24,-1,0,-60,-61,239087,3519,3093,245699,54.19%,55.69%,
105/02/23,226,0,52,278,239088,3519,3153,245760,54.19%,55.70%,
105/02/22,-549,0,144,-405,238863,3519,3101,245483,54.14%,55.64%,
105/02/19,-264,0,150,-114,239490,3519,2957,245966,54.28%,55.75%,
105/02/18,802,-387,65,480,239754,3519,2807,246080,54.34%,55.77%,
105/02/17,280,-178,-34,68,238951,3906,2742,245599,54.16%,55.67%,
105/02/16,392,-613,187,-34,238671,4084,2776,245531,54.09%,55.64%,
105/02/15,-532,-169,-40,-741,238279,4697,2589,245565,54.00%,55.65%,
105/02/03,550,0,-218,332,238811,4866,2629,246306,54.12%,55.82%,
105/02/02,-459,-50,49,-460,238229,4866,2847,245942,53.99%,55.74%,
105/02/01,-70,10,-146,-206,238688,4916,2798,246402,54.10%,55.85%,
105/01/30,0,7,22,29,238713,4906,2944,246563,54.10%,55.88%,
105/01/29,-140,0,244,104,238713,4899,2922,246534,54.10%,55.87%,
105/01/28,-51,122,-14,57,238853,4899,2678,246430,54.13%,55.85%,
105/01/27,-507,279,-9,-237,238904,4777,2692,246373,54.15%,55.84%,
105/01/26,-299,10,-29,-318,239410,4498,2701,246609,54.26%,55.89%,
105/01/25,185,320,172,677,239709,4488,2730,246927,54.33%,55.97%,
105/01/22,-199,0,66,-133,239524,4168,2558,246250,54.29%,55.81%,
105/01/21,855,60,-59,856,239723,4168,2492,246383,54.33%,55.84%,
105/01/20,-747,21,44,-682,238968,4108,2551,245627,54.16%,55.67%,
105/01/19,67,-1,-83,-17,240015,4087,2507,246609,54.40%,55.89%,
105/01/18,658,0,-64,594,239948,4088,2590,246626,54.38%,55.89%,
105/01/15,238,-6,39,271,239290,4088,2654,246032,54.23%,55.76%,
105/01/14,23,-188,-242,-407,239051,4094,2615,245760,54.18%,55.70%,
105/01/13,-332,0,-67,-399,239029,4282,2857,246168,54.17%,55.79%,
105/01/12,432,-327,-28,77,239360,4282,2924,246566,54.25%,55.88%,
105/01/11,190,-125,42,107,238928,4609,2952,246489,54.15%,55.86%,
105/01/08,2213,0,13,2226,238738,4734,2910,246382,54.11%,55.84%,
105/01/07,1659,-2813,-591,-1745,236693,4734,2897,244324,53.64%,55.37%,
105/01/06,-432,-149,107,-474,235034,7547,3488,246069,53.26%,55.76%,
105/01/05,692,-150,160,702,235466,7696,3381,246543,53.36%,55.87%,
105/01/04,834,-121,268,981,234775,7846,3221,245842,53.21%,55.72%,
104/12/31,128,-75,-13,40,233985,7967,2953,244905,53.03%,55.50%,
104/12/30,-660,-80,-180,-920,233857,7766,2966,244589,53.00%,55.43%,
104/12/29,-482,-45,-414,-941,234564,7846,3146,245556,53.16%,55.65%,
104/12/28,1474,-376,452,1550,235046,7891,3560,246497,53.27%,55.87%,
104/12/25,-141,-764,-86,-991,233572,8267,3108,244947,52.93%,55.51%,
104/12/24,629,-516,67,180,233713,9031,3194,245938,52.97%,55.74%,
104/12/23,1945,-80,-323,1542,233084,9547,3127,245758,52.82%,55.69%,
104/12/22,30,-39,-117,-126,231139,9627,3450,244216,52.38%,55.34%,
104/12/21,-347,85,96,-166,231110,9666,3567,244343,52.38%,55.38%,
104/12/18,959,0,-130,829,231457,9581,3471,244509,52.45%,55.41%,
104/12/17,-112,348,-862,-626,230498,9581,3601,243680,52.24%,55.23%,
104/12/16,1973,-250,824,2547,230562,9233,4463,244258,52.25%,55.35%,
104/12/15,267,0,208,475,228584,9483,3639,241706,51.80%,54.77%,
104/12/14,376,-2,-64,310,228299,9483,3431,241213,51.74%,54.67%,
104/12/11,-545,0,-60,-605,227913,9485,3495,240893,51.65%,54.59%,
104/12/10,324,85,44,453,228308,9485,3555,241348,51.74%,54.70%,
104/12/09,-563,0,-76,-639,227985,9400,3511,240896,51.67%,54.60%,
104/12/08,694,125,427,1246,228458,9400,3587,241445,51.77%,54.71%,
104/12/07,560,-85,132,607,227764,9275,3160,240199,51.62%,54.44%,
104/12/04,-1566,-78,-51,-1695,227204,9360,3028,239592,51.49%,54.30%,
104/12/03,-1208,-30,-5,-1243,228770,9438,3079,241287,51.85%,54.69%,
104/12/02,-498,0,-31,-529,229978,9468,3084,242530,52.12%,54.96%,
104/12/01,255,18,56,329,230476,9468,3115,243059,52.23%,55.08%,
104/11/30,-856,0,-74,-930,230221,9450,3059,242730,52.17%,55.01%,
104/11/27,-657,-62,5,-714,231077,9450,3133,243660,52.37%,55.22%,
104/11/26,-612,220,34,-358,231734,9512,3128,244374,52.52%,55.38%,
104/11/25,-142,228,-19,67,232346,9292,3094,244732,52.66%,55.47%,
104/11/24,-2309,58,-125,-2376,232488,9064,3113,244665,52.69%,55.45%,
104/11/23,-455,0,-855,-1310,234797,9006,3238,247041,53.21%,55.99%,
104/11/20,539,-145,713,1107,235317,9006,4093,248416,53.33%,56.30%,
104/11/19,1178,-452,191,917,234778,9151,3380,247309,53.21%,56.05%,
104/11/18,-1989,0,-316,-2305,233600,9603,3189,246392,52.94%,55.84%,
104/11/17,-1425,0,673,-752,235589,9603,3505,248697,53.39%,56.36%,
104/11/16,-3404,790,73,-2541,237013,9603,2832,249448,53.71%,56.53%,
104/11/13,-76,-406,143,-339,240362,8813,2759,251934,54.47%,57.09%,
104/11/12,211,58,-469,-200,240439,9219,2616,252274,54.49%,57.17%,
104/11/11,-217,0,-646,-863,240228,9161,3085,252474,54.44%,57.22%,
104/11/10,280,0,-687,-407,240435,9161,3731,253327,54.49%,57.41%,
104/11/09,-836,0,1255,419,240155,9161,4418,253734,54.43%,57.51%,
104/11/06,-560,0,25,-535,240991,9161,3163,253315,54.61%,57.40%,
104/11/05,900,0,-79,821,241551,9161,3138,253850,54.74%,57.53%,
104/11/04,-934,4,-935,-1865,240651,9161,3217,253029,54.54%,57.35%,
104/11/03,-186,-743,556,-373,241585,9157,4152,254894,54.75%,57.77%,
104/11/02,-1478,-110,142,-1446,241771,9900,3596,255267,54.79%,57.85%,
104/10/30,983,-1285,-28,-330,243249,10010,3454,256713,55.13%,58.18%,
104/10/29,-639,-237,323,-553,242266,11295,3482,257043,54.90%,58.25%,
104/10/28,545,-880,-56,-391,242905,11532,3159,257596,55.05%,58.38%,
104/10/27,-769,0,-429,-1198,242360,12412,3215,257987,54.93%,58.47%,
104/10/26,-817,0,-265,-1082,243210,12412,3644,259266,55.12%,58.76%,
104/10/23,-170,0,1026,856,243547,12412,3909,259868,55.19%,58.89%,
104/10/22,1227,0,-321,906,243716,12412,2883,259011,55.23%,58.70%,
104/10/21,-268,0,126,-142,242489,12412,3204,258105,54.95%,58.49%,
104/10/20,1495,-100,-88,1307,242757,12412,3078,258247,55.02%,58.53%,
104/10/19,-265,0,176,-89,241285,12512,3166,256963,54.68%,58.23%,
104/10/16,-689,0,-208,-897,241550,12512,2990,257052,54.74%,58.25%,
104/10/15,631,0,351,982,242191,12512,3198,257901,54.89%,58.45%,
104/10/14,905,0,58,963,241560,12512,2847,256919,54.74%,58.22%,
104/10/13,106,0,125,231,240655,12512,2789,255956,54.54%,58.01%,
104/10/12,1163,200,-187,1176,240549,12512,2664,255725,54.51%,57.95%,
104/10/08,393,620,-999,14,239535,12312,2851,254698,54.29%,57.73%,
104/10/07,1449,178,210,1837,239122,11692,3850,254664,54.19%,57.71%,
104/10/06,-343,0,299,-44,237667,11514,3640,252821,53.86%,57.29%,
104/10/05,700,908,-88,1520,238029,11514,3341,252884,53.94%,57.31%,
104/10/02,2713,3,-493,2223,237319,10606,3429,251354,53.78%,56.96%,
104/10/01,-754,1085,879,1210,234606,10603,3922,249131,53.17%,56.46%,
104/09/30,1998,-139,-36,1823,235499,9518,3043,248060,53.37%,56.22%,
104/09/25,1096,-525,-516,55,233501,10956,3079,247536,52.92%,56.11%,
104/09/24,-686,-55,398,-343,232405,11481,3595,247481,52.67%,56.10%,
104/09/23,229,900,-473,656,233081,11536,3197,247814,52.82%,56.17%,
104/09/22,1511,1,94,1606,233029,10636,3670,247335,52.81%,56.06%,
104/09/21,1389,-1,-155,1233,231518,10635,3576,245729,52.47%,55.70%,
104/09/18,1155,0,-1194,-39,230174,10636,3731,244541,52.16%,55.43%,
104/09/17,1743,-8,1737,3472,229047,10636,4925,244608,52.11%,55.65%,
104/09/16,1120,0,-210,910,227304,10644,3188,241136,51.71%,54.86%,
104/09/15,560,-200,-79,281,225994,10644,3398,240036,51.41%,54.60%,
104/09/14,1731,0,-232,1499,225434,10844,3477,239755,51.28%,54.54%,
104/09/11,334,374,-600,108,223769,10844,3709,238322,50.91%,54.22%,
104/09/10,2761,-75,451,3137,223435,10470,4309,238214,50.83%,54.19%,
104/09/09,1148,0,-504,644,220674,10545,3858,235077,50.20%,53.48%,
104/09/08,1294,0,428,1722,219526,10545,4362,234433,49.94%,53.33%,
104/09/07,169,0,330,499,218232,10545,3934,232711,49.65%,52.94%,
104/09/04,1800,-186,-619,995,218063,10545,3604,232212,49.61%,52.83%,
104/09/03,2606,186,-126,2666,216263,10731,4223,231217,49.20%,52.60%,
104/09/02,2045,-150,-640,1255,213692,10545,4349,228586,48.61%,52.00%,
104/09/01,1681,88,1418,3187,211690,10695,4989,227374,48.16%,51.73%,
104/08/31,1402,847,97,2346,210009,10607,3571,224187,47.78%,51.01%,
104/08/28,928,0,262,1190,208607,9760,3474,221841,47.46%,50.47%,
104/08/27,136,105,295,536,207679,9760,3212,220651,47.25%,50.20%,
104/08/26,-403,432,298,327,207543,9655,2917,220115,47.21%,50.07%,
104/08/25,419,111,112,642,207936,9223,2619,219778,47.30%,49.99%,
104/08/24,-156,0,-476,-632,207452,9112,2507,219071,47.19%,49.83%,
104/08/21,609,-800,-519,-710,207608,9112,2983,219703,47.23%,49.98%,
104/08/20,2542,-339,792,2995,206999,9912,3502,220413,47.09%,50.14%,
104/08/19,3052,0,-26,3026,204447,10251,2710,217408,46.51%,49.46%,
104/08/18,945,436,-565,816,200898,10251,2736,213885,45.70%,48.65%,
104/08/17,2516,1152,-520,3148,199953,9815,3301,213069,45.49%,48.47%,
104/08/14,-198,157,-149,-190,197187,8663,3821,209671,44.86%,47.70%,
104/08/13,412,0,1302,1714,197360,8506,3970,209836,44.90%,47.74%,
104/08/12,541,0,147,688,196862,8506,2668,208036,44.78%,47.32%,
104/08/11,246,0,331,577,196328,8506,2521,207355,44.66%,47.17%,
104/08/10,-90,0,-513,-603,196072,8506,2190,206768,44.60%,47.03%,
104/08/07,-108,0,567,459,196135,8506,2703,207344,44.62%,47.17%,
104/08/06,330,0,497,827,196328,8506,2136,206970,44.66%,47.08%,
104/08/05,-38,0,-250,-288,195988,8506,1639,206133,44.59%,46.90%,
104/08/04,-80,0,-194,-274,196371,8506,1889,206766,44.67%,47.04%,
104/08/03,-203,0,-52,-255,196451,8506,2083,207040,44.69%,47.10%,
104/07/31,-64,0,-91,-155,196099,8506,2135,206740,44.61%,47.04%,
104/07/30,-469,0,-825,-1294,196163,8506,2226,206895,44.63%,47.08%,
104/07/29,332,0,738,1070,196632,8506,3051,208189,44.73%,47.36%,
104/07/28,743,5,237,985,196431,8506,2313,207250,44.69%,47.16%,
104/07/27,170,-300,-210,-340,195688,8501,2076,206265,44.52%,46.93%,
104/07/24,-1124,444,-39,-719,195518,8801,2286,206605,44.48%,47.01%,
104/07/23,440,0,-188,252,196642,8357,2325,207324,44.73%,47.17%,
104/07/22,246,-125,-185,-64,196202,8357,2513,207072,44.63%,47.11%,
104/07/21,-418,0,-114,-532,196156,8482,2698,207336,44.62%,47.17%,
104/07/20,1576,0,-144,1432,196574,8482,2812,207868,44.72%,47.29%,
104/07/17,500,8,-67,441,194998,8482,2956,206436,44.36%,46.97%,
104/07/16,706,0,-8,698,194558,8474,3023,206055,44.26%,46.88%,
104/07/15,-3,3,-44,-44,193852,8474,3031,205357,44.10%,46.72%,
104/07/14,-267,0,-196,-463,193962,8471,3075,205508,44.12%,46.75%,
104/07/13,-1322,0,-507,-1829,194318,8471,3271,206060,44.21%,46.89%,
104/07/09,-626,0,474,-152,195489,8471,3778,207738,44.47%,47.26%,
104/07/08,979,503,649,2131,196115,8471,3304,207890,44.61%,47.29%,
104/07/07,-301,0,92,-209,195136,7968,2655,205759,44.39%,46.81%,
104/07/06,-161,0,-55,-216,195437,7968,2563,205968,44.46%,46.86%,
104/07/03,-115,0,-42,-157,195598,7968,2618,206184,44.50%,46.91%,
104/07/02,-43,0,-18,-61,195713,7968,2660,206341,44.52%,46.94%,
104/07/01,636,0,-156,480,195756,7968,2678,206402,44.53%,46.96%,
104/06/30,-330,0,-137,-467,195120,7968,2834,205922,44.39%,46.85%,
104/06/29,21,0,-455,-434,195450,8103,2971,206524,44.46%,46.98%,
104/06/26,-1125,0,-256,-1381,195429,8103,3426,206958,44.46%,47.09%,
104/06/25,3082,0,1027,4109,196704,8103,3682,208489,44.75%,47.44%,
104/06/24,125,-15,-20,90,193622,8103,2655,204380,44.05%,46.50%,
104/06/23,-884,0,273,-611,193511,8118,2675,204304,44.02%,46.48%,
104/06/22,-1165,-3,180,-988,194245,8118,2402,204765,44.19%,46.59%,
104/06/18,230,0,381,611,349979,8121,2222,360322,79.75%,82.11%,
104/06/17,268,0,25,293,349749,8121,1841,359711,79.70%,81.97%,
104/06/16,-2900,0,-128,-3028,349481,8121,1816,359418,79.63%,81.90%,
104/06/15,353,0,-25,328,352369,8121,1944,362434,80.29%,82.58%,
104/06/12,-118,0,8,-110,352016,8121,1969,362106,80.21%,82.51%,
104/06/11,-1209,0,-494,-1703,352279,8121,1961,362361,80.27%,82.57%,
104/06/10,-1861,0,-24,-1885,353488,8121,2455,364064,80.55%,82.96%,
104/06/09,-704,-5,-282,-991,355149,8121,2479,365749,80.93%,83.35%,
104/06/08,-1195,0,-34,-1229,355853,8126,2761,366740,81.09%,83.57%,
104/06/05,253,-173,-58,22,357048,8126,2795,367969,81.36%,83.85%,
104/06/04,32,-1,-1041,-1010,356795,8299,2853,367947,81.30%,83.84%,
104/06/03,1327,0,-1363,-36,356895,8300,3894,369089,81.32%,84.10%,
104/06/02,1,-1076,1792,717,355568,8300,5257,369125,81.02%,84.11%,
104/06/01,387,0,-15,372,355567,9376,3465,368408,81.02%,83.95%,
104/05/29,1614,0,-7,1607,355180,9376,3480,368036,80.93%,83.86%,
104/05/28,724,-19,216,921,353566,9376,3487,366429,80.57%,83.50%,
104/05/27,1167,0,-98,1069,352842,9395,3271,365508,80.40%,83.29%,
104/05/26,-1087,0,-274,-1361,351675,9395,3369,364439,80.13%,83.04%,
104/05/25,-59,0,-402,-461,352980,9395,3643,366018,80.43%,83.40%,
104/05/22,4297,100,179,4576,353029,9395,4045,366469,80.44%,83.50%,
104/05/21,3502,69,65,3636,348679,9295,3866,361840,79.45%,82.45%,
104/05/20,4325,0,-467,3858,344878,9226,3801,357905,78.59%,81.56%,
104/05/19,49,0,674,723,340672,9226,4268,354166,77.63%,80.71%,
104/05/18,-271,0,19,-252,340574,9226,3594,353394,77.60%,80.52%,
104/05/15,593,41,-287,347,340845,9226,3575,353646,77.67%,80.59%,
104/05/14,894,-200,28,722,340252,9185,3862,353299,77.53%,80.50%,
104/05/13,869,-490,556,935,339618,9385,3834,352837,77.39%,80.40%,
104/05/12,-2427,0,79,-2348,338749,9875,3278,351902,77.19%,80.19%,
104/05/11,-574,-160,-541,-1275,341176,9875,3199,354250,77.74%,80.72%,
104/05/08,-45,-100,67,-78,341750,10035,3740,355525,77.87%,81.01%,
104/05/07,-200,0,-69,-269,341919,10135,3673,355727,77.91%,81.06%,
104/05/06,186,-115,145,216,342119,10135,3742,355996,77.96%,81.12%,
104/05/05,-249,0,-103,-352,342254,10250,3597,356101,77.99%,81.15%,
104/05/04,-194,-180,710,336,342503,10250,3700,356453,78.04%,81.22%,
104/04/30,1334,0,21,1355,342829,10430,2990,356249,78.12%,81.18%,
104/04/29,400,-301,-402,-303,341504,10430,2969,354903,77.82%,80.87%,
104/04/28,-880,-84,-339,-1303,341094,10731,3371,355196,77.72%,80.93%,
104/04/27,-57,-1353,-117,-1527,341975,10815,3710,356500,77.92%,81.23%,
104/04/24,568,-819,70,-181,342006,12168,3827,358001,77.93%,81.58%,
104/04/23,-444,-996,95,-1345,342031,12987,3757,358775,77.94%,81.76%,
104/04/22,-201,-1514,40,-1675,342257,13983,3662,359902,77.99%,82.01%,
104/04/21,233,-1207,-470,-1444,342458,15497,3622,361577,78.03%,82.39%,
104/04/20,-2058,-551,-32,-2641,342206,16704,4092,363002,77.98%,82.72%,
104/04/17,281,80,-28,333,343253,17255,4124,364632,78.22%,83.09%,
104/04/16,2478,44,85,2607,342962,17175,4152,364289,78.15%,83.01%,
104/04/15,261,-53,-217,-9,340484,17131,4067,361682,77.58%,82.41%,
104/04/14,1463,-113,65,1415,340262,17184,4284,361730,77.53%,82.42%,
104/04/13,3322,-141,-971,2210,338491,17297,4219,360007,77.13%,82.05%,
104/04/10,2414,0,1407,3821,335166,17438,5190,357794,76.37%,81.54%,
104/04/09,-256,0,-697,-953,332597,17438,3783,353818,75.79%,80.64%,
104/04/08,3091,-300,-43,2748,332853,17438,4480,354771,75.85%,80.86%,
104/04/07,-1559,-581,-306,-2446,329772,17738,4523,352033,75.14%,80.23%,
104/04/02,-897,-361,-749,-2007,331331,18319,4829,354479,75.50%,80.83%,
104/04/01,1215,-1169,146,192,332228,18680,5578,356486,75.70%,81.28%,
104/03/31,1803,-116,-160,1527,331003,19849,5432,356284,75.42%,81.24%,
104/03/30,1217,-225,-592,400,329201,21393,5592,356186,75.01%,81.22%,
104/03/27,34,-197,-777,-940,327984,21618,6184,355786,74.74%,81.14%,
104/03/26,-5175,-4132,-655,-9962,327950,21815,6961,356726,75.02%,81.64%,
104/03/25,-2623,-3193,-1213,-7029,332689,25947,7616,366252,76.11%,83.83%,
104/03/24,783,-71,-563,149,335312,29140,8829,373281,76.71%,85.45%,
104/03/23,1912,-419,702,2195,334529,29211,9392,373132,76.53%,85.41%,
104/03/20,3770,37,-952,2855,332617,29630,8690,370937,76.09%,84.91%,
104/03/19,2868,-209,-773,1886,328847,29593,9642,368082,75.23%,84.26%,
104/03/18,3268,-87,1188,4369,325979,29802,10415,366196,74.57%,83.82%,
104/03/17,513,-34,-196,283,322711,29889,9227,361827,73.82%,82.82%,
104/03/16,-362,888,-64,462,322260,29923,9423,361606,73.72%,82.77%,
104/03/13,605,-300,-1203,-898,322622,29035,9487,361144,73.80%,82.66%,
104/03/12,2686,813,-474,3025,322017,29335,10690,362042,73.67%,82.88%,
104/03/11,2326,976,408,3710,319284,28522,11164,358970,73.04%,82.17%,
104/03/10,559,-356,-504,-301,316943,27546,10756,355245,72.50%,81.31%,
104/03/09,-486,-637,-2429,-3552,316384,27902,11260,355546,72.38%,81.39%,
104/03/06,470,329,4378,5177,316870,28539,13689,359098,72.49%,82.21%,
104/03/05,998,-578,-54,366,316400,28210,9311,353921,72.38%,81.01%,
104/03/04,547,-321,-764,-538,315402,28788,9365,353555,72.15%,80.93%,
104/03/03,-934,-211,-360,-1505,314855,29109,10129,354093,72.03%,81.06%,
104/03/02,-2650,184,117,-2349,315789,29320,10489,355598,72.24%,81.40%,
104/02/26,1148,111,-491,768,318700,29136,10372,358208,72.91%,82.00%,
104/02/25,735,672,787,2194,317730,29025,10863,357618,72.68%,81.86%,
104/02/24,1254,0,712,1966,317434,28353,10076,355863,72.62%,81.46%,
104/02/13,1327,-1064,-569,-306,316180,28353,9364,353897,72.33%,81.01%,
104/02/12,246,-54,-848,-656,315090,29417,9933,354440,72.08%,81.13%,
104/02/11,-145,-200,920,575,314844,29471,10781,355096,72.02%,81.28%,
104/02/10,359,226,63,648,314989,29671,9861,354521,72.06%,81.15%,
104/02/09,1312,99,-175,1236,314620,29445,9798,353863,71.97%,81.00%,
104/02/06,1101,-35,-591,475,313298,29346,9973,352617,71.67%,80.72%,
104/02/05,-346,-100,946,500,311758,29381,10564,351703,71.32%,80.51%,
104/02/04,48,0,487,535,312019,29481,9618,351118,71.38%,80.38%,
104/02/03,-221,61,-479,-639,311956,29481,9131,350568,71.36%,80.24%,
104/02/02,-850,-351,793,-408,311991,29420,9610,351021,71.37%,80.35%,
104/01/30,315,-244,-697,-626,312795,29771,8817,351383,71.56%,80.44%,
104/01/29,-729,-501,-1025,-2255,312480,30015,9514,352009,71.48%,80.57%,
104/01/28,561,-159,1342,1744,313209,30516,10539,354264,71.65%,81.10%,
104/01/27,-784,-128,-313,-1225,312844,30675,9197,352716,71.57%,80.74%,
104/01/26,-1540,-62,572,-1030,313971,30803,9510,354284,71.82%,81.09%,
104/01/23,2119,-826,-760,533,315511,30865,8938,355314,72.18%,81.34%,
104/01/22,330,-351,-538,-559,313392,31691,9698,354781,71.69%,81.21%,
104/01/21,-515,2731,-895,1321,313062,32042,10236,355340,71.62%,81.35%,
104/01/20,5865,2647,1133,9645,313577,29311,11131,354019,71.73%,81.03%,
104/01/19,1663,925,314,2902,307953,26664,9998,344615,70.45%,78.88%,
104/01/16,-265,1853,-2832,-1244,306290,25739,9684,341713,70.07%,78.22%,
104/01/15,4130,1460,4001,9591,306546,23886,12516,342948,70.13%,78.50%,
104/01/14,1213,100,1472,2785,302416,22426,8515,333357,69.18%,76.30%,
104/01/13,-537,-79,-3,-619,301203,22326,7043,330572,68.90%,75.66%,
104/01/12,170,-491,-313,-634,301740,22405,7046,331191,69.03%,75.81%,
104/01/09,387,-80,147,454,301557,22896,7359,331812,68.98%,75.94%,
104/01/08,380,-123,995,1252,301233,22976,7212,331421,68.91%,75.86%,
104/01/07,1072,153,360,1585,300767,23099,6217,330083,68.80%,75.54%,
104/01/06,-1267,-513,-533,-2313,299695,22946,5857,328498,68.56%,75.20%,
104/01/05,-1489,0,228,-1261,300962,23459,6390,330811,68.85%,75.73%,
