日期,外資買賣超,投信買賣超,自營商買賣超,單日合計買賣超,外資估計持股,投信估計持股,自營商估計持股,單日合計估計持股,外資持股比重,三大法人持股比重,
107/03/31,-5,0,13,8,91985,4619,7118,103722,33.52%,37.80%,
107/03/30,37,8,-9,36,91990,4619,7105,103714,33.52%,37.79%,
107/03/29,-68,54,56,42,91953,4611,7114,103678,33.51%,37.78%,
107/03/28,579,71,-3,647,92151,4557,7058,103766,33.58%,37.81%,
107/03/27,-383,106,19,-258,91589,4486,7061,103136,33.38%,37.59%,
107/03/26,360,15,28,403,91934,4380,7042,103356,33.50%,37.66%,
107/03/23,274,6,0,280,91666,4365,7014,103045,33.41%,37.56%,
107/03/22,41,-34,-85,-78,91548,4359,7014,102921,33.36%,37.51%,
107/03/21,948,127,309,1384,91604,4393,7099,103096,33.38%,37.57%,
107/03/20,-46,-25,6,-65,90611,4266,6790,101667,33.02%,37.05%,
107/03/19,-101,0,7,-94,90603,4291,6784,101678,33.02%,37.06%,
107/03/16,-8,0,-58,-66,90615,4291,6777,101683,33.02%,37.05%,
107/03/15,87,-15,30,102,90603,4291,6835,101729,33.02%,37.08%,
107/03/14,-67,0,37,-30,90566,4306,6805,101677,33.00%,37.05%,
107/03/13,59,6,-57,8,90693,4306,6768,101767,33.05%,37.09%,
107/03/12,714,1,-39,676,90634,4300,6825,101759,33.03%,37.08%,
107/03/09,882,145,-264,763,89950,4299,6864,101113,32.78%,36.85%,
107/03/08,-43,50,328,335,89025,4154,7128,100307,32.44%,36.55%,
107/03/07,192,4,-101,95,89022,4104,6800,99926,32.44%,36.41%,
107/03/06,107,65,221,393,88730,4100,6901,99731,32.33%,36.34%,
107/03/05,-105,-7,-7,-119,88591,4035,6680,99306,32.28%,36.19%,
107/03/02,-43,25,10,-8,88855,4042,6687,99584,32.38%,36.29%,
107/03/01,-749,13,-8,-744,88681,4017,6677,99375,32.32%,36.22%,
107/02/27,78,148,47,273,89353,4004,6685,100042,32.56%,36.46%,
107/02/26,7,109,-43,73,89270,3856,6638,99764,32.53%,36.35%,
107/02/23,120,0,-82,38,89243,3747,6681,99671,32.52%,36.32%,
107/02/22,543,41,73,657,89028,3747,6763,99538,32.44%,36.27%,
107/02/21,901,99,185,1185,88419,3706,6690,98815,32.22%,36.01%,
107/02/12,-324,53,-106,-377,87596,3607,6505,97708,31.92%,35.61%,
107/02/09,1639,106,-83,1662,87790,3554,6611,97955,31.99%,35.69%,
107/02/08,-135,-1,91,-45,86173,3448,6694,96315,31.40%,35.10%,
107/02/07,733,-35,248,946,86438,3449,6603,96490,31.50%,35.16%,
107/02/06,-272,-87,-442,-801,85741,3484,6355,95580,31.25%,34.84%,
107/02/05,-585,15,-147,-717,85978,3571,6797,96346,31.33%,35.11%,
107/02/02,-323,-13,47,-289,86472,3556,6944,96972,31.51%,35.34%,
107/02/01,160,-250,13,-77,86741,3569,6897,97207,31.61%,35.42%,
107/01/31,-294,-60,-21,-375,86546,3819,6884,97249,31.54%,35.44%,
107/01/30,8,-9,-133,-134,86921,3879,6905,97705,31.68%,35.61%,
107/01/29,-146,-124,14,-256,86865,3888,7038,97791,31.66%,35.64%,
107/01/26,-43,6,9,-28,86999,4012,7024,98035,31.70%,35.72%,
107/01/25,234,1,-68,167,86921,4006,7015,97942,31.68%,35.70%,
107/01/24,-1,-24,1,-24,86662,4005,7083,97750,31.58%,35.62%,
107/01/23,-66,16,-74,-124,87107,4029,7082,98218,31.74%,35.79%,
107/01/22,247,-22,10,235,87173,4013,7156,98342,31.77%,35.84%,
107/01/19,-374,-76,-165,-615,87220,4035,7146,98401,31.78%,35.86%,
107/01/18,-112,247,505,640,87833,4111,7311,99255,32.01%,36.17%,
107/01/17,-10,-12,-33,-55,87700,3864,6806,98370,31.96%,35.85%,
107/01/16,-228,-2,-82,-312,87940,3876,6839,98655,32.05%,35.96%,
107/01/15,53,0,183,236,88196,3878,6921,98995,32.14%,36.08%,
107/01/12,-7,-30,-30,-67,88121,3878,6738,98737,32.11%,35.98%,
107/01/11,41,-28,-22,-9,88113,3908,6768,98789,32.11%,36.00%,
107/01/10,114,-12,-140,-38,88164,3936,6790,98890,32.13%,36.04%,
107/01/09,-24,13,73,62,87958,3947,6930,98835,32.05%,36.01%,
107/01/08,-85,-40,15,-110,87972,3934,6857,98763,32.06%,35.99%,
107/01/05,-13,100,-132,-45,88057,3974,6842,98873,32.09%,36.03%,
107/01/04,-136,-10,242,96,88082,3874,6974,98930,32.10%,36.05%,
107/01/03,375,-60,-23,292,88694,3884,6732,99310,32.32%,36.19%,
107/01/02,-79,-22,13,-88,88280,3944,6755,98979,32.17%,36.07%,
106/12/29,300,55,-57,298,88334,3966,6742,99042,32.19%,36.09%,
106/12/28,155,49,170,374,88034,3856,6799,98689,32.08%,35.96%,
106/12/27,282,133,127,542,87869,3807,6629,98305,32.02%,35.82%,
106/12/26,99,-2,-25,72,87779,3674,6502,97955,31.99%,35.70%,
106/12/25,109,0,-53,56,87680,3676,6527,97883,31.95%,35.67%,
106/12/22,60,0,-132,-72,87571,3676,6580,97827,31.91%,35.65%,
106/12/21,-63,0,-28,-91,87511,3676,6712,97899,31.89%,35.68%,
106/12/20,24,4,98,126,86952,3676,6740,97368,31.69%,35.49%,
106/12/19,273,-17,6,262,86801,3672,6642,97115,31.63%,35.39%,
106/12/18,-60,3,-90,-147,86399,3690,6636,96725,31.49%,35.25%,
106/12/15,76,-1,-80,-5,86429,3687,6726,96842,31.50%,35.30%,
106/12/14,22,3,28,53,86922,3688,6806,97416,31.68%,35.50%,
106/12/13,-178,4,-206,-380,87116,3685,6778,97579,31.75%,35.56%,
106/12/12,481,-12,565,1034,87275,3681,6984,97940,31.80%,35.69%,
106/12/11,-202,96,-151,-257,86779,3693,6419,96891,31.62%,35.31%,
106/12/08,-62,198,-252,-116,86949,3597,6570,97116,31.69%,35.40%,
106/12/07,384,35,-239,180,86916,3399,6822,97137,31.67%,35.40%,
106/12/06,-101,80,-566,-587,87301,3364,7061,97726,31.81%,35.61%,
106/12/05,649,462,436,1547,87335,3284,7627,98246,31.83%,35.81%,
106/12/04,902,-53,284,1133,86669,2822,7191,96682,31.58%,35.23%,
106/12/01,-481,-25,-102,-608,85787,2875,6907,95569,31.26%,34.83%,
106/11/30,-363,198,299,134,86410,2900,7009,96319,31.49%,35.10%,
106/11/29,245,-21,2,226,86783,2702,6709,96194,31.63%,35.06%,
106/11/28,-76,-140,143,-73,86533,2723,6707,95963,31.53%,34.97%,
106/11/27,-46,-314,-238,-598,86885,2863,6564,96312,31.66%,35.10%,
106/11/24,-400,-254,-135,-789,86865,3176,6802,96843,31.66%,35.30%,
106/11/23,-3,-94,143,46,87067,3430,6937,97434,31.73%,35.51%,
106/11/22,-353,-193,-72,-618,87080,3524,6794,97398,31.73%,35.49%,
106/11/21,77,-90,-72,-85,86648,3717,6866,97231,31.58%,35.44%,
106/11/20,-308,-61,18,-351,86343,3807,6938,97088,31.46%,35.38%,
106/11/17,-467,25,-9,-451,86649,3868,6920,97437,31.58%,35.51%,
106/11/16,-406,9,-29,-426,86982,3843,6929,97754,31.70%,35.63%,
106/11/15,-705,-103,-105,-913,87113,3834,6958,97905,31.75%,35.68%,
106/11/14,-271,-450,-190,-911,87481,3937,7063,98481,31.88%,35.89%,
106/11/13,-1496,-463,-219,-2178,87716,4387,7253,99356,31.97%,36.21%,
106/11/10,-1180,101,140,-939,89040,4850,7472,101362,32.45%,36.94%,
106/11/09,-788,-85,155,-718,90196,4749,7332,102277,32.87%,37.27%,
106/11/08,-387,-611,122,-876,91024,4834,7177,103035,33.17%,37.55%,
106/11/07,-786,-194,-307,-1287,91234,5446,7055,103735,33.25%,37.81%,
106/11/06,-304,-16,-13,-333,92069,5640,7362,105071,33.55%,38.29%,
106/11/03,-210,-43,69,-184,92374,5656,7375,105405,33.66%,38.41%,
106/11/02,-1251,-39,76,-1214,92752,5698,7306,105756,33.80%,38.54%,
106/11/01,-1043,-30,-54,-1127,93964,5738,7230,106932,34.24%,38.97%,
106/10/31,-270,53,106,-111,94763,5768,7284,107815,34.53%,39.29%,
106/10/30,-196,10,16,-170,95018,5715,7178,107911,34.63%,39.33%,
106/10/27,12,12,-14,10,95062,5705,7162,107929,34.64%,39.33%,
106/10/26,-408,-158,72,-494,95057,5693,7176,107926,34.64%,39.33%,
106/10/25,-800,-203,-11,-1014,95277,5851,7104,108232,34.72%,39.44%,
106/10/24,-311,11,145,-155,96131,6054,7116,109301,35.03%,39.83%,
106/10/23,104,-2,21,123,96448,6043,6971,109462,35.15%,39.89%,
106/10/20,-92,3,54,-35,96244,6045,6950,109239,35.07%,39.81%,
106/10/19,-172,44,-43,-171,96516,6042,6896,109454,35.17%,39.89%,
106/10/18,-316,85,82,-149,96638,5998,6939,109575,35.22%,39.94%,
106/10/17,-270,67,12,-191,96826,5913,6857,109596,35.29%,39.94%,
106/10/16,248,104,157,509,97145,5846,6845,109836,35.40%,40.03%,
106/10/13,-387,-49,-27,-463,96888,5743,6688,109319,35.31%,39.84%,
106/10/12,-573,5,4,-564,97883,5792,6715,110390,35.67%,40.23%,
106/10/11,-1349,-160,-53,-1562,98433,5787,6711,110931,35.87%,40.43%,
106/10/06,87,-48,-123,-84,99754,5947,6764,112465,36.35%,40.98%,
106/10/05,-400,20,-536,-916,99578,5995,6887,112460,36.29%,40.99%,
106/10/03,-278,224,-63,-117,99978,5975,7423,113376,36.43%,41.31%,
106/10/02,-47,68,301,322,100296,5751,7486,113533,36.55%,41.37%,
106/09/30,92,114,36,242,100343,5683,7185,113211,36.57%,41.26%,
106/09/29,-181,103,-55,-133,100251,5351,7149,112751,36.53%,41.09%,
106/09/28,-299,76,144,-79,100407,5248,7204,112859,36.59%,41.13%,
106/09/27,-48,40,33,25,100705,5172,7060,112937,36.70%,41.16%,
106/09/26,-108,55,-169,-222,100715,5132,7027,112874,36.70%,41.13%,
106/09/25,-253,438,146,331,100824,5077,7196,113097,36.74%,41.21%,
106/09/22,-291,295,-103,-99,101064,4639,7050,112753,36.83%,41.09%,
106/09/21,526,85,373,984,101188,4344,7153,112685,36.88%,41.07%,
106/09/20,-482,54,-57,-485,100607,4259,6780,111646,36.66%,40.68%,
106/09/19,-147,59,-141,-229,101052,4205,6837,112094,36.83%,40.85%,
106/09/18,-291,46,334,89,101146,4146,6978,112270,36.86%,40.91%,
106/09/15,-1112,64,190,-858,101437,4100,6644,112181,36.97%,40.89%,
106/09/14,-613,180,254,-179,102382,4036,6455,112873,37.31%,41.13%,
106/09/13,-614,61,32,-521,102995,3856,6201,113052,37.53%,41.20%,
106/09/12,-341,-100,-16,-457,103609,3796,6169,113574,37.76%,41.39%,
106/09/11,-1053,-258,-68,-1379,103980,3895,6185,114060,37.89%,41.56%,
106/09/08,-235,10,-85,-310,105107,4153,6253,115513,38.30%,42.09%,
106/09/07,49,-481,158,-274,105442,4143,6338,115923,38.43%,42.25%,
106/09/06,-1030,-263,-67,-1360,105343,4624,6180,116147,38.39%,42.33%,
106/09/05,-294,-19,7,-306,106167,4888,6247,117302,38.69%,42.75%,
106/09/04,-130,6,-152,-276,106442,4906,6239,117587,38.79%,42.85%,
106/09/01,-581,26,320,-235,106307,4901,6391,117599,38.74%,42.86%,
106/08/31,-148,10,-73,-211,106948,4875,6071,117894,38.97%,42.96%,
106/08/30,-408,0,170,-238,107095,4865,6144,118104,39.03%,43.04%,
106/08/29,-231,8,5,-218,107503,4865,5974,118342,39.18%,43.13%,
106/08/28,-95,20,4,-71,107734,4857,5969,118560,39.26%,43.21%,
106/08/25,-222,-12,8,-226,108129,4837,5965,118931,39.41%,43.35%,
106/08/24,-146,-9,35,-120,108351,4849,5957,119157,39.49%,43.43%,
106/08/23,-571,-91,449,-213,108457,4858,5922,119237,39.52%,43.45%,
106/08/22,-950,-56,92,-914,109028,4949,5473,119450,39.73%,43.53%,
106/08/21,-141,-4,1,-144,109978,5005,5381,120364,40.08%,43.87%,
106/08/18,-378,16,-47,-409,110219,5009,5380,120608,40.17%,43.96%,
106/08/17,69,21,45,135,110597,4993,5427,121017,40.30%,44.10%,
106/08/16,-180,0,-211,-391,110349,4972,5382,120703,40.21%,43.98%,
106/08/15,-216,-17,-1,-234,110529,4972,5593,121094,40.28%,44.13%,
106/08/14,78,-90,4,-8,110744,4989,5594,121327,40.36%,44.22%,
106/08/11,-4,-32,-8,-44,109066,5079,5591,119736,40.54%,44.43%,
106/08/10,45,117,-274,-112,109153,5111,5599,119863,40.57%,44.47%,
106/08/09,1699,225,-174,1750,109129,4994,5873,119996,40.57%,44.53%,
106/08/08,-339,213,-25,-151,107429,4769,6047,118245,39.93%,43.87%,
106/08/07,453,324,-144,633,107621,4556,6072,118249,40.00%,43.87%,
106/08/04,-572,495,155,78,106977,4232,6216,117425,39.77%,43.58%,
106/08/03,-96,122,29,55,107041,3737,6061,116839,39.79%,43.36%,
106/08/02,-380,183,58,-139,106810,3615,6032,116457,39.70%,43.22%,
106/08/01,-202,91,8,-103,107180,3432,5974,116586,39.84%,43.27%,
106/07/31,-367,61,2,-304,107377,3341,5966,116684,39.91%,43.30%,
106/07/28,-64,-21,-65,-150,107744,3280,5964,116988,40.05%,43.42%,
106/07/27,68,-79,-38,-49,107680,3301,6029,117010,40.03%,43.43%,
106/07/26,-185,-101,-207,-493,107363,3380,6067,116810,39.91%,43.35%,
106/07/25,-57,-26,-293,-376,107673,3481,6274,117428,40.02%,43.58%,
106/07/24,-141,-33,529,355,107926,3507,6567,118000,40.12%,43.87%,
106/07/21,-220,4,311,95,108087,3540,6038,117665,40.18%,43.74%,
106/07/20,-149,-136,164,-121,108247,3536,5727,117510,40.24%,43.68%,
106/07/19,-52,-5,111,54,108401,3672,5563,117636,40.29%,43.72%,
106/07/18,-94,-4,40,-58,108453,3677,5452,117582,40.31%,43.70%,
106/07/17,-147,-3,-22,-172,108506,3681,5412,117599,40.33%,43.71%,
106/07/14,-99,-20,-25,-144,108683,3684,5434,117801,40.40%,43.79%,
106/07/13,84,-3,-18,63,108782,3704,5459,117945,40.44%,43.85%,
106/07/12,88,-48,-42,-2,108608,3707,5477,117792,40.37%,43.78%,
106/07/11,22,-44,-34,-56,108510,3755,5519,117784,40.34%,43.79%,
106/07/10,-130,-9,86,-53,108489,3799,5553,117841,40.33%,43.81%,
106/07/07,-471,-45,38,-478,108775,3808,5467,118050,40.43%,43.88%,
106/07/06,184,-111,-16,57,109162,3853,5429,118444,40.58%,44.03%,
106/07/05,39,-84,-64,-109,108923,3964,5445,118332,40.49%,43.99%,
106/07/04,-179,-14,-46,-239,108884,4048,5509,118441,40.47%,44.02%,
106/07/03,1130,36,-86,1080,109082,4062,5555,118699,40.55%,44.13%,
106/06/30,173,-45,-257,-129,107945,4026,5641,117612,40.13%,43.72%,
106/06/29,344,18,-158,204,107772,3696,5898,117366,40.06%,43.63%,
106/06/28,320,50,72,442,107359,3678,6056,117093,39.91%,43.53%,
106/06/27,-71,85,-137,-123,107039,3628,5984,116651,39.79%,43.36%,
106/06/26,147,151,183,481,107155,3543,6120,116818,39.83%,43.42%,
106/06/23,-282,306,-104,-80,107008,3392,5937,116337,39.78%,43.25%,
106/06/22,186,55,424,665,107268,3086,6041,116395,39.87%,43.26%,
106/06/21,140,-32,127,235,107158,3031,5617,115806,39.83%,43.05%,
106/06/20,223,-0,16,239,107171,3063,5490,115724,39.84%,43.02%,
106/06/19,131,-69,89,151,106992,3064,5474,115530,39.77%,42.94%,
106/06/16,466,-708,82,-160,106877,3132,5386,115395,39.73%,42.90%,
106/06/15,125,1,-20,106,106491,3840,5304,115635,39.58%,42.98%,
106/06/14,470,85,-125,430,106461,3839,5324,115624,39.57%,42.98%,
106/06/13,254,68,10,332,106253,3754,5449,115456,39.50%,42.92%,
106/06/12,-107,42,7,-58,106131,3686,5439,115256,39.45%,42.84%,
106/06/09,-18,46,-105,-77,106262,3644,5432,115338,39.50%,42.87%,
106/06/08,-131,-60,143,-48,106169,3598,5537,115304,39.46%,42.86%,
106/06/07,212,20,-67,165,106501,3658,5394,115553,39.59%,42.96%,
106/06/06,-44,-30,3,-71,106298,3638,5461,115397,39.51%,42.89%,
106/06/05,-54,19,18,-17,106755,3668,5458,115881,39.68%,43.07%,
106/06/03,-1,-12,-72,-85,106774,3649,5440,115863,39.69%,43.07%,
106/06/02,611,415,-55,971,106775,3661,5512,115948,39.69%,43.10%,
106/06/01,24,12,-46,-10,106265,3246,5567,115078,39.50%,42.78%,
106/05/31,-227,0,-5,-232,106241,3234,5613,115088,39.49%,42.78%,
106/05/26,-341,-13,-42,-396,106508,3234,5618,115360,39.59%,42.88%,
106/05/25,-54,0,22,-32,107013,3247,5660,115920,39.78%,43.09%,
106/05/24,170,38,-60,148,107257,3247,5638,116142,39.87%,43.17%,
106/05/23,-365,20,109,-236,107213,3209,5698,116120,39.85%,43.16%,
106/05/22,47,29,-15,61,107578,3189,5589,116356,39.99%,43.25%,
106/05/19,-162,8,-37,-191,107581,3160,5604,116345,39.99%,43.25%,
106/05/18,-235,20,27,-188,107733,3152,5641,116526,40.05%,43.32%,
106/05/17,-755,54,103,-598,108184,3132,5614,116930,40.21%,43.46%,
106/05/16,-928,25,201,-702,108694,3078,5511,117283,40.40%,43.59%,
106/05/15,-68,0,21,-47,109324,3053,5310,117687,40.64%,43.75%,
106/05/12,-79,221,278,420,109491,3053,5289,117833,40.70%,43.80%,
106/05/11,-171,94,131,54,109340,2832,5011,117183,40.64%,43.56%,
106/05/10,-329,-28,-5,-362,109500,2738,4880,117118,40.70%,43.53%,
106/05/09,102,7,37,146,109476,2766,4885,117127,40.69%,43.53%,
106/05/08,64,-8,-8,48,109628,2759,4847,117234,40.75%,43.58%,
106/05/05,38,5,-55,-12,109535,2767,4855,117157,40.72%,43.55%,
106/05/04,472,1,-154,319,109549,2762,4910,117221,40.72%,43.57%,
106/05/03,337,-31,4,310,109074,2762,5064,116900,40.54%,43.45%,
106/05/02,339,-1,-131,207,108759,2793,5060,116612,40.43%,43.35%,
106/04/28,994,0,236,1230,108409,2794,5191,116394,40.30%,43.27%,
106/04/27,51,0,-11,40,107289,2794,4955,115038,39.88%,42.76%,
106/04/26,414,6,-73,347,107238,2794,4966,114998,39.86%,42.74%,
106/04/25,389,-2,90,477,106833,2788,5039,114660,39.71%,42.62%,
106/04/24,66,-8,13,71,106541,2790,4949,114280,39.60%,42.48%,
106/04/21,-83,-7,-53,-143,106475,2798,4936,114209,39.58%,42.46%,
106/04/20,73,-4,-18,51,106396,2805,4989,114190,39.55%,42.45%,
106/04/19,168,-28,-73,67,106125,2809,5007,113941,39.45%,42.36%,
106/04/18,299,-42,122,379,106200,2836,5080,114116,39.48%,42.42%,
106/04/17,63,-44,-4,15,105932,2878,4958,113768,39.38%,42.29%,
106/04/14,-34,10,-17,-41,105869,2922,4962,113753,39.35%,42.28%,
106/04/13,137,0,-11,126,105942,2912,4979,113833,39.38%,42.31%,
106/04/12,58,10,-49,19,105646,2912,4990,113548,39.27%,42.21%,
106/04/11,90,19,-167,-58,106022,2902,5039,113963,39.41%,42.36%,
106/04/10,213,-12,23,224,105972,2883,5206,114061,39.39%,42.40%,
106/04/07,-239,0,53,-186,105854,2895,5183,113932,39.35%,42.35%,
106/04/06,-602,0,-109,-711,106249,2895,5130,114274,39.49%,42.47%,
106/04/05,-980,0,-4,-984,106776,2895,5239,114910,39.69%,42.71%,
106/03/31,-540,11,-51,-580,107464,2895,5243,115602,39.95%,42.98%,
106/03/30,-745,-8,-14,-767,107704,2939,5294,115937,40.04%,43.10%,
106/03/29,-61,5,-21,-77,108463,2946,5308,116717,40.32%,43.39%,
106/03/28,160,-60,-3,97,108604,2942,5329,116875,40.37%,43.44%,
106/03/27,65,-10,-18,37,108488,3002,5332,116822,40.33%,43.43%,
106/03/24,-149,38,-38,-149,108304,3012,5350,116666,40.26%,43.37%,
106/03/23,73,18,3,94,108556,2974,5388,116918,40.35%,43.46%,
106/03/22,-543,-332,-7,-882,109107,2956,5385,117448,40.56%,43.66%,
106/03/21,-203,-112,-68,-383,109723,3288,5392,118403,40.79%,44.02%,
106/03/20,-268,208,132,72,109927,3400,5460,118787,40.86%,44.15%,
106/03/17,1388,57,127,1572,110195,3192,5328,118715,40.96%,44.13%,
106/03/16,-190,78,91,-21,108757,3135,5201,117093,40.43%,43.53%,
106/03/15,-66,41,-21,-46,108859,3057,5110,117026,40.46%,43.50%,
106/03/14,165,38,74,277,108975,3016,5131,117122,40.51%,43.54%,
106/03/13,99,0,-24,75,108769,2978,5057,116804,40.43%,43.42%,
106/03/10,364,67,55,486,108668,2978,5081,116727,40.39%,43.39%,
106/03/09,-640,-401,13,-1028,108154,2911,5026,116091,40.20%,43.15%,
106/03/08,-10,18,2,10,108722,3312,5013,117047,40.41%,43.50%,
106/03/07,65,6,-22,49,108742,3294,5011,117047,40.42%,43.51%,
106/03/06,-332,0,100,-232,108813,3288,5033,117134,40.45%,43.54%,
106/03/03,-835,0,-192,-1027,109145,3288,4933,117366,40.57%,43.63%,
106/03/02,-1,3,102,104,109948,3288,5125,118361,40.87%,44.00%,
106/03/01,-32,32,-31,-31,109691,3285,5023,117999,40.77%,43.86%,
106/02/24,26,0,-21,5,109619,3253,5054,117926,40.75%,43.84%,
106/02/23,240,-156,-49,35,109632,3253,5075,117960,40.75%,43.85%,
106/02/22,149,7,-51,105,109366,3409,5124,117899,40.65%,43.82%,
106/02/21,-159,-82,-6,-247,109381,3402,5175,117958,40.66%,43.85%,
106/02/20,57,109,110,276,109468,3484,5181,118133,40.69%,43.91%,
106/02/18,3,0,11,14,109429,3375,5071,117875,40.68%,43.82%,
106/02/17,-67,-38,62,-43,109426,3375,5060,117861,40.68%,43.82%,
106/02/16,-443,-11,-58,-512,109491,3413,4998,117902,40.70%,43.83%,
106/02/15,216,-30,-62,124,109934,3424,5056,118414,40.86%,44.01%,
106/02/14,-280,63,23,-194,109608,3454,5118,118180,40.74%,43.93%,
106/02/13,71,134,-215,-10,109895,3391,5095,118381,40.85%,44.00%,
106/02/10,-165,48,286,169,109807,3257,5310,118374,40.82%,44.00%,
106/02/09,-410,143,-23,-290,109749,3209,5024,117982,40.80%,43.86%,
106/02/08,-328,-62,62,-328,110133,3066,5047,118246,40.94%,43.96%,
106/02/07,-517,-174,-95,-786,110531,3128,4985,118644,41.09%,44.11%,
106/02/06,-533,-253,8,-778,111131,3301,5080,119512,41.31%,44.43%,
106/02/03,-793,-517,-187,-1497,111685,3554,5072,120311,41.52%,44.73%,
106/02/02,-1445,-92,96,-1441,112452,4071,5259,121782,41.80%,45.27%,
106/01/24,-119,-5,13,-111,113845,4163,5163,123171,42.32%,45.79%,
106/01/23,-135,43,17,-75,114129,4168,5150,123447,42.42%,45.88%,
106/01/20,-155,52,17,-86,114264,4125,5133,123522,42.47%,45.91%,
106/01/19,-264,-11,36,-239,114451,4073,5116,123640,42.54%,45.96%,
106/01/18,135,-5,172,302,114930,4084,5080,124094,42.72%,46.13%,
106/01/17,-96,-19,73,-42,114892,4089,4908,123889,42.71%,46.05%,
106/01/16,-283,-17,-7,-307,115243,4108,4836,124187,42.84%,46.17%,
106/01/13,70,-76,20,14,115476,4125,4843,124444,42.92%,46.25%,
106/01/12,180,37,1,218,115456,4201,4823,124480,42.92%,46.27%,
106/01/11,-9,3,-112,-118,115196,4164,4822,124182,42.82%,46.16%,
106/01/10,506,-26,183,663,115205,4161,4934,124300,42.82%,46.20%,
106/01/09,45,-169,-88,-212,114269,4187,4751,123207,42.48%,45.80%,
106/01/06,-80,-30,-10,-120,114234,4356,4839,123429,42.46%,45.88%,
106/01/05,-56,-171,-7,-234,114239,4386,4849,123474,42.46%,45.89%,
106/01/04,-248,-34,-16,-298,114289,4557,4856,123702,42.48%,45.98%,
106/01/03,-48,2,1,-45,114514,4591,4872,123977,42.57%,46.09%,
105/12/30,8,0,-12,-4,114563,4589,4871,124023,42.59%,46.11%,
105/12/29,-66,3,33,-30,114564,4589,4883,124036,42.59%,46.11%,
105/12/28,84,0,1,85,114622,4586,4850,124058,42.61%,46.12%,
105/12/27,-47,0,34,-13,114881,4586,4849,124316,42.70%,46.21%,
105/12/26,-34,33,-13,-14,116127,4586,4815,125528,43.17%,46.66%,
105/12/23,112,3,-48,67,116161,4553,4828,125542,43.18%,46.67%,
105/12/22,-42,56,-34,-20,116209,4550,4876,125635,43.20%,46.70%,
105/12/21,72,0,30,102,116346,4494,4910,125750,43.25%,46.75%,
105/12/20,-87,2,-3,-88,116274,4494,4880,125648,43.22%,46.70%,
105/12/19,-32,2,-4,-34,116526,4492,4883,125901,43.32%,46.81%,
105/12/16,176,-13,5,168,116643,4490,4887,126020,43.36%,46.85%,
105/12/15,180,2,4,186,115061,4503,4882,124446,42.77%,46.26%,
105/12/14,265,15,-60,220,114881,4501,4878,124260,42.70%,46.19%,
105/12/13,114,2,28,144,114596,4486,4938,124020,42.60%,46.10%,
105/12/12,218,12,-37,193,114596,4484,4910,123990,42.60%,46.09%,
105/12/09,-40,12,-250,-278,114832,4472,4947,124251,42.69%,46.19%,
105/12/08,219,119,5,343,114872,4460,5197,124529,42.70%,46.29%,
105/12/07,37,109,46,192,114749,4341,5192,124282,42.65%,46.19%,
105/12/06,155,60,12,227,114725,4232,5146,124103,42.65%,46.14%,
105/12/05,-82,6,9,-67,114457,4172,5134,123763,42.55%,46.01%,
105/12/02,-367,148,-6,-225,114405,4166,5125,123696,42.53%,45.98%,
105/12/01,-205,314,-10,99,114750,4018,5131,123899,42.66%,46.06%,
105/11/30,-77,402,-14,311,115130,3704,5141,123975,42.80%,46.09%,
105/11/29,11,-2,-60,-51,115364,3302,5155,123821,42.88%,46.02%,
105/11/28,53,39,429,521,115354,3304,5215,123873,42.88%,46.05%,
105/11/25,241,0,134,375,115499,3265,4785,123549,42.93%,45.92%,
105/11/24,94,-88,5,11,115275,3265,4651,123191,42.85%,45.79%,
105/11/23,-142,-35,-24,-201,114998,3354,4646,122998,42.75%,45.72%,
105/11/22,-58,0,71,13,114959,3389,4670,123018,42.73%,45.73%,
105/11/21,-96,-75,24,-147,115902,3389,4599,123890,43.08%,46.05%,
105/11/18,-422,78,-3,-347,115997,3464,4575,124036,43.12%,46.11%,
105/11/17,-323,664,66,407,116370,3386,4578,124334,43.26%,46.22%,
105/11/16,244,2,134,380,117333,2722,4512,124567,43.62%,46.31%,
105/11/15,-345,-61,-33,-439,117184,2720,4378,124282,43.56%,46.20%,
105/11/14,-295,-79,38,-336,117436,2781,4411,124628,43.65%,46.32%,
105/11/11,-675,-293,-22,-990,117528,2860,4373,124761,43.69%,46.38%,
105/11/10,-700,-471,147,-1024,117608,3153,4395,125156,43.72%,46.53%,
105/11/09,-1568,-218,-22,-1808,118209,3624,4248,126081,43.94%,46.87%,
105/11/08,-94,24,-57,-127,119341,3842,4269,127452,44.36%,47.38%,
105/11/07,215,3,20,238,119460,3818,4326,127604,44.41%,47.44%,
105/11/04,110,-75,17,52,119126,3815,4306,127247,44.28%,47.30%,
105/11/03,-232,-42,-152,-426,119160,3890,4289,127339,44.29%,47.33%,
105/11/02,-163,-19,-17,-199,119352,3932,4441,127725,44.37%,47.48%,
105/11/01,-140,-24,-8,-172,119480,3951,4458,127889,44.41%,47.54%,
105/10/31,-220,5,-12,-227,119651,3975,4466,128092,44.48%,47.62%,
105/10/28,-1,-26,-13,-40,119871,3970,4478,128319,44.56%,47.70%,
105/10/27,-809,-24,-5,-838,119862,3996,4491,128349,44.56%,47.72%,
105/10/26,-296,-220,-5,-521,120529,4020,4496,129045,44.80%,47.97%,
105/10/25,-160,1,24,-135,120697,4240,4501,129438,44.87%,48.12%,
105/10/24,-3,1,7,5,120917,4239,4477,129633,44.95%,48.19%,
105/10/21,406,12,11,429,120959,4238,4470,129667,44.96%,48.20%,
105/10/20,962,-61,-138,763,120864,4226,4459,129549,44.93%,48.16%,
105/10/19,1464,106,169,1739,119959,4287,4597,128843,44.59%,47.89%,
105/10/18,236,199,64,499,118372,4181,4429,126982,44.00%,47.20%,
105/10/17,-229,26,11,-192,118049,3982,4365,126396,43.88%,46.98%,
105/10/14,-17,-21,-4,-42,118407,3956,4354,126717,44.01%,47.10%,
105/10/13,-74,-5,0,-79,118416,3977,4358,126751,44.02%,47.12%,
105/10/12,-111,-95,14,-192,118720,3982,4358,127060,44.13%,47.23%,
105/10/11,-349,-5,-61,-415,118435,4077,4344,126856,44.02%,47.15%,
105/10/07,114,38,6,158,118879,4082,4405,127366,44.19%,47.35%,
105/10/06,136,-327,-6,-197,118783,4044,4399,127226,44.15%,47.29%,
105/10/05,-7,-39,-27,-73,119106,4371,4405,127882,44.27%,47.53%,
105/10/04,-73,17,17,-39,119229,4410,4432,128071,44.32%,47.61%,
105/10/03,-6,32,30,56,119270,4393,4415,128078,44.34%,47.61%,
105/09/30,-102,-2,1,-103,119276,4361,4385,128022,44.34%,47.59%,
105/09/29,-15,-13,-20,-48,119350,5460,4384,129194,44.37%,48.03%,
105/09/26,-281,68,-23,-236,119314,5473,4404,129191,44.35%,48.02%,
105/09/23,-52,46,-167,-173,119555,5405,4427,129387,44.44%,48.10%,
105/09/22,297,474,227,998,119681,5359,4594,129634,44.49%,48.19%,
105/09/21,73,4,16,93,119351,4885,4367,128603,44.37%,47.81%,
105/09/20,311,3,47,361,119278,4881,4351,128510,44.34%,47.77%,
105/09/19,-127,46,11,-70,118956,4878,4304,128138,44.22%,47.63%,
105/09/14,230,111,-2,339,119478,4832,4293,128603,44.41%,47.80%,
105/09/13,-578,-49,-28,-655,119228,4721,4295,128244,44.32%,47.67%,
105/09/12,-218,0,-41,-259,119801,4770,4323,128894,44.53%,47.91%,
105/09/10,-82,73,-23,-32,120015,4770,4364,129149,44.61%,48.01%,
105/09/09,-1468,-20,70,-1418,120097,4697,4387,129181,44.64%,48.02%,
105/09/08,252,12,35,299,121485,4717,4317,130519,45.16%,48.52%,
105/09/07,-581,38,-92,-635,121218,4705,4282,130205,45.06%,48.40%,
105/09/06,-554,34,-14,-534,121588,4667,4374,130629,45.20%,48.56%,
105/09/05,-160,21,12,-127,122165,4633,4388,131186,45.41%,48.76%,
105/09/02,-253,50,-29,-232,122484,4612,4376,131472,45.53%,48.87%,
105/09/01,4,60,-61,3,122646,4562,4405,131613,45.59%,48.92%,
105/08/31,131,34,35,200,122642,4502,4466,131610,45.59%,48.92%,
105/08/30,-91,152,-258,-197,122530,4468,4431,131429,45.55%,48.86%,
105/08/29,441,31,293,765,122621,4316,4689,131626,45.58%,48.93%,
105/08/26,91,17,-13,95,122176,4285,4396,130857,45.42%,48.65%,
105/08/25,-45,16,12,-17,122085,4268,4409,130762,45.38%,48.61%,
105/08/24,68,-1,-16,51,122085,4252,4397,130734,45.38%,48.60%,
105/08/23,-124,0,-4,-128,122007,4253,4413,130673,45.35%,48.57%,
105/08/22,199,8,7,214,122131,4253,4417,130801,45.40%,48.62%,
105/08/19,-119,-99,-33,-251,121932,4245,4410,130587,45.33%,48.55%,
105/08/18,-24,17,-28,-35,122109,4344,4443,130896,45.39%,48.66%,
105/08/17,-156,42,23,-91,122153,4327,4471,130951,45.41%,48.68%,
105/08/16,452,-32,-59,361,122338,4285,4448,131071,45.48%,48.73%,
105/08/15,-102,93,-58,-67,121886,4317,4507,130710,45.31%,48.59%,
105/08/12,1127,-33,-207,887,122023,4224,4565,130812,45.36%,48.63%,
105/08/11,1676,-40,133,1769,120896,4257,4772,129925,44.94%,48.30%,
105/08/10,501,-8,-140,353,119251,4297,4639,128187,44.33%,47.65%,
105/08/09,-21,-1,-20,-42,118727,4305,4779,127811,44.13%,47.51%,
105/08/08,-68,0,27,-41,118762,4306,4799,127867,44.15%,47.53%,
105/08/05,-312,-4,-252,-568,118764,4306,4772,127842,44.15%,47.52%,
105/08/04,695,35,364,1094,119076,4310,5024,128410,44.26%,47.73%,
105/08/03,-21,35,-11,3,118268,4275,4660,127203,43.96%,47.28%,
105/08/02,-234,0,-157,-391,118408,4240,4671,127319,44.01%,47.32%,
105/08/01,123,0,218,341,118674,4240,4828,127742,44.11%,47.48%,
105/07/29,127,-3,-60,64,118586,4240,4610,127436,44.08%,47.37%,
105/07/28,-9,0,54,45,118421,4243,4670,127334,44.02%,47.33%,
105/07/27,334,0,-18,316,118400,4243,4616,127259,44.01%,47.30%,
105/07/26,218,0,29,247,118026,4243,4634,126903,43.87%,47.17%,
105/07/25,-61,4,-1,-58,117521,4243,4605,126369,43.69%,46.98%,
105/07/22,211,-31,-53,127,117463,4239,4606,126308,43.66%,46.95%,
105/07/21,-88,19,16,-53,117006,4270,4659,125935,43.49%,46.81%,
105/07/20,62,1,75,138,116988,4251,4643,125882,43.49%,46.80%,
105/07/19,332,43,-86,289,116734,4250,4568,125552,43.39%,46.67%,
105/07/18,1035,239,165,1439,116447,4207,4654,125308,43.29%,46.58%,
105/07/15,1221,104,-89,1236,115128,3968,4489,123585,42.80%,45.94%,
105/07/14,230,2,-2,230,113843,3864,4578,122285,42.32%,45.46%,
105/07/13,335,13,-68,280,113119,3862,4580,121561,42.05%,45.19%,
105/07/12,582,10,-163,429,112879,3849,4648,121376,41.96%,45.12%,
105/07/11,419,60,430,909,111440,3839,4811,120090,41.42%,44.64%,
105/07/07,116,0,-8,108,111068,3779,4381,119228,41.29%,44.32%,
105/07/06,-597,-1,-44,-642,110952,3779,4389,119120,41.24%,44.28%,
105/07/05,21,-4,-50,-33,111566,3780,4433,119779,41.47%,44.52%,
105/07/04,60,0,-84,-24,111132,3784,4483,119399,41.31%,44.38%,
105/07/01,277,44,-281,40,111018,3784,4567,119369,41.27%,44.37%,
105/06/30,1073,3,364,1440,110719,3740,4848,119307,41.16%,44.35%,
105/06/29,-254,81,-53,-226,109700,3330,4483,117513,40.78%,43.68%,
105/06/28,234,145,232,611,109953,3249,4536,117738,40.87%,43.76%,
105/06/27,-296,-28,-45,-369,109701,3104,4304,117109,40.78%,43.53%,
105/06/24,-70,107,51,88,109997,3132,4349,117478,40.89%,43.67%,
105/06/23,-1203,45,69,-1089,109978,3025,4298,117301,40.88%,43.60%,
105/06/22,-2598,90,-31,-2539,111264,2980,4229,118473,41.36%,44.04%,
105/06/21,-243,-13,61,-195,113807,2890,4260,120957,42.30%,44.96%,
105/06/20,-212,10,48,-154,113921,2903,4199,121023,42.35%,44.99%,
105/06/17,23,22,22,67,114158,2893,4151,121202,42.43%,45.05%,
105/06/16,-930,-4,-79,-1013,114152,2871,4129,121152,42.43%,45.03%,
105/06/15,-191,11,329,149,115111,2875,4208,122194,42.79%,45.42%,
105/06/14,-1537,7,108,-1422,115272,2864,3879,122015,42.85%,45.36%,
105/06/13,-770,0,15,-755,116867,2857,3771,123495,43.44%,45.90%,
105/06/08,839,0,-120,719,117786,2857,3756,124399,43.78%,46.24%,
105/06/07,-140,0,-99,-239,116958,2857,3876,123691,43.48%,45.98%,
105/06/06,942,13,18,973,117118,2857,3975,123950,43.54%,46.08%,
105/06/04,4,0,8,12,116176,2844,3957,122977,43.19%,45.72%,
105/06/03,-478,41,-65,-502,116182,2844,3949,122975,43.19%,45.72%,
105/06/02,-447,-110,-117,-674,116660,2803,4014,123477,43.37%,45.90%,
105/06/01,-110,6,-32,-136,117524,2913,4131,124568,43.69%,46.31%,
105/05/31,594,8,-92,510,117610,2907,4163,124680,43.72%,46.35%,
105/05/30,352,0,19,371,116985,2899,4255,124139,43.49%,46.15%,
105/05/27,199,-2,-153,44,116599,2899,4236,123734,43.34%,45.99%,
105/05/26,892,40,120,1052,116359,2902,4389,123650,43.25%,45.96%,
105/05/25,2,0,14,16,115457,2862,4269,122588,42.92%,45.57%,
105/05/24,8,9,-95,-78,115404,2862,4255,122521,42.90%,45.55%,
105/05/23,-252,16,183,-53,115456,2853,4350,122659,42.92%,45.60%,
105/05/20,-21,0,-14,-35,115658,2836,4167,122661,42.99%,45.59%,
105/05/19,-33,-34,-16,-83,115681,2836,4181,122698,43.00%,45.61%,
105/05/18,94,3,201,298,115708,2870,4197,122775,43.01%,45.64%,
105/05/17,-51,0,-46,-97,115555,2867,3996,122418,42.95%,45.50%,
105/05/16,482,-0,72,554,115568,2867,4042,122477,42.96%,45.53%,
105/05/13,-433,81,198,-154,115066,2867,3970,121903,42.77%,45.31%,
105/05/12,-693,-127,-63,-883,115420,2786,3772,121978,42.90%,45.34%,
105/05/11,-52,-99,-45,-196,116017,2913,3835,122765,43.13%,45.64%,
105/05/10,491,-3,274,762,116039,3013,3881,122933,43.13%,45.69%,
105/05/09,-1918,-314,-62,-2294,115558,3016,3607,122181,42.96%,45.42%,
105/05/06,499,-136,123,486,117487,3330,3669,124486,43.67%,46.27%,
105/05/05,812,-509,-117,186,116897,3466,3546,123909,43.45%,46.06%,
105/05/04,485,-87,-42,356,116084,3975,3663,123722,43.15%,45.99%,
105/05/03,-65,-153,-46,-264,115599,4062,3705,123366,42.97%,45.86%,
105/04/29,-15,-52,-84,-151,115664,4215,3751,123630,42.99%,45.95%,
105/04/28,175,1,-83,93,115705,4267,3835,123807,43.01%,46.02%,
105/04/27,125,-15,-11,99,115430,4266,3918,123614,42.91%,45.95%,
105/04/26,203,0,-40,163,115305,4281,3929,123515,42.86%,45.91%,
105/04/25,408,87,69,564,115091,4281,3969,123341,42.78%,45.85%,
105/04/22,-352,-18,15,-355,114653,4194,3900,122747,42.62%,45.63%,
105/04/21,376,-34,93,435,114975,4212,3885,123072,42.74%,45.75%,
105/04/20,37,-9,-23,5,114644,4246,3792,122682,42.62%,45.61%,
105/04/19,188,-38,46,196,114570,4255,3815,122640,42.59%,45.59%,
105/04/18,-83,-18,-34,-135,114382,4293,3769,122444,42.52%,45.52%,
105/04/15,-231,32,-43,-242,114435,4311,3803,122549,42.54%,45.56%,
105/04/14,625,30,-47,608,114666,4279,3846,122791,42.62%,45.64%,
105/04/13,484,-1,37,520,114035,4249,3893,122177,42.39%,45.42%,
105/04/12,-1423,-315,-206,-1944,113550,4251,3856,121657,42.21%,45.22%,
105/04/11,-700,-102,-44,-846,114921,4566,4062,123549,42.72%,45.93%,
105/04/08,-123,-42,-79,-244,115705,4668,4106,124479,43.01%,46.27%,
105/04/07,40,-31,48,57,115809,4710,4185,124704,43.05%,46.36%,
105/04/06,-503,-38,-24,-565,115769,4741,4137,124647,43.03%,46.33%,
105/04/01,-198,6,-10,-202,116272,4779,4161,125212,43.22%,46.54%,
105/03/31,376,36,18,430,116448,4773,4171,125392,43.29%,46.62%,
105/03/30,76,-0,-2,74,116204,4671,4153,125028,43.20%,46.48%,
105/03/29,281,-16,-48,217,115993,4671,4155,124819,43.12%,46.40%,
105/03/28,144,0,-25,119,115692,4687,4203,124582,43.01%,46.31%,
105/03/25,420,12,5,437,115525,4687,4228,124440,42.94%,46.25%,
105/03/24,-1811,-71,27,-1855,115105,4675,4223,124003,42.79%,46.10%,
105/03/23,-1349,0,-125,-1474,116889,4747,4196,125832,43.45%,46.77%,
105/03/22,854,1,-42,813,117981,4747,4321,127049,43.86%,47.23%,
105/03/21,759,23,-87,695,117222,4746,4363,126331,43.57%,46.96%,
105/03/18,712,163,186,1061,116446,4723,4450,125619,43.29%,46.70%,
105/03/17,193,0,-37,156,115703,4560,4264,124527,43.01%,46.29%,
105/03/16,15,0,-21,-6,115501,4560,4301,124362,42.93%,46.22%,
105/03/15,-24,6,-110,-128,115397,4560,4322,124279,42.90%,46.20%,
105/03/14,-34,48,177,191,115409,4554,4432,124395,42.90%,46.24%,
105/03/11,356,-40,57,373,115576,4505,4255,124336,42.96%,46.22%,
105/03/10,7,-17,-82,-92,115213,4545,4198,123956,42.83%,46.08%,
105/03/09,-243,-54,103,-194,115205,4562,4280,124047,42.82%,46.11%,
105/03/08,-299,-171,-11,-481,115371,4616,4177,124164,42.89%,46.16%,
105/03/07,-445,-1,2,-444,115670,4787,4188,124645,43.00%,46.34%,
105/03/04,81,-43,135,173,116115,4788,4186,125089,43.16%,46.50%,
105/03/03,-171,5,29,-137,116015,4832,4051,124898,43.13%,46.43%,
105/03/02,-535,-12,189,-358,116177,4827,4023,125027,43.19%,46.48%,
105/03/01,-861,-50,-33,-944,116707,4839,3834,125380,43.38%,46.60%,
105/02/26,-699,-21,-2,-722,117547,4889,3867,126303,43.69%,46.95%,
105/02/25,-39,-1,24,-16,115006,4910,3869,123785,44.06%,47.32%,
105/02/24,74,-57,-53,-36,115035,4911,3845,123791,44.07%,47.33%,
105/02/23,202,-83,-9,110,114956,4968,3898,123822,44.04%,47.34%,
105/02/22,-267,21,8,-238,114766,5051,3907,123724,43.97%,47.30%,
105/02/19,-574,-207,66,-715,115024,5031,3899,123954,44.07%,47.39%,
105/02/18,-504,-90,33,-561,115500,5238,3833,124571,44.25%,47.62%,
105/02/17,-201,0,56,-145,116029,5328,3800,125157,44.45%,47.84%,
105/02/16,140,0,24,164,116176,5328,3744,125248,44.51%,47.88%,
105/02/15,21,-0,-44,-23,116009,5328,3720,125057,44.45%,47.81%,
105/02/03,-2,53,-75,-24,115988,5328,3764,125080,44.44%,47.82%,
105/02/02,-161,81,-23,-103,116027,5275,3839,125141,44.45%,47.84%,
105/02/01,373,40,43,456,116227,5194,3862,125283,44.53%,47.90%,
105/01/30,42,5,13,60,115836,5154,3819,124809,44.38%,47.72%,
105/01/29,1078,168,120,1366,115794,5149,3806,124749,44.36%,47.69%,
105/01/28,151,20,84,255,114701,4981,3686,123368,43.94%,47.16%,
105/01/27,-88,-1,4,-85,114521,4961,3602,123084,43.88%,47.06%,
105/01/26,-159,15,-40,-184,114609,4962,3598,123169,43.91%,47.09%,
105/01/25,-8,28,69,89,114758,4947,3638,123343,43.97%,47.16%,
105/01/22,16,-70,-3,-57,114766,4919,3569,123254,43.97%,47.13%,
105/01/21,-224,0,-66,-290,114796,4989,3572,123357,43.98%,47.16%,
105/01/20,-353,1,207,-145,115021,4989,3638,123648,44.07%,47.28%,
105/01/19,48,-9,62,101,115373,4988,3431,123792,44.20%,47.33%,
105/01/18,37,0,82,119,115306,4997,3369,123672,44.18%,47.29%,
105/01/15,222,-15,-21,186,115278,4997,3287,123562,44.17%,47.25%,
105/01/14,189,-193,8,4,115069,5012,3308,123389,44.09%,47.18%,
105/01/13,237,-24,70,283,114919,5205,3300,123424,44.03%,47.19%,
105/01/12,-83,-15,-138,-236,114669,5229,3230,123128,43.93%,47.07%,
105/01/11,12,-7,-69,-64,114689,5244,3368,123301,43.94%,47.14%,
105/01/08,-1,-17,28,10,114619,5251,3437,123307,43.91%,47.14%,
105/01/07,-72,-10,84,2,114738,5268,3409,123415,43.96%,47.19%,
105/01/06,358,-3,54,409,114580,5278,3325,123183,43.90%,47.10%,
105/01/05,-216,-5,-3,-224,114080,5281,3271,122632,43.71%,46.99%,
105/01/04,-338,-127,9,-456,114296,5286,3274,122856,43.79%,47.07%,
104/12/31,215,0,-23,192,114633,5413,3265,123311,43.92%,47.25%,
104/12/30,115,-45,-71,-1,114319,5597,3288,123204,43.80%,47.20%,
104/12/29,241,-26,-13,202,114383,5642,3359,123384,43.82%,47.27%,
104/12/28,-242,7,17,-218,114191,5668,3372,123231,43.75%,47.21%,
104/12/25,-3,0,-17,-20,114434,5661,3355,123450,43.84%,47.29%,
104/12/24,-151,0,-27,-178,114437,5661,3372,123470,43.84%,47.30%,
104/12/23,60,49,-83,26,114587,5661,3399,123647,43.90%,47.37%,
104/12/22,391,19,-37,373,114557,5612,3482,123651,43.89%,47.37%,
104/12/21,905,44,238,1187,114320,5593,3519,123432,43.80%,47.29%,
104/12/18,-130,-44,-17,-191,113518,5549,3281,122348,43.49%,46.87%,
104/12/17,-313,43,-83,-353,113653,5593,3298,122544,43.54%,46.95%,
104/12/16,70,1,117,188,113965,5550,3381,122896,43.66%,47.08%,
104/12/15,213,3,-51,165,113861,5549,3264,122674,43.62%,47.00%,
104/12/14,178,9,-45,142,113648,5546,3315,122509,43.54%,46.94%,
104/12/11,537,37,-53,521,113471,5537,3360,122368,43.47%,46.88%,
104/12/10,-785,62,53,-670,112942,5500,3413,121855,43.27%,46.69%,
104/12/09,-161,-103,-33,-297,113668,5438,3360,122466,43.55%,46.92%,
104/12/08,86,2,-4,84,113856,5541,3393,122790,43.62%,47.04%,
104/12/07,460,-4,-8,448,113770,5539,3397,122706,43.59%,47.01%,
104/12/04,140,-104,-32,4,113340,5543,3405,122288,43.42%,46.85%,
104/12/03,652,57,-80,629,113201,5647,3437,122285,43.37%,46.85%,
104/12/02,-273,-96,1,-368,112577,5590,3517,121684,43.13%,46.62%,
104/12/01,85,-34,-10,41,112850,5686,3516,122052,43.23%,46.76%,
104/11/30,51,0,-28,23,112765,5720,3526,122011,43.20%,46.74%,
104/11/27,312,4,22,338,112714,5720,3554,121988,43.18%,46.73%,
104/11/26,480,-416,29,93,112402,5716,3532,121650,43.06%,46.60%,
104/11/25,-89,-80,-25,-194,111922,6132,3503,121557,42.88%,46.57%,
104/11/24,-117,-40,-31,-188,111961,6212,3528,121701,42.89%,46.62%,
104/11/23,-99,7,-28,-120,112078,6252,3559,121889,42.94%,46.70%,
104/11/20,334,82,50,466,112179,6245,3587,122011,42.98%,46.75%,
104/11/19,124,-7,-22,95,111820,6163,3537,121520,42.84%,46.56%,
104/11/18,3,-218,-33,-248,111696,6170,3559,121425,42.79%,46.52%,
104/11/17,109,-28,28,109,111693,6388,3592,121673,42.79%,46.61%,
104/11/16,-1042,-86,8,-1120,111598,6416,3564,121578,42.75%,46.57%,
104/11/13,-273,38,138,-97,112616,6502,3556,122674,43.15%,47.00%,
104/11/12,-328,-39,-47,-414,112888,6464,3418,122770,43.25%,47.04%,
104/11/11,132,-123,-218,-209,113136,6503,3465,123104,43.34%,47.16%,
104/11/10,-105,70,-97,-132,113010,6626,3683,123319,43.30%,47.25%,
104/11/09,13,-23,40,30,113115,6556,3780,123451,43.34%,47.30%,
104/11/06,-907,36,112,-759,113101,6579,3740,123420,43.33%,47.28%,
104/11/05,-156,-1,76,-81,114008,6543,3628,124179,43.68%,47.58%,
104/11/04,361,-25,62,398,114164,6544,3552,124260,43.74%,47.61%,
104/11/03,120,-6,-15,99,113792,6569,3490,123851,43.60%,47.45%,
104/11/02,42,37,49,128,113682,6575,3505,123762,43.55%,47.41%,
104/10/30,287,-3,-102,182,113640,6538,3456,123634,43.54%,47.37%,
104/10/29,58,30,-17,71,113362,6541,3558,123461,43.43%,47.30%,
104/10/28,78,-45,43,76,113304,6511,3575,123390,43.41%,47.27%,
104/10/27,77,76,-101,52,113283,6556,3532,123371,43.40%,47.27%,
104/10/26,152,-21,-62,69,113194,6480,3633,123307,43.37%,47.24%,
104/10/23,-847,-23,117,-753,113044,6501,3695,123240,43.31%,47.22%,
104/10/22,-557,-3,-48,-608,113872,6524,3578,123974,43.63%,47.50%,
104/10/21,1847,46,24,1917,114429,6527,3626,124582,43.84%,47.73%,
104/10/20,17,137,-45,109,112544,6481,3602,122627,43.12%,46.98%,
104/10/19,189,84,-41,232,112499,6344,3647,122490,43.10%,46.93%,
104/10/16,376,76,-107,345,112287,6260,3688,122235,43.02%,46.83%,
104/10/15,343,138,165,646,111911,6184,3795,121890,42.87%,46.69%,
104/10/14,-471,66,132,-273,111568,6046,3630,121244,42.74%,46.45%,
104/10/13,-1187,250,52,-885,112039,5980,3498,121517,42.92%,46.55%,
104/10/12,-3666,328,639,-2699,113216,5730,3446,122392,43.37%,46.89%,
104/10/08,-2348,-518,44,-2822,116882,5402,2807,125091,44.78%,47.93%,
104/10/07,329,-24,-27,278,119229,5920,2763,127912,45.68%,49.01%,
104/10/06,-810,-84,85,-809,118892,5944,2790,127626,45.55%,48.90%,
104/10/05,-1140,-10,39,-1111,119696,6028,2705,128429,45.86%,49.21%,
104/10/02,-87,-1,-8,-96,120836,6038,2666,129540,46.29%,49.63%,
104/10/01,172,-4,-25,143,120923,6039,2674,129636,46.33%,49.67%,
104/09/30,-69,0,43,-26,120771,6043,2699,129513,46.27%,49.62%,
104/09/25,65,0,46,111,120839,6643,2656,130138,46.30%,49.86%,
104/09/24,-49,-20,-89,-158,120735,6643,2610,129988,46.26%,49.81%,
104/09/23,-421,0,-20,-441,120783,6663,2699,130145,46.27%,49.86%,
104/09/22,81,32,22,135,121164,6663,2719,130546,46.42%,50.01%,
104/09/21,-224,-30,-89,-343,121083,6631,2697,130411,46.39%,49.96%,
104/09/18,-224,1246,148,1170,121307,6661,2786,130754,46.48%,50.10%,
104/09/17,64,-21,-46,-3,121531,5415,2638,129584,46.56%,49.65%,
104/09/16,-199,-44,328,85,121468,5436,2684,129588,46.54%,49.65%,
104/09/15,223,31,-14,240,121666,5480,2356,129502,46.61%,49.61%,
104/09/14,333,-11,34,356,121443,5449,2370,129262,46.53%,49.53%,
104/09/11,-467,-396,12,-851,121110,5460,2336,128906,46.40%,49.39%,
104/09/10,-256,-4,28,-232,121577,5856,2324,129757,46.58%,49.71%,
104/09/09,213,-15,-18,180,121833,5860,2296,129989,46.68%,49.81%,
104/09/08,12,-199,-16,-203,121621,5875,2314,129810,46.60%,49.74%,
104/09/07,18,4,80,102,121609,6074,2330,130013,46.59%,49.81%,
104/09/04,-414,2,-128,-540,121591,6070,2250,129911,46.58%,49.77%,
104/09/03,506,-43,-74,389,121916,6068,2378,130362,46.71%,49.95%,
104/09/02,220,33,274,527,121410,6111,2452,129973,46.51%,49.79%,
104/09/01,92,-53,17,56,121186,6078,2178,129442,46.43%,49.59%,
104/08/31,-12,-6,28,10,121080,6131,2161,129372,46.39%,49.57%,
104/08/28,122,-20,-22,80,121092,6137,2133,129362,46.39%,49.56%,
104/08/27,-233,-42,-120,-395,120969,6157,2155,129281,46.35%,49.53%,
104/08/26,182,-55,114,241,121202,6199,2275,129676,46.43%,49.68%,
104/08/25,262,-15,49,296,121020,6254,2161,129435,46.37%,49.59%,
104/08/24,327,-44,-111,172,120760,6269,2112,129141,46.27%,49.48%,
104/08/21,52,99,-110,41,120421,6313,2223,128957,46.14%,49.41%,
104/08/20,336,32,72,440,120358,6214,2333,128905,46.11%,49.38%,
104/08/19,-40,-106,219,73,120022,6182,2261,128465,45.98%,49.22%,
104/08/18,290,-71,-51,168,120056,6287,2042,128385,46.00%,49.19%,
104/08/17,200,-5,56,251,119765,6358,2093,128216,45.88%,49.12%,
104/08/14,169,10,78,257,119625,6363,2037,128025,45.83%,49.05%,
104/08/13,262,0,-54,208,119458,6353,1959,127770,45.77%,48.95%,
104/08/12,208,136,-19,325,119136,6353,2013,127502,45.64%,48.85%,
104/08/11,9,100,-102,7,118943,6217,2032,127192,45.57%,48.73%,
104/08/10,967,56,99,1122,118943,6117,2134,127194,45.57%,48.73%,
104/08/07,293,-68,13,238,117976,6061,2035,126072,45.20%,48.30%,
104/08/06,-245,26,-23,-242,117648,6129,2022,125799,45.07%,48.19%,
104/08/05,-221,3,58,-160,117893,6103,2045,126041,45.17%,48.29%,
104/08/04,149,-203,-14,-68,118094,6100,1987,126181,45.24%,48.34%,
104/08/03,137,-8,-22,107,117930,6303,2001,126234,45.18%,48.36%,
104/07/31,37,80,6,123,117763,6311,2023,126097,45.12%,48.31%,
104/07/30,142,19,-26,135,117726,6231,2017,125974,45.10%,48.26%,
104/07/29,605,81,-55,631,117574,6212,2043,125829,45.04%,48.20%,
104/07/28,287,15,-22,280,116987,6131,2098,125216,44.82%,47.97%,
104/07/27,117,-75,-11,31,116700,6116,2120,124936,44.71%,47.87%,
104/07/24,-2,-43,-13,-58,116583,6191,2131,124905,44.66%,47.85%,
104/07/23,207,-54,-5,148,116584,6234,2144,124962,44.67%,47.88%,
104/07/22,-341,1,1,-339,116363,6288,2149,124800,44.58%,47.81%,
104/07/21,123,13,-33,103,116703,6287,2147,125137,44.71%,47.94%,
104/07/20,243,-6,20,257,116581,6274,2180,125035,44.66%,47.90%,
104/07/17,19,-5,-22,-8,116338,6280,2160,124778,44.57%,47.80%,
104/07/16,182,-1,-76,105,116319,6285,2182,124786,44.56%,47.80%,
104/07/15,-33,1,105,73,116150,6286,2258,124694,44.50%,47.77%,
104/07/14,113,-14,-1,98,116228,6285,2153,124666,44.53%,47.76%,
104/07/13,-350,-21,5,-366,116075,6299,2154,124528,44.47%,47.71%,
104/07/09,335,-20,-91,224,116380,6320,2149,124849,44.59%,47.83%,
104/07/08,-966,-122,224,-864,116045,6340,2240,124625,44.46%,47.75%,
104/07/07,-617,-29,91,-555,117007,6462,2016,125485,44.83%,48.08%,
104/07/06,7,0,2,9,117624,6491,1925,126040,45.06%,48.28%,
104/07/03,124,0,-8,116,117552,6491,1923,125966,45.04%,48.26%,
104/07/02,-4,-32,6,-30,117426,6491,1931,125848,44.99%,48.22%,
104/07/01,129,-40,-68,21,117430,6523,1925,125878,44.99%,48.23%,
104/06/30,682,-4,-242,436,117330,6563,1993,125886,44.95%,48.23%,
104/06/29,238,80,-80,238,116652,5905,2235,124792,44.69%,47.81%,
104/06/26,623,11,-134,500,116432,5825,2315,124572,44.61%,47.73%,
104/06/25,279,76,8,363,115881,5814,2449,124144,44.40%,47.57%,
104/06/24,-104,20,-17,-101,115640,5738,2441,123819,44.30%,47.43%,
104/06/23,-97,21,155,79,115774,5718,2458,123950,44.36%,47.49%,
104/06/22,50,-47,26,29,115976,5697,2303,123976,44.43%,47.50%,
104/06/18,-22,-3,3,-22,115934,5744,2277,123955,44.42%,47.49%,
104/06/17,-190,10,168,-12,115956,5747,2274,123977,44.42%,47.49%,
104/06/16,-48,0,21,-27,116144,5737,2106,123987,44.50%,47.51%,
104/06/15,-305,2,-123,-426,116162,5737,2085,123984,44.50%,47.50%,
104/06/12,-489,57,53,-379,116645,5735,2208,124588,44.69%,47.73%,
104/06/11,-976,145,-9,-840,117206,5678,2155,125039,44.90%,47.90%,
104/06/10,-58,715,80,737,118182,5533,2164,125879,45.28%,48.23%,
104/06/09,228,-42,-22,164,118287,4818,2084,125189,45.32%,47.96%,
104/06/08,-140,44,13,-83,118089,4860,2106,125055,45.24%,47.91%,
104/06/05,-47,-24,-30,-101,118216,4816,2093,125125,45.29%,47.94%,
104/06/04,-414,0,-110,-524,118263,4840,2123,125226,45.31%,47.98%,
104/06/03,285,-1,119,403,118674,4839,2233,125746,45.47%,48.18%,
104/06/02,-142,22,-41,-161,118388,4840,2114,125342,45.36%,48.02%,
104/06/01,-51,17,-6,-40,118531,4818,2155,125504,45.41%,48.08%,
104/05/29,443,-2,5,446,118568,4801,2161,125530,45.43%,48.10%,
104/05/28,319,-45,77,351,118075,4803,2156,125034,45.24%,47.91%,
104/05/27,54,-38,15,31,117755,4848,2079,124682,45.11%,47.76%,
104/05/26,74,-26,-13,35,117701,4886,2064,124651,45.09%,47.75%,
104/05/25,22,-1,1,22,117627,4912,2077,124616,45.07%,47.75%,
104/05/22,211,-26,-50,135,117605,4913,2076,124594,45.06%,47.74%,
104/05/21,-101,-3,-28,-132,117429,4939,2126,124494,44.99%,47.70%,
104/05/20,50,-82,349,317,117530,4942,2154,124626,45.03%,47.75%,
104/05/19,323,-101,-12,210,117480,5024,1805,124309,45.01%,47.63%,
104/05/18,80,1,22,103,117157,5125,1817,124099,44.88%,47.54%,
104/05/15,-4,-96,3,-97,117077,5124,1795,123996,44.85%,47.50%,
104/05/14,-180,-13,-154,-347,117081,5220,1792,124093,44.86%,47.55%,
104/05/13,319,0,75,394,117261,5233,1946,124440,44.92%,47.67%,
104/05/12,377,5,-120,262,116915,5233,1871,124019,44.79%,47.51%,
104/05/11,466,0,71,537,116538,5228,1991,123757,44.65%,47.42%,
104/05/08,375,0,37,412,116073,5228,1920,123221,44.47%,47.21%,
104/05/07,-105,-20,-29,-154,115716,5228,1883,122827,44.33%,47.05%,
104/05/06,13,2,12,27,115821,5248,1912,122981,44.37%,47.11%,
104/05/05,-91,100,-11,-2,115791,5246,1900,122937,44.36%,47.10%,
104/05/04,47,223,6,276,115882,5146,1911,122939,44.40%,47.10%,
104/04/30,-182,-63,104,-141,115835,4923,1905,122663,44.38%,47.00%,
104/04/29,158,-2,24,180,115995,4986,1801,122782,44.44%,47.04%,
104/04/28,185,-1,-10,174,115837,4988,1777,122602,44.38%,46.97%,
104/04/27,778,-152,-72,554,115652,4989,1787,122428,44.31%,46.91%,
104/04/24,1208,-213,127,1122,114902,5141,1859,121902,44.02%,46.70%,
104/04/23,254,-55,109,308,113694,5354,1732,120780,43.56%,46.28%,
104/04/22,112,-23,-25,64,113440,5409,1623,120472,43.46%,46.15%,
104/04/21,-60,-27,-87,-174,113328,5432,1648,120408,43.42%,46.13%,
104/04/20,224,0,26,250,113353,5459,1735,120547,43.43%,46.19%,
104/04/17,107,0,-57,50,113129,5459,1709,120297,43.34%,46.09%,
104/04/16,62,-176,-44,-158,113032,5459,1766,120257,43.30%,46.07%,
104/04/15,-268,-255,289,-234,112970,5635,1810,120415,43.28%,46.13%,
104/04/14,-423,-90,43,-470,113238,5890,1521,120649,43.38%,46.22%,
104/04/13,-376,-22,25,-373,113661,5980,1478,121119,43.55%,46.41%,
104/04/10,-146,-180,-18,-344,114037,6002,1453,121492,43.69%,46.55%,
104/04/09,23,-8,-21,-6,114183,6182,1471,121836,43.75%,46.68%,
104/04/08,-18,-32,-6,-56,114160,6190,1492,121842,43.74%,46.68%,
104/04/07,-56,-91,9,-138,114178,6222,1498,121898,43.74%,46.70%,
104/04/02,330,-114,-11,205,114234,6313,1489,122036,43.76%,46.75%,
104/04/01,358,-119,-9,230,113904,6427,1500,121831,43.64%,46.68%,
104/03/31,365,29,-122,272,113556,6546,1509,121611,43.51%,46.60%,
104/03/30,1495,200,61,1756,113192,6942,1631,121765,43.37%,46.65%,
104/03/27,1129,-17,1,1113,111687,6742,1570,119999,42.79%,45.97%,
104/03/26,-89,2,-2,-89,110558,6759,1569,118886,42.36%,45.55%,
104/03/25,96,-33,-20,43,110647,6757,1571,118975,42.39%,45.58%,
104/03/24,143,-3,-2,138,110551,6790,1591,118932,42.35%,45.56%,
104/03/23,-18,-186,-1,-205,110408,6793,1593,118794,42.30%,45.51%,
104/03/20,515,-127,27,415,110426,6979,1594,118999,42.31%,45.59%,
104/03/19,361,-16,2,347,109911,7106,1567,118584,42.11%,45.43%,
104/03/18,38,-59,158,137,109550,7122,1565,118237,41.97%,45.30%,
104/03/17,-648,-92,1,-739,109512,7181,1407,118100,41.96%,45.25%,
104/03/16,-586,-12,14,-584,110307,7273,1406,118986,42.26%,45.59%,
104/03/13,59,-5,-59,-5,111204,7285,1392,119881,42.60%,45.92%,
104/03/12,558,-40,-24,494,111149,7290,1451,119890,42.58%,45.93%,
104/03/11,-27,-4,-21,-52,110563,7330,1475,119368,42.36%,45.73%,
104/03/10,412,-43,8,377,110586,7334,1496,119416,42.37%,45.75%,
104/03/09,147,-27,-70,50,110170,7377,1488,119035,42.21%,45.61%,
104/03/06,826,50,13,889,109981,7404,1558,118943,42.14%,45.57%,
104/03/05,-219,-3,-2,-224,109150,7354,1545,118049,41.82%,45.23%,
104/03/04,-324,-4,-67,-395,109352,7357,1547,118256,41.89%,45.30%,
104/03/03,1136,227,16,1379,109579,7361,1614,118554,41.98%,45.42%,
104/03/02,179,0,-30,149,108442,7134,1598,117174,41.55%,44.90%,
104/02/26,733,-15,-123,595,108270,7134,1628,117032,41.48%,44.84%,
104/02/25,1639,0,-53,1586,107537,7149,1751,116437,41.20%,44.61%,
104/02/24,1091,30,89,1210,105898,7149,1804,114851,40.57%,44.00%,
104/02/13,661,-63,-37,561,104807,7119,1715,113641,40.15%,43.53%,
104/02/12,67,20,-32,55,104146,7182,1752,113080,39.90%,43.32%,
104/02/11,110,-21,9,98,104079,7162,1784,113025,39.87%,43.30%,
104/02/10,-104,0,-40,-144,103969,7183,1775,112927,39.83%,43.26%,
104/02/09,237,-423,-50,-236,104072,7183,1815,113070,39.87%,43.32%,
104/02/06,80,149,-95,134,103843,7606,1865,113314,39.78%,43.41%,
104/02/05,284,-35,-262,-13,103762,7457,1960,113179,39.75%,43.36%,
104/02/04,25,304,467,796,103478,7492,2222,113192,39.64%,43.36%,
104/02/03,148,-92,43,99,103453,7188,1755,112396,39.63%,43.06%,
104/02/02,-615,205,-41,-451,103306,7280,1712,112298,39.58%,43.03%,
104/01/30,-204,-1,-9,-214,103921,7075,1753,112749,39.81%,43.19%,
104/01/29,-393,-98,10,-481,104129,7076,1762,112967,39.89%,43.28%,
104/01/28,186,-1,23,208,104521,7174,1752,113447,40.04%,43.46%,
104/01/27,69,-157,6,-82,104333,7175,1729,113237,39.97%,43.38%,
104/01/26,51,-21,27,57,104264,7332,1723,113319,39.94%,43.41%,
104/01/23,-218,-1,42,-177,104212,7353,1696,113261,39.93%,43.40%,
104/01/22,306,66,-67,305,104430,7354,1654,113438,40.01%,43.46%,
104/01/21,2575,104,82,2761,104125,7288,1721,113134,39.89%,43.34%,
104/01/20,523,19,204,746,101576,7184,1639,110399,38.91%,42.29%,
104/01/19,142,0,-7,135,101100,7165,1435,109700,38.73%,42.03%,
104/01/16,-120,9,-12,-123,100958,7165,1442,109565,38.68%,41.98%,
104/01/15,62,0,-10,52,101051,7156,1455,109662,38.71%,42.01%,
104/01/14,174,50,-37,187,100972,7156,1465,109593,38.68%,41.98%,
104/01/13,215,-17,11,209,100798,7106,1502,109406,38.62%,41.92%,
104/01/12,-164,-83,-16,-263,100583,7123,1491,109197,38.53%,41.83%,
104/01/09,57,48,21,126,100747,7206,1507,109460,38.60%,41.94%,
104/01/08,-191,334,43,186,100691,7158,1486,109335,38.58%,41.89%,
104/01/07,-1013,-256,31,-1238,100882,6824,1443,109149,38.65%,41.82%,
104/01/06,-282,-354,-149,-785,101895,7080,1412,110387,39.04%,42.29%,
104/01/05,-146,-79,12,-213,102176,7434,1561,111171,39.14%,42.59%,
