日期,外資買賣超,投信買賣超,自營商買賣超,單日合計買賣超,外資估計持股,投信估計持股,自營商估計持股,單日合計估計持股,外資持股比重,三大法人持股比重,
107/03/31,0,0,0,0,58859,326,0,59185,15.76%,15.84%,
107/03/30,-88,-7,0,-95,58859,326,0,59185,15.76%,15.84%,
107/03/29,-8,0,-20,-28,58947,333,0,59280,15.79%,15.87%,
107/03/28,47,0,-100,-53,58955,333,0,59288,15.79%,15.87%,
107/03/27,44,0,0,44,58908,333,11,59252,15.78%,15.86%,
107/03/26,-97,0,0,-97,58864,333,11,59208,15.76%,15.84%,
107/03/23,-246,0,11,-235,58961,333,11,59305,15.79%,15.87%,
107/03/22,128,0,-111,17,59207,333,0,59540,15.86%,15.94%,
107/03/21,4,0,0,4,59079,333,0,59412,15.82%,15.90%,
107/03/20,64,-14,-6,44,59075,333,0,59408,15.82%,15.90%,
107/03/19,-58,-4,0,-62,59011,347,0,59358,15.80%,15.89%,
107/03/16,-76,0,0,-76,59069,351,0,59420,15.82%,15.91%,
107/03/15,-17,0,0,-17,59145,351,0,59496,15.84%,15.93%,
107/03/14,219,0,0,219,59162,351,0,59513,15.84%,15.93%,
107/03/13,79,-13,0,66,58943,351,0,59294,15.79%,15.88%,
107/03/12,-40,0,0,-40,58864,364,0,59228,15.76%,15.85%,
107/03/09,-77,0,0,-77,58904,364,0,59268,15.78%,15.87%,
107/03/08,-153,0,0,-153,58981,364,0,59345,15.80%,15.89%,
107/03/07,-219,0,0,-219,59134,364,0,59498,15.84%,15.93%,
107/03/06,-62,0,-1,-63,59353,364,0,59717,15.90%,15.99%,
107/03/05,-199,19,0,-180,59415,364,0,59779,15.91%,16.00%,
107/03/02,-185,0,0,-185,59614,345,0,59959,15.97%,16.06%,
107/03/01,-71,0,0,-71,59790,345,0,60135,16.01%,16.10%,
107/02/27,-74,0,0,-74,59861,345,0,60206,16.03%,16.12%,
107/02/26,0,0,0,0,59935,345,0,60280,16.05%,16.14%,
107/02/23,-72,0,0,-72,59935,345,0,60280,16.05%,16.14%,
107/02/22,39,-7,-1,31,60007,345,0,60352,16.07%,16.16%,
107/02/21,128,0,0,128,59968,352,0,60320,16.06%,16.15%,
107/02/12,-427,0,-45,-472,59840,352,0,60192,16.03%,16.12%,
107/02/09,-648,0,0,-648,60258,352,6,60616,16.14%,16.23%,
107/02/08,-63,0,0,-63,60906,352,6,61264,16.31%,16.40%,
107/02/07,-763,0,-2,-765,60969,352,6,61327,16.33%,16.42%,
107/02/06,-725,0,3,-722,61725,352,8,62085,16.53%,16.62%,
107/02/05,-173,0,5,-168,62450,352,5,62807,16.73%,16.82%,
107/02/02,-272,-59,0,-331,62623,352,0,62975,16.77%,16.86%,
107/02/01,-210,0,0,-210,62895,411,0,63306,16.84%,16.94%,
107/01/31,-273,-167,0,-440,63105,411,0,63516,16.90%,17.00%,
107/01/30,-316,-196,0,-512,63378,578,0,63956,16.97%,17.11%,
107/01/29,-15,0,0,-15,63694,774,0,64468,17.06%,17.25%,
107/01/26,-172,-19,-23,-214,63709,774,0,64483,17.06%,17.25%,
107/01/25,-232,0,0,-232,63881,793,5,64679,17.11%,17.31%,
107/01/24,-223,-16,0,-239,64113,793,5,64911,17.17%,17.37%,
107/01/23,-168,0,0,-168,64336,809,5,65150,17.23%,17.43%,
107/01/22,-324,0,0,-324,64504,809,5,65318,17.28%,17.48%,
107/01/19,-124,0,0,-124,64828,809,5,65642,17.36%,17.56%,
107/01/18,-337,0,0,-337,64952,809,5,65766,17.40%,17.60%,
107/01/17,-315,0,0,-315,65289,809,5,66103,17.49%,17.69%,
107/01/16,-33,-18,0,-51,65604,809,5,66418,17.57%,17.77%,
107/01/15,-80,0,0,-80,65637,827,5,66469,17.58%,17.79%,
107/01/12,-183,0,0,-183,65717,827,5,66549,17.60%,17.81%,
107/01/11,-190,0,0,-190,65900,827,5,66732,17.65%,17.86%,
107/01/10,-422,-15,-25,-462,66090,827,5,66922,17.70%,17.91%,
107/01/09,-146,0,0,-146,66512,842,30,67384,17.81%,18.03%,
107/01/08,-282,0,0,-282,66658,842,30,67530,17.85%,18.07%,
107/01/05,-208,-15,0,-223,66940,842,30,67812,17.93%,18.15%,
107/01/04,-296,8,0,-288,67148,857,30,68035,17.98%,18.20%,
107/01/03,-158,0,0,-158,67444,849,30,68323,18.06%,18.28%,
107/01/02,48,0,0,48,67894,849,30,68773,18.18%,18.40%,
106/12/29,-199,0,0,-199,67846,849,30,68725,18.17%,18.39%,
106/12/28,-147,12,0,-135,68045,1274,30,69349,18.22%,18.54%,
106/12/27,-237,13,0,-224,68192,1262,30,69484,18.26%,18.58%,
106/12/26,-345,11,0,-334,68429,1249,30,69708,18.33%,18.65%,
106/12/25,3,0,0,3,68774,1238,30,70042,18.42%,18.73%,
106/12/22,-14,0,0,-14,68771,1238,30,70039,18.42%,18.73%,
106/12/21,-72,0,0,-72,68785,1238,30,70053,18.42%,18.73%,
106/12/20,-308,0,0,-308,68857,1238,30,70125,18.44%,18.75%,
106/12/19,-138,0,0,-138,69165,1238,30,70433,18.52%,18.83%,
106/12/18,2,0,0,2,69303,1238,30,70571,18.56%,18.87%,
106/12/15,1,0,0,1,69301,1238,30,70569,18.56%,18.87%,
106/12/14,-108,0,5,-103,69300,1238,30,70568,18.56%,18.87%,
106/12/13,-61,0,5,-56,69612,1238,25,70875,18.64%,18.95%,
106/12/12,56,0,15,71,69673,1238,20,70931,18.66%,18.97%,
106/12/11,67,0,0,67,69617,1238,5,70860,18.65%,18.96%,
106/12/08,447,0,5,452,69550,1238,5,70793,18.63%,18.94%,
106/12/07,156,0,0,156,69110,1238,0,70348,18.51%,18.82%,
106/12/06,297,0,-31,266,68954,1238,0,70192,18.47%,18.78%,
106/12/05,497,-154,-191,152,68657,1238,0,69895,18.39%,18.70%,
106/12/04,-154,0,0,-154,68160,1392,172,69724,18.26%,18.67%,
106/12/01,-115,0,0,-115,68355,1392,172,69919,18.31%,18.72%,
106/11/30,145,0,0,145,68470,1392,172,70034,18.34%,18.75%,
106/11/29,1,0,0,1,68325,1392,172,69889,18.30%,18.71%,
106/11/28,-85,0,0,-85,68324,1392,172,69888,18.30%,18.71%,
106/11/27,108,0,-20,88,68720,1392,172,70284,18.41%,18.82%,
106/11/24,113,0,-4,109,68612,1392,192,70196,18.38%,18.79%,
106/11/23,-163,0,40,-123,68499,1392,196,70087,18.35%,18.76%,
106/11/22,-121,0,80,-41,68721,1392,156,70269,18.41%,18.81%,
106/11/21,122,0,-38,84,68842,1392,76,70310,18.44%,18.82%,
106/11/20,182,0,35,217,68720,1392,114,70226,18.41%,18.80%,
106/11/17,213,0,-65,148,68538,1392,79,70009,18.36%,18.74%,
106/11/16,195,0,-23,172,68325,1392,144,69861,18.30%,18.70%,
106/11/15,390,0,-100,290,68130,1392,167,69689,18.25%,18.66%,
106/11/14,253,0,0,253,67740,1392,267,69399,18.14%,18.57%,
106/11/13,-30,40,0,10,67487,1392,267,69146,18.07%,18.50%,
106/11/10,388,14,-44,358,67670,1352,267,69289,18.12%,18.54%,
106/11/09,125,12,104,241,67282,1338,311,68931,18.02%,18.45%,
106/11/08,492,481,100,1073,67157,1326,207,68690,17.99%,18.39%,
106/11/07,161,0,107,268,66665,845,107,67617,17.85%,18.10%,
106/11/06,452,0,0,452,66504,845,0,67349,17.81%,18.03%,
106/11/03,1103,0,-32,1071,66052,845,0,66897,17.69%,17.91%,
106/11/02,102,0,-38,64,64949,845,0,65794,17.39%,17.61%,
106/11/01,99,0,20,119,64847,845,20,65712,17.37%,17.60%,
106/10/31,-208,0,0,-208,64748,845,0,65593,17.34%,17.56%,
106/10/30,204,0,-9,195,64956,845,0,65801,17.40%,17.62%,
106/10/27,-175,0,-40,-215,64752,845,0,65597,17.34%,17.56%,
106/10/26,249,0,0,249,64927,845,17,65789,17.39%,17.61%,
106/10/25,783,0,0,783,64678,845,17,65540,17.32%,17.54%,
106/10/24,626,0,17,643,63895,845,17,64757,17.11%,17.33%,
106/10/23,1024,0,-109,915,63467,845,0,64312,17.00%,17.22%,
106/10/20,976,0,-77,899,62443,845,0,63288,16.72%,16.94%,
106/10/19,582,-4,12,590,60476,845,12,61333,16.20%,16.42%,
106/10/18,291,0,-1,290,59894,849,0,60743,16.04%,16.26%,
106/10/17,64,0,-5,59,59603,849,0,60452,15.96%,16.18%,
106/10/16,632,0,-43,589,59539,849,0,60388,15.95%,16.17%,
106/10/13,647,0,-67,580,58907,849,22,59778,15.78%,16.01%,
106/10/12,213,0,-5,208,58260,849,89,59198,15.60%,15.84%,
106/10/11,-287,0,-30,-317,58047,849,94,58990,15.55%,15.80%,
106/10/06,649,0,-5,644,58334,849,124,59307,15.62%,15.87%,
106/10/05,1648,166,65,1879,57685,849,129,58663,15.45%,15.70%,
106/10/03,600,0,-38,562,56037,683,64,56784,15.01%,15.20%,
106/10/02,342,256,23,621,55437,683,102,56222,14.85%,15.05%,
106/09/30,0,0,24,24,55095,427,79,55601,14.75%,14.88%,
106/09/29,690,0,-1,689,55095,378,55,55528,14.75%,14.86%,
106/09/28,1453,0,-2,1451,54405,378,56,54839,14.57%,14.68%,
106/09/27,1456,0,2,1458,52952,378,58,53388,14.18%,14.29%,
106/09/26,993,0,-35,958,51496,378,56,51930,13.79%,13.90%,
106/09/25,388,0,0,388,50503,378,91,50972,13.52%,13.64%,
106/09/22,921,0,-96,825,50115,378,91,50584,13.42%,13.54%,
106/09/21,251,0,32,283,49194,378,187,49759,13.17%,13.32%,
106/09/20,513,0,-6,507,48943,378,155,49476,13.11%,13.25%,
106/09/19,560,0,63,623,48430,378,161,48969,12.97%,13.11%,
106/09/18,851,0,98,949,47870,378,98,48346,12.82%,12.94%,
106/09/15,825,0,-17,808,47019,378,0,47397,12.59%,12.69%,
106/09/14,366,0,13,379,46194,378,13,46585,12.37%,12.47%,
106/09/13,832,0,-21,811,45828,378,0,46206,12.27%,12.37%,
106/09/12,91,0,-143,-52,44996,378,0,45374,12.05%,12.15%,
106/09/11,352,0,-18,334,44905,378,82,45365,12.03%,12.15%,
106/09/08,528,-4,-20,504,44553,378,100,45031,11.93%,12.05%,
106/09/07,1226,0,-15,1211,44025,382,120,44527,11.79%,11.92%,
106/09/06,375,0,59,434,42799,382,135,43316,11.46%,11.59%,
106/09/05,190,0,0,190,42424,382,76,42882,11.36%,11.48%,
106/09/04,154,0,18,172,42234,382,76,42692,11.31%,11.43%,
106/09/01,-130,0,54,-76,42080,382,58,42520,11.27%,11.39%,
106/08/31,526,0,4,530,42210,382,4,42596,11.30%,11.40%,
106/08/30,-9,0,0,-9,41684,382,0,42066,11.16%,11.26%,
106/08/29,717,0,-86,631,41693,382,0,42075,11.16%,11.26%,
106/08/28,566,0,-4,562,40976,382,38,41396,10.97%,11.08%,
106/08/25,429,0,0,429,40410,382,42,40834,10.82%,10.93%,
106/08/24,542,-21,0,521,39981,382,42,40405,10.71%,10.82%,
106/08/23,417,-21,-6,390,39439,403,42,39884,10.56%,10.68%,
106/08/22,662,0,-121,541,39022,424,48,39494,10.45%,10.58%,
106/08/21,582,0,0,582,38360,424,169,38953,10.27%,10.43%,
106/08/18,770,0,29,799,37778,424,169,38371,10.12%,10.28%,
106/08/17,518,0,90,608,37008,424,140,37572,9.91%,10.06%,
106/08/16,724,0,50,774,36490,424,50,36964,9.77%,9.90%,
106/08/15,18,0,-14,4,35766,424,0,36190,9.58%,9.69%,
106/08/14,353,0,-38,315,35748,424,0,36172,9.57%,9.68%,
106/08/11,196,0,-10,186,35395,424,0,35819,9.48%,9.59%,
106/08/10,211,0,-3,208,35199,424,0,35623,9.42%,9.53%,
106/08/09,525,0,-86,439,34988,424,0,35412,9.37%,9.48%,
106/08/08,183,0,-191,-8,34463,424,0,34887,9.23%,9.34%,
106/08/07,62,0,0,62,34280,424,0,34704,9.18%,9.29%,
106/08/04,292,0,-6,286,34218,424,0,34642,9.16%,9.27%,
106/08/03,143,0,0,143,33926,424,2,34352,9.08%,9.20%,
106/08/02,-34,0,2,-32,33952,424,2,34378,9.09%,9.21%,
106/08/01,236,-4,0,232,33986,424,0,34410,9.10%,9.21%,
106/07/31,-35,0,0,-35,33750,428,0,34178,9.04%,9.16%,
106/07/28,137,0,0,137,33785,428,0,34213,9.05%,9.17%,
106/07/27,-66,0,0,-66,33648,428,0,34076,9.01%,9.13%,
106/07/26,-122,0,-9,-131,33714,428,0,34142,9.03%,9.15%,
106/07/25,-491,0,-5,-496,33836,428,0,34264,9.06%,9.18%,
106/07/24,201,0,-36,165,34177,428,0,34605,9.15%,9.27%,
106/07/21,-232,0,-347,-579,33976,428,0,34404,9.10%,9.22%,
106/07/20,643,0,83,726,34569,428,83,35080,9.26%,9.40%,
106/07/19,238,0,-346,-108,33926,428,0,34354,9.08%,9.20%,
106/07/18,140,0,-262,-122,33688,428,0,34116,9.02%,9.14%,
106/07/17,341,0,-335,6,33548,428,0,33976,8.98%,9.10%,
106/07/14,57,0,-152,-95,34017,428,0,34445,9.11%,9.23%,
106/07/13,-111,0,-7,-118,33490,428,45,33963,8.97%,9.10%,
106/07/12,-282,0,-7,-289,33501,428,52,33981,8.97%,9.10%,
106/07/11,-160,0,9,-151,33673,428,59,34160,9.02%,9.15%,
106/07/10,-309,0,0,-309,33833,428,50,34311,9.06%,9.19%,
106/07/07,-167,0,50,-117,33842,428,50,34320,9.06%,9.19%,
106/07/06,-183,0,-159,-342,34418,428,0,34846,9.22%,9.34%,
106/07/05,-6,0,-317,-323,34208,428,0,34636,9.16%,9.28%,
106/07/04,-333,0,0,-333,34313,428,0,34741,9.19%,9.31%,
106/07/03,-74,0,0,-74,34446,428,0,34874,9.22%,9.34%,
106/06/30,26,0,-5,21,34350,428,0,34778,9.20%,9.32%,
106/06/29,165,0,0,165,34324,412,0,34736,9.19%,9.31%,
106/06/28,117,0,-275,-158,34159,412,0,34571,9.15%,9.27%,
106/06/27,-23,0,0,-23,34042,412,35,34489,9.11%,9.24%,
106/06/26,297,0,30,327,34065,412,35,34512,9.12%,9.25%,
106/06/23,19,0,0,19,33768,412,5,34185,9.04%,9.16%,
106/06/22,87,0,0,87,33749,412,5,34166,9.04%,9.16%,
106/06/21,551,0,5,556,33662,412,5,34079,9.01%,9.13%,
106/06/20,29,0,-259,-230,33111,412,0,33523,8.87%,8.99%,
106/06/19,84,0,40,124,33082,412,118,33612,8.86%,9.01%,
106/06/16,34,0,-1,33,32998,412,78,33488,8.84%,8.98%,
106/06/15,-6,0,0,-6,32964,412,79,33455,8.83%,8.97%,
106/06/14,6,0,1,7,32970,412,79,33461,8.83%,8.97%,
106/06/13,22,0,0,22,32964,412,78,33454,8.83%,8.97%,
106/06/12,1,0,0,1,32942,412,78,33432,8.82%,8.96%,
106/06/09,-28,0,0,-28,32941,412,78,33431,8.82%,8.96%,
106/06/08,-48,0,0,-48,32969,412,78,33459,8.83%,8.97%,
106/06/07,16,0,-1,15,33017,412,78,33507,8.84%,8.98%,
106/06/06,-8,-7,0,-15,33001,412,79,33492,8.84%,8.98%,
106/06/05,184,-5,79,258,33009,419,79,33507,8.84%,8.98%,
106/06/03,0,0,0,0,32825,424,0,33249,8.79%,8.91%,
106/06/02,-10,0,0,-10,32825,424,0,33249,8.79%,8.91%,
106/06/01,-9,0,-5,-14,32835,424,0,33259,8.79%,8.91%,
106/05/31,-102,0,0,-102,32844,424,0,33268,8.79%,8.91%,
106/05/26,-46,0,0,-46,32946,424,0,33370,8.82%,8.94%,
106/05/25,5,0,0,5,32992,424,0,33416,8.83%,8.95%,
106/05/24,166,0,-1,165,32987,424,0,33411,8.83%,8.95%,
106/05/23,155,0,0,155,32821,424,0,33245,8.79%,8.91%,
106/05/22,129,0,0,129,32666,424,0,33090,8.75%,8.87%,
106/05/19,98,0,0,98,32537,424,0,32961,8.71%,8.83%,
106/05/18,90,0,0,90,32439,424,0,32863,8.69%,8.81%,
106/05/17,7,0,-1,6,32349,424,0,32773,8.66%,8.78%,
106/05/16,-31,0,0,-31,32342,424,0,32766,8.66%,8.78%,
106/05/15,-47,0,0,-47,32373,424,0,32797,8.67%,8.79%,
106/05/12,37,0,0,37,32420,424,0,32844,8.68%,8.80%,
106/05/11,-54,0,0,-54,32383,424,0,32807,8.67%,8.79%,
106/05/10,-10,-150,0,-160,32437,424,0,32861,8.68%,8.80%,
106/05/09,27,-100,0,-73,32447,574,0,33021,8.69%,8.85%,
106/05/08,2,-150,0,-148,32420,674,0,33094,8.68%,8.87%,
106/05/05,85,-100,-3,-18,32418,824,0,33242,8.68%,8.91%,
106/05/04,-15,-166,0,-181,32333,924,0,33257,8.66%,8.92%,
106/05/03,-2,-117,0,-119,32348,1090,0,33438,8.66%,8.97%,
106/05/02,40,-117,0,-77,32350,1207,0,33557,8.66%,9.01%,
106/04/28,-50,0,-14,-64,32310,1324,0,33634,8.65%,9.03%,
106/04/27,3,0,0,3,32360,1324,2,33686,8.66%,9.04%,
106/04/26,4,0,2,6,32357,1324,2,33683,8.66%,9.04%,
106/04/25,-7,0,-37,-44,32353,1324,0,33677,8.66%,9.04%,
106/04/24,26,0,0,26,32360,1324,0,33684,8.66%,9.04%,
106/04/21,85,0,-13,72,32334,1324,0,33658,8.66%,9.04%,
106/04/20,62,0,-2,60,31152,1324,0,32476,9.03%,9.41%,
106/04/19,-50,0,-169,-219,31090,1324,0,32414,9.01%,9.39%,
106/04/18,228,0,0,228,31140,1324,0,32464,9.03%,9.41%,
106/04/17,-13,0,-5,-18,30912,1324,0,32236,8.96%,9.34%,
106/04/14,-78,-4,-144,-226,30925,1324,0,32249,8.96%,9.34%,
106/04/13,75,0,-70,5,31003,1328,0,32331,8.99%,9.37%,
106/04/12,19,0,-238,-219,30928,1328,0,32256,8.96%,9.34%,
106/04/11,57,0,-74,-17,30909,1328,0,32237,8.96%,9.34%,
106/04/10,43,0,-17,26,30852,1328,0,32180,8.94%,9.32%,
106/04/07,52,0,-1,51,30809,1328,0,32137,8.93%,9.31%,
106/04/06,93,0,-337,-244,30757,1328,0,32085,8.92%,9.30%,
106/04/05,50,0,-18,32,30664,1328,0,31992,8.89%,9.27%,
106/03/31,37,0,0,37,30614,1328,0,31942,8.87%,9.25%,
106/03/30,-9,0,-5,-14,30577,1395,0,31972,8.86%,9.26%,
106/03/29,-58,0,-1,-59,30586,1395,0,31981,8.87%,9.27%,
106/03/28,-320,0,0,-320,30644,1395,0,32039,8.88%,9.28%,
106/03/27,-79,0,-131,-210,30964,1395,0,32359,8.98%,9.38%,
106/03/24,-67,0,-590,-657,31043,1395,0,32438,9.00%,9.40%,
106/03/23,-90,0,-15,-105,31110,1395,0,32505,9.02%,9.42%,
106/03/22,-58,0,-500,-558,31200,1395,0,32595,9.04%,9.44%,
106/03/21,-101,1,-143,-243,31258,1395,0,32653,9.06%,9.46%,
106/03/20,-90,0,-20,-110,31359,1394,0,32753,9.09%,9.49%,
106/03/17,-143,0,-146,-289,31449,1394,0,32843,9.12%,9.52%,
106/03/16,-66,0,2,-64,31592,1394,35,33021,9.16%,9.57%,
106/03/15,-16,0,1,-15,31658,1394,33,33085,9.18%,9.59%,
106/03/14,-174,0,-4,-178,31674,1394,32,33100,9.18%,9.59%,
106/03/13,-134,0,24,-110,31848,1394,36,33278,9.23%,9.64%,
106/03/10,-59,0,1,-58,31982,1394,12,33388,9.27%,9.68%,
106/03/09,-90,0,0,-90,32021,1394,11,33426,9.28%,9.68%,
106/03/08,45,0,0,45,32111,1394,11,33516,9.31%,9.71%,
106/03/07,-170,0,0,-170,32066,1394,11,33471,9.29%,9.69%,
106/03/06,41,0,11,52,32236,1394,11,33641,9.34%,9.74%,
106/03/03,179,0,-212,-33,32195,1394,0,33589,9.33%,9.73%,
106/03/02,175,0,-22,153,32016,1394,0,33410,9.28%,9.68%,
106/03/01,233,0,-71,162,31841,1394,0,33235,9.23%,9.63%,
106/02/24,129,0,0,129,31608,1394,1,33003,9.16%,9.56%,
106/02/23,-5,0,0,-5,31676,1394,1,33071,9.18%,9.58%,
106/02/22,197,0,1,198,31681,1394,1,33076,9.18%,9.58%,
106/02/21,142,0,-118,24,31484,1394,0,32878,9.13%,9.53%,
106/02/20,236,0,-8,228,31342,1394,0,32736,9.08%,9.48%,
106/02/18,0,0,-39,-39,31139,1394,0,32533,9.03%,9.43%,
106/02/17,-21,0,-5,-26,31139,1394,0,32533,9.03%,9.43%,
106/02/16,17,0,-5,12,31160,1394,0,32554,9.03%,9.43%,
106/02/15,74,0,-5,69,31143,1394,0,32537,9.03%,9.43%,
106/02/14,85,276,-198,163,31069,1394,0,32463,9.01%,9.41%,
106/02/13,71,0,8,79,30984,1118,8,32110,8.98%,9.30%,
106/02/10,47,0,0,47,30913,1118,0,32031,8.96%,9.28%,
106/02/09,-42,0,0,-42,30866,1118,0,31984,8.95%,9.27%,
106/02/08,-109,0,-22,-131,30908,1118,0,32026,8.96%,9.28%,
106/02/07,-194,193,-70,-71,31017,1118,0,32135,8.99%,9.31%,
106/02/06,106,100,-173,33,31211,925,0,32136,9.05%,9.32%,
106/02/03,-87,11,0,-76,31105,825,0,31930,9.02%,9.26%,
106/02/02,-17,0,0,-17,31192,814,0,32006,9.04%,9.27%,
106/01/24,-20,0,0,-20,31209,814,0,32023,9.05%,9.28%,
106/01/23,-26,0,-22,-48,31229,814,0,32043,9.05%,9.28%,
106/01/20,-24,0,0,-24,31255,814,0,32069,9.06%,9.29%,
106/01/19,-51,0,0,-51,31479,814,0,32293,9.12%,9.35%,
106/01/18,84,0,-8,76,31530,814,0,32344,9.14%,9.37%,
106/01/17,-40,0,0,-40,31446,814,0,32260,9.11%,9.34%,
106/01/16,-143,0,0,-143,31486,814,0,32300,9.13%,9.36%,
106/01/13,55,0,-36,19,31628,814,0,32442,9.17%,9.40%,
106/01/12,-28,0,0,-28,31573,814,0,32387,9.15%,9.38%,
106/01/11,45,0,-29,16,31601,814,0,32415,9.16%,9.39%,
106/01/10,-71,0,0,-71,31556,814,0,32370,9.15%,9.38%,
106/01/09,82,0,-36,46,31627,814,0,32441,9.17%,9.40%,
106/01/06,15,27,0,42,31502,814,1,32317,9.13%,9.36%,
106/01/05,-21,27,0,6,31487,787,1,32275,9.13%,9.36%,
106/01/04,28,0,0,28,31508,760,1,32269,9.13%,9.35%,
106/01/03,75,0,0,75,31480,760,1,32241,9.12%,9.34%,
105/12/30,-8,0,1,-7,31405,760,1,32166,9.10%,9.32%,
105/12/29,-8,0,-36,-44,31413,760,0,32173,9.11%,9.33%,
105/12/28,-12,0,0,-12,31421,760,2,32183,9.11%,9.33%,
105/12/27,-13,0,0,-13,31433,760,2,32195,9.11%,9.33%,
105/12/26,-42,0,0,-42,31446,760,2,32208,9.12%,9.34%,
105/12/23,-21,0,0,-21,31488,760,2,32250,9.13%,9.35%,
105/12/22,-5,0,0,-5,31509,760,2,32271,9.13%,9.35%,
105/12/21,-27,0,2,-25,31514,760,2,32276,9.13%,9.35%,
105/12/20,157,0,-98,59,31594,760,0,32354,9.16%,9.38%,
105/12/19,158,0,-187,-29,31437,760,0,32197,9.11%,9.33%,
105/12/16,197,0,-62,135,31279,760,0,32039,9.07%,9.29%,
105/12/15,70,0,-4,66,31082,760,0,31842,9.01%,9.23%,
105/12/14,117,0,-10,107,31012,760,0,31772,8.99%,9.21%,
105/12/13,241,0,-0,241,30895,760,9,31664,8.96%,9.18%,
105/12/12,77,0,9,86,30654,760,9,31423,8.89%,9.11%,
105/12/09,157,0,0,157,30577,760,0,31337,8.86%,9.08%,
105/12/08,80,0,-131,-51,30714,760,0,31474,8.90%,9.12%,
105/12/07,75,0,-125,-50,30634,760,0,31394,8.88%,9.10%,
105/12/06,1,0,2,3,30559,760,2,31321,8.86%,9.08%,
105/12/05,-17,0,-31,-48,30558,760,0,31318,8.86%,9.08%,
105/12/02,44,0,-70,-26,30575,760,0,31335,8.86%,9.08%,
105/12/01,49,0,-1,48,30886,760,0,31646,8.95%,9.17%,
105/11/30,31,0,-8,23,30837,760,0,31597,8.94%,9.16%,
105/11/29,81,0,-92,-11,30806,760,0,31566,8.93%,9.15%,
105/11/28,65,0,-37,28,30725,760,0,31485,8.91%,9.13%,
105/11/25,44,0,-50,-6,30660,760,0,31420,8.89%,9.11%,
105/11/24,32,0,0,32,30616,760,0,31376,8.87%,9.09%,
105/11/23,81,0,-3,78,30584,760,0,31344,8.87%,9.09%,
105/11/22,83,0,-190,-107,30503,760,0,31263,8.84%,9.06%,
105/11/21,21,0,0,21,30420,760,0,31180,8.82%,9.04%,
105/11/18,-72,0,-2,-74,30399,760,0,31159,8.81%,9.03%,
105/11/17,44,0,-75,-31,30471,760,0,31231,8.83%,9.05%,
105/11/16,179,0,-232,-53,30427,760,5,31192,8.82%,9.04%,
105/11/15,44,0,-23,21,30248,760,237,31245,8.77%,9.06%,
105/11/14,-11,0,-41,-52,30204,760,260,31224,8.75%,9.05%,
105/11/11,61,0,-148,-87,30215,760,301,31276,8.76%,9.07%,
105/11/10,63,0,-58,5,30154,760,449,31363,8.74%,9.09%,
105/11/09,-154,0,-27,-181,30091,760,507,31358,8.72%,9.09%,
105/11/08,2,0,0,2,30245,760,534,31539,8.77%,9.15%,
105/11/07,20,0,-76,-56,30243,760,534,31537,8.77%,9.15%,
105/11/04,142,0,0,142,30223,760,610,31593,8.76%,9.16%,
105/11/03,290,0,12,302,30081,760,610,31451,8.72%,9.12%,
105/11/02,215,0,-93,122,29791,760,598,31149,8.64%,9.03%,
105/11/01,22,0,-164,-142,29576,760,691,31027,8.57%,8.99%,
105/10/31,96,0,-99,-3,29554,760,855,31169,8.57%,9.04%,
105/10/28,69,0,0,69,29458,760,954,31172,8.54%,9.04%,
105/10/27,-38,0,0,-38,29389,760,954,31103,8.52%,9.02%,
105/10/26,-8,0,0,-8,29427,760,954,31141,8.53%,9.03%,
105/10/25,-3,0,-50,-53,29435,760,954,31149,8.53%,9.03%,
105/10/24,18,0,-100,-82,29438,760,1004,31202,8.53%,9.04%,
105/10/21,-14,0,-12,-26,29420,760,1104,31284,8.53%,9.07%,
105/10/20,-181,1,-6,-186,29434,760,1116,31310,8.53%,9.07%,
105/10/19,34,0,-53,-19,29615,759,1122,31496,8.58%,9.13%,
105/10/18,-150,0,-27,-177,29581,759,1175,31515,8.57%,9.13%,
105/10/17,-42,0,-20,-62,29731,759,1202,31692,8.62%,9.19%,
105/10/14,-66,0,10,-56,29773,759,1222,31754,8.63%,9.20%,
105/10/13,97,0,0,97,29839,759,1212,31810,8.65%,9.22%,
105/10/12,5,0,1,6,29742,759,1212,31713,8.62%,9.19%,
105/10/11,-88,0,14,-74,29737,759,1211,31707,8.62%,9.19%,
105/10/07,11,0,0,11,29825,759,1197,31781,8.64%,9.21%,
105/10/06,4,0,0,4,29814,759,1197,31770,8.64%,9.21%,
105/10/05,262,0,0,262,29810,759,1197,31766,8.64%,9.21%,
105/10/04,-172,0,-4,-176,29548,759,1197,31504,8.56%,9.13%,
105/10/03,-5,0,0,-5,29720,759,1201,31680,8.61%,9.18%,
105/09/30,-52,0,3,-49,29625,759,1201,31585,8.59%,9.16%,
105/09/29,12,0,-50,-38,29677,740,1198,31615,8.60%,9.16%,
105/09/26,28,0,0,28,29665,740,1248,31653,8.60%,9.18%,
105/09/23,-75,0,0,-75,29637,740,1248,31625,8.59%,9.17%,
105/09/22,-22,0,0,-22,29712,740,1248,31700,8.61%,9.19%,
105/09/21,57,0,0,57,29664,740,1248,31652,8.60%,9.18%,
105/09/20,-100,0,-18,-118,29607,740,1248,31595,8.58%,9.16%,
105/09/19,-152,0,2,-150,29637,740,1266,31643,8.59%,9.17%,
105/09/14,-45,0,0,-45,29789,740,1264,31793,8.63%,9.21%,
105/09/13,-80,0,-16,-96,29834,740,1264,31838,8.65%,9.23%,
105/09/12,-111,0,0,-111,29914,740,1280,31934,8.67%,9.26%,
105/09/10,0,0,0,0,30025,740,1280,32045,8.70%,9.29%,
105/09/09,54,0,0,54,30025,740,1280,32045,8.70%,9.29%,
105/09/08,68,0,0,68,29971,740,1280,31991,8.69%,9.28%,
105/09/07,-82,0,0,-82,29626,740,1280,31646,8.59%,9.18%,
105/09/06,-82,0,-42,-124,29608,740,1280,31628,8.58%,9.17%,
105/09/05,-21,0,-30,-51,29690,740,1322,31752,8.61%,9.21%,
105/09/02,-362,0,0,-362,29711,740,1352,31803,8.61%,9.22%,
105/09/01,-81,0,0,-81,30073,740,1352,32165,8.72%,9.33%,
105/08/31,6,0,-3,3,30154,740,1352,32246,8.74%,9.35%,
105/08/30,-30,0,0,-30,30148,740,1355,32243,8.74%,9.35%,
105/08/29,11,0,0,11,30178,740,1355,32273,8.75%,9.36%,
105/08/26,55,0,-28,27,30167,740,1355,32262,8.74%,9.35%,
105/08/25,179,0,-3,176,30112,740,1383,32235,8.73%,9.35%,
105/08/24,155,-1,0,154,29933,740,1386,32059,8.68%,9.30%,
105/08/23,285,0,0,285,29778,741,1386,31905,8.63%,9.25%,
105/08/22,-238,0,0,-238,29493,741,1386,31620,8.55%,9.17%,
105/08/19,33,0,-3,30,29731,741,1386,31858,8.62%,9.24%,
105/08/18,71,-1,42,112,29698,741,1389,31828,8.61%,9.23%,
105/08/17,200,0,-1,199,29627,742,1347,31716,8.59%,9.20%,
105/08/16,28,-1,-1,26,29427,742,1348,31517,8.53%,9.14%,
105/08/15,-42,0,-10,-52,29399,743,1349,31491,8.52%,9.13%,
105/08/12,39,-1,-112,-74,28941,743,1359,31043,8.39%,9.00%,
105/08/11,-82,0,291,209,28902,744,1471,31117,8.38%,9.02%,
105/08/10,93,0,127,220,28984,744,1180,30908,8.40%,8.96%,
105/08/09,-100,0,146,46,28791,744,1053,30588,8.35%,8.87%,
105/08/08,-58,-1,-57,-116,28891,744,907,30542,8.37%,8.85%,
105/08/05,36,-1,-91,-56,28949,745,964,30658,8.39%,8.89%,
105/08/04,-184,0,-8,-192,28913,746,1055,30714,8.38%,8.90%,
105/08/03,-28,-1,-1,-30,29060,746,1063,30869,8.42%,8.94%,
105/08/02,-16,0,0,-16,29088,747,1064,30899,8.43%,8.96%,
105/08/01,-27,0,0,-27,29104,747,1064,30915,8.44%,8.97%,
105/07/29,-219,-2,0,-221,29217,747,1064,31028,8.47%,9.00%,
105/07/28,55,0,1,56,29436,749,1064,31249,8.53%,9.06%,
105/07/27,-8,-1,0,-9,29381,749,1063,31193,8.52%,9.05%,
105/07/26,-80,0,0,-80,29389,750,1063,31202,8.52%,9.05%,
105/07/25,121,0,1,122,29469,750,1063,31282,8.54%,9.07%,
105/07/22,138,-3,2,137,29348,750,1062,31160,8.51%,9.04%,
105/07/21,284,-2,93,375,29187,753,1060,31000,8.46%,8.99%,
105/07/20,274,-2,-24,248,28924,755,967,30646,8.38%,8.88%,
105/07/19,27,0,-26,1,28650,757,991,30398,8.30%,8.81%,
105/07/18,-96,0,-25,-121,28623,757,1017,30397,8.30%,8.81%,
105/07/15,-48,0,-20,-68,28719,757,1042,30518,8.32%,8.84%,
105/07/14,22,0,0,22,29052,757,1062,30871,8.42%,8.95%,
105/07/13,-46,0,20,-26,29030,757,1062,30849,8.41%,8.94%,
105/07/12,153,0,0,153,29076,757,1042,30875,8.43%,8.95%,
105/07/11,-77,0,0,-77,28923,757,1042,30722,8.38%,8.90%,
105/07/07,-70,0,-14,-84,29000,757,1042,30799,8.41%,8.93%,
105/07/06,78,0,-23,55,29070,757,1056,30883,8.43%,8.96%,
105/07/05,96,0,-1,95,28992,757,1079,30828,8.40%,8.93%,
105/07/04,82,0,0,82,28896,757,1080,30733,8.38%,8.91%,
105/07/01,75,0,-1,74,28814,757,1080,30651,8.35%,8.88%,
105/06/30,198,0,-8,190,28739,757,1081,30577,8.33%,8.86%,
105/06/29,-95,0,60,-35,28541,625,1089,30255,8.27%,8.77%,
105/06/28,33,0,0,33,28636,625,1029,30290,8.30%,8.78%,
105/06/27,-84,-71,20,-135,28603,625,1029,30257,8.29%,8.77%,
105/06/24,-164,-72,33,-203,28687,696,1009,30392,8.31%,8.80%,
105/06/23,35,0,-1,34,28851,768,976,30595,8.36%,8.87%,
105/06/22,22,0,0,22,28817,768,977,30562,8.35%,8.86%,
105/06/21,78,0,30,108,28795,768,977,30540,8.35%,8.86%,
105/06/20,-5,0,11,6,28717,768,947,30432,8.32%,8.82%,
105/06/17,-129,0,-10,-139,28722,768,936,30426,8.32%,8.81%,
105/06/16,-35,0,-14,-49,28795,768,946,30509,8.35%,8.85%,
105/06/15,-82,0,-7,-89,28830,768,960,30558,8.36%,8.86%,
105/06/14,25,0,3,28,28912,768,967,30647,8.38%,8.88%,
105/06/13,-36,0,0,-36,28887,768,964,30619,8.37%,8.87%,
105/06/08,101,0,0,101,28923,768,964,30655,8.38%,8.88%,
105/06/07,-2,0,0,-2,28822,768,964,30554,8.35%,8.85%,
105/06/06,-47,0,0,-47,28824,768,964,30556,8.35%,8.85%,
105/06/04,0,0,0,0,28871,768,964,30603,8.37%,8.87%,
105/06/03,-48,0,0,-48,28871,768,964,30603,8.37%,8.87%,
105/06/02,-1,0,0,-1,28919,768,964,30651,8.38%,8.88%,
105/06/01,15,0,52,67,28920,768,964,30652,8.38%,8.88%,
105/05/31,-3,0,20,17,28905,768,912,30585,8.38%,8.87%,
105/05/30,-2,0,9,7,28908,768,892,30568,8.38%,8.86%,
105/05/27,9,0,0,9,28910,768,883,30561,8.38%,8.86%,
105/05/26,58,0,0,58,28901,768,883,30552,8.38%,8.86%,
105/05/25,-36,0,-18,-54,28843,768,883,30494,8.36%,8.84%,
105/05/24,-92,0,0,-92,28879,768,901,30548,8.37%,8.85%,
105/05/23,45,0,52,97,28971,768,901,30640,8.40%,8.88%,
105/05/20,-29,0,0,-29,28850,768,849,30467,8.36%,8.83%,
105/05/19,-34,0,8,-26,28879,768,849,30496,8.37%,8.84%,
105/05/18,-24,0,0,-24,28913,768,841,30522,8.38%,8.85%,
105/05/17,-24,0,0,-24,28937,768,841,30546,8.39%,8.86%,
105/05/16,0,0,2,2,28961,768,841,30570,8.39%,8.86%,
105/05/13,-72,0,0,-72,28961,768,839,30568,8.39%,8.86%,
105/05/12,-10,0,0,-10,29033,768,839,30640,8.42%,8.89%,
105/05/11,-26,0,0,-26,29043,768,839,30650,8.42%,8.89%,
105/05/10,-13,0,12,-1,29069,768,839,30676,8.43%,8.90%,
105/05/09,14,0,0,14,29082,768,827,30677,8.43%,8.89%,
105/05/06,-178,0,23,-155,29068,768,827,30663,8.43%,8.89%,
105/05/05,72,0,0,72,29246,768,804,30818,8.48%,8.94%,
105/05/04,-72,0,0,-72,29174,768,804,30746,8.46%,8.92%,
105/05/03,-44,0,-2,-46,29246,768,804,30818,8.48%,8.94%,
105/04/29,-63,0,9,-54,29290,768,806,30864,8.49%,8.95%,
105/04/28,-53,0,3,-50,29353,768,797,30918,8.51%,8.96%,
105/04/27,-7,0,0,-7,29406,768,794,30968,8.52%,8.97%,
105/04/26,-20,0,9,-11,29413,768,794,30975,8.53%,8.98%,
105/04/25,-47,0,0,-47,29433,768,785,30986,8.53%,8.98%,
105/04/22,-9,0,5,-4,29480,768,785,31033,8.54%,8.99%,
105/04/21,24,0,-12,12,29489,768,780,31037,8.55%,9.00%,
105/04/20,48,0,21,69,29448,768,792,31008,8.55%,9.00%,
105/04/19,4,0,0,4,29400,768,771,30939,8.53%,8.98%,
105/04/18,-95,0,0,-95,29396,768,771,30935,8.53%,8.98%,
105/04/15,120,10,51,181,29491,768,771,31030,8.56%,9.01%,
105/04/14,11,0,0,11,29371,758,720,30849,8.52%,8.95%,
105/04/13,34,0,7,41,29360,758,720,30838,8.52%,8.95%,
105/04/12,78,0,0,78,29326,758,713,30797,8.51%,8.94%,
105/04/11,-10,0,0,-10,29248,758,713,30719,8.49%,8.92%,
105/04/08,63,0,0,63,29258,758,713,30729,8.49%,8.92%,
105/04/07,37,0,11,48,29195,758,713,30666,8.47%,8.90%,
105/04/06,-11,0,2,-9,29181,758,702,30641,8.47%,8.89%,
105/04/01,98,0,0,98,29192,758,700,30650,8.47%,8.89%,
105/03/31,103,0,1,104,29094,758,700,30552,8.44%,8.86%,
105/03/30,61,0,0,61,28991,527,699,30217,8.41%,8.77%,
105/03/29,-9,0,19,10,28930,527,699,30156,8.39%,8.75%,
105/03/28,-140,0,-6,-146,28939,527,680,30146,8.40%,8.75%,
105/03/25,42,0,-16,26,29079,527,686,30292,8.44%,8.79%,
105/03/24,20,0,-34,-14,29037,527,702,30266,8.43%,8.79%,
105/03/23,30,0,-11,19,29017,527,736,30280,8.42%,8.79%,
105/03/22,-18,0,8,-10,28987,527,747,30261,8.41%,8.78%,
105/03/21,76,0,-14,62,29005,527,739,30271,8.42%,8.79%,
105/03/18,75,0,6,81,28929,527,753,30209,8.39%,8.76%,
105/03/17,22,0,0,22,28854,527,747,30128,8.37%,8.74%,
105/03/16,38,0,0,38,28832,527,747,30106,8.37%,8.74%,
105/03/15,-8,0,0,-8,28986,527,747,30260,8.41%,8.78%,
105/03/14,-1,0,-13,-14,28994,527,747,30268,8.41%,8.78%,
105/03/11,-7,0,0,-7,28995,527,760,30282,8.41%,8.78%,
105/03/10,28,0,-10,18,29002,527,760,30289,8.42%,8.79%,
105/03/09,76,0,-46,30,28974,527,770,30271,8.41%,8.79%,
105/03/08,48,0,0,48,28898,527,816,30241,8.39%,8.78%,
105/03/07,41,0,-18,23,28850,527,816,30193,8.37%,8.76%,
105/03/04,67,0,0,67,28809,527,834,30170,8.36%,8.75%,
105/03/03,-28,0,-35,-63,28762,527,834,30123,8.35%,8.74%,
105/03/02,-35,0,-103,-138,28790,527,869,30186,8.35%,8.75%,
105/03/01,-130,0,0,-130,28825,527,972,30324,8.36%,8.79%,
105/02/26,-59,0,4,-55,28955,527,972,30454,8.40%,8.83%,
105/02/25,-71,0,-11,-82,29014,527,968,30509,8.42%,8.85%,
105/02/24,-21,0,-19,-40,29085,527,979,30591,8.44%,8.88%,
105/02/23,33,0,-2,31,29106,527,998,30631,8.45%,8.89%,
105/02/22,24,0,7,31,29073,527,1000,30600,8.44%,8.88%,
105/02/19,22,0,0,22,29049,527,993,30569,8.43%,8.87%,
105/02/18,15,0,-1,14,29277,527,993,30797,8.50%,8.94%,
105/02/17,-101,0,1,-100,29262,527,994,30783,8.49%,8.93%,
105/02/16,97,0,2,99,29363,527,993,30883,8.52%,8.96%,
105/02/15,61,0,0,61,29266,527,991,30784,8.49%,8.93%,
105/02/03,-7,0,0,-7,29160,527,991,30678,8.46%,8.90%,
105/02/02,33,164,-12,185,29172,527,991,30690,8.47%,8.91%,
105/02/01,19,163,58,240,29139,363,1003,30505,8.46%,8.86%,
105/01/30,0,16,0,16,29120,200,945,30265,8.45%,8.78%,
105/01/29,3,0,4,7,29120,184,945,30249,8.45%,8.78%,
105/01/28,5,0,0,5,29117,184,941,30242,8.45%,8.78%,
105/01/27,10,0,0,10,29089,184,941,30214,8.44%,8.77%,
105/01/26,-7,0,9,2,29079,184,941,30204,8.44%,8.77%,
105/01/25,-8,0,0,-8,29086,184,932,30202,8.44%,8.76%,
105/01/22,1,0,0,1,29094,184,932,30210,8.44%,8.76%,
105/01/21,-32,0,0,-32,29093,184,932,30209,8.44%,8.76%,
105/01/20,-1,-13,0,-14,29125,184,932,30241,8.45%,8.77%,
105/01/19,-52,0,9,-43,29126,197,932,30255,8.45%,8.78%,
105/01/18,45,0,-15,30,29178,197,923,30298,8.47%,8.79%,
105/01/15,-5,-13,0,-18,29133,197,938,30268,8.45%,8.78%,
105/01/14,-39,0,0,-39,29138,210,938,30286,8.46%,8.79%,
105/01/13,-8,0,0,-8,29177,210,938,30325,8.47%,8.80%,
105/01/12,-3,0,0,-3,29185,210,938,30333,8.47%,8.80%,
105/01/11,-40,0,0,-40,29188,210,938,30336,8.47%,8.80%,
105/01/08,-2,0,0,-2,29228,210,938,30376,8.48%,8.81%,
105/01/07,-53,0,0,-53,29230,210,938,30378,8.48%,8.81%,
105/01/06,-34,0,0,-34,29283,210,938,30431,8.50%,8.83%,
105/01/05,-31,0,24,-7,29243,210,938,30391,8.49%,8.82%,
105/01/04,22,0,12,34,29274,210,914,30398,8.49%,8.82%,
104/12/31,31,0,0,31,29252,210,902,30364,8.49%,8.81%,
104/12/30,15,0,0,15,29221,210,902,30333,8.48%,8.80%,
104/12/29,21,15,1,37,29164,210,902,30276,8.46%,8.78%,
104/12/28,1,22,0,23,29143,195,901,30239,8.46%,8.78%,
104/12/25,17,0,0,17,29142,173,901,30216,8.46%,8.77%,
104/12/24,1,0,0,1,29125,173,901,30199,8.45%,8.76%,
104/12/23,-4,0,0,-4,29124,173,901,30198,8.45%,8.76%,
104/12/22,-128,0,-2,-130,29128,173,901,30202,8.45%,8.76%,
104/12/21,-57,0,0,-57,29256,173,903,30332,8.49%,8.80%,
104/12/18,5,0,0,5,29313,173,903,30389,8.51%,8.82%,
104/12/17,-9,0,0,-9,29308,173,903,30384,8.50%,8.81%,
104/12/16,-13,0,0,-13,29317,173,903,30393,8.51%,8.82%,
104/12/15,-114,0,0,-114,29330,173,903,30406,8.51%,8.82%,
104/12/14,-191,0,17,-174,29444,173,903,30520,8.54%,8.85%,
104/12/11,-63,0,0,-63,29599,173,886,30658,8.59%,8.90%,
104/12/10,-51,0,0,-51,29662,173,886,30721,8.61%,8.92%,
104/12/09,-93,0,0,-93,29703,173,886,30762,8.62%,8.93%,
104/12/08,-9,0,0,-9,29796,173,886,30855,8.65%,8.96%,
104/12/07,1,0,1,2,29805,173,886,30864,8.65%,8.96%,
104/12/04,-8,0,0,-8,29804,173,885,30862,8.65%,8.96%,
104/12/03,17,0,0,17,29812,173,885,30870,8.65%,8.96%,
104/12/02,3,0,0,3,29795,173,885,30853,8.65%,8.96%,
104/12/01,78,0,0,78,29792,173,885,30850,8.65%,8.96%,
104/11/30,-18,0,0,-18,29714,173,885,30772,8.62%,8.93%,
104/11/27,6,0,0,6,29732,173,885,30790,8.63%,8.94%,
104/11/26,49,0,0,49,29726,173,885,30784,8.63%,8.94%,
104/11/25,-103,0,0,-103,29677,173,885,30735,8.61%,8.92%,
104/11/24,-17,0,0,-17,29780,173,885,30838,8.64%,8.95%,
104/11/23,-17,0,0,-17,29797,173,885,30855,8.65%,8.96%,
104/11/20,181,0,0,181,29814,173,885,30872,8.65%,8.96%,
104/11/19,54,0,-2,52,29633,173,885,30691,8.60%,8.91%,
104/11/18,46,0,-1,45,29579,173,887,30639,8.58%,8.89%,
104/11/17,13,0,-4,9,29533,173,888,30594,8.57%,8.88%,
104/11/16,411,0,-1,410,29520,173,892,30585,8.57%,8.88%,
104/11/13,-99,0,0,-99,29109,173,893,30175,8.45%,8.76%,
104/11/12,-64,0,0,-64,29208,173,893,30274,8.48%,8.79%,
104/11/11,-128,0,5,-123,29272,173,893,30338,8.49%,8.80%,
104/11/10,-12,0,15,3,29400,173,888,30461,8.53%,8.84%,
104/11/09,36,0,0,36,29412,173,873,30458,8.53%,8.83%,
104/11/06,-73,0,0,-73,29376,173,873,30422,8.52%,8.82%,
104/11/05,-3,0,1,-2,29449,173,873,30495,8.55%,8.85%,
104/11/04,132,19,2,153,29452,173,872,30497,8.55%,8.85%,
104/11/03,14,0,-13,1,30382,154,870,31406,8.82%,9.12%,
104/11/02,142,0,-10,132,30368,154,883,31405,8.81%,9.11%,
104/10/30,-32,0,0,-32,30226,154,893,31273,8.77%,9.07%,
104/10/29,-36,0,0,-36,30258,154,893,31305,8.78%,9.08%,
104/10/28,-85,0,0,-85,30294,154,893,31341,8.79%,9.09%,
104/10/27,-17,0,0,-17,30379,154,893,31426,8.82%,9.12%,
104/10/26,-87,0,0,-87,30396,154,893,31443,8.82%,9.12%,
104/10/23,2,0,0,2,30483,154,893,31530,8.85%,9.15%,
104/10/22,14,0,0,14,30481,154,893,31528,8.85%,9.15%,
104/10/21,-124,0,0,-124,30590,154,893,31637,8.88%,9.18%,
104/10/20,-100,0,0,-100,30714,154,893,31761,8.91%,9.21%,
104/10/19,26,0,0,26,30814,154,893,31861,8.94%,9.24%,
104/10/16,46,0,0,46,31107,154,893,32154,9.03%,9.33%,
104/10/15,-68,0,0,-68,31061,154,893,32108,9.01%,9.31%,
104/10/14,23,0,0,23,30687,154,893,31734,8.91%,9.21%,
104/10/13,-6,0,3,-3,30664,154,893,31711,8.90%,9.20%,
104/10/12,32,0,0,32,30670,154,890,31714,8.90%,9.20%,
104/10/08,14,0,0,14,30638,154,890,31682,8.89%,9.19%,
104/10/07,-22,0,0,-22,30624,154,890,31668,8.89%,9.19%,
104/10/06,101,0,0,101,30646,154,890,31690,8.89%,9.19%,
104/10/05,-52,0,0,-52,30648,154,890,31692,8.89%,9.19%,
104/10/02,287,15,0,302,30700,154,890,31744,8.91%,9.21%,
104/10/01,209,0,5,214,30444,139,890,31473,8.83%,9.13%,
104/09/30,8,0,-1,7,30235,139,885,31259,8.77%,9.07%,
104/09/25,39,0,0,39,30227,139,886,31252,8.77%,9.07%,
104/09/24,-121,0,1,-120,30188,139,886,31213,8.76%,9.06%,
104/09/23,-57,0,0,-57,30309,139,885,31333,8.80%,9.10%,
104/09/22,-19,0,80,61,30366,139,885,31390,8.81%,9.11%,
104/09/21,-92,139,-2,45,30385,139,805,31329,8.82%,9.09%,
104/09/18,-20,-45,0,-65,30477,0,807,31284,8.84%,9.07%,
104/09/17,9,0,2,11,30497,0,807,31304,8.85%,9.08%,
104/09/16,-9,0,0,-9,30488,0,805,31293,8.85%,9.08%,
104/09/15,45,0,0,45,30497,0,805,31302,8.85%,9.08%,
104/09/14,-1,0,0,-1,30452,0,805,31257,8.84%,9.07%,
104/09/11,-34,0,0,-34,30453,0,805,31258,8.84%,9.07%,
104/09/10,42,0,0,42,30487,0,805,31292,8.85%,9.08%,
104/09/09,97,0,0,97,30445,0,805,31250,8.83%,9.06%,
104/09/08,20,0,0,20,30348,0,805,31153,8.81%,9.04%,
104/09/07,9,0,0,9,30328,0,805,31133,8.80%,9.03%,
104/09/04,27,0,0,27,30319,0,805,31124,8.80%,9.03%,
104/09/03,-18,0,0,-18,30292,0,805,31097,8.79%,9.02%,
104/09/02,-2,0,0,-2,30225,0,805,31030,8.77%,9.00%,
104/09/01,3,-3,-2,-2,30312,0,805,31117,8.80%,9.03%,
104/08/31,16,-2,-1,13,28944,0,807,29751,8.40%,8.63%,
104/08/28,-33,-500,-1,-534,28928,0,808,29736,8.39%,8.63%,
104/08/27,1231,-400,-43,788,28961,19,809,29789,8.40%,8.64%,
104/08/26,1289,-350,-24,915,27730,419,852,29001,8.05%,8.42%,
104/08/25,333,0,-13,320,26441,769,876,28086,7.67%,8.15%,
104/08/24,77,0,18,95,26108,769,889,27766,7.58%,8.06%,
104/08/21,75,0,-1,74,26031,769,871,27671,7.55%,8.03%,
104/08/20,390,0,1,391,25706,769,872,27347,7.46%,7.94%,
104/08/19,-9,0,14,5,25316,769,871,26956,7.35%,7.83%,
104/08/18,-2,0,-6,-8,25325,769,857,26951,7.35%,7.82%,
104/08/17,6,0,14,20,25327,769,863,26959,7.35%,7.82%,
104/08/14,83,0,0,83,25321,769,849,26939,7.35%,7.82%,
104/08/13,50,0,3,53,25238,769,849,26856,7.32%,7.79%,
104/08/12,10,0,10,20,25102,769,846,26717,7.28%,7.75%,
104/08/11,-46,0,-17,-63,25092,769,836,26697,7.28%,7.75%,
104/08/10,-7,0,-2,-9,25138,769,853,26760,7.29%,7.76%,
104/08/07,-62,0,-2,-64,25145,769,855,26769,7.30%,7.77%,
104/08/06,-112,0,11,-101,25207,769,857,26833,7.31%,7.78%,
104/08/05,-100,0,8,-92,25319,769,846,26934,7.35%,7.82%,
104/08/04,-163,-52,6,-209,25419,769,838,27026,7.38%,7.85%,
104/08/03,-103,-100,-2,-205,25582,821,832,27235,7.42%,7.90%,
104/07/31,-33,0,-18,-51,25685,921,834,27440,7.45%,7.96%,
104/07/30,-99,-100,0,-199,25718,921,852,27491,7.46%,7.98%,
104/07/29,-94,0,2,-92,25807,1021,852,27680,7.49%,8.03%,
104/07/28,-156,5,-37,-188,25901,1021,850,27772,7.52%,8.06%,
104/07/27,-228,0,-11,-239,26057,1016,887,27960,7.56%,8.11%,
104/07/24,-136,0,-27,-163,26285,1016,898,28199,7.63%,8.19%,
104/07/23,-99,0,6,-93,26370,1016,925,28311,7.65%,8.21%,
104/07/22,-106,0,4,-102,26469,1016,919,28404,7.68%,8.24%,
104/07/21,-120,0,0,-120,26510,1016,915,28441,7.69%,8.25%,
104/07/20,-24,0,-3,-27,26630,1016,915,28561,7.73%,8.29%,
104/07/17,131,15,3,149,26654,1016,918,28588,7.73%,8.29%,
104/07/16,114,0,0,114,26533,1001,915,28449,7.70%,8.26%,
104/07/15,-109,3,1,-105,26419,1001,915,28335,7.67%,8.23%,
104/07/14,-130,0,-3,-133,26529,998,914,28441,7.70%,8.26%,
104/07/13,-22,-50,-2,-74,26659,998,918,28575,7.74%,8.30%,
104/07/09,-89,-200,38,-251,26711,1048,920,28679,7.75%,8.32%,
104/07/08,-82,0,80,-2,26800,1248,882,28930,7.78%,8.40%,
104/07/07,-6,0,50,44,26882,1248,802,28932,7.80%,8.40%,
104/07/06,-6,0,30,24,26888,1248,752,28888,7.80%,8.38%,
104/07/03,-71,0,2,-69,26894,1248,722,28864,7.80%,8.37%,
104/07/02,-34,0,20,-14,26965,1248,720,28933,7.82%,8.40%,
104/07/01,-25,0,70,45,26999,1248,700,28947,7.83%,8.41%,
104/06/30,-111,0,46,-65,27024,1248,630,28902,7.84%,8.40%,
104/06/29,-84,0,0,-84,27135,1339,584,29058,7.87%,8.44%,
104/06/26,-71,0,0,-71,27219,1339,584,29142,7.90%,8.47%,
104/06/25,-38,0,0,-38,28120,1339,584,30043,8.16%,8.73%,
104/06/24,-222,0,0,-222,28158,1339,584,30081,8.17%,8.74%,
104/06/23,21,-100,0,-79,28380,1339,584,30303,8.24%,8.81%,
104/06/22,-115,-19,0,-134,28359,1439,584,30382,8.23%,8.83%,
104/06/18,-26,0,0,-26,28474,1458,584,30516,8.26%,8.86%,
104/06/17,-223,0,0,-223,28500,1458,584,30542,8.27%,8.87%,
104/06/16,-89,0,0,-89,28707,1458,584,30749,8.33%,8.93%,
104/06/15,1,0,0,1,28796,1458,584,30838,8.36%,8.96%,
104/06/12,-51,50,0,-1,28795,1458,584,30837,8.36%,8.96%,
104/06/11,-91,0,0,-91,28846,1408,584,30838,8.37%,8.96%,
104/06/10,-42,0,0,-42,28937,1408,584,30929,8.40%,8.99%,
104/06/09,-324,-14,0,-338,28979,1408,584,30971,8.41%,9.00%,
104/06/08,-33,0,0,-33,29303,1422,584,31309,8.50%,9.09%,
104/06/05,-245,-2,0,-247,29336,1422,584,31342,8.51%,9.10%,
104/06/04,-226,0,0,-226,29571,1424,584,31579,8.58%,9.17%,
104/06/03,-97,0,0,-97,29797,1424,584,31805,8.65%,9.24%,
104/06/02,-127,0,-1,-128,29894,1424,584,31902,8.67%,9.26%,
104/06/01,-47,0,0,-47,30021,1424,585,32030,8.71%,9.30%,
104/05/29,-88,0,0,-88,30068,1424,585,32077,8.73%,9.32%,
104/05/28,-91,-41,0,-132,30156,1424,585,32165,8.75%,9.34%,
104/05/27,-81,78,0,-3,30263,1465,585,32313,8.78%,9.39%,
104/05/26,-28,0,-1,-29,30344,1387,585,32316,8.81%,9.39%,
104/05/25,-62,0,-2,-64,30415,1387,586,32388,8.83%,9.41%,
104/05/22,-35,0,-1,-36,30477,1387,588,32452,8.84%,9.42%,
104/05/21,-120,0,-17,-137,30512,1387,589,32488,8.85%,9.43%,
104/05/20,-156,0,-3,-159,30624,1387,606,32617,8.89%,9.48%,
104/05/19,-12,0,-3,-15,30655,1387,609,32651,8.90%,9.49%,
104/05/18,-70,0,1,-69,30667,1387,612,32666,8.90%,9.49%,
104/05/15,-54,0,-1,-55,30740,1387,611,32738,8.92%,9.51%,
104/05/14,-273,153,-107,-227,30794,1387,612,32793,8.94%,9.53%,
104/05/13,5,0,206,211,31056,1234,719,33009,9.01%,9.59%,
104/05/12,-58,0,0,-58,31359,1234,513,33106,9.10%,9.62%,
104/05/11,-65,0,-4,-69,31217,1234,513,32964,9.06%,9.58%,
104/05/08,-188,0,0,-188,31282,1234,517,33033,9.08%,9.60%,
104/05/07,39,-12,0,27,31552,1234,517,33303,9.16%,9.68%,
104/05/06,417,0,0,417,31513,1246,517,33276,9.14%,9.66%,
104/05/05,107,0,0,107,31096,1246,517,32859,9.02%,9.54%,
104/05/04,26,0,1,27,30989,1246,517,32752,8.99%,9.51%,
104/04/30,97,0,1,98,30963,1246,516,32725,8.99%,9.51%,
104/04/29,74,-2,15,87,30866,1246,515,32627,8.96%,9.48%,
104/04/28,159,-13,0,146,30792,1248,500,32540,8.94%,9.46%,
104/04/27,22,0,-36,-14,30633,1261,500,32394,8.89%,9.41%,
104/04/24,170,0,-131,39,30611,1261,536,32408,8.88%,9.41%,
104/04/23,137,0,-39,98,30441,1261,667,32369,8.83%,9.40%,
104/04/22,134,0,-97,37,30304,1261,706,32271,8.79%,9.37%,
104/04/21,7,0,-17,-10,28897,1261,803,30961,8.65%,9.26%,
104/04/20,290,0,-101,189,28847,1261,820,30928,8.64%,9.26%,
104/04/17,56,0,0,56,28583,1261,921,30765,8.56%,9.21%,
104/04/16,103,0,-22,81,28527,1261,921,30709,8.54%,9.19%,
104/04/15,114,12,-90,36,28424,1261,943,30628,8.51%,9.16%,
104/04/14,92,0,0,92,28323,1249,1033,30605,8.48%,9.16%,
104/04/13,10,0,0,10,28231,1249,1033,30513,8.45%,9.13%,
104/04/10,-16,0,-1,-17,28221,1249,1033,30503,8.45%,9.13%,
104/04/09,144,0,0,144,28237,1249,1034,30520,8.46%,9.14%,
104/04/08,147,0,0,147,28093,1249,1034,30376,8.41%,9.09%,
104/04/07,124,0,0,124,27946,1249,1034,30229,8.37%,9.05%,
104/04/02,95,0,0,95,27822,1249,1034,30105,8.33%,9.01%,
104/04/01,57,0,0,57,27727,1249,1034,30010,8.30%,8.98%,
104/03/31,-34,0,1,-33,27670,1249,1034,29953,8.29%,8.97%,
104/03/30,15,0,2,17,27704,1233,1033,29970,8.30%,8.97%,
104/03/27,94,0,3,97,27689,1233,1031,29953,8.29%,8.96%,
104/03/26,43,0,-299,-256,27595,1233,1028,29856,8.26%,8.93%,
104/03/25,-52,0,6,-46,27552,1233,1327,30112,8.25%,9.01%,
104/03/24,72,0,0,72,27609,1233,1321,30163,8.27%,9.03%,
104/03/23,61,0,0,61,27537,1233,1321,30091,8.25%,9.01%,
104/03/20,35,-159,0,-124,27476,1233,1321,30030,8.23%,8.99%,
104/03/19,54,0,0,54,27441,1392,1321,30154,8.22%,9.02%,
104/03/18,-29,-38,0,-67,27387,1392,1321,30100,8.20%,9.00%,
104/03/17,-32,-156,0,-188,27416,1430,1321,30167,8.21%,9.02%,
104/03/16,19,2,8,29,27435,1586,1321,30342,8.22%,9.08%,
104/03/13,22,-254,5,-227,27416,1584,1313,30313,8.21%,9.07%,
104/03/12,62,-366,97,-207,27394,1838,1308,30540,8.20%,9.13%,
104/03/11,-341,-100,43,-398,27332,2204,1211,30747,8.18%,9.19%,
104/03/10,106,-100,67,73,27673,2304,1168,31145,8.29%,9.32%,
104/03/09,189,-187,10,12,27567,2404,1101,31072,8.26%,9.30%,
104/03/06,121,-316,97,-98,27378,2591,1091,31060,8.20%,9.29%,
104/03/05,12,0,-3,9,27257,2907,994,31158,8.16%,9.31%,
104/03/04,9,-7,0,2,27245,2907,997,31149,8.16%,9.32%,
104/03/03,-15,0,-10,-25,27236,2914,997,31147,8.16%,9.32%,
104/03/02,20,0,2,22,27251,2914,1007,31172,8.16%,9.32%,
104/02/26,30,-1,0,29,27448,2914,1005,31367,8.22%,9.38%,
104/02/25,-27,-5,-3,-35,27418,2915,1005,31338,8.21%,9.37%,
104/02/24,-56,0,290,234,27495,2920,1008,31423,8.23%,9.39%,
104/02/13,-26,-218,-8,-252,27551,2920,718,31189,8.25%,9.33%,
104/02/12,-45,0,0,-45,27577,3138,726,31441,8.26%,9.40%,
104/02/11,-114,0,2,-112,27572,3138,726,31436,8.26%,9.40%,
104/02/10,-10,0,1,-9,27685,3138,724,31547,8.29%,9.43%,
104/02/09,-78,-129,-20,-227,27695,3138,723,31556,8.29%,9.43%,
104/02/06,-222,0,-5,-227,27773,3267,743,31783,8.32%,9.51%,
104/02/05,-40,0,-15,-55,27995,3267,748,32010,8.38%,9.57%,
104/02/04,-76,0,0,-76,28035,3267,763,32065,8.40%,9.59%,
104/02/03,-45,0,-20,-65,28464,3267,763,32494,8.52%,9.71%,
104/02/02,-155,-100,0,-255,28509,3267,783,32559,8.54%,9.74%,
104/01/30,-88,-52,-5,-145,28664,3367,783,32814,8.58%,9.81%,
104/01/29,0,-500,0,-500,28752,3419,788,32959,8.61%,9.86%,
104/01/28,21,-400,-215,-594,28752,3919,788,33459,8.61%,10.00%,
104/01/27,-274,0,11,-263,28471,4319,1003,33793,8.53%,10.11%,
104/01/26,-248,0,0,-248,28592,4319,992,33903,8.56%,10.13%,
104/01/23,80,0,-3,77,28840,4319,992,34151,8.64%,10.21%,
104/01/22,71,-21,0,50,28817,4319,995,34131,8.63%,10.20%,
104/01/21,-70,0,0,-70,28746,4340,995,34081,8.61%,10.19%,
104/01/20,18,0,0,18,28816,4340,995,34151,8.63%,10.21%,
104/01/19,-37,0,0,-37,28798,4340,995,34133,8.62%,10.20%,
104/01/16,-64,0,-4,-68,28835,4340,995,34170,8.64%,10.22%,
104/01/15,2,0,0,2,28899,4340,999,34238,8.65%,10.23%,
104/01/14,-9,0,0,-9,28897,4340,999,34236,8.65%,10.23%,
104/01/13,-22,0,4,-18,28906,4340,999,34245,8.66%,10.24%,
104/01/12,13,-173,100,-60,28928,4340,995,34263,8.66%,10.24%,
104/01/09,-68,0,100,32,28915,4513,895,34323,8.66%,10.26%,
104/01/08,13,0,0,13,29127,4513,795,34435,8.72%,10.29%,
104/01/07,-9,0,0,-9,29114,4513,795,34422,8.72%,10.29%,
104/01/06,-134,0,0,-134,29123,4513,795,34431,8.72%,10.30%,
104/01/05,-49,0,48,-1,29241,4513,795,34549,8.76%,10.34%,
