日期,外資買賣超,投信買賣超,自營商買賣超,單日合計買賣超,外資估計持股,投信估計持股,自營商估計持股,單日合計估計持股,外資持股比重,三大法人持股比重,
107/03/31,0,0,2,2,121165,3280,2283,126728,20.48%,21.42%,
107/03/30,117,0,-4,113,121165,3280,2281,126726,20.48%,21.42%,
107/03/29,8,0,-4,4,121007,3280,2285,126572,20.45%,21.39%,
107/03/28,39,0,-24,15,120996,3280,2289,126565,20.45%,21.39%,
107/03/27,29,-25,5,9,121089,3280,2313,126682,20.47%,21.42%,
107/03/26,-17,-25,-97,-139,121060,3305,2308,126673,20.46%,21.41%,
107/03/23,-17,0,-56,-73,121107,3330,2405,126842,20.47%,21.44%,
107/03/22,258,0,20,278,121124,3330,2461,126915,20.47%,21.45%,
107/03/21,3,0,-31,-28,120866,3330,2441,126637,20.43%,21.41%,
107/03/20,56,-70,-16,-30,120843,3330,2472,126645,20.43%,21.41%,
107/03/19,53,-201,0,-148,121087,3400,2488,126975,20.47%,21.47%,
107/03/16,-137,1,-6,-142,121034,3601,2488,127123,20.46%,21.49%,
107/03/15,58,0,-89,-31,121171,3600,2494,127265,20.48%,21.51%,
107/03/14,639,0,151,790,121153,3600,2583,127336,20.48%,21.53%,
107/03/13,188,0,0,188,120514,3600,2432,126546,20.37%,21.39%,
107/03/12,93,0,-11,82,120326,3600,2432,126358,20.34%,21.36%,
107/03/09,241,0,86,327,120253,3600,2443,126296,20.33%,21.35%,
107/03/08,-244,0,16,-228,120012,3600,2357,125969,20.29%,21.30%,
107/03/07,-30,0,-18,-48,120256,3600,2341,126197,20.33%,21.33%,
107/03/06,-50,0,-13,-63,120516,3600,2359,126475,20.37%,21.38%,
107/03/05,55,0,-8,47,120612,3600,2372,126584,20.39%,21.40%,
107/03/02,-372,0,-20,-392,120789,3600,2380,126769,20.42%,21.43%,
107/03/01,239,0,-48,191,121171,3600,2400,127171,20.48%,21.49%,
107/02/27,-27,0,-18,-45,120945,3600,2448,126993,20.44%,21.46%,
107/02/26,21,0,59,80,120956,3600,2466,127022,20.44%,21.47%,
107/02/23,-41,25,6,-10,120853,3600,2407,126860,20.43%,21.45%,
107/02/22,-294,0,-11,-305,120855,3575,2401,126831,20.43%,21.44%,
107/02/21,488,0,5,493,121094,3575,2412,127081,20.47%,21.48%,
107/02/12,320,-1,-81,238,120564,3575,2407,126546,20.38%,21.39%,
107/02/09,-94,0,-47,-141,120150,3576,2488,126214,20.31%,21.34%,
107/02/08,-259,0,-33,-292,120222,3576,2535,126333,20.32%,21.35%,
107/02/07,-564,0,-59,-623,120494,3576,2568,126638,20.37%,21.41%,
107/02/06,-152,0,-114,-266,120805,3576,2627,127008,20.42%,21.47%,
107/02/05,8,-45,-95,-132,121207,3576,2741,127524,20.49%,21.56%,
107/02/02,-16,0,-4,-20,121169,3621,2836,127626,20.48%,21.57%,
107/02/01,-327,0,-78,-405,121175,3621,2840,127636,20.48%,21.57%,
107/01/31,860,-70,111,901,121645,3621,2918,128184,20.56%,21.67%,
107/01/30,-1188,-371,-168,-1727,120928,3691,2807,127426,20.44%,21.54%,
107/01/29,-954,-45,-42,-1041,122002,4062,2975,129039,20.62%,21.81%,
107/01/26,-8,-767,25,-750,122535,4107,3017,129659,20.71%,21.91%,
107/01/25,-170,0,-87,-257,122319,4874,2992,130185,20.68%,22.01%,
107/01/24,499,-30,35,504,122362,4874,3079,130315,20.68%,22.02%,
107/01/23,-216,-370,-98,-684,121903,4904,3044,129851,20.60%,21.94%,
107/01/22,-453,-703,4,-1152,122002,5274,3142,130418,20.62%,22.04%,
107/01/19,287,-245,-28,14,121968,5977,3138,131083,20.62%,22.16%,
107/01/18,-250,-150,-45,-445,121643,6222,3166,131031,20.56%,22.15%,
107/01/17,410,0,40,450,122152,6372,3211,131735,20.65%,22.27%,
107/01/16,152,-110,-18,24,121711,6372,3171,131254,20.57%,22.18%,
107/01/15,-579,0,-182,-761,121556,6482,3189,131227,20.55%,22.19%,
107/01/12,-425,-355,12,-768,122109,6482,3371,131962,20.64%,22.31%,
107/01/11,180,-200,-99,-119,122453,6837,3359,132649,20.70%,22.42%,
107/01/10,272,-10,-25,237,122266,7037,3458,132761,20.67%,22.44%,
107/01/09,-676,0,-272,-948,122067,7047,3483,132597,20.63%,22.41%,
107/01/08,-405,-15,515,95,122730,7047,3755,133532,20.74%,22.57%,
107/01/05,85,-88,-7,-10,122645,7062,3240,132947,20.73%,22.47%,
107/01/04,85,-104,-13,-32,122634,7150,3247,133031,20.73%,22.49%,
107/01/03,-6,89,35,118,122549,7254,3260,133063,20.71%,22.49%,
107/01/02,487,60,-21,526,122608,7165,3225,132998,20.72%,22.48%,
106/12/29,254,0,-42,212,122093,7105,3246,132444,20.64%,22.39%,
106/12/28,412,-3,9,418,121839,5896,3288,131023,20.59%,22.14%,
106/12/27,80,-203,-46,-169,121429,5899,3279,130607,20.52%,22.07%,
106/12/26,-16,-1,-251,-268,121349,6102,3325,130776,20.51%,22.10%,
106/12/25,-138,-200,181,-157,121365,6104,3576,131045,20.51%,22.15%,
106/12/22,81,-292,3,-208,121503,6304,3395,131202,20.54%,22.18%,
106/12/21,46,-200,-36,-190,121407,6596,3392,131395,20.52%,22.21%,
106/12/20,323,-200,-52,71,121340,6796,3428,131564,20.51%,22.24%,
106/12/19,-58,-304,-52,-414,121017,6996,3480,131493,20.46%,22.23%,
106/12/18,-364,-200,62,-502,121025,7300,3532,131857,20.46%,22.29%,
106/12/15,-226,0,-114,-340,121344,7500,3470,132314,20.51%,22.36%,
106/12/14,6,0,188,194,121513,7500,3584,132597,20.54%,22.41%,
106/12/13,-81,0,10,-71,121530,7500,3396,132426,20.54%,22.38%,
106/12/12,94,0,-137,-43,121557,7500,3386,132443,20.55%,22.39%,
106/12/11,68,0,-10,58,121638,7500,3523,132661,20.56%,22.42%,
106/12/08,-1027,0,-49,-1076,121550,7500,3533,132583,20.55%,22.42%,
106/12/07,-196,-15,-53,-264,121903,7500,3582,132985,20.60%,22.47%,
106/12/06,150,0,-130,20,122001,7515,3635,133151,20.62%,22.51%,
106/12/05,534,-500,-128,-94,121851,7515,3765,133131,20.60%,22.51%,
106/12/04,44,-409,-81,-446,121267,8015,3893,133175,20.50%,22.51%,
106/12/01,412,-97,-154,161,121144,8424,3974,133542,20.48%,22.58%,
106/11/30,219,-8,-53,158,120598,8521,4128,133247,20.38%,22.52%,
106/11/29,-65,-55,80,-40,120370,8529,4181,133080,20.35%,22.50%,
106/11/28,130,-25,-25,80,120356,8584,4101,133041,20.34%,22.48%,
106/11/27,170,-20,-72,78,120226,8609,4126,132961,20.32%,22.47%,
106/11/24,-125,-143,46,-222,120005,8629,4198,132832,20.28%,22.45%,
106/11/23,180,-71,57,166,120100,8772,4152,133024,20.30%,22.49%,
106/11/22,961,-779,-206,-24,119918,8843,4095,132856,20.27%,22.46%,
106/11/21,180,-862,39,-643,119061,9622,4301,132984,20.12%,22.47%,
106/11/20,-616,-150,-34,-800,118697,10484,4262,133443,20.06%,22.55%,
106/11/17,605,-29,281,857,119052,10634,4296,133982,20.12%,22.64%,
106/11/16,226,-80,-33,113,118477,10663,4015,133155,20.03%,22.51%,
106/11/15,-165,-150,-255,-570,118239,10743,4048,133030,19.99%,22.49%,
106/11/14,-274,-215,93,-396,118401,10893,4303,133597,20.01%,22.58%,
106/11/13,-416,-82,-131,-629,118650,11108,4210,133968,20.05%,22.64%,
106/11/10,676,-165,-81,430,119082,11190,4341,134613,20.13%,22.76%,
106/11/09,444,-270,-504,-330,118416,11355,4422,134193,20.02%,22.69%,
106/11/08,406,-1447,-587,-1628,117982,11625,4926,134533,19.94%,22.74%,
106/11/07,-188,-511,-96,-795,118310,13072,5513,136895,20.00%,23.14%,
106/11/06,348,-308,-112,-72,118498,13583,5609,137690,20.03%,23.27%,
106/11/03,-192,-207,-345,-744,118150,13891,5721,137762,19.97%,23.29%,
106/11/02,366,-40,-91,235,118342,14098,6066,138506,20.00%,23.41%,
106/11/01,-237,-411,-127,-775,117976,14138,6157,138271,19.94%,23.37%,
106/10/31,-116,0,-71,-187,118213,14549,6284,139046,19.98%,23.50%,
106/10/30,698,0,-249,449,118717,14549,6355,139621,20.07%,23.60%,
106/10/27,-113,0,-142,-255,118009,14549,6604,139162,19.95%,23.53%,
106/10/26,190,0,138,328,118107,14549,6746,139402,19.96%,23.56%,
106/10/25,240,-146,4,98,117907,14549,6608,139064,19.93%,23.51%,
106/10/24,-74,0,-219,-293,117667,14695,6604,138966,19.89%,23.49%,
106/10/23,-1397,-11,458,-950,117850,14695,6823,139368,19.92%,23.56%,
106/10/20,164,283,265,712,119519,14706,6365,140590,20.20%,23.76%,
106/10/19,544,-2,153,695,119467,14423,6100,139990,20.19%,23.66%,
106/10/18,-320,13,-898,-1205,118923,14425,5947,139295,20.10%,23.54%,
106/10/17,-570,0,-123,-693,119233,14412,6845,140490,20.15%,23.74%,
106/10/16,12,52,556,620,120077,14412,6968,141457,20.30%,23.91%,
106/10/13,-643,70,-489,-1062,120055,14360,6412,140827,20.29%,23.80%,
106/10/12,-913,225,498,-190,120987,14290,6901,142178,20.45%,24.03%,
106/10/11,-492,13,-208,-687,121890,14065,6403,142358,20.60%,24.06%,
106/10/06,-542,115,-377,-804,122383,14052,6611,143046,20.69%,24.18%,
106/10/05,-1271,57,-35,-1249,123016,13937,6988,143941,20.79%,24.33%,
106/10/03,-664,694,-209,-179,123628,13880,7023,144531,20.90%,24.43%,
106/10/02,183,273,861,1317,123757,13186,7232,144175,20.92%,24.37%,
106/09/30,0,140,179,319,123677,12913,6371,142961,20.90%,24.16%,
106/09/29,74,110,-187,-3,123677,13521,6192,143390,20.90%,24.23%,
106/09/28,-94,56,-99,-137,123587,13411,6379,143377,20.89%,24.24%,
106/09/27,-306,276,123,93,123648,13355,6478,143481,20.90%,24.25%,
106/09/26,-1263,1417,705,859,123895,13079,6355,143329,20.94%,24.23%,
106/09/25,476,129,-180,425,124991,11662,5650,142303,21.13%,24.06%,
106/09/22,-28,85,-461,-404,124250,11533,5830,141613,21.00%,23.94%,
106/09/21,-974,0,408,-566,124239,11448,6291,141978,21.00%,24.00%,
106/09/20,-385,100,125,-160,125213,11448,5883,142544,21.16%,24.09%,
106/09/19,382,41,-1186,-763,125587,11348,5758,142693,21.23%,24.12%,
106/09/18,5424,230,814,6468,124947,11307,6944,143198,21.12%,24.21%,
106/09/15,1277,424,991,2692,119520,11077,6130,136727,20.20%,23.11%,
106/09/14,-598,100,14,-484,118247,10653,5139,134039,19.99%,22.66%,
106/09/13,-447,660,489,702,118805,10553,5125,134483,20.08%,22.73%,
106/09/12,-527,0,-155,-682,119202,9893,4636,133731,20.15%,22.61%,
106/09/11,-132,0,526,394,119729,9893,4791,134413,20.24%,22.72%,
106/09/08,-44,-25,79,10,119861,9893,4265,134019,20.26%,22.65%,
106/09/07,-14,0,-116,-130,119864,9918,4186,133968,20.26%,22.64%,
106/09/06,-270,0,-589,-859,119878,9918,4302,134098,20.26%,22.66%,
106/09/05,262,0,472,734,120121,9918,4891,134930,20.30%,22.80%,
106/09/04,-235,0,324,89,119859,9918,4419,134196,20.26%,22.68%,
106/09/01,-482,-50,-2,-534,120094,9918,4095,134107,20.30%,22.67%,
106/08/31,-371,0,-164,-535,120575,9968,4097,134640,20.38%,22.76%,
106/08/30,-25,0,403,378,120918,9968,4261,135147,20.44%,22.85%,
106/08/29,-158,0,15,-143,120943,9968,3858,134769,20.44%,22.78%,
106/08/28,-412,-14,-300,-726,121051,9968,3843,134862,20.46%,22.80%,
106/08/25,-372,0,611,239,121463,9982,4143,135588,20.53%,22.92%,
106/08/24,-53,10,50,7,121841,9982,3532,135355,20.59%,22.87%,
106/08/23,-353,70,-193,-476,121894,9972,3482,135348,20.60%,22.87%,
106/08/22,-1271,0,194,-1077,122247,9902,3675,135824,20.66%,22.96%,
106/08/21,-552,2,-38,-588,123518,9902,3481,136901,20.88%,23.14%,
106/08/18,-67,-69,-302,-438,124070,9900,3519,137489,20.97%,23.24%,
106/08/17,-245,26,260,41,124137,9969,3821,137927,20.98%,23.31%,
106/08/16,-6,0,-240,-246,124382,9943,3561,137886,21.02%,23.30%,
106/08/15,-1206,-38,309,-935,123918,9943,3801,137662,20.95%,23.27%,
106/08/14,127,0,-237,-110,125350,9981,3492,138823,21.19%,23.47%,
106/08/11,-580,-8,24,-564,125223,9981,3729,138933,21.17%,23.49%,
106/08/10,-166,-25,-72,-263,125823,9989,3705,139517,21.27%,23.59%,
106/08/09,-1202,0,-90,-1292,125989,10014,3777,139780,21.30%,23.63%,
106/08/08,427,-10,-289,128,127191,10014,3867,141072,21.50%,23.85%,
106/08/07,141,-10,-211,-80,126497,10024,4156,140677,21.38%,23.78%,
106/08/04,-255,-185,142,-298,126356,10034,4367,140757,21.36%,23.79%,
106/08/03,-430,-70,9,-491,126612,10219,4225,141056,21.40%,23.84%,
106/08/02,-860,204,-554,-1210,127042,10289,4216,141547,21.47%,23.92%,
106/08/01,-222,-1,167,-56,127960,10085,4770,142815,21.63%,24.14%,
106/07/31,-6,30,-109,-85,128182,10086,4603,142871,21.67%,24.15%,
106/07/28,-93,-10,-270,-373,128188,10056,4712,142956,21.67%,24.17%,
106/07/27,-16,0,-150,-166,128281,10066,4982,143329,21.68%,24.22%,
106/07/26,579,-64,-106,409,128297,10066,5132,143495,21.69%,24.26%,
106/07/25,512,-82,-10,420,127718,10130,5238,143086,21.59%,24.19%,
106/07/24,1017,-100,103,1020,127206,10212,5248,142666,21.50%,24.11%,
106/07/21,891,30,-213,708,126189,10312,5145,141646,21.33%,23.94%,
106/07/20,761,10,344,1115,125297,10282,5358,140937,21.18%,23.82%,
106/07/19,-429,0,-324,-753,124578,10272,5014,139864,21.06%,23.64%,
106/07/18,854,159,-31,982,125007,10272,5338,140617,21.13%,23.77%,
106/07/17,320,20,-326,14,124152,10113,5369,139634,20.99%,23.61%,
106/07/14,-1726,-98,-1337,-3161,123910,10093,5695,139698,20.94%,23.61%,
106/07/13,224,-1321,1715,618,125978,10191,7032,143201,21.29%,24.20%,
106/07/12,477,-103,-58,316,126108,11512,5317,142937,21.32%,24.17%,
106/07/11,-443,423,-810,-830,125712,11615,5375,142702,21.25%,24.12%,
106/07/10,274,220,1148,1642,126287,11192,6185,143664,21.35%,24.29%,
106/07/07,118,519,-260,377,125859,10972,5037,141868,21.27%,23.98%,
106/07/06,756,78,-147,687,125836,10453,5297,141586,21.27%,23.93%,
106/07/05,1029,572,-811,790,125000,10375,5444,140819,21.13%,23.80%,
106/07/04,3139,995,885,5019,123971,9803,6255,140029,20.95%,23.66%,
106/07/03,1283,678,393,2354,120649,8808,5370,134827,20.39%,22.79%,
106/06/30,1301,145,-97,1349,119537,8130,4977,132644,20.20%,22.42%,
106/06/29,1350,92,-214,1228,118503,7762,5074,131339,20.03%,22.20%,
106/06/28,787,666,494,1947,117153,7670,5288,130111,19.80%,21.99%,
106/06/27,503,-100,-392,11,116591,7004,4794,128389,19.71%,21.70%,
106/06/26,-544,302,153,-89,116088,7104,5186,128378,19.62%,21.70%,
106/06/23,-22,0,-162,-184,116712,6802,5033,128547,19.73%,21.73%,
106/06/22,573,0,24,597,116734,6802,5195,128731,19.73%,21.76%,
106/06/21,-1111,0,-73,-1184,116161,6802,5171,128134,19.63%,21.65%,
106/06/20,-265,0,245,-20,117272,6802,5244,129318,19.82%,21.86%,
106/06/19,-215,-70,-167,-452,117538,6802,4999,129339,19.87%,21.87%,
106/06/16,-772,-143,982,67,117753,6872,5166,129791,19.90%,21.94%,
106/06/15,-199,0,-199,-398,118525,7015,4184,129724,20.03%,21.92%,
106/06/14,-290,-65,124,-231,118724,7015,4383,130122,20.07%,22.00%,
106/06/13,-964,0,68,-896,119014,7080,4259,130353,20.12%,22.04%,
106/06/12,-752,0,-112,-864,119978,7080,4191,131249,20.28%,22.19%,
106/06/09,-1075,0,89,-986,120730,7080,4303,132113,20.41%,22.33%,
106/06/08,-733,0,-41,-774,121988,7080,4214,133282,20.62%,22.53%,
106/06/07,-327,-86,-8,-421,122621,7080,4255,133956,20.73%,22.65%,
106/06/06,-6,-386,-205,-597,122948,7166,4263,134377,20.78%,22.71%,
106/06/05,-621,-216,-104,-941,122954,7552,4468,134974,20.78%,22.81%,
106/06/03,0,-50,-26,-76,123575,7768,4572,135915,20.89%,22.98%,
106/06/02,-365,-310,-1071,-1746,123575,7818,4598,135991,20.89%,22.99%,
106/06/01,-659,181,1743,1265,124304,8128,5669,138101,21.01%,23.34%,
106/05/31,-277,175,-157,-259,124880,7947,3926,136753,21.11%,23.12%,
106/05/26,1614,69,-37,1646,125157,7772,4083,137012,21.16%,23.16%,
106/05/25,807,348,374,1529,123366,7703,4120,135189,20.85%,22.85%,
106/05/24,-509,0,-173,-682,122386,7355,3746,133487,20.69%,22.57%,
106/05/23,-970,-295,269,-996,122711,7355,3919,133985,20.74%,22.65%,
106/05/22,-130,0,1,-129,123504,7650,3650,134804,20.88%,22.79%,
106/05/19,-928,39,-120,-1009,123634,7650,3649,134933,20.90%,22.81%,
106/05/18,-181,25,-120,-276,124563,7611,3769,135943,21.05%,22.97%,
106/05/17,33,0,69,102,124744,7586,3889,136219,21.09%,23.03%,
106/05/16,-331,29,22,-280,124711,7586,3820,136117,21.08%,23.01%,
106/05/15,-699,17,397,-285,125041,7557,3798,136396,21.14%,23.06%,
106/05/12,-249,30,13,-206,125598,7540,3401,136539,21.23%,23.08%,
106/05/11,-114,-14,-10,-138,125867,7510,3388,136765,21.28%,23.12%,
106/05/10,-82,34,51,3,125981,7524,3398,136903,21.29%,23.14%,
106/05/09,-981,25,-70,-1026,125934,7490,3347,136771,21.29%,23.12%,
106/05/08,-1241,10,61,-1170,126865,7465,3417,137747,21.44%,23.28%,
106/05/05,-761,-3,-351,-1115,128106,7455,3356,138917,21.65%,23.48%,
106/05/04,-891,200,602,-89,128867,7458,3707,140032,21.78%,23.67%,
106/05/03,-958,320,212,-426,129536,7258,3105,139899,21.90%,23.65%,
106/05/02,-558,0,74,-484,130494,6938,2893,140325,22.06%,23.72%,
106/04/28,-197,36,-12,-173,131060,6938,2819,140817,22.15%,23.80%,
106/04/27,-172,0,201,29,131247,6902,2831,140980,22.18%,23.83%,
106/04/26,-225,0,-19,-244,131360,6902,2630,140892,22.20%,23.81%,
106/04/25,-898,-50,52,-896,131585,6902,2649,141136,22.24%,23.85%,
106/04/24,-49,0,-19,-68,132302,6952,2597,141851,22.36%,23.97%,
106/04/21,-279,10,19,-250,132351,6952,2616,141919,22.37%,23.99%,
106/04/20,-1364,39,20,-1305,132630,6942,2597,142169,22.42%,24.03%,
106/04/19,-859,0,33,-826,133994,6903,2577,143474,22.65%,24.25%,
106/04/18,-442,70,27,-345,134953,6903,2544,144400,22.81%,24.41%,
106/04/17,-1182,0,-46,-1228,135395,6833,2517,144745,22.89%,24.47%,
106/04/14,-558,-51,-36,-645,136577,6833,2563,145973,23.09%,24.68%,
106/04/13,-1991,-175,-48,-2214,137135,6884,2599,146618,23.18%,24.78%,
106/04/12,-13,0,46,33,139126,7059,2647,148832,23.52%,25.16%,
106/04/11,-588,0,39,-549,139139,7059,2601,148799,23.52%,25.15%,
106/04/10,258,0,63,321,139726,7059,2562,149347,23.62%,25.25%,
106/04/07,-657,0,-14,-671,139468,7059,2499,149026,23.57%,25.19%,
106/04/06,-903,0,13,-890,140126,7059,2513,149698,23.69%,25.31%,
106/04/05,-1222,-6,-2,-1230,141029,7059,2500,150588,23.84%,25.46%,
106/03/31,-561,0,-32,-593,142250,7065,2502,151817,24.05%,25.67%,
106/03/30,-348,0,-57,-405,142642,7360,2534,152536,24.11%,25.78%,
106/03/29,1411,-212,89,1288,142990,7360,2591,152941,24.17%,25.85%,
106/03/28,-468,-631,-50,-1149,141579,7572,2502,151653,23.93%,25.63%,
106/03/27,-1159,-951,-1340,-3450,142048,8203,2552,152803,24.01%,25.83%,
106/03/24,-617,-93,20,-690,143368,9154,3892,156414,24.23%,26.44%,
106/03/23,-443,-380,-35,-858,143984,9247,3872,157103,24.34%,26.56%,
106/03/22,-733,-71,-99,-903,144427,9627,3907,157961,24.41%,26.70%,
106/03/21,1,-53,43,-9,145160,9698,4006,158864,24.54%,26.86%,
106/03/20,-146,-193,-91,-430,145159,9751,3963,158873,24.54%,26.86%,
106/03/17,-668,-151,-8,-827,145305,9944,4054,159303,24.56%,26.93%,
106/03/16,-315,0,447,132,145973,10095,4062,160130,24.67%,27.06%,
106/03/15,-1094,66,919,-109,146287,10095,3615,159997,24.73%,27.05%,
106/03/14,-266,0,-93,-359,147381,10029,2696,160106,24.91%,27.06%,
106/03/13,-577,-7,264,-320,147647,10029,2789,160465,24.96%,27.13%,
106/03/10,-377,-60,-19,-456,148224,10036,2525,160785,25.05%,27.17%,
106/03/09,-1662,0,-93,-1755,148593,10096,2544,161233,25.12%,27.26%,
106/03/08,1457,-413,-91,953,150255,10096,2637,162988,25.40%,27.55%,
106/03/07,85,-1426,-4,-1345,148745,10509,2728,161982,25.14%,27.38%,
106/03/06,122,-916,-49,-843,148660,11935,2732,163327,25.13%,27.61%,
106/03/03,-249,-1105,-6,-1360,148538,12851,2781,164170,25.11%,27.75%,
106/03/02,-598,-84,-248,-930,148782,13956,2787,165525,25.15%,27.98%,
106/03/01,347,0,84,431,149280,14040,3035,166355,25.23%,28.12%,
106/02/24,348,0,-6,342,148933,14040,2951,165924,25.17%,28.04%,
106/02/23,-180,-117,-242,-539,148895,14040,2957,165892,25.17%,28.04%,
106/02/22,104,161,404,669,149075,14157,3199,166431,25.20%,28.13%,
106/02/21,-248,-31,-85,-364,148811,13996,2795,165602,25.15%,27.99%,
106/02/20,758,-424,-617,-283,149059,14027,2880,165966,25.20%,28.06%,
106/02/18,0,129,-186,-57,148301,14451,3497,166249,25.07%,28.10%,
106/02/17,242,88,-326,4,148301,14322,3683,166306,25.07%,28.11%,
106/02/16,1122,-88,-151,883,148059,14234,4009,166302,25.03%,28.11%,
106/02/15,-150,542,791,1183,146927,14322,4160,165409,24.84%,27.96%,
106/02/14,167,-201,-211,-245,147077,13780,3369,164226,24.86%,27.76%,
106/02/13,197,-165,-25,7,146910,13981,3580,164471,24.83%,27.80%,
106/02/10,-198,200,-518,-516,146713,14146,3605,164464,24.80%,27.80%,
106/02/09,-446,-10,101,-355,146911,13946,4123,164980,24.83%,27.88%,
106/02/08,-672,375,-1564,-1861,147357,13956,4022,165335,24.91%,27.95%,
106/02/07,-2935,712,1623,-600,148030,13581,5586,167197,25.02%,28.26%,
106/02/06,-1149,517,389,-243,150965,12869,3963,167797,25.52%,28.37%,
106/02/03,-1187,-1140,9,-2318,152114,12352,3574,168040,25.71%,28.40%,
106/02/02,-2602,-659,-18,-3279,153331,13492,3565,170388,25.92%,28.80%,
106/01/24,276,-690,-79,-493,155932,14151,3583,173666,26.36%,29.36%,
106/01/23,-1392,-850,-131,-2373,155657,14841,3662,174160,26.31%,29.44%,
106/01/20,-1816,33,-112,-1895,157449,15691,3793,176933,26.61%,29.90%,
106/01/19,-56,0,-113,-169,159265,15658,3905,178828,26.92%,30.23%,
106/01/18,-1720,-35,-299,-2054,159317,15658,4018,178993,26.93%,30.26%,
106/01/17,-1551,65,122,-1364,161031,15693,4317,181041,27.22%,30.60%,
106/01/16,-645,-5,-49,-699,162582,15628,4195,182405,27.48%,30.83%,
106/01/13,-1562,-809,-44,-2415,163227,15633,4244,183104,27.59%,30.95%,
106/01/12,-1162,-605,398,-1369,164789,16442,4288,185519,27.86%,31.36%,
106/01/11,-2460,-1524,-419,-4403,165950,17047,3890,186887,28.05%,31.59%,
106/01/10,-2090,-485,-623,-3198,168410,18571,4309,191290,28.47%,32.34%,
106/01/09,-336,-100,-292,-728,170500,19056,4932,194488,28.82%,32.88%,
106/01/06,-1152,171,341,-640,170826,19156,5224,195206,28.88%,33.00%,
106/01/05,-705,202,115,-388,171979,18985,4883,195847,29.07%,33.11%,
106/01/04,-619,84,-26,-561,172684,18783,4768,196235,29.19%,33.17%,
106/01/03,-870,0,129,-741,173393,18699,4794,196886,29.31%,33.28%,
105/12/30,341,31,-326,46,174253,18699,4665,197617,29.46%,33.41%,
105/12/29,525,50,174,749,173912,18668,4991,197571,29.40%,33.40%,
105/12/28,-155,-258,106,-307,174073,18618,4817,197508,29.43%,33.39%,
105/12/27,23,-100,151,74,174228,18876,4711,197815,29.45%,33.44%,
105/12/26,5,-200,51,-144,174205,18976,4560,197741,29.45%,33.43%,
105/12/23,80,-415,-96,-431,174200,19176,4509,197885,29.45%,33.45%,
105/12/22,845,-1151,-341,-647,173399,19591,4605,197595,29.31%,33.40%,
105/12/21,-13,0,-264,-277,172554,20742,4946,198242,29.17%,33.51%,
105/12/20,387,-207,-395,-215,172567,20742,5210,198519,29.17%,33.56%,
105/12/19,-137,-198,-30,-365,172180,20949,5605,198734,29.11%,33.60%,
105/12/16,-153,-101,103,-151,172318,21147,5635,199100,29.13%,33.66%,
105/12/15,79,-99,-159,-179,172470,21248,5532,199250,29.15%,33.68%,
105/12/14,-742,-130,-74,-946,172391,21347,5691,199429,29.14%,33.71%,
105/12/13,-1319,100,149,-1070,173133,21477,5765,200375,29.27%,33.88%,
105/12/12,-189,-40,75,-154,174352,21377,5616,201345,29.47%,34.03%,
105/12/09,-333,100,-170,-403,174541,21417,5541,201499,29.50%,34.06%,
105/12/08,105,0,-239,-134,174873,21317,5711,201901,29.56%,34.13%,
105/12/07,9,0,687,696,174658,21317,5950,201925,29.52%,34.13%,
105/12/06,103,27,45,175,174599,21317,5263,201179,29.51%,34.00%,
105/12/05,-79,-150,-41,-270,174486,21290,5218,200994,29.50%,33.98%,
105/12/02,-229,-345,-4,-578,174555,21440,5259,201254,29.51%,34.02%,
105/12/01,-1091,72,-87,-1106,174784,21785,5263,201832,29.55%,34.12%,
105/11/30,12,0,184,196,175865,21713,5350,202928,29.73%,34.31%,
105/11/29,10,2,-46,-34,175825,21713,5166,202704,29.72%,34.26%,
105/11/28,-368,-170,-99,-637,175879,21711,5212,202802,29.73%,34.28%,
105/11/25,-284,250,-47,-81,176237,21881,5311,203429,29.79%,34.39%,
105/11/24,-536,0,-118,-654,176521,21631,5358,203510,29.84%,34.40%,
105/11/23,-1445,270,745,-430,177047,21631,5476,204154,29.93%,34.51%,
105/11/22,71,71,285,427,178392,21361,4731,204484,30.16%,34.57%,
105/11/21,-12,0,89,77,178528,21290,4446,204264,30.18%,34.53%,
105/11/18,-431,0,-98,-529,178476,21290,4358,204124,30.17%,34.51%,
105/11/17,-567,-130,41,-656,178897,21290,4456,204643,30.24%,34.59%,
105/11/16,-52,220,-20,148,179454,21420,4415,205289,30.33%,34.70%,
105/11/15,182,-20,-500,-338,179506,21200,4435,205141,30.34%,34.67%,
105/11/14,-287,0,795,508,179324,21220,4935,205479,30.31%,34.73%,
105/11/11,40,-265,-457,-682,179611,21220,4140,204971,30.36%,34.65%,
105/11/10,-1916,-27,127,-1816,179571,21485,4597,205653,30.35%,34.76%,
105/11/09,-695,-588,-594,-1877,181487,21512,4470,207469,30.68%,35.07%,
105/11/08,-403,-24,391,-36,182182,22100,5064,209346,30.80%,35.39%,
105/11/07,25,-10,98,113,182585,22124,4673,209382,30.86%,35.39%,
105/11/04,65,-103,64,26,182560,22134,4575,209269,30.86%,35.38%,
105/11/03,54,-379,-5,-330,182495,22237,4511,209243,30.85%,35.37%,
105/11/02,-636,-23,6,-653,182440,22616,4516,209572,30.84%,35.43%,
105/11/01,-377,65,28,-284,183164,22639,4510,210313,30.96%,35.55%,
105/10/31,168,0,163,331,183541,22574,4482,210597,31.03%,35.60%,
105/10/28,-249,40,-80,-289,183373,22574,4319,210266,31.00%,35.55%,
105/10/27,-31,84,384,437,183622,22534,4399,210555,31.04%,35.59%,
105/10/26,11,-113,99,-3,183653,22450,4015,210118,31.04%,35.51%,
105/10/25,100,-130,61,31,183642,22563,3916,210121,31.04%,35.52%,
105/10/24,-170,-217,-14,-401,183542,22693,3855,210090,31.03%,35.52%,
105/10/21,-400,-98,137,-361,183712,22910,3869,210491,31.05%,35.58%,
105/10/20,-62,-358,182,-238,184112,23008,3732,210852,31.12%,35.64%,
105/10/19,-244,49,-20,-215,184194,23366,3550,211110,31.14%,35.69%,
105/10/18,917,12,-632,297,184618,23317,3570,211505,31.21%,35.76%,
105/10/17,-248,71,-40,-217,183701,23305,4202,211208,31.05%,35.70%,
105/10/14,2197,39,494,2730,183948,23234,4242,211424,31.09%,35.74%,
105/10/13,679,1039,-88,1630,181725,23195,3748,208668,30.72%,35.28%,
105/10/12,-1223,-50,23,-1250,181073,22156,3836,207065,30.61%,35.00%,
105/10/11,1275,59,-390,944,182155,22206,3813,208174,30.79%,35.19%,
105/10/07,-554,282,-321,-593,180881,22147,4203,207231,30.58%,35.03%,
105/10/06,-163,60,-154,-257,181425,21865,4524,207814,30.67%,35.13%,
105/10/05,-1035,-70,-65,-1170,181568,21805,4678,208051,30.69%,35.17%,
105/10/04,104,-95,-1,8,182543,21875,4743,209161,30.86%,35.36%,
105/10/03,311,-155,-124,32,182438,21970,4744,209152,30.84%,35.36%,
105/09/30,-348,-20,-659,-1027,181967,22125,4868,208960,30.76%,35.32%,
105/09/29,541,533,-99,975,182304,23034,5527,210865,30.82%,35.65%,
105/09/26,109,0,-96,13,181744,22501,5626,209871,30.72%,35.48%,
105/09/23,77,118,-48,147,181625,22501,5722,209848,30.70%,35.47%,
105/09/22,337,-10,-105,222,181538,22383,5770,209691,30.69%,35.45%,
105/09/21,164,35,-542,-343,181191,22393,5875,209459,30.63%,35.41%,
105/09/20,935,162,-87,1010,181032,22358,6417,209807,30.60%,35.46%,
105/09/19,782,598,377,1757,180071,22196,6504,208771,30.44%,35.29%,
105/09/14,1159,162,-137,1184,179289,21598,6127,207014,30.31%,35.00%,
105/09/13,-748,191,211,-346,178130,21436,6264,205830,30.11%,34.79%,
105/09/12,-1287,270,289,-728,178955,21245,6053,206253,30.25%,34.87%,
105/09/10,0,105,-273,-168,180205,20975,5764,206944,30.46%,34.98%,
105/09/09,-2604,880,294,-1430,180205,20870,6037,207112,30.46%,35.01%,
105/09/08,188,171,297,656,182791,19990,5743,208524,30.90%,35.25%,
105/09/07,-1271,404,-55,-922,182593,19819,5446,207858,30.87%,35.14%,
105/09/06,-2,1097,280,1375,183864,19415,5501,208780,31.08%,35.29%,
105/09/05,-76,85,133,142,183266,18318,5221,206805,30.98%,34.96%,
105/09/02,96,236,-109,223,183342,18233,5088,206663,30.99%,34.93%,
105/09/01,-495,30,48,-417,183246,17997,5197,206440,30.98%,34.90%,
105/08/31,-378,117,66,-195,183731,17967,5149,206847,31.06%,34.97%,
105/08/30,486,410,-353,543,184089,17850,5083,207022,31.12%,35.00%,
105/08/29,180,412,611,1203,183593,17440,5436,206469,31.03%,34.90%,
105/08/26,48,59,-37,70,183429,17028,4825,205282,31.01%,34.70%,
105/08/25,263,-1,-236,26,183381,16969,4862,205212,31.00%,34.69%,
105/08/24,71,-1,471,541,183118,16970,5098,205186,30.95%,34.68%,
105/08/23,610,-25,-108,477,183047,16971,4627,204645,30.94%,34.59%,
105/08/22,-15,-175,33,-157,182421,16996,4735,204152,30.84%,34.51%,
105/08/19,-435,27,-289,-697,182426,17171,4702,204299,30.84%,34.54%,
105/08/18,141,10,-73,78,182849,17144,4991,204984,30.91%,34.65%,
105/08/17,-787,-56,-189,-1032,182608,17134,5064,204806,30.87%,34.62%,
105/08/16,-418,14,-418,-822,183383,17190,5253,205826,31.00%,34.79%,
105/08/15,-50,130,582,662,183790,17176,5671,206637,31.07%,34.93%,
105/08/12,278,-1,-128,149,183840,17046,5089,205975,31.08%,34.82%,
105/08/11,-190,-24,-247,-461,183562,17047,5217,205826,31.03%,34.79%,
105/08/10,528,50,-25,553,183752,17071,5464,206287,31.06%,34.87%,
105/08/09,-741,196,-171,-716,183224,17021,5489,205734,30.97%,34.78%,
105/08/08,-465,-2,174,-293,184165,16825,5660,206650,31.13%,34.93%,
105/08/05,-533,232,207,-94,184620,16827,5486,206933,31.21%,34.98%,
105/08/04,-319,130,618,429,185143,16595,5279,207017,31.30%,35.00%,
105/08/03,-38,-42,-148,-228,185452,16465,4661,206578,31.35%,34.92%,
105/08/02,-805,-19,324,-500,185490,16507,4809,206806,31.36%,34.96%,
105/08/01,533,129,-95,567,186285,16526,4485,207296,31.49%,35.04%,
105/07/29,-17,814,118,915,185730,16397,4580,206707,31.40%,34.95%,
105/07/28,97,0,-108,-11,185737,15583,4462,205782,31.40%,34.79%,
105/07/27,459,-1059,137,-463,185623,15583,4570,205776,31.38%,34.79%,
105/07/26,21,-77,-386,-442,185135,16642,4433,206210,31.30%,34.86%,
105/07/25,1255,163,-267,1151,185532,16719,4819,207070,31.36%,35.00%,
105/07/22,287,502,247,1036,184276,16556,5086,205918,31.15%,34.81%,
105/07/21,3055,1017,935,5007,183989,16054,4839,204882,31.10%,34.63%,
105/07/20,-846,-94,184,-756,181054,15037,3904,199995,30.61%,33.81%,
105/07/19,269,655,-224,700,181900,15131,3720,200751,30.75%,33.94%,
105/07/18,122,254,625,1001,181631,14476,3944,200051,30.70%,33.81%,
105/07/15,930,305,222,1457,181509,14222,3319,199050,30.68%,33.65%,
105/07/14,-611,10,21,-580,180901,13917,3097,197915,30.58%,33.46%,
105/07/13,-537,75,-126,-588,181512,13907,3076,198495,30.68%,33.55%,
105/07/12,237,65,99,401,182049,13832,3202,199083,30.77%,33.65%,
105/07/11,492,64,-124,432,181613,13767,3103,198483,30.70%,33.55%,
105/07/07,232,40,-21,251,181121,13703,3227,198051,30.62%,33.48%,
105/07/06,323,0,-75,248,180889,13663,3248,197800,30.58%,33.44%,
105/07/05,-150,10,-278,-418,180566,13663,3323,197552,30.52%,33.39%,
105/07/04,903,-577,131,457,180716,13653,3601,197970,30.55%,33.47%,
105/07/01,91,0,-135,-44,179813,14230,3470,197513,30.40%,33.39%,
105/06/30,-311,-400,19,-692,179722,14230,3605,197557,30.38%,33.40%,
105/06/29,-286,-531,-28,-845,180033,11533,3586,195152,30.43%,32.99%,
105/06/28,280,-129,57,208,180319,12064,3614,195997,30.48%,33.13%,
105/06/27,37,-464,-237,-664,180119,12193,3557,195869,30.45%,33.11%,
105/06/24,-405,-792,-691,-1888,180082,12657,3794,196533,30.44%,33.22%,
105/06/23,87,189,-250,26,180366,13449,4485,198300,30.49%,33.52%,
105/06/22,667,584,343,1594,180279,13260,4735,198274,30.47%,33.51%,
105/06/21,-294,0,229,-65,179671,12676,4392,196739,30.37%,33.26%,
105/06/20,-682,344,37,-301,179965,12676,4163,196804,30.42%,33.27%,
105/06/17,1063,354,144,1561,180659,12332,4126,197117,30.54%,33.32%,
105/06/16,624,-163,-112,349,179597,11978,3982,195557,30.36%,33.06%,
105/06/15,197,-127,303,373,178973,12141,4094,195208,30.25%,32.99%,
105/06/14,299,-442,156,13,178776,12268,3791,194835,30.22%,32.94%,
105/06/13,161,-400,-99,-338,178477,12710,3635,194822,30.17%,32.93%,
105/06/08,193,52,8,253,178316,13110,3734,195160,30.14%,32.99%,
105/06/07,998,-1073,-133,-208,178141,13058,3726,194925,30.11%,32.95%,
105/06/06,-354,-496,-5,-855,177143,14131,3859,195133,29.94%,32.98%,
105/06/04,0,0,-184,-184,177497,14627,3864,195988,30.00%,33.13%,
105/06/03,730,-326,104,508,177497,14627,4048,196172,30.00%,33.16%,
105/06/02,811,-396,-35,380,176767,14953,3944,195664,29.88%,33.07%,
105/06/01,114,-377,68,-195,175956,15349,3979,195284,29.74%,33.01%,
105/05/31,645,-756,6,-105,175880,15726,3911,195517,29.73%,33.05%,
105/05/30,413,-975,106,-456,175235,16482,3905,195622,29.62%,33.07%,
105/05/27,-103,85,36,18,174822,17457,3799,196078,29.55%,33.14%,
105/05/26,380,-517,312,175,174925,17372,3763,196060,29.57%,33.14%,
105/05/25,22,-374,31,-321,174545,17889,3451,195885,29.51%,33.12%,
105/05/24,-265,50,69,-146,174523,18263,3420,196206,29.50%,33.17%,
105/05/23,1691,-445,185,1431,174788,18213,3351,196352,29.55%,33.20%,
105/05/20,-1536,-44,133,-1447,173080,18658,3166,194904,29.26%,32.95%,
105/05/19,-888,-114,-1,-1003,174527,18702,3033,196262,29.50%,33.17%,
105/05/18,-762,-65,82,-745,175375,18816,3034,197225,29.65%,33.34%,
105/05/17,1282,60,104,1446,176097,18881,2952,197930,29.77%,33.46%,
105/05/16,-340,24,-20,-336,174816,18821,2848,196485,29.55%,33.21%,
105/05/13,171,-100,-9,62,175156,18797,2868,196821,29.61%,33.27%,
105/05/12,369,-30,-73,266,174944,18897,2877,196718,29.57%,33.25%,
105/05/11,204,0,-29,175,174689,18927,2950,196566,29.53%,33.23%,
105/05/10,3582,120,-1053,2649,174285,18927,2979,196191,29.46%,33.16%,
105/05/09,853,-226,-349,278,171163,18807,4032,194002,28.93%,32.79%,
105/05/06,-450,-558,-424,-1432,170310,19033,4381,193724,28.79%,32.75%,
105/05/05,474,-75,-104,295,170552,19591,4805,194948,28.83%,32.95%,
105/05/04,425,-155,-288,-18,170048,19666,4909,194623,28.74%,32.89%,
105/05/03,-777,-327,147,-957,169622,19821,5197,194640,28.67%,32.90%,
105/04/29,1119,-587,16,548,170341,20148,5050,195539,28.79%,33.05%,
105/04/28,382,-1543,136,-1025,169184,20735,5034,194953,28.60%,32.96%,
105/04/27,50,-109,-14,-73,168802,22278,4898,195978,28.53%,33.12%,
105/04/26,-199,-708,-13,-920,168752,22387,4912,196051,28.53%,33.15%,
105/04/25,59,-39,347,367,168952,23095,4925,196972,28.56%,33.30%,
105/04/22,-160,529,-1334,-965,168743,23134,4578,196455,28.52%,33.21%,
105/04/21,192,1283,1632,3107,168403,22605,5912,196920,28.47%,33.29%,
105/04/20,1353,-194,-155,1004,168211,21322,4280,193813,28.43%,32.76%,
105/04/19,-21,-59,-44,-124,166858,21516,4435,192809,28.21%,32.60%,
105/04/18,-36,970,-225,709,166879,21575,4479,192933,28.21%,32.61%,
105/04/15,563,-1172,153,-456,166948,20605,4704,192257,28.22%,32.50%,
105/04/14,-19,562,149,692,166485,21777,4551,192813,28.14%,32.59%,
105/04/13,1560,-666,101,995,166504,21215,4402,192121,28.15%,32.48%,
105/04/12,1110,-632,-1213,-735,164944,21881,4301,191126,27.88%,32.31%,
105/04/11,221,-55,-78,88,163857,22513,5514,191884,27.70%,32.44%,
105/04/08,-203,-169,-84,-456,163636,22568,5592,191796,27.66%,32.42%,
105/04/07,-460,833,-655,-282,163864,22737,5676,192277,27.70%,32.50%,
105/04/06,3798,-314,-480,3004,164314,21904,6331,192549,27.78%,32.55%,
105/04/01,6551,2071,-209,8413,160478,22218,6811,189507,27.13%,32.04%,
105/03/31,1308,0,-689,619,153927,20147,7020,181094,26.02%,30.61%,
105/03/30,2390,24,960,3374,152518,20221,7709,180448,25.78%,30.50%,
105/03/29,476,-40,-162,274,150128,20197,6749,177074,25.38%,29.94%,
105/03/28,192,-76,-49,67,149682,20237,6911,176830,25.30%,29.89%,
105/03/25,329,217,-201,345,149490,20313,6960,176763,25.27%,29.88%,
105/03/24,301,-91,314,524,149151,20096,7161,176408,25.21%,29.82%,
105/03/23,-343,35,-80,-388,148850,20187,6847,175884,25.16%,29.73%,
105/03/22,-123,0,-25,-148,149183,20152,6927,176262,25.22%,29.80%,
105/03/21,-576,40,83,-453,149372,20152,6952,176476,25.25%,29.83%,
105/03/18,449,192,-96,545,149948,20112,6869,176929,25.35%,29.91%,
105/03/17,58,735,-1102,-309,149423,19920,6965,176308,25.26%,29.81%,
105/03/16,-1672,1105,1020,453,149427,19185,8067,176679,25.26%,29.87%,
105/03/15,1561,-46,752,2267,151076,18080,7047,176203,25.54%,29.79%,
105/03/14,-829,144,34,-651,149500,18126,6295,173921,25.27%,29.40%,
105/03/11,468,-300,40,208,150319,17982,6261,174562,25.41%,29.51%,
105/03/10,126,-26,-28,72,149841,18282,6221,174344,25.33%,29.47%,
105/03/09,-261,360,-484,-385,149715,18308,6249,174272,25.31%,29.46%,
105/03/08,1595,-2680,-645,-1730,149976,17948,6733,174657,25.35%,29.52%,
105/03/07,-2853,-697,376,-3174,148381,20628,7378,176387,25.08%,29.81%,
105/03/04,943,-132,101,912,151224,21325,7002,179551,25.56%,30.35%,
105/03/03,286,-99,258,445,150314,21457,6901,178672,25.41%,30.20%,
105/03/02,-956,-175,236,-895,150017,21556,6643,178216,25.36%,30.13%,
105/03/01,-16,130,-116,-2,150956,21731,6407,179094,25.52%,30.28%,
105/02/26,3269,-224,182,3227,150972,21601,6523,179096,25.52%,30.27%,
105/02/25,721,-113,-551,57,147704,21825,6341,175870,24.97%,29.73%,
105/02/24,-1148,2371,-1092,131,146983,21938,6892,175813,24.85%,29.72%,
105/02/23,2451,2124,1173,5748,148340,19567,7984,175891,25.07%,29.73%,
105/02/22,627,0,-94,533,145888,17443,6811,170142,24.66%,28.76%,
105/02/19,426,-689,10,-253,145261,17443,6905,169609,24.55%,28.67%,
105/02/18,510,720,-663,567,144836,18132,6895,169863,24.48%,28.71%,
105/02/17,2505,-479,79,2105,144325,17412,7558,169295,24.40%,28.62%,
105/02/16,-2431,488,-49,-1992,141820,17891,7479,167190,23.97%,28.26%,
105/02/15,191,-1,1062,1252,144251,17403,7528,169182,24.38%,28.60%,
105/02/03,42,-208,72,-94,144060,17404,6466,167930,24.35%,28.39%,
105/02/02,2048,-448,53,1653,144062,17612,6394,168068,24.35%,28.41%,
105/02/01,332,-264,262,330,142015,18060,6341,166416,24.01%,28.14%,
105/01/30,1,-1944,-43,-1986,141683,18324,6079,166086,23.95%,28.08%,
105/01/29,1205,-96,-606,503,141682,20268,6122,168072,23.95%,28.41%,
105/01/28,1251,51,607,1909,140477,20364,6728,167569,23.75%,28.33%,
105/01/27,1342,187,-303,1226,139226,20313,6121,165660,23.53%,28.00%,
105/01/26,1534,-575,-445,514,137884,20126,6424,164434,23.31%,27.80%,
105/01/25,-45,282,1192,1429,136350,20701,6869,163920,23.05%,27.71%,
105/01/22,1884,382,665,2931,136395,20419,5677,162491,23.06%,27.47%,
105/01/21,3033,-312,-478,2243,134737,20037,5012,159786,22.77%,27.00%,
105/01/20,86,195,410,691,131704,20349,5490,157543,22.26%,26.63%,
105/01/19,886,0,-241,645,131618,20154,5080,156852,22.25%,26.52%,
105/01/18,2534,506,174,3214,130506,20154,5321,155981,22.06%,26.37%,
105/01/15,2672,1431,-619,3484,127934,19648,5147,152729,21.62%,25.81%,
105/01/14,992,1308,-641,1659,125250,18217,5766,149233,21.17%,25.22%,
105/01/13,4354,990,1243,6587,124258,16909,6407,147574,21.00%,24.94%,
105/01/12,618,0,497,1115,119904,15919,5164,140987,20.27%,23.83%,
105/01/11,-127,0,22,-105,119286,15919,4667,139872,20.16%,23.64%,
105/01/08,743,0,215,958,119403,15919,4645,139967,20.18%,23.66%,
105/01/07,663,20,-198,485,118861,15919,4430,139210,20.09%,23.53%,
105/01/06,-346,95,24,-227,118198,15899,4628,138725,19.98%,23.45%,
105/01/05,1947,-156,-157,1634,118647,15804,4604,139055,20.05%,23.50%,
105/01/04,546,-200,-167,179,116700,15960,4761,137421,19.73%,23.23%,
104/12/31,-112,132,-224,-204,116174,16160,4928,137262,19.64%,23.21%,
104/12/30,228,0,-1032,-804,116469,18271,5152,139892,19.69%,23.65%,
104/12/29,3494,676,752,4922,116241,18271,6184,140696,19.65%,23.78%,
104/12/28,427,230,113,770,112748,17595,5432,135775,19.06%,22.95%,
104/12/25,1853,140,497,2490,112321,17365,5319,135005,18.98%,22.82%,
104/12/24,676,35,-158,553,110468,17225,4822,132515,18.67%,22.40%,
104/12/23,529,-335,-155,39,109792,17190,4980,131962,18.56%,22.31%,
104/12/22,-228,-65,-42,-335,109348,17525,5135,132008,18.48%,22.31%,
104/12/21,171,193,678,1042,109576,17590,5177,132343,18.52%,22.37%,
104/12/18,1828,87,-185,1730,109405,17397,4499,131301,18.49%,22.19%,
104/12/17,630,699,-23,1306,107577,17310,4684,129571,18.18%,21.90%,
104/12/16,-695,3101,-898,1508,106947,16611,4707,128265,18.08%,21.68%,
104/12/15,1096,72,488,1656,107632,13510,5605,126747,18.19%,21.42%,
104/12/14,733,9,113,855,106536,13438,5117,125091,18.01%,21.15%,
104/12/11,1235,68,-438,865,105765,13429,5004,124198,17.88%,21.00%,
104/12/10,544,-956,142,-270,104583,13361,5442,123386,17.68%,20.86%,
104/12/09,172,130,41,343,104039,14317,5300,123656,17.58%,20.90%,
104/12/08,527,0,-87,440,103857,14187,5259,123303,17.55%,20.84%,
104/12/07,471,0,11,482,103320,14187,5346,122853,17.46%,20.76%,
104/12/04,-200,29,-501,-672,102859,14187,5335,122381,17.39%,20.69%,
104/12/03,2112,169,888,3169,103059,14158,5836,123053,17.42%,20.80%,
104/12/02,-92,-226,97,-221,101050,13989,4948,119987,17.08%,20.28%,
104/12/01,387,370,-55,702,101142,14215,4851,120208,17.09%,20.31%,
104/11/30,-364,0,-77,-441,100755,13845,4906,119506,17.03%,20.20%,
104/11/27,343,438,181,962,101119,13845,4983,119947,17.09%,20.27%,
104/11/26,1185,133,-272,1046,100766,13407,4802,118975,17.03%,20.11%,
104/11/25,681,526,76,1283,99581,13274,5074,117929,16.83%,19.93%,
104/11/24,314,459,-782,-9,98900,12748,4998,116646,16.72%,19.72%,
104/11/23,948,818,890,2656,98576,12289,5780,116645,16.66%,19.71%,
104/11/20,853,-1,2,854,97645,11471,4890,114006,16.50%,19.27%,
104/11/19,788,252,-441,599,96792,11472,4888,113152,16.36%,19.13%,
104/11/18,871,1338,194,2403,96004,11220,5329,112553,16.23%,19.03%,
104/11/17,263,735,-559,439,95133,9882,5135,110150,16.08%,18.62%,
104/11/16,1779,237,850,2866,94870,9147,5694,109711,16.03%,18.54%,
104/11/13,353,325,-445,233,93091,8910,4844,106845,15.73%,18.06%,
104/11/12,449,0,245,694,92738,8585,5289,106612,15.67%,18.02%,
104/11/11,817,109,269,1195,92762,8585,5044,106391,15.68%,17.98%,
104/11/10,803,0,-96,707,92325,8476,4775,105576,15.60%,17.84%,
104/11/09,828,0,-165,663,91522,8476,4871,104869,15.47%,17.73%,
104/11/06,303,-330,-108,-135,90694,8476,5036,104206,15.33%,17.61%,
104/11/05,-2,80,-311,-233,90506,8806,5144,104456,15.30%,17.66%,
104/11/04,366,-147,329,548,90618,8726,5455,104799,15.32%,17.72%,
104/11/03,525,-450,-202,-127,90252,8873,5126,104251,15.25%,17.62%,
104/11/02,777,-400,455,832,89687,9323,5328,104338,15.16%,17.64%,
104/10/30,93,0,99,192,89910,9723,4873,104506,15.20%,17.67%,
104/10/29,-255,0,60,-195,89817,9723,4774,104314,15.18%,17.63%,
104/10/28,326,627,-146,807,90027,9723,4714,104464,15.22%,17.66%,
104/10/27,254,-77,195,372,89620,9096,4860,103576,15.15%,17.51%,
104/10/26,-625,150,185,-290,89366,9173,4665,103204,15.10%,17.44%,
104/10/23,-409,1286,-446,431,89469,9023,4480,102972,15.12%,17.40%,
104/10/22,-565,856,697,988,89878,7737,4926,102541,15.19%,17.33%,
104/10/21,-985,905,-32,-112,90443,6881,4229,101553,15.29%,17.17%,
104/10/20,63,0,-1,62,91418,5976,4261,101655,15.45%,17.18%,
104/10/19,-246,-137,55,-328,91355,5976,4262,101593,15.44%,17.17%,
104/10/16,-319,0,50,-269,91601,6113,4207,101921,15.48%,17.22%,
104/10/15,-268,0,-21,-289,91920,6113,4157,102190,15.54%,17.28%,
104/10/14,-82,-150,-259,-491,92851,6113,4178,103142,15.69%,17.43%,
104/10/13,-1827,336,254,-1237,92933,6263,4437,103633,15.71%,17.52%,
104/10/12,395,-48,166,513,94760,5927,4183,104870,16.02%,17.73%,
104/10/08,-1182,-79,50,-1211,94365,5975,4017,104357,15.95%,17.64%,
104/10/07,-1309,0,165,-1144,95547,6054,3967,105568,16.15%,17.84%,
104/10/06,-1171,-337,-177,-1685,96856,6054,3802,106712,16.37%,18.04%,
104/10/05,-2146,324,311,-1511,98977,6391,3979,109347,16.73%,18.48%,
104/10/02,-3165,-28,498,-2695,101113,6067,3668,110848,17.09%,18.74%,
104/10/01,1150,1736,538,3424,104268,6095,3170,113533,17.62%,19.19%,
104/09/30,2598,502,58,3158,103106,4359,2632,110097,17.43%,18.61%,
104/09/25,663,597,-184,1076,100693,5022,2574,108289,17.02%,18.30%,
104/09/24,-907,674,232,-1,100012,4425,2758,107195,16.90%,18.11%,
104/09/23,-551,250,-190,-491,100735,3751,2526,107012,17.03%,18.09%,
104/09/22,-236,2320,351,2435,100876,3501,2716,107093,17.05%,18.10%,
104/09/21,430,283,124,837,101098,1180,2365,104643,17.09%,17.69%,
104/09/18,-1006,-2,8,-1000,100941,897,2241,104079,17.06%,17.59%,
104/09/17,-320,0,-132,-452,101947,899,2233,105079,17.23%,17.76%,
104/09/16,-362,0,146,-216,102267,899,2365,105531,17.29%,17.84%,
104/09/15,65,0,-392,-327,102587,899,2219,105705,17.34%,17.87%,
104/09/14,-54,0,-46,-100,102522,899,2611,106032,17.33%,17.92%,
104/09/11,-359,56,-58,-361,102455,899,2657,106011,17.32%,17.92%,
104/09/10,369,0,-37,332,102814,843,2715,106372,17.38%,17.98%,
104/09/09,-69,0,85,16,102395,843,2752,105990,17.31%,17.92%,
104/09/08,-308,0,55,-253,102497,843,2667,106007,17.32%,17.91%,
104/09/07,-79,0,8,-71,102469,843,2612,105924,17.32%,17.90%,
104/09/04,70,0,-43,27,102548,843,2604,105995,17.33%,17.91%,
104/09/03,-51,1,130,80,102478,843,2647,105968,17.32%,17.91%,
104/09/02,-158,0,-11,-169,102529,842,2517,105888,17.33%,17.90%,
104/09/01,-46,-3,9,-40,102818,842,2528,106188,17.38%,17.95%,
104/08/31,-202,-1,-28,-231,102870,845,2519,106234,17.39%,17.96%,
104/08/28,-134,1,27,-106,103072,846,2547,106465,17.42%,17.99%,
104/08/27,-139,-183,-111,-433,103276,845,2520,106641,17.46%,18.03%,
104/08/26,36,-269,-47,-280,103438,1028,2631,107097,17.48%,18.10%,
104/08/25,-198,-268,-174,-640,103448,1297,2678,107423,17.48%,18.15%,
104/08/24,-253,220,94,61,103431,1566,2852,107849,17.48%,18.23%,
104/08/21,-829,0,56,-773,103746,1346,2758,107850,17.54%,18.23%,
104/08/20,-59,-113,144,-28,104513,1346,2702,108561,17.66%,18.34%,
104/08/19,-818,-100,-200,-1118,104289,1458,2558,108305,17.63%,18.31%,
104/08/18,-583,0,94,-489,104810,1558,2758,109126,17.71%,18.44%,
104/08/17,120,0,-121,-1,105036,1558,2664,109258,17.75%,18.46%,
104/08/14,-20,0,-45,-65,104916,1558,2785,109259,17.73%,18.46%,
104/08/13,-58,0,-80,-138,104926,1558,2830,109314,17.73%,18.47%,
104/08/12,5,0,-101,-96,104189,1558,2910,108657,17.61%,18.37%,
104/08/11,-152,0,-589,-741,104184,1558,3011,108753,17.61%,18.38%,
104/08/10,-6,0,607,601,104336,1558,3600,109494,17.63%,18.50%,
104/08/07,-50,50,120,120,104342,1558,2993,108893,17.64%,18.41%,
104/08/06,415,141,-93,463,104392,1508,2873,108773,17.64%,18.38%,
104/08/05,368,0,298,666,103977,1367,2966,108310,17.57%,18.30%,
104/08/04,802,0,-77,725,103619,1367,2668,107654,17.51%,18.19%,
104/08/03,267,131,-425,-27,102817,1367,2745,106929,17.38%,18.08%,
104/07/31,-128,266,460,598,102550,1236,3170,106956,17.33%,18.07%,
104/07/30,116,166,126,408,102678,970,2710,106358,17.35%,17.97%,
104/07/29,102,0,49,151,102552,804,2584,105940,17.33%,17.90%,
104/07/28,431,5,84,520,102440,804,2535,105779,17.31%,17.87%,
104/07/27,484,0,-19,465,102009,799,2451,105259,17.24%,17.79%,
104/07/24,144,0,-1,143,101525,799,2470,104794,17.16%,17.71%,
104/07/23,384,0,38,422,101381,799,2471,104651,17.14%,17.69%,
104/07/22,251,0,-255,-4,100997,799,2433,104229,17.07%,17.62%,
104/07/21,404,0,514,918,100746,799,2688,104233,17.03%,17.62%,
104/07/20,266,0,-83,183,100850,799,2174,103823,17.05%,17.55%,
104/07/17,41,13,18,72,100584,799,2257,103640,17.00%,17.52%,
104/07/16,-507,0,-133,-640,100543,786,2239,103568,16.99%,17.50%,
104/07/15,170,58,-124,104,101050,786,2372,104208,17.08%,17.61%,
104/07/14,-100,220,475,595,100844,728,2496,104068,17.04%,17.59%,
104/07/13,-112,58,0,-54,100744,508,2021,103273,17.03%,17.46%,
104/07/09,103,0,31,134,100846,450,2021,103317,17.04%,17.46%,
104/07/08,416,89,-161,344,100743,450,1990,103183,17.03%,17.44%,
104/07/07,-2,0,37,35,100363,361,2151,102875,16.96%,17.38%,
104/07/06,-221,0,51,-170,100355,361,2114,102830,16.96%,17.38%,
104/07/03,-163,0,14,-149,100574,361,2063,102998,17.00%,17.41%,
104/07/02,-219,0,19,-200,100737,361,2049,103147,17.03%,17.44%,
104/07/01,184,0,-296,-112,100956,361,2030,103347,17.06%,17.46%,
104/06/30,-93,0,463,370,100592,361,2326,103279,17.00%,17.45%,
104/06/29,863,0,11,874,100653,364,1863,102880,17.01%,17.39%,
104/06/26,3,0,-2,1,99790,364,1852,102006,16.87%,17.24%,
104/06/25,-175,0,4,-171,99787,364,1854,102005,16.87%,17.24%,
104/06/24,105,0,-4,101,99962,364,1850,102176,16.90%,17.27%,
104/06/23,-160,0,-17,-177,99929,364,1854,102147,16.89%,17.26%,
104/06/22,-342,-3,8,-337,100089,364,1871,102324,16.92%,17.30%,
104/06/18,134,-1,-74,59,100298,367,1863,102528,16.95%,17.33%,
104/06/17,-524,-475,-91,-1090,100114,368,1937,102419,16.92%,17.31%,
104/06/16,-582,0,-8,-590,100638,843,2028,103509,17.01%,17.50%,
104/06/15,21,0,-27,-6,101428,843,2036,104307,17.14%,17.63%,
104/06/12,-516,0,4,-512,101407,843,2063,104313,17.14%,17.63%,
104/06/11,-413,0,-2,-415,101923,843,2059,104825,17.23%,17.72%,
104/06/10,-232,0,-7,-239,102336,843,2061,105240,17.30%,17.79%,
104/06/09,-519,-15,6,-528,102568,843,2068,105479,17.34%,17.83%,
104/06/08,-191,0,5,-186,103108,858,2062,106028,17.43%,17.92%,
104/06/05,-523,0,-27,-550,103223,858,2057,106138,17.45%,17.94%,
104/06/04,41,9,21,71,103744,858,2084,106686,17.53%,18.03%,
104/06/03,-197,0,-37,-234,103694,850,2063,106607,17.53%,18.02%,
104/06/02,-36,0,-33,-69,103907,850,2100,106857,17.56%,18.06%,
104/06/01,-328,0,-13,-341,103944,850,2133,106927,17.57%,18.07%,
104/05/29,-129,0,-12,-141,104272,850,2146,107268,17.62%,18.13%,
104/05/28,60,0,-43,17,104376,850,2158,107384,17.64%,18.15%,
104/05/27,-13,0,-55,-68,104304,850,2201,107355,17.63%,18.15%,
104/05/26,-36,0,62,26,104275,850,2256,107381,17.62%,18.15%,
104/05/25,-253,0,-9,-262,104344,850,2194,107388,17.64%,18.15%,
104/05/22,-213,-32,-9,-254,104597,850,2203,107650,17.68%,18.20%,
104/05/21,-351,0,-44,-395,104801,882,2212,107895,17.71%,18.23%,
104/05/20,-177,0,-85,-262,105152,882,2256,108290,17.77%,18.30%,
104/05/19,-393,-74,-103,-570,105331,882,2341,108554,17.80%,18.34%,
104/05/18,-831,-115,19,-927,105713,956,2444,109113,17.87%,18.44%,
104/05/15,-42,-325,-36,-403,106507,1071,2425,110003,18.00%,18.59%,
104/05/14,269,-243,-81,-55,106549,1396,2461,110406,18.01%,18.66%,
104/05/13,-79,-112,-67,-258,106268,1639,2542,110449,17.96%,18.67%,
104/05/12,697,-113,-165,419,106347,1751,2609,110707,17.97%,18.71%,
104/05/11,-129,-148,-145,-422,105650,1864,2774,110288,17.86%,18.64%,
104/05/08,-106,0,49,-57,106079,2012,2919,111010,17.93%,18.76%,
104/05/07,809,0,-62,747,106175,2012,2870,111057,17.95%,18.78%,
104/05/06,2,-330,18,-310,105336,2012,2932,110280,17.80%,18.64%,
104/05/05,102,0,-217,-115,105308,2342,2914,110564,17.80%,18.69%,
104/05/04,-156,-88,-141,-385,105408,2342,3131,110881,17.82%,18.75%,
104/04/30,238,-47,-60,131,105499,2430,3272,111201,17.83%,18.79%,
104/04/29,310,-1,-47,262,105224,2477,3332,111033,17.78%,18.76%,
104/04/28,58,0,-63,-5,104914,2478,3379,110771,17.73%,18.72%,
104/04/27,447,0,237,684,104879,2478,3442,110799,17.73%,18.73%,
104/04/24,493,-1,23,515,104416,2478,3205,110099,17.65%,18.61%,
104/04/23,710,0,59,769,103933,2479,3182,109594,17.57%,18.53%,
104/04/22,70,0,-41,29,103223,2479,3123,108825,17.45%,18.40%,
104/04/21,82,0,-134,-52,103211,2479,3164,108854,17.44%,18.39%,
104/04/20,-22,0,-92,-114,103109,2479,3298,108886,17.43%,18.41%,
104/04/17,156,0,-73,83,103131,2479,3390,109000,17.43%,18.42%,
104/04/16,-750,-338,-70,-1158,103023,2479,3463,108965,17.41%,18.41%,
104/04/15,637,0,-60,577,103773,2817,3533,110123,17.54%,18.61%,
104/04/14,-410,0,-169,-579,102799,2817,3593,109209,17.37%,18.45%,
104/04/13,-822,0,14,-808,103209,2817,3762,109788,17.44%,18.55%,
104/04/10,-377,0,-46,-423,104031,2817,3748,110596,17.58%,18.69%,
104/04/09,-591,0,18,-573,104414,2817,3794,111025,17.65%,18.77%,
104/04/08,-423,0,-29,-452,104945,2817,3776,111538,17.74%,18.85%,
104/04/07,181,0,118,299,105378,2817,3805,112000,17.81%,18.93%,
104/04/02,-1092,0,8,-1084,105197,2817,3687,111701,17.78%,18.88%,
104/04/01,646,152,132,930,106149,2817,3679,112645,17.94%,19.04%,
104/03/31,910,0,-303,607,105358,2665,3547,111570,17.81%,18.86%,
104/03/30,-71,0,-51,-122,104574,3082,3850,111506,17.68%,18.85%,
104/03/27,-341,0,-15,-356,104465,3082,3901,111448,17.66%,18.84%,
104/03/26,28,0,22,50,104886,3082,3916,111884,17.73%,18.91%,
104/03/25,-116,-169,-146,-431,104858,3082,3894,111834,17.72%,18.90%,
104/03/24,-300,-239,-227,-766,104974,3251,4040,112265,17.74%,18.97%,
104/03/23,-10,-100,-50,-160,105274,3490,4267,113031,17.79%,19.10%,
104/03/20,1722,-899,-86,737,105127,3590,4317,113034,17.77%,19.11%,
104/03/19,-906,-512,281,-1137,103395,4489,4403,112287,17.48%,18.98%,
104/03/18,-2906,-147,14,-3039,104262,5001,4122,113385,17.62%,19.16%,
104/03/17,-192,0,-37,-229,107018,5148,4108,116274,18.09%,19.65%,
104/03/16,13,-515,-245,-747,107414,5148,4145,116707,18.16%,19.73%,
104/03/13,-572,0,-42,-614,107401,5663,4390,117454,18.15%,19.85%,
104/03/12,510,0,-278,232,107973,5663,4432,118068,18.25%,19.96%,
104/03/11,467,-525,-329,-387,107157,5663,4710,117530,18.11%,19.86%,
104/03/10,285,-555,287,17,106547,6188,5039,117774,18.01%,19.91%,
104/03/09,1510,-200,-49,1261,106262,6743,4752,117757,17.96%,19.90%,
104/03/06,1834,0,20,1854,104752,6943,4801,116496,17.71%,19.70%,
104/03/05,701,-400,-96,205,102908,6943,4781,114632,17.39%,19.37%,
104/03/04,-162,-1,40,-123,102207,7343,4877,114427,17.27%,19.34%,
104/03/03,745,0,257,1002,102369,7344,4837,114550,17.30%,19.36%,
104/03/02,-213,10,-187,-390,101614,7344,4580,113538,17.17%,19.19%,
104/02/26,1516,214,1118,2848,102024,7334,4767,114125,17.24%,19.29%,
104/02/25,1017,0,-37,980,100508,7120,3649,111277,16.99%,18.81%,
104/02/24,357,0,321,678,99986,7120,3686,110792,16.90%,18.73%,
104/02/13,710,-1,-118,591,99629,7120,3365,110114,16.84%,18.61%,
104/02/12,639,0,-183,456,99528,7121,3483,110132,16.82%,18.61%,
104/02/11,490,0,11,501,98789,7121,3666,109576,16.70%,18.52%,
104/02/10,917,0,-65,852,98338,7121,3655,109114,16.62%,18.44%,
104/02/09,274,0,-13,261,97421,7121,3720,108262,16.47%,18.30%,
104/02/06,161,0,150,311,97108,7121,3733,107962,16.41%,18.25%,
104/02/05,659,0,-55,604,97038,7121,3583,107742,16.40%,18.21%,
104/02/04,971,15,34,1020,96379,7121,3638,107138,16.29%,18.11%,
104/02/03,616,29,100,745,95372,7106,3604,106082,16.12%,17.93%,
104/02/02,796,0,-90,706,94779,7077,3504,105360,16.02%,17.81%,
104/01/30,-73,-1,24,-50,93983,7077,3594,104654,15.88%,17.68%,
104/01/29,-329,60,-217,-486,94056,7078,3570,104704,15.90%,17.70%,
104/01/28,-428,0,-166,-594,94542,7018,3787,105347,15.98%,17.81%,
104/01/27,17,390,303,710,94968,7018,3953,105939,16.05%,17.90%,
104/01/26,-132,132,428,428,94907,6628,3650,105185,16.04%,17.78%,
104/01/23,-275,0,128,-147,95039,6496,3222,104757,16.06%,17.70%,
104/01/22,197,-1,225,421,95314,6496,3094,104904,16.11%,17.73%,
104/01/21,-381,0,-83,-464,95123,6497,2869,104489,16.08%,17.66%,
104/01/20,362,587,321,1270,95326,6497,2952,104775,16.11%,17.71%,
104/01/19,-18,0,-223,-241,95196,5910,2631,103737,16.09%,17.53%,
104/01/16,460,0,-981,-521,95214,5910,2854,103978,16.09%,17.57%,
104/01/15,-706,83,-113,-736,96073,5910,3836,105819,16.24%,17.89%,
104/01/14,-137,0,-440,-577,96549,5827,3949,106325,16.32%,17.97%,
104/01/13,5,0,369,374,96674,5827,4389,106890,16.34%,18.07%,
104/01/12,-616,-75,40,-651,96583,5827,4020,106430,16.32%,17.98%,
104/01/09,-473,0,-690,-1163,96965,5902,3980,106847,16.39%,18.06%,
104/01/08,-112,912,459,1259,97452,5902,4670,108024,16.47%,18.26%,
104/01/07,-433,-76,-60,-569,97539,4990,4211,106740,16.49%,18.05%,
104/01/06,-655,0,-455,-1110,97940,5066,4271,107277,16.55%,18.13%,
104/01/05,-234,0,1063,829,98572,5066,4726,108364,16.66%,18.32%,
