日期,外資買賣超,投信買賣超,自營商買賣超,單日合計買賣超,外資估計持股,投信估計持股,自營商估計持股,單日合計估計持股,外資持股比重,三大法人持股比重,
107/03/31,5,-321,-29,-345,57351,1264,2769,61384,5.20%,5.57%,
107/03/30,-162,-318,-111,-591,57346,1585,2798,61729,5.19%,5.59%,
107/03/29,-187,-316,-250,-753,57508,1903,2909,62320,5.21%,5.65%,
107/03/28,-101,-322,-39,-462,57695,2219,3159,63073,5.23%,5.72%,
107/03/27,-11,0,141,130,57796,2541,3198,63535,5.24%,5.76%,
107/03/26,-183,0,-41,-224,57807,2541,3057,63405,5.24%,5.75%,
107/03/23,-386,0,-34,-420,57990,2541,3098,63629,5.25%,5.76%,
107/03/22,-11,0,-15,-26,58376,2541,3132,64049,5.29%,5.80%,
107/03/21,-286,0,2,-284,58387,2541,3147,64075,5.29%,5.81%,
107/03/20,-268,0,0,-268,58673,2541,3145,64359,5.32%,5.84%,
107/03/19,-90,0,250,160,58941,2541,3145,64627,5.34%,5.86%,
107/03/16,-350,0,-1,-351,59031,2541,2895,64467,5.35%,5.84%,
107/03/15,-34,0,0,-34,59381,2541,2896,64818,5.38%,5.87%,
107/03/14,25,0,-1065,-1040,59415,2541,2896,64852,5.38%,5.87%,
107/03/13,-47,0,-163,-210,59390,2541,3961,65892,5.38%,5.97%,
107/03/12,133,0,449,582,59437,2541,4124,66102,5.38%,5.98%,
107/03/09,43,0,1,44,59304,2541,3675,65520,5.37%,5.93%,
107/03/08,277,0,-72,205,59328,2541,3674,65543,5.37%,5.93%,
107/03/07,298,0,0,298,59051,2541,3746,65338,5.35%,5.92%,
107/03/06,-1,0,-419,-420,58753,2541,3746,65040,5.32%,5.89%,
107/03/05,-330,0,290,-40,58904,2541,4165,65610,5.34%,5.95%,
107/03/02,-6,0,5,-1,59234,2541,3875,65650,5.37%,5.95%,
107/03/01,652,0,-83,569,59240,2541,3870,65651,5.37%,5.95%,
107/02/27,157,0,-434,-277,58588,2541,3953,65082,5.31%,5.90%,
107/02/26,-136,0,519,383,58431,2541,4387,65359,5.29%,5.92%,
107/02/23,374,0,534,908,58553,2541,3868,64962,5.30%,5.88%,
107/02/22,3,0,487,490,58179,2541,3334,64054,5.27%,5.80%,
107/02/21,-100,0,153,53,58176,2541,2847,63564,5.27%,5.76%,
107/02/12,-175,336,-6,155,58256,2541,2694,63491,5.28%,5.75%,
107/02/09,144,0,-80,64,58380,2205,2700,63285,5.29%,5.73%,
107/02/08,-13,0,-91,-104,58236,2205,2780,63221,5.28%,5.73%,
107/02/07,-16,0,155,139,58240,2205,2871,63316,5.28%,5.74%,
107/02/06,122,0,-164,-42,57728,2205,2716,62649,5.23%,5.68%,
107/02/05,70,0,-270,-200,57549,2205,2880,62634,5.21%,5.67%,
107/02/02,-189,0,307,118,57470,2205,3150,62825,5.21%,5.70%,
107/02/01,283,0,19,302,57559,2205,2843,62607,5.21%,5.67%,
107/01/31,64,0,-88,-24,57263,2205,2824,62292,5.19%,5.65%,
107/01/30,29,0,-129,-100,57212,2205,2912,62329,5.18%,5.64%,
107/01/29,30,462,-275,217,57133,2205,3041,62379,5.18%,5.66%,
107/01/26,378,391,-385,384,57080,1743,3316,62139,5.17%,5.63%,
107/01/25,124,676,775,1575,56702,1352,3701,61755,5.14%,5.60%,
107/01/24,311,674,-456,529,56575,676,2926,60177,5.12%,5.45%,
107/01/23,-424,0,371,-53,56264,2,3382,59648,5.10%,5.41%,
107/01/22,-153,0,-39,-192,56216,2,3011,59229,5.09%,5.36%,
107/01/19,-41,0,8,-33,56320,2,3050,59372,5.10%,5.38%,
107/01/18,-136,0,-354,-490,56328,2,3042,59372,5.10%,5.38%,
107/01/17,218,0,89,307,56442,2,3396,59840,5.11%,5.42%,
107/01/16,144,0,-78,66,56218,2,3307,59527,5.09%,5.39%,
107/01/15,11,0,-870,-859,56065,2,3385,59452,5.08%,5.39%,
107/01/12,-193,0,3407,3214,56022,2,4255,60279,5.07%,5.46%,
107/01/11,-198,0,-63,-261,56198,2,848,57048,5.09%,5.17%,
107/01/10,-572,0,-1140,-1712,56386,2,911,57299,5.11%,5.19%,
107/01/09,-235,0,1104,869,56959,2,2051,59012,5.16%,5.35%,
107/01/08,-227,0,-20,-247,57194,2,947,58143,5.18%,5.27%,
107/01/05,-70,0,75,5,57700,2,967,58669,5.23%,5.32%,
107/01/04,-376,0,-199,-575,57770,2,892,58664,5.23%,5.31%,
107/01/03,-46,0,16,-30,58146,2,1091,59239,5.27%,5.37%,
107/01/02,-44,0,-60,-104,58192,2,1075,59269,5.27%,5.37%,
106/12/29,338,0,-190,148,58236,2,1135,59373,5.28%,5.38%,
106/12/28,351,0,31,382,57898,2,1325,59225,5.24%,5.36%,
106/12/27,314,0,753,1067,57547,2,1294,58843,5.21%,5.33%,
106/12/26,21,0,-59,-38,57233,2,541,57776,5.18%,5.23%,
106/12/25,100,0,40,140,57212,2,600,57814,5.18%,5.23%,
106/12/22,305,0,-10,295,57112,2,560,57674,5.17%,5.22%,
106/12/21,29,0,-14,15,56807,2,570,57379,5.15%,5.20%,
106/12/20,-51,0,-395,-446,56778,2,584,57364,5.14%,5.19%,
106/12/19,-132,0,446,314,56829,2,979,57810,5.15%,5.24%,
106/12/18,37,0,-25,12,56961,2,533,57496,5.16%,5.21%,
106/12/15,523,0,0,523,56924,2,558,57484,5.16%,5.21%,
106/12/14,-167,0,0,-167,56402,2,558,56962,5.11%,5.16%,
106/12/13,-65,0,-23,-88,56569,2,558,57129,5.12%,5.17%,
106/12/12,183,0,-21,162,56634,2,581,57217,5.13%,5.18%,
106/12/11,-33,0,-89,-122,57645,2,602,58249,5.22%,5.27%,
106/12/08,-16,0,-50,-66,57678,2,691,58371,5.22%,5.28%,
106/12/07,41,0,-20,21,57715,2,741,58458,5.23%,5.30%,
106/12/06,59,0,-657,-598,57674,2,761,58437,5.22%,5.29%,
106/12/05,307,0,695,1002,57615,2,1418,59035,5.22%,5.35%,
106/12/04,131,0,-10,121,57308,2,723,58033,5.19%,5.26%,
106/12/01,-7,0,0,-7,57177,2,733,57912,5.18%,5.25%,
106/11/30,334,0,-38,296,57184,2,733,57919,5.18%,5.25%,
106/11/29,-87,0,-20,-107,56850,2,771,57623,5.15%,5.22%,
106/11/28,30,0,5,35,56918,2,791,57711,5.16%,5.23%,
106/11/27,19,0,-58,-39,56888,2,786,57676,5.15%,5.22%,
106/11/24,9,0,-6,3,56869,2,844,57715,5.15%,5.23%,
106/11/23,116,0,-153,-37,56858,2,850,57710,5.15%,5.23%,
106/11/22,681,0,315,996,56742,2,1003,57747,5.14%,5.23%,
106/11/21,321,0,-46,275,56061,2,688,56751,5.08%,5.14%,
106/11/20,114,0,-42,72,55740,2,734,56476,5.05%,5.12%,
106/11/17,-48,0,-154,-202,55626,2,776,56404,5.04%,5.11%,
106/11/16,-390,0,329,-61,55674,2,930,56606,5.04%,5.12%,
106/11/15,-20,0,39,19,55864,2,601,56467,5.06%,5.11%,
106/11/14,-76,0,-15,-91,55884,2,562,56448,5.06%,5.11%,
106/11/13,17,0,-146,-129,55960,2,577,56539,5.07%,5.12%,
106/11/10,-20,0,-2,-22,55943,2,723,56668,5.07%,5.14%,
106/11/09,17,0,-5,12,55963,2,725,56690,5.07%,5.14%,
106/11/08,-44,0,-523,-567,55946,2,730,56678,5.07%,5.14%,
106/11/07,-81,0,712,631,55979,2,1253,57234,5.07%,5.18%,
106/11/06,69,0,-53,16,56020,2,541,56563,5.07%,5.12%,
106/11/03,108,0,-30,78,55951,2,594,56547,5.07%,5.12%,
106/11/02,289,0,5,294,55843,2,624,56469,5.06%,5.12%,
106/11/01,403,0,117,520,55554,2,619,56175,5.03%,5.09%,
106/10/31,169,0,-19,150,55151,2,502,55655,5.00%,5.05%,
106/10/30,-41,0,-120,-161,54981,2,521,55504,4.98%,5.03%,
106/10/27,9,0,16,25,55022,2,641,55665,4.98%,5.04%,
106/10/26,-116,0,0,-116,55013,2,625,55640,4.98%,5.04%,
106/10/25,79,0,-29,50,55129,2,625,55756,4.99%,5.05%,
106/10/24,134,0,-74,60,55050,2,654,55706,4.99%,5.05%,
106/10/23,46,0,170,216,54916,2,728,55646,4.97%,5.04%,
106/10/20,-401,0,-60,-461,54870,2,558,55430,4.97%,5.02%,
106/10/19,20,0,-23,-3,55134,2,618,55754,4.99%,5.05%,
106/10/18,141,0,104,245,55114,2,641,55757,4.99%,5.05%,
106/10/17,155,0,-39,116,54973,2,537,55512,4.98%,5.03%,
106/10/16,196,0,-102,94,54818,2,576,55396,4.97%,5.02%,
106/10/13,74,0,-20,54,55422,2,678,56102,5.02%,5.08%,
106/10/12,-170,0,-267,-437,55348,2,698,56048,5.01%,5.07%,
106/10/11,67,0,373,440,55238,2,965,56205,5.00%,5.09%,
106/10/06,245,0,-30,215,55171,2,592,55765,5.00%,5.05%,
106/10/05,-68,0,0,-68,55251,2,622,55875,5.00%,5.06%,
106/10/03,-400,0,-88,-488,55319,2,622,55943,5.01%,5.07%,
106/10/02,269,0,-26,243,55719,2,710,56431,5.05%,5.11%,
106/09/30,0,0,-6,-6,55450,2,736,56188,5.02%,5.09%,
106/09/29,-230,-858,-44,-1132,55450,2,742,56194,5.02%,5.09%,
106/09/28,362,-844,-4,-486,55680,860,786,57326,5.04%,5.19%,
106/09/27,-285,-426,-3,-714,55318,1704,790,57812,5.01%,5.24%,
106/09/26,766,0,-317,449,55603,2130,793,58526,5.04%,5.31%,
106/09/25,334,0,-184,150,54837,2130,1110,58077,4.97%,5.26%,
106/09/22,830,0,-115,715,54503,2130,1294,57927,4.94%,5.25%,
106/09/21,-474,0,-71,-545,53673,2130,1409,57212,4.86%,5.18%,
106/09/20,664,0,-6,658,54112,2130,1480,57722,4.90%,5.23%,
106/09/19,716,0,-295,421,53448,2130,1486,57064,4.84%,5.17%,
106/09/18,689,0,-329,360,52732,2130,1781,56643,4.78%,5.13%,
106/09/15,-618,0,115,-503,52043,2130,2110,56283,4.71%,5.09%,
106/09/14,-601,0,-685,-1286,52560,2130,1995,56685,4.76%,5.13%,
106/09/13,765,0,-75,690,53161,2130,2680,57971,4.82%,5.26%,
106/09/12,-276,2128,1438,3290,52396,2130,2755,57281,4.75%,5.19%,
106/09/11,309,0,517,826,52672,2,1317,53991,4.77%,4.89%,
106/09/08,589,0,-85,504,52363,2,800,53165,4.74%,4.81%,
106/09/07,255,0,1,256,51774,2,885,52661,4.69%,4.77%,
106/09/06,-150,0,-289,-439,51519,2,884,52405,4.67%,4.75%,
106/09/05,182,0,-263,-81,51669,2,1173,52844,4.68%,4.79%,
106/09/04,261,0,-627,-366,51487,2,1436,52925,4.66%,4.79%,
106/09/01,-172,0,-17,-189,51226,2,2063,53291,4.64%,4.83%,
106/08/31,-625,0,-908,-1533,51073,2,2080,53155,4.63%,4.82%,
106/08/30,-56,0,1094,1038,51698,2,2988,54688,4.68%,4.95%,
106/08/29,188,0,-314,-126,51754,2,1894,53650,4.69%,4.86%,
106/08/28,279,0,-186,93,51566,2,2208,53776,4.67%,4.87%,
106/08/25,91,0,192,283,51287,2,2394,53683,4.65%,4.87%,
106/08/24,276,0,410,686,51196,2,2202,53400,4.64%,4.84%,
106/08/23,7,0,70,77,50920,2,1792,52714,4.61%,4.77%,
106/08/22,-32,0,10,-22,50913,2,1722,52637,4.61%,4.77%,
106/08/21,222,0,-21,201,50945,2,1712,52659,4.61%,4.77%,
106/08/18,-431,0,-245,-676,50723,2,1733,52458,4.59%,4.75%,
106/08/17,463,0,256,719,51154,2,1978,53134,4.63%,4.81%,
106/08/16,96,0,357,453,50691,2,1722,52415,4.59%,4.75%,
106/08/15,50,0,0,50,50595,2,1365,51962,4.58%,4.70%,
106/08/14,-282,0,-275,-557,50545,2,1365,51912,4.58%,4.70%,
106/08/11,89,0,-284,-195,50827,2,1640,52469,4.60%,4.75%,
106/08/10,-157,-850,-830,-1837,50738,2,1924,52664,4.60%,4.77%,
106/08/09,-153,0,-152,-305,50895,852,2754,54501,4.61%,4.94%,
106/08/08,-185,0,-210,-395,50991,852,2906,54749,4.62%,4.96%,
106/08/07,-118,0,-1208,-1326,49776,852,3116,53744,4.51%,4.87%,
106/08/04,88,0,1103,1191,49894,852,4324,55070,4.52%,4.99%,
106/08/03,19,0,-14,5,49806,852,3221,53879,4.51%,4.88%,
106/08/02,46,0,-379,-333,49787,852,3235,53874,4.51%,4.88%,
106/08/01,105,0,622,727,49741,852,3614,54207,4.51%,4.91%,
106/07/31,79,0,267,346,49636,852,2992,53480,4.50%,4.85%,
106/07/28,-144,0,-53,-197,49557,852,2725,53134,4.49%,4.81%,
106/07/27,141,0,-18,123,49701,852,2778,53331,4.50%,4.83%,
106/07/26,-41,0,54,13,49560,852,2796,53208,4.49%,4.82%,
106/07/25,-344,0,16,-328,49601,852,2742,53195,4.49%,4.82%,
106/07/24,-63,0,0,-63,50070,852,2726,53648,4.54%,4.86%,
106/07/21,-47,0,-42,-89,50133,852,2726,53711,4.54%,4.86%,
106/07/20,55,0,14,69,50180,852,2768,53800,4.55%,4.88%,
106/07/19,46,0,-244,-198,50125,852,2754,53731,4.54%,4.87%,
106/07/18,-512,0,291,-221,50079,852,2998,53929,4.54%,4.89%,
106/07/17,34,0,-17,17,50591,852,2707,54150,4.58%,4.90%,
106/07/14,106,0,-10,96,50157,852,2724,53733,4.54%,4.86%,
106/07/13,225,0,-234,-9,50051,852,2734,53637,4.53%,4.86%,
106/07/12,275,0,206,481,49836,852,2968,53656,4.51%,4.86%,
106/07/11,85,0,31,116,49561,852,2762,53175,4.49%,4.82%,
106/07/10,-73,0,-14,-87,49476,852,2731,53059,4.48%,4.80%,
106/07/07,-44,0,0,-44,49549,852,2745,53146,4.49%,4.82%,
106/07/06,36,0,-30,6,49672,852,2745,53269,4.50%,4.83%,
106/07/05,-4,0,-120,-124,49626,852,2775,53253,4.49%,4.82%,
106/07/04,-230,0,527,297,49630,852,2895,53377,4.50%,4.84%,
106/07/03,-166,0,-137,-303,49860,852,2368,53080,4.52%,4.81%,
106/06/30,-7,0,-58,-65,50026,852,2505,53383,4.53%,4.83%,
106/06/29,-96,-200,44,-252,50033,874,2563,53470,4.53%,4.84%,
106/06/28,32,-200,0,-168,50548,1074,2519,54141,4.58%,4.91%,
106/06/27,260,-200,-50,10,50516,1274,2519,54309,4.58%,4.92%,
106/06/26,232,0,469,701,50256,1474,2569,54299,4.55%,4.92%,
106/06/23,113,-100,59,72,50024,1474,2100,53598,4.53%,4.85%,
106/06/22,452,-100,151,503,49911,1574,2041,53526,4.52%,4.85%,
106/06/21,343,-100,174,417,49459,1674,1890,53023,4.48%,4.80%,
106/06/20,6,-200,239,45,49116,1774,1716,52606,4.45%,4.77%,
106/06/19,-172,300,119,247,49110,1974,1477,52561,4.45%,4.76%,
106/06/16,324,0,67,391,49282,1674,1358,52314,4.46%,4.73%,
106/06/15,139,0,0,139,48958,1674,1291,51923,4.43%,4.70%,
106/06/14,36,150,92,278,48819,1674,1291,51784,4.42%,4.69%,
106/06/13,-63,-100,731,568,48783,1524,1199,51506,4.42%,4.67%,
106/06/12,443,400,25,868,48846,1624,468,50938,4.42%,4.61%,
106/06/09,50,-100,176,126,48403,1224,443,50070,4.38%,4.53%,
106/06/08,-142,0,215,73,48353,1324,267,49944,4.38%,4.52%,
106/06/07,254,-137,41,158,48496,1324,52,49872,4.39%,4.51%,
106/06/06,114,-272,11,-147,48242,1461,11,49714,4.37%,4.50%,
106/06/05,329,-163,0,166,48128,1733,0,49861,4.36%,4.52%,
106/06/03,0,0,0,0,47799,1896,0,49695,4.33%,4.50%,
106/06/02,928,-300,0,628,47799,1896,0,49695,4.33%,4.50%,
106/06/01,983,-300,-20,663,46871,2196,0,49067,4.25%,4.45%,
106/05/31,-337,-300,2,-635,45888,2496,3,48387,4.16%,4.39%,
106/05/26,76,0,1,77,46225,2796,1,49022,4.19%,4.44%,
106/05/25,324,0,-15,309,45849,2796,0,48645,4.15%,4.40%,
106/05/24,-51,0,0,-51,45525,2796,14,48335,4.12%,4.37%,
106/05/23,-264,0,0,-264,45576,2796,14,48386,4.13%,4.38%,
106/05/22,-131,0,0,-131,45840,2796,14,48650,4.15%,4.40%,
106/05/19,-52,0,0,-52,45971,2796,14,48781,4.16%,4.41%,
106/05/18,-294,0,-6,-300,46023,2796,14,48833,4.17%,4.42%,
106/05/17,-337,0,1,-336,46317,2796,20,49133,4.19%,4.45%,
106/05/16,-192,0,15,-177,46654,2796,19,49469,4.23%,4.49%,
106/05/15,146,0,4,150,46846,2796,4,49646,4.24%,4.49%,
106/05/12,175,0,0,175,46700,2796,0,49496,4.23%,4.48%,
106/05/11,-66,0,0,-66,46525,2796,0,49321,4.21%,4.46%,
106/05/10,13,0,0,13,46622,2796,0,49418,4.22%,4.47%,
106/05/09,-223,0,-20,-243,46608,2796,0,49404,4.22%,4.47%,
106/05/08,410,0,-7,403,46831,2796,20,49647,4.24%,4.50%,
106/05/05,-191,0,22,-169,46421,2796,27,49244,4.20%,4.46%,
106/05/04,76,0,0,76,46622,2796,5,49423,4.22%,4.47%,
106/05/03,709,0,0,709,46546,2796,5,49347,4.22%,4.47%,
106/05/02,162,0,0,162,45725,2796,5,48526,4.14%,4.39%,
106/04/28,-122,0,-1,-123,45563,2796,5,48364,4.13%,4.38%,
106/04/27,-173,0,0,-173,45685,2796,6,48487,4.14%,4.39%,
106/04/26,-125,0,6,-119,45858,2796,6,48660,4.15%,4.40%,
106/04/25,325,0,0,325,45983,2796,0,48779,4.16%,4.41%,
106/04/24,24,0,-294,-270,45658,2796,0,48454,4.14%,4.39%,
106/04/21,121,0,0,121,45634,2796,168,48598,4.13%,4.40%,
106/04/20,111,0,0,111,45513,2796,168,48477,4.12%,4.39%,
106/04/19,-210,0,-2,-212,45402,2796,168,48366,4.11%,4.38%,
106/04/18,967,0,-2,965,45612,2796,170,48578,4.13%,4.40%,
106/04/17,687,0,3,690,44635,2796,172,47603,4.04%,4.31%,
106/04/14,179,0,0,179,44066,2796,169,47031,3.99%,4.26%,
106/04/13,186,0,-1,185,43887,2796,169,46852,3.97%,4.24%,
106/04/12,154,0,1,155,43701,2796,170,46667,3.96%,4.23%,
106/04/11,267,0,0,267,43547,2796,169,46512,3.94%,4.21%,
106/04/10,-27,0,-2,-29,43280,2796,169,46245,3.92%,4.19%,
106/04/07,-217,0,-6,-223,43307,2796,171,46274,3.92%,4.19%,
106/04/06,-259,0,0,-259,43524,2796,177,46497,3.94%,4.21%,
106/04/05,-458,0,-70,-528,43783,2796,177,46756,3.97%,4.24%,
106/03/31,479,0,-4,475,44241,2796,247,47284,4.01%,4.29%,
106/03/30,-40,-253,0,-293,43762,2800,251,46813,3.96%,4.24%,
106/03/29,583,-557,0,26,43802,3053,251,47106,3.97%,4.27%,
106/03/28,171,0,-129,42,43219,3610,251,47080,3.91%,4.26%,
106/03/27,-85,0,0,-85,43048,3610,380,47038,3.90%,4.26%,
106/03/24,-215,0,-5,-220,43133,3610,380,47123,3.91%,4.27%,
106/03/23,-553,0,-60,-613,43348,3610,385,47343,3.93%,4.29%,
106/03/22,-22,0,-5,-27,43901,3610,445,47956,3.98%,4.35%,
106/03/21,173,0,-200,-27,43923,3610,450,47983,3.98%,4.35%,
106/03/20,-204,0,0,-204,43750,3610,650,48010,3.96%,4.35%,
106/03/17,430,0,0,430,43954,3610,650,48214,3.98%,4.37%,
106/03/16,-37,0,-45,-82,43524,3610,650,47784,3.94%,4.33%,
106/03/15,39,0,0,39,43561,3610,695,47866,3.94%,4.33%,
106/03/14,126,0,0,126,43522,3610,695,47827,3.94%,4.33%,
106/03/13,-215,0,20,-195,43396,3610,695,47701,3.93%,4.32%,
106/03/10,713,0,-7,706,43611,3610,675,47896,3.95%,4.34%,
106/03/09,-661,0,12,-649,42819,3610,682,47111,3.88%,4.27%,
106/03/08,385,0,210,595,43480,3610,670,47760,3.94%,4.33%,
106/03/07,1026,0,302,1328,43105,3610,460,47175,3.90%,4.27%,
106/03/06,5,0,-2,3,42069,3610,158,45837,3.81%,4.15%,
106/03/03,385,0,2,387,42115,3610,160,45885,3.81%,4.15%,
106/03/02,482,0,-2,480,41730,3610,158,45498,3.78%,4.12%,
106/03/01,-134,524,0,390,41248,3610,160,45018,3.74%,4.08%,
106/02/24,148,844,0,992,41372,3086,160,44618,3.75%,4.04%,
106/02/23,137,642,0,779,41207,2242,160,43609,3.73%,3.95%,
106/02/22,83,800,0,883,41049,1600,160,42809,3.72%,3.88%,
106/02/21,-9,800,0,791,40956,800,160,41916,3.71%,3.80%,
106/02/20,-29,0,0,-29,40965,0,160,41125,3.71%,3.72%,
106/02/18,0,0,0,0,40994,0,160,41154,3.71%,3.72%,
106/02/17,21,0,0,21,40994,0,160,41154,3.71%,3.72%,
106/02/16,312,0,0,312,40973,0,160,41133,3.71%,3.72%,
106/02/15,727,0,0,727,40661,0,160,40821,3.68%,3.69%,
106/02/14,90,0,0,90,39934,0,160,40094,3.62%,3.63%,
106/02/13,-53,0,0,-53,39844,0,160,40004,3.61%,3.62%,
106/02/10,40,0,0,40,39897,0,160,40057,3.61%,3.62%,
106/02/09,36,0,0,36,39857,0,160,40017,3.61%,3.62%,
106/02/08,-140,0,-1,-141,39821,0,160,39981,3.61%,3.62%,
106/02/07,-98,0,0,-98,39961,0,161,40122,3.62%,3.63%,
106/02/06,-33,0,0,-33,40059,0,161,40220,3.63%,3.64%,
106/02/03,-208,0,0,-208,40092,0,161,40253,3.63%,3.64%,
106/02/02,70,0,0,70,40454,0,161,40615,3.66%,3.67%,
106/01/24,80,0,0,80,40384,0,161,40545,3.66%,3.67%,
106/01/23,21,0,0,21,40304,0,161,40465,3.65%,3.66%,
106/01/20,-8,0,0,-8,40283,0,161,40444,3.65%,3.66%,
106/01/19,-49,0,-6,-55,40291,0,161,40452,3.65%,3.66%,
106/01/18,84,0,1,85,40340,0,167,40507,3.65%,3.67%,
106/01/17,111,0,-3,108,40256,0,166,40422,3.65%,3.67%,
106/01/16,-20,0,-1,-21,40145,0,169,40314,3.64%,3.66%,
106/01/13,62,0,0,62,40165,0,170,40335,3.64%,3.66%,
106/01/12,275,0,-65,210,39978,0,170,40148,3.62%,3.64%,
106/01/11,106,0,-1,105,39703,0,235,39938,3.60%,3.62%,
106/01/10,267,0,-5,262,39597,0,236,39833,3.59%,3.61%,
106/01/09,-102,0,-433,-535,39320,0,241,39561,3.56%,3.58%,
106/01/06,-73,0,148,75,39412,0,674,40086,3.57%,3.63%,
106/01/05,221,0,350,571,39485,0,526,40011,3.58%,3.63%,
106/01/04,-64,0,0,-64,39264,0,176,39440,3.56%,3.58%,
106/01/03,-38,0,0,-38,39328,0,176,39504,3.56%,3.58%,
105/12/30,352,0,5,357,39366,0,176,39542,3.56%,3.58%,
105/12/29,-51,0,0,-51,39014,0,171,39185,3.53%,3.55%,
105/12/28,-135,0,0,-135,39065,0,171,39236,3.54%,3.56%,
105/12/27,-48,0,0,-48,39199,0,171,39370,3.55%,3.57%,
105/12/26,-24,0,0,-24,39247,0,171,39418,3.55%,3.57%,
105/12/23,-38,0,0,-38,39271,0,171,39442,3.56%,3.58%,
105/12/22,14,0,7,21,39309,0,171,39480,3.56%,3.58%,
105/12/21,-61,0,9,-52,39295,0,164,39459,3.56%,3.57%,
105/12/20,-41,0,12,-29,39356,0,155,39511,3.56%,3.57%,
105/12/19,-8,0,1,-7,39397,0,143,39540,3.57%,3.58%,
105/12/16,-326,0,13,-313,39405,0,142,39547,3.57%,3.58%,
105/12/15,-52,0,-4,-56,39731,0,129,39860,3.60%,3.61%,
105/12/14,205,0,0,205,39783,0,133,39916,3.60%,3.61%,
105/12/13,212,0,0,212,39578,0,133,39711,3.58%,3.59%,
105/12/12,22,0,5,27,39366,0,133,39499,3.56%,3.57%,
105/12/09,72,0,0,72,39334,0,128,39462,3.56%,3.57%,
105/12/08,79,0,0,79,39262,0,128,39390,3.56%,3.57%,
105/12/07,25,0,0,25,39183,0,128,39311,3.55%,3.56%,
105/12/06,15,0,0,15,39158,0,128,39286,3.55%,3.56%,
105/12/05,-309,0,0,-309,39143,0,128,39271,3.54%,3.55%,
105/12/02,-8,0,0,-8,39453,0,128,39581,3.57%,3.58%,
105/12/01,237,0,-1,236,39451,0,128,39579,3.57%,3.58%,
105/11/30,-113,0,0,-113,39213,0,129,39342,3.55%,3.56%,
105/11/29,-8,0,-2,-10,39326,0,129,39455,3.56%,3.57%,
105/11/28,41,0,0,41,39334,0,131,39465,3.56%,3.57%,
105/11/25,9,0,7,16,39293,0,131,39424,3.56%,3.57%,
105/11/24,3,0,0,3,39284,0,124,39408,3.56%,3.57%,
105/11/23,1,0,0,1,39281,0,124,39405,3.56%,3.57%,
105/11/22,4,0,0,4,39280,0,124,39404,3.56%,3.57%,
105/11/21,-20,0,0,-20,39276,0,124,39400,3.56%,3.57%,
105/11/18,101,0,0,101,39296,0,124,39420,3.56%,3.57%,
105/11/17,10,0,0,10,39205,0,124,39329,3.55%,3.56%,
105/11/16,4,0,0,4,39195,0,124,39319,3.55%,3.56%,
105/11/15,-66,0,0,-66,39181,0,124,39305,3.55%,3.56%,
105/11/14,-27,0,0,-27,39247,0,124,39371,3.55%,3.56%,
105/11/11,26,0,-3,23,39274,0,124,39398,3.56%,3.57%,
105/11/10,15,0,0,15,39248,0,127,39375,3.55%,3.56%,
105/11/09,-30,0,-44,-74,39233,0,127,39360,3.55%,3.56%,
105/11/08,-24,0,0,-24,39263,0,171,39434,3.56%,3.58%,
105/11/07,8,0,25,33,39287,0,171,39458,3.56%,3.58%,
105/11/04,-17,0,0,-17,39279,0,146,39425,3.56%,3.57%,
105/11/03,37,0,11,48,39296,0,146,39442,3.56%,3.57%,
105/11/02,-21,0,6,-15,39259,0,135,39394,3.55%,3.56%,
105/11/01,-16,0,4,-12,39280,0,129,39409,3.56%,3.57%,
105/10/31,1,0,3,4,39296,0,125,39421,3.56%,3.57%,
105/10/28,16,0,0,16,39295,0,122,39417,3.56%,3.57%,
105/10/27,4,0,0,4,39279,0,122,39401,3.56%,3.57%,
105/10/26,57,0,0,57,39275,0,122,39397,3.56%,3.57%,
105/10/25,-27,0,0,-27,39218,0,122,39340,3.55%,3.56%,
105/10/24,11,0,0,11,39245,0,122,39367,3.55%,3.56%,
105/10/21,-9,0,0,-9,39234,0,122,39356,3.55%,3.56%,
105/10/20,-20,0,0,-20,39243,0,122,39365,3.55%,3.56%,
105/10/19,-1,0,-2,-3,39263,0,122,39385,3.56%,3.57%,
105/10/18,-8,0,-2,-10,39264,0,124,39388,3.56%,3.57%,
105/10/17,-30,0,2,-28,39272,0,126,39398,3.56%,3.57%,
105/10/14,-8,0,0,-8,39302,0,124,39426,3.56%,3.57%,
105/10/13,-5,0,0,-5,39310,0,124,39434,3.56%,3.57%,
105/10/12,-19,0,2,-17,39315,0,124,39439,3.56%,3.57%,
105/10/11,-5,0,0,-5,39314,0,122,39436,3.56%,3.57%,
105/10/07,2,0,0,2,39309,0,122,39431,3.56%,3.57%,
105/10/06,10,0,-2,8,39307,0,122,39429,3.56%,3.57%,
105/10/05,-11,0,0,-11,39290,0,124,39414,3.56%,3.57%,
105/10/04,-4,0,0,-4,39301,0,124,39425,3.56%,3.57%,
105/10/03,-88,0,0,-88,39305,0,124,39429,3.56%,3.57%,
105/09/30,-22,0,0,-22,39383,0,124,39507,3.57%,3.58%,
105/09/29,1,0,0,1,39405,0,124,39529,3.57%,3.58%,
105/09/26,23,0,0,23,39404,0,124,39528,3.57%,3.58%,
105/09/23,12,0,0,12,39381,0,124,39505,3.57%,3.58%,
105/09/22,-25,0,0,-25,39369,0,124,39493,3.56%,3.57%,
105/09/21,214,0,0,214,39394,0,124,39518,3.57%,3.58%,
105/09/20,-2,0,-1,-3,39180,0,124,39304,3.55%,3.56%,
105/09/19,5,0,0,5,39028,0,125,39153,3.53%,3.54%,
105/09/14,125,0,0,125,39023,0,125,39148,3.53%,3.54%,
105/09/13,-44,0,0,-44,38898,0,125,39023,3.52%,3.53%,
105/09/12,-56,0,0,-56,38942,0,125,39067,3.53%,3.54%,
105/09/10,0,0,3,3,38998,0,125,39123,3.53%,3.54%,
105/09/09,0,0,0,0,38998,0,122,39120,3.53%,3.54%,
105/09/08,6,0,0,6,38998,0,122,39120,3.53%,3.54%,
105/09/07,12,0,-2,10,38992,0,122,39114,3.53%,3.54%,
105/09/06,-11,0,0,-11,38980,0,124,39104,3.53%,3.54%,
105/09/05,-6,0,0,-6,38991,0,124,39115,3.53%,3.54%,
105/09/02,-33,0,0,-33,38997,0,124,39121,3.53%,3.54%,
105/09/01,-23,0,0,-23,39030,0,124,39154,3.53%,3.54%,
105/08/31,73,0,-3,70,39053,0,124,39177,3.54%,3.55%,
105/08/30,22,0,0,22,38980,0,127,39107,3.53%,3.54%,
105/08/29,17,0,-4,13,38958,0,127,39085,3.53%,3.54%,
105/08/26,7,0,1,8,38941,0,131,39072,3.53%,3.54%,
105/08/25,12,0,-1,11,38934,0,130,39064,3.53%,3.54%,
105/08/24,-10,0,0,-10,38922,0,131,39053,3.52%,3.53%,
105/08/23,9,0,0,9,38932,0,131,39063,3.53%,3.54%,
105/08/22,-20,0,-2,-22,38923,0,131,39054,3.52%,3.53%,
105/08/19,-39,0,-2,-41,38943,0,133,39076,3.53%,3.54%,
105/08/18,18,0,-11,7,38982,0,135,39117,3.53%,3.54%,
105/08/17,188,0,-5,183,38964,0,146,39110,3.53%,3.54%,
105/08/16,102,0,-5,97,38776,0,151,38927,3.51%,3.52%,
105/08/15,-7,0,-2,-9,38674,0,156,38830,3.50%,3.51%,
105/08/12,107,0,0,107,38681,0,158,38839,3.50%,3.51%,
105/08/11,8,0,-12,-4,38525,0,158,38683,3.49%,3.50%,
105/08/10,-3,0,1,-2,38493,0,170,38663,3.49%,3.51%,
105/08/09,-64,0,3,-61,38446,0,169,38615,3.48%,3.50%,
105/08/08,38,0,4,42,38510,0,166,38676,3.49%,3.51%,
105/08/05,113,0,-17,96,38472,0,162,38634,3.48%,3.49%,
105/08/04,29,0,-23,6,38359,0,179,38538,3.47%,3.49%,
105/08/03,-23,0,-3,-26,38330,0,202,38532,3.47%,3.49%,
105/08/02,1,0,0,1,38353,0,205,38558,3.47%,3.49%,
105/08/01,-46,0,0,-46,38352,0,205,38557,3.47%,3.49%,
105/07/29,20,0,0,20,38398,0,205,38603,3.48%,3.50%,
105/07/28,37,0,3,40,38327,0,205,38532,3.47%,3.49%,
105/07/27,-2,0,-1,-3,38290,0,202,38492,3.47%,3.49%,
105/07/26,-30,0,-1,-31,38292,0,203,38495,3.47%,3.49%,
105/07/25,-36,0,2,-34,38322,0,203,38525,3.47%,3.49%,
105/07/22,-116,0,1,-115,38358,0,201,38559,3.47%,3.49%,
105/07/21,34,0,26,60,38474,0,200,38674,3.48%,3.50%,
105/07/20,-133,0,4,-129,38440,0,174,38614,3.48%,3.50%,
105/07/19,35,0,-79,-44,38573,0,170,38743,3.49%,3.51%,
105/07/18,25,0,81,106,38538,0,249,38787,3.49%,3.51%,
105/07/15,-114,0,0,-114,38513,0,168,38681,3.49%,3.51%,
105/07/14,29,0,0,29,38628,0,168,38796,3.50%,3.52%,
105/07/13,46,0,0,46,38599,0,168,38767,3.49%,3.51%,
105/07/12,22,0,0,22,38553,0,168,38721,3.49%,3.51%,
105/07/11,15,0,0,15,38531,0,168,38699,3.49%,3.51%,
105/07/07,-23,0,28,5,38516,0,168,38684,3.49%,3.51%,
105/07/06,-4,0,-5,-9,38539,0,140,38679,3.49%,3.50%,
105/07/05,-9,0,-6,-15,38677,0,145,38822,3.50%,3.51%,
105/07/04,84,0,0,84,38686,0,151,38837,3.50%,3.51%,
105/07/01,-37,0,0,-37,38602,0,151,38753,3.50%,3.51%,
105/06/30,14,0,-2,12,38648,0,151,38799,3.50%,3.51%,
105/06/29,-35,0,-1,-36,38634,0,153,38787,3.50%,3.51%,
105/06/28,-4,0,-1,-5,38669,0,154,38823,3.50%,3.51%,
105/06/27,98,0,4,102,38673,0,155,38828,3.50%,3.51%,
105/06/24,2,0,2,4,38575,0,151,38726,3.49%,3.50%,
105/06/23,17,0,0,17,38573,0,149,38722,3.49%,3.50%,
105/06/22,3,0,2,5,38556,0,149,38705,3.49%,3.50%,
105/06/21,16,0,0,16,38553,0,147,38700,3.49%,3.50%,
105/06/20,17,0,18,35,38527,0,147,38674,3.49%,3.50%,
105/06/17,282,0,-11,271,38510,0,129,38639,3.49%,3.50%,
105/06/16,36,0,1,37,38301,0,140,38441,3.47%,3.48%,
105/06/15,36,0,0,36,38265,0,139,38404,3.46%,3.47%,
105/06/14,15,0,0,15,38298,0,139,38437,3.47%,3.48%,
105/06/13,-63,0,0,-63,38283,0,139,38422,3.47%,3.48%,
105/06/08,-198,0,0,-198,38346,0,139,38485,3.47%,3.48%,
105/06/07,-28,0,0,-28,38395,0,139,38534,3.48%,3.49%,
105/06/06,-25,0,0,-25,38424,0,139,38563,3.48%,3.49%,
105/06/04,0,0,0,0,38448,0,139,38587,3.48%,3.49%,
105/06/03,-7,0,0,-7,38448,0,139,38587,3.48%,3.49%,
105/06/02,-123,0,0,-123,38455,0,139,38594,3.48%,3.49%,
105/06/01,-27,0,0,-27,38524,0,139,38663,3.49%,3.50%,
105/05/31,-31,0,0,-31,38598,0,139,38737,3.49%,3.50%,
105/05/30,64,0,-4,60,38629,0,139,38768,3.50%,3.51%,
105/05/27,49,0,0,49,38565,0,143,38708,3.49%,3.50%,
105/05/26,7,0,-4,3,38516,0,143,38659,3.49%,3.50%,
105/05/25,25,0,0,25,38551,0,147,38698,3.49%,3.50%,
105/05/24,37,0,-1,36,38573,0,147,38720,3.49%,3.50%,
105/05/23,9,0,0,9,38528,0,148,38676,3.49%,3.50%,
105/05/20,-10,0,1,-9,38519,0,148,38667,3.49%,3.50%,
105/05/19,-135,0,-1,-136,38529,0,147,38676,3.49%,3.50%,
105/05/18,-9,0,0,-9,38664,0,148,38812,3.50%,3.51%,
105/05/17,-90,0,-1,-91,38673,0,148,38821,3.50%,3.51%,
105/05/16,-261,0,5,-256,38763,0,149,38912,3.51%,3.52%,
105/05/13,-100,0,0,-100,39024,0,144,39168,3.53%,3.54%,
105/05/12,177,0,-7,170,39124,0,144,39268,3.54%,3.55%,
105/05/11,88,0,0,88,38947,0,151,39098,3.53%,3.54%,
105/05/10,-16,0,0,-16,38891,0,151,39042,3.52%,3.53%,
105/05/09,-66,0,0,-66,38747,0,151,38898,3.51%,3.52%,
105/05/06,-51,0,0,-51,38813,0,151,38964,3.51%,3.52%,
105/05/05,-66,0,0,-66,38864,0,151,39015,3.52%,3.53%,
105/05/04,29,0,0,29,38930,0,151,39081,3.53%,3.54%,
105/05/03,-92,0,0,-92,38901,0,151,39052,3.52%,3.53%,
105/04/29,-173,0,-27,-200,38993,0,151,39144,3.53%,3.54%,
105/04/28,243,0,-3,240,39166,0,178,39344,3.55%,3.57%,
105/04/27,-180,0,0,-180,38924,0,181,39105,3.52%,3.54%,
105/04/26,151,0,0,151,39104,0,181,39285,3.54%,3.56%,
105/04/25,-20,0,0,-20,38953,0,181,39134,3.53%,3.55%,
105/04/22,-370,0,-10,-380,38973,0,181,39154,3.53%,3.55%,
105/04/21,96,0,0,96,39343,0,191,39534,3.56%,3.58%,
105/04/20,66,0,11,77,39247,0,191,39438,3.55%,3.57%,
105/04/19,149,0,0,149,39181,0,180,39361,3.55%,3.57%,
105/04/18,-177,0,0,-177,39032,0,180,39212,3.53%,3.55%,
105/04/15,195,0,0,195,39209,0,180,39389,3.55%,3.57%,
105/04/14,205,0,12,217,39014,0,180,39194,3.53%,3.55%,
105/04/13,295,0,0,295,38809,0,168,38977,3.51%,3.53%,
105/04/12,580,0,0,580,38514,0,168,38682,3.49%,3.51%,
105/04/11,18,0,0,18,37934,0,168,38102,3.43%,3.45%,
105/04/08,-45,0,0,-45,37916,0,168,38084,3.43%,3.45%,
105/04/07,43,0,0,43,37961,0,168,38129,3.44%,3.46%,
105/04/06,-151,0,-7,-158,37918,0,168,38086,3.43%,3.45%,
105/04/01,253,0,-113,140,38069,0,175,38244,3.45%,3.47%,
105/03/31,-167,0,-235,-402,37816,0,288,38104,3.42%,3.45%,
105/03/30,3,0,-40,-37,37983,0,523,38506,3.44%,3.49%,
105/03/29,-34,0,-100,-134,37980,0,563,38543,3.44%,3.49%,
105/03/28,-50,0,-10,-60,38014,0,663,38677,3.44%,3.50%,
105/03/25,293,0,-100,193,38064,0,673,38737,3.45%,3.51%,
105/03/24,-9,0,-146,-155,37771,0,773,38544,3.42%,3.49%,
105/03/23,-213,0,0,-213,37780,0,919,38699,3.42%,3.50%,
105/03/22,-14,0,-1,-15,37993,0,919,38912,3.44%,3.52%,
105/03/21,235,0,0,235,38007,0,920,38927,3.44%,3.52%,
105/03/18,-3,0,0,-3,37775,0,920,38695,3.42%,3.50%,
105/03/17,213,0,0,213,37778,0,920,38698,3.42%,3.50%,
105/03/16,31,0,16,47,37565,0,920,38485,3.40%,3.48%,
105/03/15,-87,0,0,-87,37534,0,904,38438,3.40%,3.48%,
105/03/14,206,0,-54,152,37621,0,904,38525,3.41%,3.49%,
105/03/11,0,0,-261,-261,37417,0,958,38375,3.39%,3.48%,
105/03/10,-61,0,0,-61,37417,0,1219,38636,3.39%,3.50%,
105/03/09,29,0,0,29,37478,0,1219,38697,3.39%,3.50%,
105/03/08,104,0,433,537,37449,0,1219,38668,3.39%,3.50%,
105/03/07,-77,0,2,-75,37345,0,786,38131,3.38%,3.45%,
105/03/04,-82,0,0,-82,37422,0,784,38206,3.39%,3.46%,
105/03/03,3,0,-8,-5,37544,0,784,38328,3.40%,3.47%,
105/03/02,-10,0,0,-10,37541,0,792,38333,3.40%,3.47%,
105/03/01,116,0,0,116,37551,0,792,38343,3.40%,3.47%,
105/02/26,50,0,0,50,37435,0,792,38227,3.39%,3.46%,
105/02/25,50,0,0,50,37385,0,792,38177,3.38%,3.45%,
105/02/24,9,0,0,9,37335,0,792,38127,3.38%,3.45%,
105/02/23,67,0,0,67,37326,0,792,38118,3.38%,3.45%,
105/02/22,111,0,6,117,37259,0,792,38051,3.37%,3.44%,
105/02/19,-18,0,0,-18,37148,0,786,37934,3.36%,3.43%,
105/02/18,8,0,0,8,37166,0,786,37952,3.37%,3.44%,
105/02/17,-62,0,0,-62,37158,0,786,37944,3.36%,3.43%,
105/02/16,-133,0,0,-133,37220,0,786,38006,3.37%,3.44%,
105/02/15,-14,0,0,-14,37353,0,786,38139,3.38%,3.45%,
105/02/03,-61,0,0,-61,37367,0,786,38153,3.38%,3.45%,
105/02/02,-64,0,0,-64,37523,0,786,38309,3.40%,3.47%,
105/02/01,100,0,0,100,37587,0,786,38373,3.40%,3.47%,
105/01/30,0,0,-32,-32,37487,0,786,38273,3.39%,3.46%,
105/01/29,49,0,0,49,37487,0,818,38305,3.39%,3.46%,
105/01/28,-6,0,14,8,37437,0,818,38255,3.39%,3.46%,
105/01/27,-103,0,0,-103,37263,0,804,38067,3.37%,3.44%,
105/01/26,15,0,0,15,37416,0,804,38220,3.39%,3.46%,
105/01/25,-9,0,0,-9,37401,0,804,38205,3.39%,3.46%,
105/01/22,12,0,0,12,37474,0,804,38278,3.39%,3.46%,
105/01/21,99,0,0,99,37462,0,804,38266,3.39%,3.46%,
105/01/20,29,0,-1,28,37363,0,804,38167,3.38%,3.45%,
105/01/19,44,0,0,44,37334,0,805,38139,3.38%,3.45%,
105/01/18,140,0,27,167,37290,0,805,38095,3.38%,3.45%,
105/01/15,9,0,0,9,37150,0,778,37928,3.36%,3.43%,
105/01/14,76,0,0,76,37297,0,778,38075,3.38%,3.45%,
105/01/13,43,0,0,43,37221,0,778,37999,3.37%,3.44%,
105/01/12,-8,0,0,-8,37178,0,778,37956,3.37%,3.44%,
105/01/11,11,0,0,11,37186,0,778,37964,3.37%,3.44%,
105/01/08,-4,0,-39,-43,37175,0,778,37953,3.37%,3.44%,
105/01/07,68,0,0,68,37179,0,817,37996,3.37%,3.44%,
105/01/06,23,0,0,23,37111,0,817,37928,3.36%,3.43%,
105/01/05,-12,0,6,-6,37088,0,817,37905,3.36%,3.43%,
105/01/04,-39,0,6,-33,36880,0,811,37691,3.34%,3.41%,
104/12/31,-3,0,5,2,36919,0,805,37724,3.34%,3.41%,
104/12/30,12,0,0,12,36922,0,800,37722,3.34%,3.41%,
104/12/29,59,0,2,61,36910,0,800,37710,3.34%,3.41%,
104/12/28,26,0,0,26,36851,0,798,37649,3.34%,3.41%,
104/12/25,3,0,0,3,36825,0,798,37623,3.33%,3.40%,
104/12/24,38,0,0,38,36822,0,798,37620,3.33%,3.40%,
104/12/23,6,0,0,6,36784,0,798,37582,3.33%,3.40%,
104/12/22,64,0,4,68,36778,0,798,37576,3.33%,3.40%,
104/12/21,25,0,0,25,36715,0,794,37509,3.32%,3.39%,
104/12/18,-50,0,9,-41,36690,0,794,37484,3.32%,3.39%,
104/12/17,-1,0,0,-1,36690,0,785,37475,3.32%,3.39%,
104/12/16,270,0,0,270,36691,0,785,37476,3.32%,3.39%,
104/12/15,92,0,-3,89,36421,0,785,37206,3.30%,3.37%,
104/12/14,82,0,0,82,36329,0,788,37117,3.29%,3.36%,
104/12/11,103,0,0,103,36247,0,788,37035,3.28%,3.35%,
104/12/10,141,0,1,142,36144,0,788,36932,3.27%,3.34%,
104/12/09,87,0,0,87,36002,0,787,36789,3.26%,3.33%,
104/12/08,37,0,0,37,35915,0,787,36702,3.25%,3.32%,
104/12/07,23,0,0,23,35878,0,787,36665,3.25%,3.32%,
104/12/04,-21,0,-1,-22,35855,0,787,36642,3.25%,3.32%,
104/12/03,-16,0,0,-16,35876,0,788,36664,3.25%,3.32%,
104/12/02,236,0,0,236,35892,0,788,36680,3.25%,3.32%,
104/12/01,156,0,1,157,35656,0,788,36444,3.23%,3.30%,
104/11/30,-20,0,0,-20,35500,0,787,36287,3.21%,3.28%,
104/11/27,46,0,0,46,35520,0,787,36307,3.22%,3.29%,
104/11/26,-75,0,0,-75,35474,0,787,36261,3.21%,3.28%,
104/11/25,56,0,0,56,35549,0,787,36336,3.22%,3.29%,
104/11/24,5,0,0,5,35493,0,787,36280,3.21%,3.28%,
104/11/23,96,0,0,96,35488,0,787,36275,3.21%,3.28%,
104/11/20,56,0,0,56,35392,0,787,36179,3.20%,3.27%,
104/11/19,11,0,0,11,35336,0,787,36123,3.20%,3.27%,
104/11/18,55,0,0,55,35325,0,787,36112,3.20%,3.27%,
104/11/17,-50,0,-3,-53,35270,0,787,36057,3.19%,3.26%,
104/11/16,-18,0,0,-18,35320,0,790,36110,3.20%,3.27%,
104/11/13,9,0,0,9,35338,0,790,36128,3.20%,3.27%,
104/11/12,-1,0,0,-1,35329,0,790,36119,3.20%,3.27%,
104/11/11,-109,0,0,-109,35330,0,790,36120,3.20%,3.27%,
104/11/10,-14,0,0,-14,35439,0,790,36229,3.21%,3.28%,
104/11/09,-34,0,0,-34,35453,0,790,36243,3.21%,3.28%,
104/11/06,-102,0,0,-102,35487,0,790,36277,3.21%,3.28%,
104/11/05,70,0,0,70,35589,0,790,36379,3.22%,3.29%,
104/11/04,39,0,0,39,35519,0,790,36309,3.22%,3.29%,
104/11/03,266,0,-14,252,35480,0,790,36270,3.21%,3.28%,
104/11/02,567,0,0,567,35214,0,804,36018,3.19%,3.26%,
104/10/30,44,0,-550,-506,34647,0,804,35451,3.14%,3.21%,
104/10/29,-49,0,-10,-59,34603,0,1354,35957,3.13%,3.25%,
104/10/28,215,0,-20,195,34652,0,1364,36016,3.14%,3.26%,
104/10/27,-20,0,-298,-318,34437,0,1384,35821,3.12%,3.25%,
104/10/26,-157,0,0,-157,34457,0,1682,36139,3.12%,3.27%,
104/10/23,-109,0,0,-109,34614,0,1682,36296,3.13%,3.28%,
104/10/22,-73,0,0,-73,34723,0,1682,36405,3.14%,3.29%,
104/10/21,0,0,0,0,34766,0,1682,36448,3.15%,3.29%,
104/10/20,0,0,0,0,38558,0,1682,40240,3.15%,3.29%,
104/10/19,0,0,0,0,38558,0,1682,40240,3.15%,3.29%,
104/10/16,0,0,0,0,38558,0,1682,40240,3.15%,3.29%,
104/10/15,0,0,0,0,38558,0,1682,40240,3.15%,3.29%,
104/10/14,0,0,0,0,38558,0,1682,40240,3.15%,3.29%,
104/10/13,0,0,0,0,38558,0,1682,40240,3.15%,3.29%,
104/10/12,0,0,0,0,38558,0,1682,40240,3.15%,3.29%,
104/10/08,0,0,0,0,38558,0,1682,40240,3.15%,3.29%,
104/10/07,0,0,0,0,38558,0,1682,40240,3.15%,3.29%,
104/10/06,687,-592,0,95,38558,0,1682,40240,3.15%,3.29%,
104/10/05,190,-596,19,-387,37871,0,1682,39553,3.09%,3.23%,
104/10/02,-87,-695,0,-782,37681,0,1663,39344,3.08%,3.22%,
104/10/01,285,0,0,285,37768,20,1663,39451,3.08%,3.22%,
104/09/30,2640,0,0,2640,37483,20,1663,39166,3.06%,3.20%,
104/09/25,4092,0,328,4420,34861,1864,1663,38388,2.85%,3.14%,
104/09/24,199,0,0,199,30769,1864,1335,33968,2.51%,2.77%,
104/09/23,503,0,0,503,30570,1864,1335,33769,2.49%,2.75%,
104/09/22,804,-2,0,802,30077,1864,1335,33276,2.45%,2.71%,
104/09/21,934,-9,-12,913,29273,1866,1335,32474,2.39%,2.65%,
104/09/18,205,0,0,205,28340,1875,1347,31562,2.31%,2.57%,
104/09/17,260,0,30,290,28135,1875,1347,31357,2.30%,2.56%,
104/09/16,69,0,0,69,27875,1875,1317,31067,2.27%,2.53%,
104/09/15,102,0,0,102,27806,1875,1317,30998,2.27%,2.53%,
104/09/14,-39,0,-13,-52,27704,1875,1317,30896,2.26%,2.52%,
104/09/11,53,0,0,53,27743,1875,1330,30948,2.26%,2.52%,
104/09/10,76,0,1,77,27690,1875,1330,30895,2.26%,2.52%,
104/09/09,138,0,95,233,27614,1875,1329,30818,2.25%,2.51%,
104/09/08,9,0,98,107,27476,1875,1234,30585,2.24%,2.49%,
104/09/07,92,0,40,132,27479,1875,1136,30490,2.24%,2.49%,
104/09/04,74,0,-2,72,27387,1875,1096,30358,2.23%,2.47%,
104/09/03,-7,0,19,12,27313,1875,1098,30286,2.23%,2.47%,
104/09/02,-31,0,4,-27,27320,1875,1079,30274,2.23%,2.47%,
104/09/01,-187,-19,17,-189,27351,1875,1075,30301,2.23%,2.47%,
104/08/31,44,-12,-23,9,27538,1894,1058,30490,2.25%,2.49%,
104/08/28,279,0,19,298,27494,1906,1081,30481,2.24%,2.48%,
104/08/27,-911,0,-23,-934,27215,1906,1062,30183,2.22%,2.46%,
104/08/26,3,0,-7,-4,28126,1906,1085,31117,2.30%,2.54%,
104/08/25,12,23,12,47,28123,1906,1092,31121,2.29%,2.54%,
104/08/24,-521,0,0,-521,28111,1883,1080,31074,2.29%,2.53%,
104/08/21,-48,0,-1,-49,28632,1883,1080,31595,2.34%,2.58%,
104/08/20,44,0,0,44,28680,1883,1081,31644,2.34%,2.58%,
104/08/19,-331,0,-15,-346,28636,1883,1081,31600,2.34%,2.58%,
104/08/18,-8,0,-35,-43,28967,1883,1096,31946,2.36%,2.60%,
104/08/17,90,0,7,97,28965,1883,1131,31979,2.36%,2.61%,
104/08/14,58,0,-7,51,28875,1883,1124,31882,2.36%,2.61%,
104/08/13,3,0,2,5,28805,1883,1131,31819,2.35%,2.60%,
104/08/12,12,0,67,79,28802,1883,1129,31814,2.35%,2.60%,
104/08/11,-197,0,-68,-265,28790,1883,1062,31735,2.35%,2.59%,
104/08/10,-55,0,-15,-70,28987,1883,1130,32000,2.37%,2.62%,
104/08/07,-5,0,-7,-12,29042,1883,1145,32070,2.37%,2.62%,
104/08/06,-177,0,0,-177,29047,1883,1152,32082,2.37%,2.62%,
104/08/05,146,0,10,156,29224,1883,1152,32259,2.38%,2.63%,
104/08/04,-17,0,28,11,29060,1883,1142,32085,2.37%,2.62%,
104/08/03,-162,0,-17,-179,29077,1883,1114,32074,2.37%,2.62%,
104/07/31,-85,0,-42,-127,29239,1883,1131,32253,2.39%,2.64%,
104/07/30,-44,0,-3,-47,29324,1883,1173,32380,2.39%,2.64%,
104/07/29,-50,0,-1,-51,29368,1883,1176,32427,2.40%,2.65%,
104/07/28,101,14,-55,60,29418,1883,1177,32478,2.40%,2.65%,
104/07/27,-119,0,-16,-135,29317,1869,1232,32418,2.39%,2.64%,
104/07/24,-64,1,21,-42,29436,1869,1248,32553,2.40%,2.65%,
104/07/23,39,0,63,102,29500,1868,1227,32595,2.41%,2.66%,
104/07/22,-24,0,25,1,29461,1868,1164,32493,2.40%,2.65%,
104/07/21,-26,0,55,29,29485,1868,1139,32492,2.41%,2.66%,
104/07/20,-29,0,0,-29,29511,1868,1084,32463,2.41%,2.65%,
104/07/17,-122,22,11,-89,29540,1868,1084,32492,2.41%,2.65%,
104/07/16,-133,0,-10,-143,29662,1846,1073,32581,2.42%,2.66%,
104/07/15,-108,9,16,-83,29795,1846,1083,32724,2.43%,2.67%,
104/07/14,-337,0,31,-306,29903,1837,1067,32807,2.44%,2.68%,
104/07/13,11,0,-10,1,30240,1837,1036,33113,2.47%,2.70%,
104/07/09,-15,0,34,19,30382,1837,1046,33265,2.48%,2.72%,
104/07/08,-341,0,17,-324,30397,1837,1012,33246,2.48%,2.71%,
104/07/07,-124,-150,8,-266,30738,1837,995,33570,2.51%,2.74%,
104/07/06,-7,-350,0,-357,30862,1987,987,33836,2.52%,2.76%,
104/07/03,-510,-200,0,-710,30869,2337,987,34193,2.52%,2.79%,
104/07/02,-122,-300,80,-342,31379,2537,987,34903,2.56%,2.85%,
104/07/01,85,-220,139,4,31420,2837,907,35164,2.56%,2.87%,
104/06/30,333,-580,69,-178,31335,3057,768,35160,2.56%,2.87%,
104/06/29,-608,0,246,-362,31002,3637,699,35338,2.53%,2.88%,
104/06/26,-26,0,275,249,31914,3637,453,36004,2.60%,2.93%,
104/06/25,76,0,0,76,31940,3637,178,35755,2.61%,2.92%,
104/06/24,-41,0,0,-41,31864,3637,178,35679,2.60%,2.91%,
104/06/23,6,0,0,6,31955,3637,178,35770,2.61%,2.92%,
104/06/22,-19,-397,0,-416,31949,3637,178,35764,2.61%,2.92%,
104/06/18,-108,-800,9,-899,31968,4034,178,36180,2.61%,2.95%,
104/06/17,-818,0,-4,-822,32066,4834,169,37069,2.62%,3.03%,
104/06/16,-547,0,-37,-584,32728,4834,173,37735,2.67%,3.08%,
104/06/15,132,0,8,140,33265,4834,210,38309,2.72%,3.13%,
104/06/12,18,0,0,18,33133,4834,202,38169,2.70%,3.11%,
104/06/11,-414,0,-375,-789,33115,4834,202,38151,2.70%,3.11%,
104/06/10,184,0,-393,-209,33529,4834,577,38940,2.74%,3.18%,
104/06/09,-111,0,-571,-682,33345,4834,970,39149,2.72%,3.19%,
104/06/08,-23,0,4,-19,33456,4834,1541,39831,2.73%,3.25%,
104/06/05,-788,-1,17,-772,33479,4834,1537,39850,2.73%,3.25%,
104/06/04,-320,-1,-107,-428,34267,4835,1520,40622,2.80%,3.32%,
104/06/03,313,-600,-5,-292,34597,4836,1627,41060,2.82%,3.35%,
104/06/02,43,0,-2,41,34294,5436,1632,41362,2.80%,3.38%,
104/06/01,557,-600,2,-41,34251,5436,1634,41321,2.80%,3.38%,
104/05/29,641,-300,329,670,33694,6036,1632,41362,2.75%,3.38%,
104/05/28,581,6,51,638,33053,6336,1303,40692,2.70%,3.32%,
104/05/27,848,-320,40,568,32472,6330,1252,40054,2.65%,3.27%,
104/05/26,16,0,455,471,31652,6650,1212,39514,2.58%,3.22%,
104/05/25,808,0,-107,701,31723,6650,757,39130,2.59%,3.20%,
104/05/22,-74,-153,-1004,-1231,30915,6650,864,38429,2.52%,3.13%,
104/05/21,134,0,-54,80,30989,6803,1868,39660,2.53%,3.24%,
104/05/20,-56,0,-15,-71,30855,6803,1922,39580,2.52%,3.23%,
104/05/19,0,0,-11,-11,30911,6803,1937,39651,2.52%,3.23%,
104/05/18,23,-489,-396,-862,30911,6803,1948,39662,2.52%,3.24%,
104/05/15,-162,-531,-170,-863,30888,7292,2344,40524,2.52%,3.31%,
104/05/14,-134,1,-141,-274,30963,7823,2514,41300,2.53%,3.38%,
104/05/13,72,0,-107,-35,31097,7822,2655,41574,2.54%,3.40%,
104/05/12,303,0,42,345,31042,7822,2762,41626,2.53%,3.40%,
104/05/11,496,579,-1832,-757,30739,7822,2720,41281,2.51%,3.37%,
104/05/08,438,0,-79,359,30243,7243,4552,42038,2.47%,3.43%,
104/05/07,567,0,-1,566,29805,7243,4631,41679,2.43%,3.40%,
104/05/06,227,0,23,250,29238,7243,4632,41113,2.39%,3.36%,
104/05/05,94,0,28,122,29011,7243,4609,40863,2.37%,3.34%,
104/05/04,-26,0,357,331,28917,7243,4581,40741,2.36%,3.33%,
104/04/30,383,-1,16,398,28943,7243,4224,40410,2.36%,3.30%,
104/04/29,-100,198,422,520,28560,7244,4208,40012,2.33%,3.27%,
104/04/28,5,1690,176,1871,28533,7046,3786,39365,2.33%,3.22%,
104/04/27,291,0,123,414,28494,5356,3610,37460,2.33%,3.06%,
104/04/24,511,-1,184,694,28186,5356,3487,37029,2.30%,3.02%,
104/04/23,242,0,-2,240,27675,5357,3303,36335,2.26%,2.97%,
104/04/22,184,0,157,341,27433,5357,3305,36095,2.24%,2.95%,
104/04/21,-87,0,0,-87,27249,5357,3148,35754,2.22%,2.92%,
104/04/20,92,827,18,937,27356,5357,3148,35861,2.23%,2.93%,
104/04/17,376,0,0,376,27264,4530,3130,34924,2.22%,2.85%,
104/04/16,442,0,-213,229,26888,4530,3130,34548,2.19%,2.82%,
104/04/15,19,87,-1,105,26446,4530,3343,34319,2.16%,2.80%,
104/04/14,196,0,140,336,26437,4443,3344,34224,2.16%,2.80%,
104/04/13,-140,719,219,798,26241,4443,3204,33888,2.14%,2.77%,
104/04/10,795,181,397,1373,26381,3724,2985,33090,2.15%,2.70%,
104/04/09,152,1200,-195,1157,25586,3543,2588,31717,2.09%,2.59%,
104/04/08,-129,514,1995,2380,25434,2343,2783,30560,2.07%,2.49%,
104/04/07,742,1806,690,3238,25563,1829,788,28180,2.09%,2.30%,
104/04/02,-87,0,0,-87,24821,23,98,24942,2.02%,2.03%,
104/04/01,-324,0,0,-324,24908,23,98,25029,2.03%,2.04%,
104/03/31,90,0,5,95,25222,23,98,25343,2.06%,2.07%,
104/03/30,17,0,-4,13,25132,23,93,25248,2.05%,2.06%,
104/03/27,121,0,5,126,25115,23,97,25235,2.05%,2.06%,
104/03/26,217,0,15,232,24994,23,92,25109,2.04%,2.05%,
104/03/25,-21,0,16,-5,24767,23,77,24867,2.02%,2.03%,
104/03/24,57,0,0,57,24778,23,61,24862,2.02%,2.03%,
104/03/23,31,0,0,31,24721,23,61,24805,2.02%,2.03%,
104/03/20,-116,0,4,-112,24690,23,61,24774,2.01%,2.02%,
104/03/19,63,0,0,63,24806,23,57,24886,2.02%,2.03%,
104/03/18,-10,0,-1,-11,24839,23,57,24919,2.03%,2.04%,
104/03/17,-71,0,18,-53,24859,23,58,24940,2.03%,2.04%,
104/03/16,-84,0,23,-61,24930,23,40,24993,2.03%,2.04%,
104/03/13,-71,0,-8,-79,25014,23,17,25054,2.04%,2.04%,
104/03/12,91,0,-10,81,25085,23,25,25133,2.05%,2.05%,
104/03/11,-409,0,8,-401,24994,23,35,25052,2.04%,2.04%,
104/03/10,-259,0,-13,-272,25403,23,27,25453,2.07%,2.07%,
104/03/09,-264,0,0,-264,25662,23,40,25725,2.09%,2.10%,
104/03/06,-404,0,0,-404,25926,23,40,25989,2.12%,2.13%,
104/03/05,-318,0,0,-318,26330,23,40,26393,2.15%,2.16%,
104/03/04,-395,-1,0,-396,26632,23,40,26695,2.17%,2.18%,
104/03/03,-497,0,0,-497,27027,24,40,27091,2.21%,2.22%,
104/03/02,-396,0,0,-396,27524,24,40,27588,2.25%,2.26%,
104/02/26,-446,0,0,-446,27920,24,40,27984,2.28%,2.29%,
104/02/25,-95,0,0,-95,28366,24,40,28430,2.31%,2.32%,
104/02/24,-114,0,0,-114,28461,24,40,28525,2.32%,2.33%,
104/02/13,-26,-1,0,-27,28575,24,40,28639,2.33%,2.34%,
104/02/12,-285,0,0,-285,28625,25,40,28690,2.34%,2.35%,
104/02/11,-57,0,0,-57,28923,25,40,28988,2.36%,2.37%,
104/02/10,-103,0,23,-80,28980,25,40,29045,2.36%,2.37%,
104/02/09,8,0,0,8,29083,25,17,29125,2.37%,2.37%,
104/02/06,-266,0,0,-266,29064,25,17,29106,2.37%,2.37%,
104/02/05,-110,0,0,-110,29330,25,17,29372,2.39%,2.39%,
104/02/04,-146,0,0,-146,29440,25,17,29482,2.40%,2.40%,
104/02/03,-156,0,0,-156,29700,25,17,29742,2.42%,2.42%,
104/02/02,-77,0,0,-77,29856,25,17,29898,2.44%,2.44%,
104/01/30,-64,-1,0,-65,29933,25,17,29975,2.44%,2.44%,
104/01/29,-29,0,0,-29,29997,26,17,30040,2.45%,2.45%,
104/01/28,-14,0,0,-14,30026,26,17,30069,2.45%,2.45%,
104/01/27,-72,0,0,-72,30040,26,17,30083,2.45%,2.45%,
104/01/26,-313,0,0,-313,30112,26,17,30155,2.46%,2.46%,
104/01/23,0,0,0,0,30418,26,17,30461,2.48%,2.48%,
104/01/22,-40,-1,0,-41,30410,26,17,30453,2.48%,2.48%,
104/01/21,-23,0,0,-23,30450,27,17,30494,2.49%,2.49%,
104/01/20,14,0,0,14,30473,27,17,30517,2.49%,2.49%,
104/01/19,-183,0,0,-183,31380,27,17,31424,2.56%,2.56%,
104/01/16,-216,0,0,-216,31663,27,17,31707,2.58%,2.58%,
104/01/15,-81,0,0,-81,31868,27,17,31912,2.60%,2.60%,
104/01/14,-54,0,0,-54,31949,27,17,31993,2.61%,2.61%,
104/01/13,-283,0,12,-271,32003,27,17,32047,2.61%,2.61%,
104/01/12,-29,0,0,-29,32286,27,5,32318,2.64%,2.64%,
104/01/09,-127,0,0,-127,32315,27,5,32347,2.64%,2.64%,
104/01/08,-134,0,0,-134,32503,27,5,32535,2.65%,2.65%,
104/01/07,-117,0,0,-117,32637,27,5,32669,2.66%,2.66%,
104/01/06,-98,0,0,-98,32754,27,5,32786,2.67%,2.67%,
104/01/05,-125,0,0,-125,32852,27,5,32884,2.68%,2.68%,
