日期,外資買賣超,投信買賣超,自營商買賣超,單日合計買賣超,外資估計持股,投信估計持股,自營商估計持股,單日合計估計持股,外資持股比重,三大法人持股比重,
107/03/31,0,0,62,62,8820,0,11581,20401,3.28%,7.60%,
107/03/30,17,0,2,19,8820,0,11519,20339,3.28%,7.57%,
107/03/29,-2,0,7,5,8803,0,11517,20320,3.28%,7.57%,
107/03/28,36,0,0,36,8805,0,11510,20315,3.28%,7.57%,
107/03/27,42,0,0,42,8769,0,11510,20279,3.26%,7.55%,
107/03/26,-34,0,108,74,8727,0,11510,20237,3.25%,7.54%,
107/03/23,-66,0,-7,-73,8761,0,11402,20163,3.26%,7.51%,
107/03/22,14,0,-1,13,8827,0,11409,20236,3.29%,7.54%,
107/03/21,-23,0,3,-20,8813,0,11410,20223,3.28%,7.53%,
107/03/20,61,0,-3,58,8796,0,11407,20203,3.27%,7.52%,
107/03/19,65,0,19,84,8735,0,11410,20145,3.25%,7.50%,
107/03/16,43,0,20,63,8670,0,11391,20061,3.23%,7.48%,
107/03/15,110,0,63,173,8627,0,11371,19998,3.21%,7.45%,
107/03/14,76,0,2,78,8517,0,11308,19825,3.17%,7.39%,
107/03/13,98,0,3,101,8441,0,11306,19747,3.14%,7.35%,
107/03/12,26,0,6,32,8343,0,11303,19646,3.11%,7.32%,
107/03/09,6,0,22,28,8307,0,11297,19604,3.09%,7.30%,
107/03/08,74,0,29,103,8306,0,11275,19581,3.09%,7.29%,
107/03/07,35,0,-36,-1,8232,0,11246,19478,3.06%,7.25%,
107/03/06,53,0,-30,23,8197,0,11282,19479,3.05%,7.26%,
107/03/05,7,0,-4,3,8144,0,11312,19456,3.03%,7.25%,
107/03/02,19,0,1,20,8137,0,11316,19453,3.03%,7.25%,
107/03/01,31,0,0,31,8118,0,11315,19433,3.02%,7.24%,
107/02/27,61,0,-17,44,8087,0,11315,19402,3.01%,7.23%,
107/02/26,-13,0,-1,-14,8026,0,11332,19358,2.99%,7.21%,
107/02/23,27,0,0,27,8039,0,11333,19372,2.99%,7.22%,
107/02/22,103,0,0,103,8012,0,11333,19345,2.98%,7.21%,
107/02/21,102,0,0,102,7909,0,11333,19242,2.94%,7.17%,
107/02/12,3,0,-109,-106,7807,0,11333,19140,2.91%,7.14%,
107/02/09,51,0,180,231,7804,0,11442,19246,2.90%,7.17%,
107/02/08,-2,0,-5,-7,7753,0,11262,19015,2.89%,7.09%,
107/02/07,38,0,-49,-11,7755,0,11267,19022,2.89%,7.09%,
107/02/06,-41,0,184,143,7717,0,11316,19033,2.87%,7.09%,
107/02/05,9,0,182,191,7758,0,11132,18890,2.89%,7.04%,
107/02/02,40,0,0,40,8049,0,10950,18999,3.00%,7.08%,
107/02/01,33,0,0,33,7846,0,10950,18796,2.92%,7.00%,
107/01/31,-4,0,-2,-6,7813,0,10950,18763,2.91%,6.99%,
107/01/30,-13,0,190,177,7817,0,10952,18769,2.91%,6.99%,
107/01/29,3,0,10,13,7830,0,10762,18592,2.91%,6.92%,
107/01/26,-32,0,-2,-34,7827,0,10752,18579,2.91%,6.92%,
107/01/25,-413,0,-193,-606,7859,0,10754,18613,2.93%,6.94%,
107/01/24,21,0,-1,20,8242,0,10947,19189,3.07%,7.15%,
107/01/23,192,0,-13,179,8221,0,10948,19169,3.06%,7.14%,
107/01/22,7,0,0,7,8029,0,10961,18990,2.99%,7.08%,
107/01/19,6,0,0,6,8022,0,10961,18983,2.99%,7.08%,
107/01/18,39,0,1,40,8016,0,10961,18977,2.98%,7.07%,
107/01/17,50,0,-21,29,7977,0,10960,18937,2.97%,7.06%,
107/01/16,47,0,-32,15,7927,0,10981,18908,2.95%,7.04%,
107/01/15,15,0,-2,13,7880,0,11013,18893,2.93%,7.04%,
107/01/12,5,0,-13,-8,7865,0,11015,18880,2.93%,7.04%,
107/01/11,-3,0,42,39,7860,0,11028,18888,2.93%,7.04%,
107/01/10,-3,0,2,-1,7863,0,10986,18849,2.93%,7.03%,
107/01/09,11,0,57,68,7866,0,10984,18850,2.93%,7.02%,
107/01/08,77,0,11,88,7855,0,10927,18782,2.92%,6.99%,
107/01/05,-357,0,-296,-653,7778,0,10916,18694,2.89%,6.96%,
107/01/04,109,0,-80,29,8024,0,11212,19236,2.99%,7.17%,
107/01/03,22,0,-20,2,7915,0,11292,19207,2.95%,7.16%,
107/01/02,141,0,0,141,7886,0,11312,19198,2.94%,7.16%,
106/12/29,77,0,12,89,7734,0,11312,19046,2.88%,7.10%,
106/12/28,25,0,23,48,7657,0,11300,18957,2.85%,7.06%,
106/12/27,11,0,0,11,7632,0,11277,18909,2.84%,7.04%,
106/12/26,-27,0,-4,-31,7621,0,11277,18898,2.84%,7.04%,
106/12/25,-23,0,1,-22,7648,0,11281,18929,2.85%,7.06%,
106/12/22,35,0,-46,-11,7671,0,11280,18951,2.85%,7.06%,
106/12/21,64,0,-4,60,7636,0,11326,18962,2.84%,7.06%,
106/12/20,21,0,50,71,7572,0,11330,18902,2.82%,7.04%,
106/12/19,-49,0,29,-20,7551,0,11280,18831,2.81%,7.02%,
106/12/18,19,0,15,34,7600,0,11251,18851,2.83%,7.02%,
106/12/15,-20,0,4,-16,7581,0,11236,18817,2.82%,7.01%,
106/12/14,55,0,42,97,7601,0,11232,18833,2.83%,7.02%,
106/12/13,10,0,0,10,7546,0,11190,18736,2.81%,6.98%,
106/12/12,26,0,0,26,7536,0,11190,18726,2.80%,6.97%,
106/12/11,70,0,8,78,7510,0,11190,18700,2.79%,6.96%,
106/12/08,64,0,59,123,7440,0,11182,18622,2.77%,6.94%,
106/12/07,4,0,100,104,7376,0,11123,18499,2.74%,6.89%,
106/12/06,24,0,318,342,7372,0,11023,18395,2.74%,6.85%,
106/12/05,-364,0,-275,-639,7348,0,10705,18053,2.73%,6.72%,
106/12/04,-107,0,-200,-307,7692,0,10980,18672,2.86%,6.95%,
106/12/01,-132,0,32,-100,7812,0,11180,18992,2.91%,7.08%,
106/11/30,-36,-4,0,-40,7944,0,11148,19092,2.96%,7.12%,
106/11/29,-115,0,-68,-183,7981,0,11148,19129,2.97%,7.13%,
106/11/28,103,0,-15,88,8096,0,11216,19312,3.01%,7.19%,
106/11/27,-45,0,0,-45,7993,0,11231,19224,2.97%,7.16%,
106/11/24,29,0,-1,28,8038,0,11231,19269,2.99%,7.18%,
106/11/23,108,0,3,111,8009,0,11232,19241,2.98%,7.17%,
106/11/22,-49,0,-24,-73,7901,0,11229,19130,2.94%,7.13%,
106/11/21,73,0,-100,-27,7950,0,11253,19203,2.96%,7.16%,
106/11/20,125,0,64,189,7877,0,11353,19230,2.93%,7.16%,
106/11/17,-25,0,16,-9,7752,0,11289,19041,2.88%,7.09%,
106/11/16,5,0,-86,-81,7777,0,11273,19050,2.89%,7.09%,
106/11/15,6,0,90,96,7772,0,11359,19131,2.89%,7.12%,
106/11/14,-39,0,102,63,7766,0,11269,19035,2.89%,7.09%,
106/11/13,-61,0,202,141,7767,0,11167,18934,2.89%,7.05%,
106/11/10,-100,0,200,100,7828,0,10965,18793,2.91%,7.00%,
106/11/09,-21,0,183,162,7923,0,10765,18688,2.95%,6.96%,
106/11/08,41,0,0,41,7944,0,10582,18526,2.96%,6.91%,
106/11/07,5,0,-1,4,7902,0,10582,18484,2.94%,6.89%,
106/11/06,13,0,-2,11,7897,0,10583,18480,2.94%,6.89%,
106/11/03,-58,0,-6,-64,7884,0,10585,18469,2.93%,6.88%,
106/11/02,-31,0,19,-12,7942,0,10591,18533,2.96%,6.91%,
106/11/01,50,0,-1,49,7973,0,10572,18545,2.97%,6.91%,
106/10/31,3,0,1,4,7923,0,10573,18496,2.95%,6.89%,
106/10/30,-55,0,-1,-56,7920,0,10572,18492,2.95%,6.89%,
106/10/27,-452,0,-11,-463,7975,0,10573,18548,2.97%,6.91%,
106/10/26,-41,0,0,-41,8422,0,10584,19006,3.13%,7.08%,
106/10/25,308,0,-614,-306,8463,0,10584,19047,3.15%,7.10%,
106/10/24,50,0,0,50,8155,0,11198,19353,3.04%,7.21%,
106/10/23,57,0,0,57,8105,0,11198,19303,3.02%,7.19%,
106/10/20,0,0,-1,-1,8048,0,11198,19246,3.00%,7.17%,
106/10/19,164,0,-27,137,8048,0,11199,19247,3.00%,7.18%,
106/10/18,-57,0,50,-7,7884,0,11226,19110,2.93%,7.12%,
106/10/17,-40,0,0,-40,7941,0,11176,19117,2.96%,7.13%,
106/10/16,87,0,0,87,7981,0,11176,19157,2.97%,7.14%,
106/10/13,42,0,0,42,7894,0,11176,19070,2.94%,7.11%,
106/10/12,13,0,0,13,7852,0,11176,19028,2.92%,7.09%,
106/10/11,-201,0,850,649,7839,0,11176,19015,2.92%,7.09%,
106/10/06,-13,0,201,188,8040,0,10326,18366,2.99%,6.84%,
106/10/05,74,0,0,74,8053,0,10125,18178,3.00%,6.77%,
106/10/03,33,0,-37,-4,7979,0,10125,18104,2.97%,6.74%,
106/10/02,-15,0,192,177,7946,0,10162,18108,2.96%,6.75%,
106/09/30,0,0,0,0,7961,0,9970,17931,2.96%,6.68%,
106/09/29,-39,0,-244,-283,7961,0,9970,17931,2.96%,6.68%,
106/09/28,46,0,289,335,7990,0,10214,18204,2.97%,6.78%,
106/09/27,104,0,-156,-52,7944,0,9925,17869,2.96%,6.66%,
106/09/26,10,0,515,525,7840,0,10081,17921,2.92%,6.68%,
106/09/25,-29,0,400,371,7830,0,9566,17396,2.91%,6.48%,
106/09/22,-117,0,441,324,7859,0,9166,17025,2.92%,6.34%,
106/09/21,179,0,-26,153,7976,0,8725,16701,2.97%,6.22%,
106/09/20,-106,0,97,-9,7797,0,8751,16548,2.90%,6.16%,
106/09/19,-46,0,60,14,7903,0,8654,16557,2.94%,6.17%,
106/09/18,173,0,429,602,7949,0,8594,16543,2.96%,6.16%,
106/09/15,-102,0,400,298,7776,0,8165,15941,2.89%,5.93%,
106/09/14,91,0,0,91,7878,0,7765,15643,2.93%,5.82%,
106/09/13,89,0,295,384,7787,0,7765,15552,2.90%,5.79%,
106/09/12,304,0,173,477,7698,0,7470,15168,2.86%,5.64%,
106/09/11,111,0,298,409,7394,0,7297,14691,2.75%,5.47%,
106/09/08,157,0,400,557,7283,0,6999,14282,2.71%,5.32%,
106/09/07,-15,0,349,334,7076,0,6599,13675,2.63%,5.09%,
106/09/06,-294,0,51,-243,7091,0,6250,13341,2.64%,4.97%,
106/09/05,59,0,200,259,7335,0,6199,13534,2.73%,5.04%,
106/09/04,-66,0,201,135,7276,0,5999,13275,2.71%,4.95%,
106/09/01,90,0,0,90,7342,0,5798,13140,2.73%,4.89%,
106/08/31,53,0,-2,51,7252,0,5798,13050,2.70%,4.86%,
106/08/30,78,0,246,324,7199,0,5800,12999,2.68%,4.84%,
106/08/29,-22,0,54,32,7121,0,5554,12675,2.65%,4.72%,
106/08/28,-82,0,220,138,7143,0,5500,12643,2.66%,4.71%,
106/08/25,-56,0,80,24,6825,0,5280,12105,2.54%,4.51%,
106/08/24,-23,0,-11,-34,6881,0,5200,12081,2.56%,4.50%,
106/08/23,-118,0,-89,-207,6904,0,5211,12115,2.57%,4.51%,
106/08/22,-94,0,-48,-142,7076,0,5300,12376,2.63%,4.61%,
106/08/21,-66,0,0,-66,7177,0,5348,12525,2.67%,4.66%,
106/08/18,-70,0,-150,-220,7243,0,5348,12591,2.70%,4.69%,
106/08/17,152,0,0,152,7313,0,5498,12811,2.72%,4.77%,
106/08/16,188,0,0,188,7451,0,5498,12949,2.77%,4.82%,
106/08/15,-76,0,-1,-77,7263,0,5498,12761,2.70%,4.75%,
106/08/14,-302,0,500,198,7339,0,5499,12838,2.73%,4.78%,
106/08/11,28,0,-1,27,7584,0,4999,12583,2.82%,4.68%,
106/08/10,-130,0,9,-121,7551,0,5000,12551,2.81%,4.67%,
106/08/09,98,0,200,298,7663,0,4991,12654,2.85%,4.71%,
106/08/08,-52,0,0,-52,7565,0,4791,12356,2.82%,4.61%,
106/08/07,-321,0,0,-321,7617,0,4791,12408,2.83%,4.62%,
106/08/04,127,0,-3,124,7938,0,4791,12729,2.95%,4.74%,
106/08/03,70,0,-2,68,7811,0,4794,12605,2.91%,4.70%,
106/08/02,173,0,0,173,7741,0,4796,12537,2.88%,4.67%,
106/08/01,90,0,-1,89,7568,0,4796,12364,2.82%,4.61%,
106/07/31,6,0,0,6,7478,0,4797,12275,2.78%,4.57%,
106/07/28,13,0,0,13,7466,0,4797,12263,2.78%,4.57%,
106/07/27,46,0,0,46,7453,0,4797,12250,2.77%,4.56%,
106/07/26,54,0,0,54,7407,0,4797,12204,2.76%,4.55%,
106/07/25,37,0,0,37,7353,0,4797,12150,2.74%,4.53%,
106/07/24,-33,0,0,-33,7316,0,4797,12113,2.72%,4.51%,
106/07/21,0,0,0,0,7341,0,4797,12138,2.73%,4.52%,
106/07/20,13,0,-1,12,7341,0,4797,12138,2.73%,4.52%,
106/07/19,-2,0,0,-2,7328,0,4798,12126,2.73%,4.52%,
106/07/18,-11,0,0,-11,7330,0,4798,12128,2.73%,4.52%,
106/07/17,209,0,-2,207,7341,0,4798,12139,2.73%,4.52%,
106/07/14,59,0,4,63,7132,0,4800,11932,2.65%,4.44%,
106/07/13,104,0,-5,99,7073,0,4796,11869,2.63%,4.42%,
106/07/12,47,0,-14,33,6969,0,4801,11770,2.59%,4.38%,
106/07/11,-22,0,3,-19,6922,0,4815,11737,2.58%,4.38%,
106/07/10,-25,0,-1,-26,6944,0,4812,11756,2.58%,4.37%,
106/07/07,-77,0,0,-77,6969,0,4813,11782,2.59%,4.38%,
106/07/06,-22,0,1,-21,6996,0,4813,11809,2.60%,4.39%,
106/07/05,-69,0,-1,-70,7018,0,4812,11830,2.61%,4.40%,
106/07/04,-73,0,0,-73,7087,0,4813,11900,2.64%,4.43%,
106/07/03,-64,0,-120,-184,7160,0,4813,11973,2.66%,4.45%,
106/06/30,155,0,-40,115,7224,0,4933,12157,2.69%,4.53%,
106/06/29,117,0,-212,-95,7069,0,4973,12042,2.63%,4.48%,
106/06/28,25,0,-10,15,6952,0,5185,12137,2.59%,4.52%,
106/06/27,89,0,2,91,6927,0,5195,12122,2.58%,4.52%,
106/06/26,-12,0,8,-4,6838,0,5193,12031,2.54%,4.48%,
106/06/23,-34,0,0,-34,6850,0,5185,12035,2.55%,4.48%,
106/06/22,-4,0,80,76,6884,0,5185,12069,2.56%,4.49%,
106/06/21,31,0,2,33,6888,0,5105,11993,2.56%,4.46%,
106/06/20,-44,0,-103,-147,6857,0,5103,11960,2.55%,4.45%,
106/06/19,55,0,-47,8,6901,0,5206,12107,2.57%,4.51%,
106/06/16,293,0,18,311,6846,0,5253,12099,2.55%,4.51%,
106/06/15,-35,0,0,-35,6553,0,5235,11788,2.44%,4.39%,
106/06/14,-261,0,1,-260,6588,0,5235,11823,2.45%,4.40%,
106/06/13,-57,0,-117,-174,6849,0,5234,12083,2.55%,4.50%,
106/06/12,-143,0,-119,-262,6906,0,5351,12257,2.57%,4.56%,
106/06/09,-129,0,-20,-149,7049,0,5470,12519,2.62%,4.66%,
106/06/08,-32,0,-31,-63,7178,0,5490,12668,2.67%,4.72%,
106/06/07,-96,0,-3,-99,7210,0,5521,12731,2.68%,4.74%,
106/06/06,-187,0,-70,-257,7306,0,5524,12830,2.72%,4.78%,
106/06/05,188,0,-190,-2,7493,0,5594,13087,2.79%,4.88%,
106/06/03,0,0,-11,-11,7305,0,5784,13089,2.72%,4.88%,
106/06/02,-110,0,-65,-175,7305,0,5795,13100,2.72%,4.88%,
106/06/01,120,0,-10,110,7415,0,5860,13275,2.76%,4.94%,
106/05/31,-23,0,9,-14,7295,0,5870,13165,2.71%,4.90%,
106/05/26,-21,0,0,-21,7318,0,5861,13179,2.72%,4.91%,
106/05/25,100,0,-17,83,7339,0,5861,13200,2.73%,4.92%,
106/05/24,50,0,-8,42,7239,0,5878,13117,2.69%,4.88%,
106/05/23,-165,0,-50,-215,7188,0,5886,13074,2.67%,4.86%,
106/05/22,-172,0,-123,-295,7353,0,5936,13289,2.74%,4.95%,
106/05/19,-66,0,-130,-196,7525,0,6059,13584,2.80%,5.06%,
106/05/18,58,0,-34,24,7591,0,6189,13780,2.83%,5.14%,
106/05/17,301,0,-82,219,7533,0,6223,13756,2.80%,5.12%,
106/05/16,230,0,9,239,7246,0,6305,13551,2.70%,5.05%,
106/05/15,174,0,-40,134,7016,0,6296,13312,2.61%,4.96%,
106/05/12,385,0,-40,345,6842,0,6336,13178,2.55%,4.91%,
106/05/11,-211,0,-52,-263,6457,0,6376,12833,2.40%,4.78%,
106/05/10,389,0,-11,378,6668,0,6428,13096,2.48%,4.88%,
106/05/09,418,0,-15,403,6279,0,6439,12718,2.34%,4.74%,
106/05/08,191,0,-20,171,5861,0,6454,12315,2.18%,4.59%,
106/05/05,129,0,-51,78,5670,0,6474,12144,2.11%,4.52%,
106/05/04,137,0,-105,32,5541,0,6525,12066,2.06%,4.49%,
106/05/03,87,0,-218,-131,5404,0,6630,12034,2.01%,4.48%,
106/05/02,100,0,0,100,5317,0,6848,12165,1.98%,4.53%,
106/04/28,-400,0,-130,-530,5217,0,6848,12065,1.94%,4.49%,
106/04/27,-106,0,-373,-479,5617,0,6978,12595,2.09%,4.69%,
106/04/26,12,0,-50,-38,5723,0,7351,13074,2.13%,4.87%,
106/04/25,-439,0,-100,-539,5611,0,7401,13012,2.09%,4.85%,
106/04/24,-227,0,4,-223,6050,0,7501,13551,2.25%,5.05%,
106/04/21,1,0,-3,-2,6277,0,7497,13774,2.34%,5.13%,
106/04/20,-210,0,100,-110,6276,0,7500,13776,2.33%,5.13%,
106/04/19,-1186,0,-199,-1385,6486,0,7400,13886,2.41%,5.17%,
106/04/18,269,0,0,269,7472,0,7599,15071,2.78%,5.61%,
106/04/17,16,0,-4,12,7203,0,7599,14802,2.68%,5.51%,
106/04/14,-1041,0,200,-841,7187,0,7603,14790,2.67%,5.50%,
106/04/13,920,0,-60,860,8228,0,7403,15631,3.06%,5.82%,
106/04/12,627,0,88,715,7308,0,7463,14771,2.72%,5.50%,
106/04/11,-6,0,373,367,6681,0,7375,14056,2.49%,5.24%,
106/04/10,116,0,700,816,6687,0,7002,13689,2.49%,5.10%,
106/04/07,-1186,0,200,-986,6571,0,6302,12873,2.44%,4.79%,
106/04/06,188,0,-50,138,7754,0,6102,13856,2.89%,5.16%,
106/04/05,742,0,150,892,7566,0,6152,13718,2.82%,5.11%,
106/03/31,75,0,1,76,6824,0,6002,12826,2.54%,4.78%,
106/03/30,305,0,-498,-193,6749,0,6001,12750,2.51%,4.75%,
106/03/29,73,0,-705,-632,6444,0,6499,12943,2.40%,4.82%,
106/03/28,143,0,517,660,6371,0,7204,13575,2.37%,5.06%,
106/03/27,759,0,-105,654,6228,0,6687,12915,2.32%,4.81%,
106/03/24,131,0,10,141,5469,0,6792,12261,2.03%,4.56%,
106/03/23,57,0,-200,-143,5338,0,6782,12120,1.99%,4.52%,
106/03/22,161,0,99,260,5281,0,6982,12263,1.96%,4.56%,
106/03/21,-48,0,680,632,5120,0,6883,12003,1.90%,4.47%,
106/03/20,249,0,179,428,5168,0,6203,11371,1.92%,4.23%,
106/03/17,17,0,1026,1043,4958,0,6024,10982,1.84%,4.09%,
106/03/16,-475,0,-46,-521,4941,0,4998,9939,1.84%,3.70%,
106/03/15,-203,0,-145,-348,5416,0,5044,10460,2.01%,3.89%,
106/03/14,-1,0,111,110,5591,0,5189,10780,2.08%,4.01%,
106/03/13,-220,0,109,-111,5592,0,5078,10670,2.08%,3.97%,
106/03/10,-214,0,2,-212,5812,0,4969,10781,2.16%,4.01%,
106/03/09,-303,0,151,-152,6026,0,4967,10993,2.24%,4.09%,
106/03/08,171,0,-100,71,6290,0,4816,11106,2.34%,4.14%,
106/03/07,48,0,0,48,6119,0,4916,11035,2.28%,4.11%,
106/03/06,-64,0,0,-64,6071,0,4916,10987,2.26%,4.09%,
106/03/03,24,0,0,24,6135,0,4916,11051,2.28%,4.11%,
106/03/02,-73,0,0,-73,6111,0,4916,11027,2.27%,4.10%,
106/03/01,-88,0,-69,-157,6184,0,4916,11100,2.30%,4.13%,
106/02/24,-41,0,19,-22,6272,0,4985,11257,2.33%,4.19%,
106/02/23,50,0,1,51,6313,0,4966,11279,2.35%,4.20%,
106/02/22,100,0,5,105,6263,0,4965,11228,2.33%,4.18%,
106/02/21,5,0,1,6,6163,0,4960,11123,2.29%,4.14%,
106/02/20,67,0,1,68,6158,0,4959,11117,2.29%,4.14%,
106/02/18,0,0,11,11,6091,0,4958,11049,2.27%,4.12%,
106/02/17,97,0,0,97,6091,0,4947,11038,2.27%,4.11%,
106/02/16,18,0,0,18,5994,0,4947,10941,2.23%,4.07%,
106/02/15,94,0,0,94,5976,0,4947,10923,2.22%,4.06%,
106/02/14,6,0,-5,1,5882,0,4947,10829,2.19%,4.03%,
106/02/13,-4,0,0,-4,5876,0,4952,10828,2.19%,4.04%,
106/02/10,43,0,0,43,5880,0,4952,10832,2.19%,4.04%,
106/02/09,-58,0,0,-58,5837,0,4952,10789,2.17%,4.02%,
106/02/08,-56,0,-52,-108,5895,0,4952,10847,2.19%,4.04%,
106/02/07,-44,0,-112,-156,5951,0,5004,10955,2.21%,4.08%,
106/02/06,-9,0,-4,-13,5995,0,5116,11111,2.23%,4.14%,
106/02/03,53,0,-50,3,6004,0,5120,11124,2.23%,4.14%,
106/02/02,77,0,7,84,5951,0,5170,11121,2.21%,4.14%,
106/01/24,96,0,0,96,5874,0,5163,11037,2.18%,4.10%,
106/01/23,-12,0,-50,-62,5778,0,5163,10941,2.15%,4.07%,
106/01/20,-101,0,-64,-165,5790,0,5213,11003,2.15%,4.09%,
106/01/19,43,0,-72,-29,5891,0,5277,11168,2.19%,4.16%,
106/01/18,101,0,9,110,5849,0,5349,11198,2.18%,4.17%,
106/01/17,5,0,46,51,5748,0,5340,11088,2.14%,4.13%,
106/01/16,22,0,124,146,5743,0,5294,11037,2.14%,4.11%,
106/01/13,29,0,200,229,5721,0,5170,10891,2.13%,4.06%,
106/01/12,0,0,0,0,5692,0,4970,10662,2.12%,3.97%,
106/01/11,-16,0,0,-16,5692,0,4970,10662,2.12%,3.97%,
106/01/10,-10,0,200,190,5708,0,4970,10678,2.12%,3.97%,
106/01/09,-54,0,152,98,5718,0,4770,10488,2.13%,3.91%,
106/01/06,73,0,298,371,5772,0,4618,10390,2.15%,3.87%,
106/01/05,20,0,44,64,5699,0,4320,10019,2.12%,3.73%,
106/01/04,2,0,0,2,5679,0,4276,9955,2.11%,3.70%,
106/01/03,119,0,104,223,5677,0,4276,9953,2.11%,3.70%,
105/12/30,45,0,115,160,5558,0,4172,9730,2.07%,3.63%,
105/12/29,6,0,87,93,5513,0,4057,9570,2.05%,3.56%,
105/12/28,19,0,401,420,5507,0,3970,9477,2.05%,3.53%,
105/12/27,24,0,0,24,5488,0,3569,9057,2.04%,3.37%,
105/12/26,-9,0,0,-9,5464,0,3569,9033,2.03%,3.36%,
105/12/23,-28,0,0,-28,5473,0,3569,9042,2.04%,3.37%,
105/12/22,-24,0,117,93,5501,0,3569,9070,2.05%,3.38%,
105/12/21,-4,0,4,0,5525,0,3452,8977,2.05%,3.34%,
105/12/20,2,0,10,12,5529,0,3448,8977,2.06%,3.35%,
105/12/19,-11,0,11,0,5527,0,3438,8965,2.06%,3.34%,
105/12/16,3,0,16,19,5538,0,3427,8965,2.06%,3.34%,
105/12/15,0,0,121,121,5535,0,3411,8946,2.06%,3.33%,
105/12/14,7,0,0,7,5535,0,3290,8825,2.06%,3.29%,
105/12/13,-48,0,0,-48,5528,0,3290,8818,2.06%,3.29%,
105/12/12,-12,0,4,-8,5576,0,3290,8866,2.07%,3.30%,
105/12/09,103,0,-36,67,5588,0,3286,8874,2.08%,3.31%,
105/12/08,11,0,1,12,5485,0,3322,8807,2.04%,3.28%,
105/12/07,58,0,-11,47,5474,0,3321,8795,2.04%,3.28%,
105/12/06,30,0,1,31,5416,0,3332,8748,2.01%,3.25%,
105/12/05,-11,0,0,-11,5386,0,3331,8717,2.00%,3.24%,
105/12/02,23,0,-1,22,5396,0,3331,8727,2.01%,3.25%,
105/12/01,30,0,0,30,5373,0,3332,8705,2.00%,3.24%,
105/11/30,30,0,0,30,5343,0,3332,8675,1.99%,3.23%,
105/11/29,61,0,1,62,5313,0,3332,8645,1.98%,3.22%,
105/11/28,30,0,26,56,5252,0,3331,8583,1.95%,3.19%,
105/11/25,-9,0,0,-9,5222,0,3305,8527,1.94%,3.17%,
105/11/24,5,0,0,5,5231,0,3305,8536,1.95%,3.18%,
105/11/23,-10,0,0,-10,5226,0,3305,8531,1.94%,3.17%,
105/11/22,-13,0,1,-12,5236,0,3305,8541,1.95%,3.18%,
105/11/21,-32,0,0,-32,5249,0,3304,8553,1.95%,3.18%,
105/11/18,49,0,0,49,5281,0,3304,8585,1.96%,3.19%,
105/11/17,55,0,3,58,5232,0,3304,8536,1.95%,3.18%,
105/11/16,9,0,-2,7,5177,0,3301,8478,1.93%,3.16%,
105/11/15,-6,0,0,-6,5168,0,3303,8471,1.92%,3.15%,
105/11/14,3,0,0,3,5174,0,3303,8477,1.92%,3.15%,
105/11/11,45,0,0,45,5171,0,3303,8474,1.92%,3.15%,
105/11/10,-53,0,-5,-58,5126,0,3303,8429,1.91%,3.14%,
105/11/09,-79,0,-21,-100,5179,0,3308,8487,1.93%,3.16%,
105/11/08,23,0,0,23,5258,0,3329,8587,1.96%,3.20%,
105/11/07,9,0,-9,0,5235,0,3329,8564,1.95%,3.19%,
105/11/04,-50,0,0,-50,5226,0,3338,8564,1.94%,3.18%,
105/11/03,-25,0,4,-21,5276,0,3338,8614,1.96%,3.20%,
105/11/02,-57,0,30,-27,5301,0,3334,8635,1.97%,3.21%,
105/11/01,-3,0,1,-2,5358,0,3304,8662,1.99%,3.22%,
105/10/31,-17,0,3,-14,5361,0,3303,8664,1.99%,3.22%,
105/10/28,9,0,0,9,5378,0,3300,8678,2.00%,3.23%,
105/10/27,9,0,0,9,5369,0,3300,8669,2.00%,3.23%,
105/10/26,10,0,0,10,5372,0,3300,8672,2.00%,3.23%,
105/10/25,36,0,0,36,5362,0,3300,8662,1.99%,3.22%,
105/10/24,40,0,0,40,5326,0,3300,8626,1.98%,3.21%,
105/10/21,37,0,-7,30,5286,0,3300,8586,1.97%,3.20%,
105/10/20,35,0,-3,32,5237,0,3307,8544,1.95%,3.18%,
105/10/19,41,0,-16,25,5202,0,3310,8512,1.93%,3.16%,
105/10/18,36,0,-2,34,5161,0,3326,8487,1.92%,3.16%,
105/10/17,-22,0,0,-22,5125,0,3328,8453,1.91%,3.15%,
105/10/14,-85,0,9,-76,5147,0,3328,8475,1.91%,3.15%,
105/10/13,-87,0,0,-87,5232,0,3319,8551,1.95%,3.19%,
105/10/12,-51,0,4,-47,5319,0,3319,8638,1.98%,3.22%,
105/10/11,-163,0,0,-163,5370,0,3315,8685,2.00%,3.24%,
105/10/07,-46,0,0,-46,5533,0,3315,8848,2.06%,3.30%,
105/10/06,53,0,0,53,5579,0,3315,8894,2.07%,3.31%,
105/10/05,22,0,0,22,5532,0,3315,8847,2.06%,3.30%,
105/10/04,46,0,5,51,5510,0,3315,8825,2.05%,3.29%,
105/10/03,59,0,10,69,5464,0,3310,8774,2.03%,3.26%,
105/09/30,-20,0,7,-13,5405,0,3300,8705,2.01%,3.24%,
105/09/29,38,0,-19,19,5419,0,3293,8712,2.02%,3.25%,
105/09/26,-3,0,0,-3,5381,0,3312,8693,2.00%,3.23%,
105/09/23,49,0,0,49,5384,0,3312,8696,2.00%,3.23%,
105/09/22,41,0,0,41,5335,0,3312,8647,1.98%,3.21%,
105/09/21,66,0,-4,62,5294,0,3312,8606,1.97%,3.20%,
105/09/20,47,0,-1,46,5228,0,3316,8544,1.94%,3.18%,
105/09/19,38,0,4,42,5181,0,3317,8498,1.93%,3.17%,
105/09/14,-14,0,0,-14,5143,0,3313,8456,1.91%,3.15%,
105/09/13,-54,0,-1,-55,5157,0,3313,8470,1.92%,3.16%,
105/09/12,-25,0,0,-25,5211,0,3314,8525,1.94%,3.18%,
105/09/10,0,0,-3,-3,5236,0,3314,8550,1.95%,3.19%,
105/09/09,46,0,-2,44,5236,0,3317,8553,1.95%,3.19%,
105/09/08,80,0,0,80,5190,0,3319,8509,1.93%,3.17%,
105/09/07,72,0,1,73,5110,0,3319,8429,1.90%,3.14%,
105/09/06,81,0,-14,67,5038,0,3318,8356,1.87%,3.11%,
105/09/05,6,0,0,6,4957,0,3332,8289,1.84%,3.08%,
105/09/02,-47,0,0,-47,4951,0,3332,8283,1.84%,3.08%,
105/09/01,-26,0,0,-26,4998,0,3332,8330,1.86%,3.10%,
105/08/31,33,0,-4,29,5024,0,3332,8356,1.87%,3.11%,
105/08/30,18,0,-2,16,4991,0,3336,8327,1.86%,3.10%,
105/08/29,-11,0,-5,-16,4973,0,3338,8311,1.85%,3.09%,
105/08/26,39,0,-5,34,4984,0,3343,8327,1.85%,3.10%,
105/08/25,109,0,-6,103,4945,0,3348,8293,1.84%,3.09%,
105/08/24,10,0,0,10,4836,0,3354,8190,1.80%,3.05%,
105/08/23,19,0,-3,16,4836,0,3354,8190,1.80%,3.05%,
105/08/22,-24,0,-9,-33,4817,0,3357,8174,1.79%,3.04%,
105/08/19,-22,0,-13,-35,4841,0,3366,8207,1.80%,3.05%,
105/08/18,-4,0,17,13,4863,0,3379,8242,1.81%,3.07%,
105/08/17,-122,0,2,-120,4867,0,3362,8229,1.81%,3.06%,
105/08/16,-322,0,0,-322,4989,0,3360,8349,1.85%,3.10%,
105/08/15,-281,0,0,-281,5311,0,3360,8671,1.97%,3.22%,
105/08/12,-513,0,-3,-516,5592,0,3360,8952,2.08%,3.33%,
105/08/11,-355,0,0,-355,6105,0,3363,9468,2.27%,3.52%,
105/08/10,-826,0,0,-826,6460,0,3363,9823,2.40%,3.65%,
105/08/09,537,0,1,538,7286,0,3363,10649,2.71%,3.96%,
105/08/08,75,0,0,75,6749,0,3362,10111,2.51%,3.76%,
105/08/05,48,0,1,49,6674,0,3362,10036,2.48%,3.73%,
105/08/04,59,0,-8,51,6626,0,3361,9987,2.47%,3.72%,
105/08/03,-74,0,-8,-82,6567,0,3369,9936,2.44%,3.70%,
105/08/02,38,0,0,38,6641,0,3377,10018,2.47%,3.73%,
105/08/01,-30,0,0,-30,6603,0,3377,9980,2.46%,3.72%,
105/07/29,-42,0,0,-42,6633,0,3377,10010,2.47%,3.73%,
105/07/28,-50,0,0,-50,6675,0,3377,10052,2.48%,3.74%,
105/07/27,-11,0,-1,-12,6725,0,3377,10102,2.50%,3.76%,
105/07/26,-236,0,0,-236,6736,0,3378,10114,2.51%,3.77%,
105/07/25,-62,0,0,-62,6972,0,3378,10350,2.59%,3.85%,
105/07/22,-25,0,0,-25,7034,0,3378,10412,2.62%,3.88%,
105/07/21,-101,0,18,-83,7059,0,3378,10437,2.63%,3.89%,
105/07/20,12,0,-3,9,7160,0,3360,10520,2.66%,3.91%,
105/07/19,272,0,8,280,7148,0,3363,10511,2.66%,3.91%,
105/07/18,71,0,0,71,6876,0,3355,10231,2.56%,3.81%,
105/07/15,10,0,0,10,6805,0,3355,10160,2.53%,3.78%,
105/07/14,105,0,0,105,6795,0,3355,10150,2.53%,3.78%,
105/07/13,-11,0,-2,-13,6690,0,3355,10045,2.49%,3.74%,
105/07/12,116,0,0,116,6701,0,3357,10058,2.49%,3.74%,
105/07/11,79,0,0,79,6585,0,3357,9942,2.45%,3.70%,
105/07/07,15,0,0,15,6506,0,3357,9863,2.42%,3.67%,
105/07/06,-11,0,0,-11,6491,0,3357,9848,2.41%,3.66%,
105/07/05,42,0,-1,41,6502,0,3357,9859,2.42%,3.67%,
105/07/04,29,0,0,29,6460,0,3358,9818,2.40%,3.65%,
105/07/01,-38,0,0,-38,6431,0,3358,9789,2.39%,3.64%,
105/06/30,18,0,0,18,6469,0,3358,9827,2.41%,3.66%,
105/06/29,10,0,0,10,6451,0,3358,9809,2.40%,3.65%,
105/06/28,-27,0,0,-27,6441,0,3358,9799,2.40%,3.65%,
105/06/27,14,0,0,14,6468,0,3358,9826,2.41%,3.66%,
105/06/24,-131,0,-17,-148,6454,0,3358,9812,2.40%,3.65%,
105/06/23,-8,0,0,-8,6585,0,3375,9960,2.45%,3.71%,
105/06/22,49,0,0,49,6593,0,3375,9968,2.45%,3.71%,
105/06/21,-11,0,1,-10,6544,0,3375,9919,2.43%,3.69%,
105/06/20,74,0,14,88,6555,0,3374,9929,2.44%,3.70%,
105/06/17,168,0,3,171,6481,0,3360,9841,2.41%,3.66%,
105/06/16,-14,0,0,-14,6313,0,3357,9670,2.35%,3.60%,
105/06/15,25,0,-2,23,6327,0,3357,9684,2.35%,3.60%,
105/06/14,69,0,4,73,6302,0,3359,9661,2.34%,3.59%,
105/06/13,-22,0,1,-21,6228,0,3355,9583,2.32%,3.57%,
105/06/08,55,0,0,55,6250,0,3354,9604,2.32%,3.57%,
105/06/07,73,0,10,83,6195,0,3354,9549,2.30%,3.55%,
105/06/06,15,0,0,15,6122,0,3344,9466,2.28%,3.53%,
105/06/04,-20,0,0,-20,6107,0,3344,9451,2.27%,3.52%,
105/06/03,49,0,0,49,6127,0,3344,9471,2.28%,3.53%,
105/06/02,-76,0,-1,-77,6078,0,3344,9422,2.26%,3.51%,
105/06/01,91,0,0,91,6154,0,3345,9499,2.29%,3.54%,
105/05/31,55,0,0,55,6063,0,3345,9408,2.26%,3.51%,
105/05/30,-11,0,0,-11,6008,0,3345,9353,2.23%,3.48%,
105/05/27,86,0,0,86,6019,0,3345,9364,2.24%,3.49%,
105/05/26,34,0,0,34,5933,0,3345,9278,2.21%,3.46%,
105/05/25,55,0,0,55,5899,0,3345,9244,2.19%,3.44%,
105/05/24,42,0,0,42,5844,0,3345,9189,2.17%,3.42%,
105/05/23,113,0,0,113,5802,0,3345,9147,2.16%,3.41%,
105/05/20,-16,0,-1,-17,5689,0,3345,9034,2.12%,3.37%,
105/05/19,-52,0,0,-52,5705,0,3346,9051,2.12%,3.37%,
105/05/18,47,0,2,49,5757,0,3346,9103,2.14%,3.39%,
105/05/17,185,0,0,185,5710,0,3344,9054,2.12%,3.37%,
105/05/16,49,0,0,49,5525,0,3344,8869,2.05%,3.30%,
105/05/13,124,0,-1,123,5476,0,3344,8820,2.04%,3.29%,
105/05/12,-22,0,1,-21,5352,0,3345,8697,1.99%,3.24%,
105/05/11,-16,0,0,-16,5374,0,3344,8718,2.00%,3.25%,
105/05/10,-9,0,22,13,5390,0,3344,8734,2.00%,3.25%,
105/05/09,5,0,0,5,5399,0,3322,8721,2.01%,3.25%,
105/05/06,10,0,0,10,5394,0,3322,8716,2.01%,3.25%,
105/05/05,30,0,0,30,5384,0,3322,8706,2.00%,3.24%,
105/05/04,-92,0,0,-92,5354,0,3322,8676,1.99%,3.23%,
105/05/03,11,0,0,11,5446,0,3322,8768,2.03%,3.27%,
105/04/29,6,0,0,6,5435,0,3322,8757,2.02%,3.26%,
105/04/28,2,0,-2,0,5429,0,3322,8751,2.02%,3.26%,
105/04/27,27,0,-6,21,5427,0,3324,8751,2.02%,3.26%,
105/04/26,137,0,-4,133,5390,0,3330,8720,2.00%,3.24%,
105/04/25,78,0,-19,59,5253,0,3334,8587,1.95%,3.19%,
105/04/22,-34,0,0,-34,5175,0,3353,8528,1.92%,3.17%,
105/04/21,8,0,-2,6,5209,0,3353,8562,1.94%,3.19%,
105/04/20,-160,0,-23,-183,5201,0,3355,8556,1.93%,3.18%,
105/04/19,25,0,0,25,5361,0,3378,8739,1.99%,3.25%,
105/04/18,120,0,0,120,5336,0,3378,8714,1.98%,3.24%,
105/04/15,98,0,0,98,5216,0,3378,8594,1.94%,3.20%,
105/04/14,11,0,0,11,5118,0,3378,8496,1.90%,3.16%,
105/04/13,61,0,0,61,5107,0,3378,8485,1.90%,3.16%,
105/04/12,-80,0,0,-80,5046,0,3378,8424,1.88%,3.14%,
105/04/11,-7,0,0,-7,5126,0,3378,8504,1.91%,3.17%,
105/04/08,4,0,0,4,5133,0,3378,8511,1.91%,3.17%,
105/04/07,-35,0,-1,-36,5129,0,3378,8507,1.91%,3.17%,
105/04/06,-18,0,3,-15,5164,0,3379,8543,1.92%,3.18%,
105/04/01,24,0,2,26,5182,0,3376,8558,1.93%,3.19%,
105/03/31,22,0,0,22,5158,0,3374,8532,1.92%,3.18%,
105/03/30,-20,0,0,-20,5136,0,3374,8510,1.91%,3.17%,
105/03/29,-18,0,0,-18,5156,0,3374,8530,1.92%,3.18%,
105/03/28,-44,0,1,-43,5174,0,3374,8548,1.92%,3.18%,
105/03/25,-80,0,0,-80,5218,0,3373,8591,1.94%,3.20%,
105/03/24,-64,0,0,-64,5298,0,3373,8671,1.97%,3.23%,
105/03/23,-91,0,0,-91,5362,0,3373,8735,1.99%,3.25%,
105/03/22,-187,0,-1,-188,5453,0,3373,8826,2.03%,3.29%,
105/03/21,133,0,0,133,5640,0,3374,9014,2.10%,3.36%,
105/03/18,23,0,0,23,5507,0,3374,8881,2.05%,3.31%,
105/03/17,-129,0,0,-129,5484,0,3374,8858,2.04%,3.30%,
105/03/16,38,0,20,58,5613,0,3374,8987,2.09%,3.35%,
105/03/15,-87,0,-3,-90,5575,0,3354,8929,2.07%,3.32%,
105/03/14,-160,0,0,-160,5662,0,3357,9019,2.11%,3.36%,
105/03/11,239,0,-1,238,5822,0,3357,9179,2.17%,3.42%,
105/03/10,-5,0,2,-3,5583,0,3358,8941,2.08%,3.33%,
105/03/09,85,0,0,85,5588,0,3356,8944,2.08%,3.33%,
105/03/08,78,0,-7,71,5503,0,3356,8859,2.05%,3.30%,
105/03/07,46,0,-1,45,5425,0,3363,8788,2.02%,3.27%,
105/03/04,69,0,-2,67,5379,0,3364,8743,2.00%,3.25%,
105/03/03,4,0,0,4,5325,0,3366,8691,1.98%,3.23%,
105/03/02,49,0,0,49,5321,0,3366,8687,1.98%,3.23%,
105/03/01,18,0,0,18,5272,0,3366,8638,1.96%,3.21%,
105/02/26,-27,0,0,-27,5254,0,3366,8620,1.95%,3.20%,
105/02/25,3,0,0,3,5281,0,3366,8647,1.96%,3.21%,
105/02/24,-55,0,-4,-59,5278,0,3366,8644,1.96%,3.21%,
105/02/23,38,0,-7,31,5333,0,3370,8703,1.98%,3.24%,
105/02/22,-104,0,0,-104,5295,0,3377,8672,1.97%,3.23%,
105/02/19,138,0,0,138,5399,0,3377,8776,2.01%,3.27%,
105/02/18,15,0,0,15,5261,0,3377,8638,1.96%,3.22%,
105/02/17,-12,0,1,-11,5246,0,3377,8623,1.95%,3.21%,
105/02/16,1,0,8,9,5258,0,3376,8634,1.96%,3.22%,
105/02/15,-65,0,0,-65,5257,0,3368,8625,1.95%,3.21%,
105/02/03,31,0,0,31,5322,0,3368,8690,1.98%,3.24%,
105/02/02,11,0,0,11,5276,0,3368,8644,1.96%,3.22%,
105/02/01,24,0,-2,22,5265,0,3368,8633,1.96%,3.22%,
105/01/30,0,0,0,0,5241,0,3370,8611,1.95%,3.21%,
105/01/29,0,0,6,6,5241,0,3370,8611,1.95%,3.21%,
105/01/28,1,0,0,1,5241,0,3364,8605,1.95%,3.20%,
105/01/27,-75,0,0,-75,5240,0,3364,8604,1.95%,3.20%,
105/01/26,6,0,-2,4,5315,0,3364,8679,1.98%,3.23%,
105/01/25,-29,0,0,-29,5309,0,3366,8675,1.97%,3.22%,
105/01/22,17,0,0,17,5338,0,3366,8704,1.98%,3.23%,
105/01/21,7,0,0,7,5321,0,3366,8687,1.98%,3.23%,
105/01/20,-25,0,-3,-28,5314,0,3366,8680,1.98%,3.23%,
105/01/19,-17,0,0,-17,5339,0,3369,8708,1.99%,3.25%,
105/01/18,72,0,1,73,5356,0,3369,8725,1.99%,3.25%,
105/01/15,16,0,-5,11,5284,0,3368,8652,1.96%,3.22%,
105/01/14,20,0,1,21,5268,0,3373,8641,1.96%,3.22%,
105/01/13,31,0,0,31,5248,0,3372,8620,1.95%,3.21%,
105/01/12,-2,0,-3,-5,5217,0,3372,8589,1.94%,3.20%,
105/01/11,-46,0,0,-46,5219,0,3375,8594,1.94%,3.20%,
105/01/08,28,0,11,39,5265,0,3375,8640,1.96%,3.22%,
105/01/07,-72,0,0,-72,5237,0,3364,8601,1.95%,3.20%,
105/01/06,-18,0,0,-18,5309,0,3364,8673,1.97%,3.22%,
105/01/05,7,0,0,7,5327,0,3364,8691,1.98%,3.23%,
105/01/04,-53,0,-4,-57,5320,0,3364,8684,1.98%,3.23%,
104/12/31,-18,0,2,-16,5373,0,3368,8741,2.00%,3.26%,
104/12/30,-32,0,0,-32,5391,0,3366,8757,2.00%,3.25%,
104/12/29,-102,0,-2,-104,5423,0,3366,8789,2.02%,3.27%,
104/12/28,-260,0,0,-260,5525,0,3368,8893,2.05%,3.31%,
104/12/25,154,0,0,154,5785,0,3368,9153,2.15%,3.41%,
104/12/24,-163,0,0,-163,5631,0,3368,8999,2.09%,3.35%,
104/12/23,10,0,0,10,5794,0,3368,9162,2.15%,3.41%,
104/12/22,-175,0,0,-175,5784,0,3368,9152,2.15%,3.41%,
104/12/21,157,0,-2,155,5959,0,3368,9327,2.22%,3.48%,
104/12/18,42,0,0,42,5802,0,3370,9172,2.16%,3.42%,
104/12/17,-6,0,1,-5,5767,0,3370,9137,2.14%,3.40%,
104/12/16,-24,0,1,-23,5773,0,3369,9142,2.15%,3.41%,
104/12/15,-20,0,-1,-21,5797,0,3368,9165,2.16%,3.42%,
104/12/14,6,0,0,6,5817,0,3369,9186,2.16%,3.42%,
104/12/11,-114,0,0,-114,5811,0,3369,9180,2.16%,3.42%,
104/12/10,-72,0,-1,-73,5925,0,3369,9294,2.20%,3.46%,
104/12/09,-59,0,-1,-60,5997,0,3370,9367,2.23%,3.49%,
104/12/08,-164,0,0,-164,6056,0,3371,9427,2.25%,3.51%,
104/12/07,12,0,0,12,6220,0,3371,9591,2.31%,3.57%,
104/12/04,403,0,-2,401,6208,0,3371,9579,2.31%,3.57%,
104/12/03,6,0,-8,-2,5805,0,3373,9178,2.16%,3.42%,
104/12/02,-4,0,-1,-5,5799,0,3381,9180,2.16%,3.42%,
104/12/01,0,0,0,0,5803,0,3382,9185,2.16%,3.42%,
104/11/30,-7,0,0,-7,5803,0,3382,9185,2.16%,3.42%,
104/11/27,1,0,0,1,5810,0,3382,9192,2.16%,3.42%,
104/11/26,-9,0,0,-9,5809,0,3382,9191,2.16%,3.42%,
104/11/25,13,0,0,13,5818,0,3382,9200,2.16%,3.42%,
104/11/24,-5,0,0,-5,5805,0,3382,9187,2.16%,3.42%,
104/11/23,-23,0,0,-23,5810,0,3382,9192,2.16%,3.42%,
104/11/20,-14,0,230,216,5833,0,3382,9215,2.17%,3.43%,
104/11/19,-41,0,0,-41,5847,0,3152,8999,2.17%,3.35%,
104/11/18,-41,0,50,9,5888,0,3152,9040,2.19%,3.37%,
104/11/17,-20,0,0,-20,5929,0,3102,9031,2.21%,3.37%,
104/11/16,-119,0,-1,-120,5949,0,3102,9051,2.21%,3.37%,
104/11/13,91,0,0,91,6068,0,3103,9171,2.26%,3.42%,
104/11/12,-36,0,0,-36,5977,0,3103,9080,2.22%,3.38%,
104/11/11,4,0,0,4,6013,0,3103,9116,2.24%,3.40%,
104/11/10,3,0,0,3,6009,0,3103,9112,2.24%,3.40%,
104/11/09,-79,0,0,-79,6006,0,3103,9109,2.23%,3.39%,
104/11/06,-6,0,0,-6,6085,0,3103,9188,2.26%,3.42%,
104/11/05,8,0,0,8,6091,0,3103,9194,2.27%,3.43%,
104/11/04,103,0,0,103,6083,0,3103,9186,2.26%,3.42%,
104/11/03,-11,0,1,-10,5980,0,3103,9083,2.22%,3.38%,
104/11/02,5,0,0,5,5991,0,3102,9093,2.23%,3.39%,
104/10/30,1,0,0,1,5986,0,3102,9088,2.23%,3.39%,
104/10/29,-12,0,0,-12,5985,0,3102,9087,2.23%,3.39%,
104/10/28,1,0,0,1,5997,0,3102,9099,2.23%,3.39%,
104/10/27,11,0,0,11,5996,0,3102,9098,2.23%,3.39%,
104/10/26,1,0,0,1,5985,0,3102,9087,2.23%,3.39%,
104/10/23,7,0,0,7,5984,0,3102,9086,2.23%,3.39%,
104/10/22,8,0,0,8,5977,0,3102,9079,2.22%,3.38%,
104/10/21,-1,0,8,7,5969,0,3102,9071,2.22%,3.38%,
104/10/20,0,0,4,4,5970,0,3094,9064,2.22%,3.37%,
104/10/19,2,0,-4,-2,5970,0,3090,9060,2.22%,3.37%,
104/10/16,3,0,0,3,5968,0,3094,9062,2.22%,3.37%,
104/10/15,-83,0,0,-83,5965,0,3094,9059,2.22%,3.37%,
104/10/14,-90,0,0,-90,6048,0,3094,9142,2.25%,3.40%,
104/10/13,-2,0,0,-2,6138,0,3094,9232,2.28%,3.43%,
104/10/12,-139,0,0,-139,6140,0,3094,9234,2.28%,3.43%,
104/10/08,-15,0,0,-15,6309,0,3094,9403,2.35%,3.50%,
104/10/07,0,0,0,0,6324,0,3094,9418,2.35%,3.50%,
104/10/06,-1,0,0,-1,6324,0,3094,9418,2.35%,3.50%,
104/10/05,-9,0,-1,-10,6325,0,3094,9419,2.35%,3.50%,
104/10/02,-5,0,0,-5,6334,0,3095,9429,2.36%,3.50%,
104/10/01,-24,0,0,-24,6339,0,3095,9434,2.36%,3.50%,
104/09/30,0,0,0,0,6363,0,3095,9458,2.37%,3.51%,
104/09/25,4,0,0,4,6363,0,3095,9458,2.37%,3.51%,
104/09/24,-1,0,0,-1,6359,0,3095,9454,2.37%,3.51%,
104/09/23,8,0,-6,2,6360,0,3095,9455,2.37%,3.51%,
104/09/22,0,0,0,0,6352,0,3101,9453,2.36%,3.50%,
104/09/21,1,0,0,1,6352,0,3101,9453,2.36%,3.50%,
104/09/18,-15,0,0,-15,6351,0,3101,9452,2.36%,3.50%,
104/09/17,0,0,0,0,6366,0,3101,9467,2.37%,3.51%,
104/09/16,0,0,3,3,6366,0,3101,9467,2.37%,3.51%,
104/09/15,0,0,1,1,6366,0,3098,9464,2.33%,3.47%,
104/09/14,-6,0,-4,-10,6366,0,3097,9463,2.33%,3.47%,
104/09/11,5,0,-3,2,6372,0,3101,9473,2.33%,3.47%,
104/09/10,41,0,-1,40,6367,0,3104,9471,2.33%,3.47%,
104/09/09,9,0,7,16,6326,0,3105,9431,2.32%,3.46%,
104/09/08,14,0,-1,13,6317,0,3098,9415,2.31%,3.45%,
104/09/07,0,0,0,0,6303,0,3099,9402,2.31%,3.45%,
104/09/04,-29,0,0,-29,6303,0,3099,9402,2.31%,3.45%,
104/09/03,4,0,0,4,6332,0,3099,9431,2.32%,3.46%,
104/09/02,-406,0,0,-406,6328,0,3099,9427,2.32%,3.46%,
104/09/01,-4,0,0,-4,6734,0,3099,9833,2.47%,3.61%,
104/08/31,-10,0,0,-10,6738,0,3099,9837,2.47%,3.61%,
104/08/28,3,0,0,3,6748,0,3099,9847,2.47%,3.61%,
104/08/27,-24,0,-11,-35,6745,0,3099,9844,2.47%,3.61%,
104/08/26,18,0,-3,15,6769,0,3110,9879,2.48%,3.62%,
104/08/25,-15,0,-2,-17,6751,0,3113,9864,2.47%,3.61%,
104/08/24,-45,0,-6,-51,6766,0,3115,9881,2.48%,3.62%,
104/08/21,-17,0,0,-17,6811,0,3121,9932,2.49%,3.64%,
104/08/20,0,0,-13,-13,6828,0,3121,9949,2.50%,3.65%,
104/08/19,-33,0,20,-13,6828,0,3134,9962,2.50%,3.65%,
104/08/18,-2,0,0,-2,6861,0,3114,9975,2.51%,3.65%,
104/08/17,-1,0,1,0,6863,0,3114,9977,2.51%,3.65%,
104/08/14,-2,0,-16,-18,6865,0,3113,9978,2.51%,3.65%,
104/08/13,0,0,-11,-11,6844,0,3129,9973,2.51%,3.66%,
104/08/12,-1,0,27,26,6844,0,3140,9984,2.51%,3.66%,
104/08/11,-15,0,-8,-23,6845,0,3113,9958,2.51%,3.65%,
104/08/10,0,0,-12,-12,6860,0,3121,9981,2.51%,3.66%,
104/08/07,0,0,-1,-1,6860,0,3133,9993,2.51%,3.66%,
104/08/06,1,0,3,4,6860,0,3134,9994,2.51%,3.66%,
104/08/05,28,0,0,28,6859,0,3131,9990,2.51%,3.66%,
104/08/04,-12,0,15,3,6831,0,3131,9962,2.50%,3.65%,
104/08/03,-24,0,0,-24,6843,0,3116,9959,2.51%,3.65%,
104/07/31,-14,0,10,-4,6867,0,3116,9983,2.51%,3.65%,
104/07/30,-12,0,0,-12,6881,0,3106,9987,2.52%,3.66%,
104/07/29,-6,0,2,-4,6893,0,3106,9999,2.52%,3.66%,
104/07/28,31,0,-4,27,6899,0,3104,10003,2.53%,3.67%,
104/07/27,-18,0,153,135,6868,0,3108,9976,2.51%,3.65%,
104/07/24,4,0,0,4,6886,0,2955,9841,2.52%,3.60%,
104/07/23,7,0,2,9,6882,0,2955,9837,2.52%,3.60%,
104/07/22,-11,0,4,-7,6875,0,2953,9828,2.52%,3.60%,
104/07/21,-23,0,0,-23,6886,0,2949,9835,2.52%,3.60%,
104/07/20,-5,0,0,-5,6909,0,2949,9858,2.53%,3.61%,
104/07/17,-57,0,0,-57,6914,0,2949,9863,2.53%,3.61%,
104/07/16,17,0,0,17,6971,0,2949,9920,2.55%,3.63%,
104/07/15,2,0,0,2,6954,0,2949,9903,2.55%,3.63%,
104/07/14,-26,0,-3,-29,6952,0,2949,9901,2.55%,3.63%,
104/07/13,44,0,-2,42,6978,0,2952,9930,2.56%,3.64%,
104/07/09,11,0,3,14,6934,0,2954,9888,2.54%,3.62%,
104/07/08,7,0,2,9,6923,0,2951,9874,2.54%,3.62%,
104/07/07,8,0,0,8,6916,0,2949,9865,2.53%,3.61%,
104/07/06,-2,0,1,-1,6908,0,2949,9857,2.53%,3.61%,
104/07/03,-82,0,-1,-83,6910,0,2948,9858,2.53%,3.61%,
104/07/02,-129,0,0,-129,6992,0,2949,9941,2.56%,3.64%,
104/07/01,-10,0,0,-10,7121,0,2949,10070,2.61%,3.69%,
104/06/30,37,0,0,37,7131,0,2949,10080,2.61%,3.69%,
104/06/29,-12,0,0,-12,7094,0,2949,10043,2.60%,3.68%,
104/06/26,0,0,0,0,7106,0,2949,10055,2.60%,3.68%,
104/06/25,15,0,0,15,7106,0,2949,10055,2.60%,3.68%,
104/06/24,-4,0,0,-4,7091,0,2949,10040,2.60%,3.68%,
104/06/23,10,0,0,10,7095,0,2949,10044,2.60%,3.68%,
104/06/22,-64,0,0,-64,7085,0,2949,10034,2.59%,3.67%,
104/06/18,-12,0,0,-12,7149,0,2949,10098,2.62%,3.70%,
104/06/17,-9,0,0,-9,7161,0,2949,10110,2.62%,3.70%,
104/06/16,-84,0,0,-84,7170,0,2949,10119,2.63%,3.71%,
104/06/15,-12,0,0,-12,7254,0,2949,10203,2.66%,3.74%,
104/06/12,97,0,0,97,7266,0,2949,10215,2.66%,3.74%,
104/06/11,85,0,0,85,7169,0,2949,10118,2.63%,3.71%,
104/06/10,140,0,0,140,7084,0,2949,10033,2.59%,3.67%,
104/06/09,50,0,0,50,6944,0,2949,9893,2.54%,3.62%,
104/06/08,-95,0,0,-95,6894,0,2949,9843,2.52%,3.60%,
104/06/05,-84,0,0,-84,6989,0,2949,9938,2.56%,3.64%,
104/06/04,-140,0,-1,-141,7073,0,2949,10022,2.59%,3.67%,
104/06/03,-21,0,0,-21,6920,0,2950,9870,2.53%,3.61%,
104/06/02,-1,0,0,-1,6911,0,2950,9861,2.53%,3.61%,
104/06/01,3,0,0,3,6912,0,2950,9862,2.53%,3.61%,
104/05/29,74,0,0,74,6909,0,2950,9859,2.53%,3.61%,
104/05/28,25,0,0,25,6835,0,2950,9785,2.50%,3.58%,
104/05/27,-29,0,0,-29,6810,0,2950,9760,2.49%,3.57%,
104/05/26,-12,0,0,-12,6839,0,2950,9789,2.50%,3.58%,
104/05/25,-25,0,0,-25,6851,0,2950,9801,2.51%,3.59%,
104/05/22,-23,0,-2,-25,6876,0,2950,9826,2.52%,3.60%,
104/05/21,-11,0,-10,-21,6899,0,2952,9851,2.53%,3.61%,
104/05/20,-46,0,-2,-48,6910,0,2962,9872,2.53%,3.62%,
104/05/19,-23,0,-1,-24,6956,0,2964,9920,2.55%,3.64%,
104/05/18,-43,0,0,-43,6979,0,2965,9944,2.56%,3.65%,
104/05/15,5,0,-6,-1,7022,0,2965,9987,2.57%,3.66%,
104/05/14,13,0,-5,8,7017,0,2971,9988,2.57%,3.66%,
104/05/13,14,0,0,14,7004,0,2976,9980,2.56%,3.65%,
104/05/12,8,0,0,8,6990,0,2976,9966,2.56%,3.65%,
104/05/11,33,0,5,38,6982,0,2976,9958,2.56%,3.65%,
104/05/08,22,0,0,22,6949,0,2971,9920,2.54%,3.63%,
104/05/07,58,0,0,58,6927,0,2971,9898,2.54%,3.63%,
104/05/06,72,0,0,72,6869,0,2971,9840,2.52%,3.61%,
104/05/05,26,0,3,29,6797,0,2971,9768,2.49%,3.58%,
104/05/04,-10,0,0,-10,6771,0,2968,9739,2.48%,3.57%,
104/04/30,64,0,3,67,6781,0,2968,9749,2.48%,3.57%,
104/04/29,68,0,1,69,6717,0,2965,9682,2.46%,3.55%,
104/04/28,60,0,1,61,6649,0,2964,9613,2.43%,3.52%,
104/04/27,34,0,0,34,6589,0,2963,9552,2.41%,3.50%,
104/04/24,38,0,11,49,6555,0,2963,9518,2.40%,3.49%,
104/04/23,12,0,-1,11,6517,0,2952,9469,2.39%,3.47%,
104/04/22,-34,0,0,-34,6505,0,2953,9458,2.38%,3.46%,
104/04/21,-31,0,1,-30,6539,0,2953,9492,2.39%,3.47%,
104/04/20,-10,0,3,-7,6570,0,2952,9522,2.41%,3.49%,
104/04/17,-14,0,0,-14,6580,0,2949,9529,2.41%,3.49%,
104/04/16,-36,0,-18,-54,6594,0,2949,9543,2.41%,3.49%,
104/04/15,-24,0,0,-24,6630,0,2967,9597,2.43%,3.52%,
104/04/14,17,0,0,17,6654,0,2967,9621,2.44%,3.53%,
104/04/13,-10,0,0,-10,6637,0,2967,9604,2.43%,3.52%,
104/04/10,1,0,0,1,6647,0,2967,9614,2.43%,3.52%,
104/04/09,6,0,0,6,6646,0,2967,9613,2.43%,3.52%,
104/04/08,7,0,0,7,6640,0,2967,9607,2.43%,3.52%,
104/04/07,24,0,0,24,6633,0,2967,9600,2.43%,3.52%,
104/04/02,4,0,0,4,6609,0,2967,9576,2.42%,3.51%,
104/04/01,-7,0,0,-7,6605,0,2967,9572,2.42%,3.51%,
104/03/31,6,0,0,6,6612,0,2967,9579,2.42%,3.51%,
104/03/30,21,0,1,22,6606,0,2967,9573,2.42%,3.51%,
104/03/27,34,0,3,37,6585,0,2966,9551,2.41%,3.50%,
104/03/26,16,0,2,18,6551,0,2963,9514,2.40%,3.49%,
104/03/25,-5,0,3,-2,6535,0,2961,9496,2.39%,3.48%,
104/03/24,-12,0,-1,-13,6540,0,2958,9498,2.39%,3.48%,
104/03/23,0,0,0,0,6552,0,2959,9511,2.40%,3.49%,
104/03/20,7,0,0,7,6552,0,2959,9511,2.40%,3.49%,
104/03/19,8,0,0,8,6545,0,2959,9504,2.40%,3.49%,
104/03/18,-89,0,-1,-90,6537,0,2959,9496,2.39%,3.48%,
104/03/17,-70,0,0,-70,6626,0,2960,9586,2.43%,3.52%,
104/03/16,-7,0,11,4,6696,0,2960,9656,2.45%,3.54%,
104/03/13,-1,0,0,-1,6703,0,2949,9652,2.45%,3.53%,
104/03/12,-70,0,0,-70,6704,0,2949,9653,2.45%,3.53%,
104/03/11,-30,0,-1,-31,6774,0,2949,9723,2.48%,3.56%,
104/03/10,38,0,-2,36,6804,0,2950,9754,2.49%,3.57%,
104/03/09,19,0,0,19,6766,0,2952,9718,2.48%,3.56%,
104/03/06,11,0,-4,7,6747,0,2952,9699,2.47%,3.55%,
104/03/05,-51,0,0,-51,6736,0,2956,9692,2.47%,3.55%,
104/03/04,3,0,0,3,6787,0,2956,9743,2.49%,3.57%,
104/03/03,-2,0,0,-2,6784,0,2956,9740,2.48%,3.56%,
104/03/02,5,0,2,7,6786,0,2956,9742,2.48%,3.56%,
104/02/26,10,0,0,10,6781,0,2954,9735,2.48%,3.56%,
104/02/25,-63,0,-1,-64,6771,0,2954,9725,2.48%,3.56%,
104/02/24,2,0,0,2,6834,0,2955,9789,2.50%,3.58%,
104/02/13,-78,0,-13,-91,6832,0,2955,9787,2.50%,3.58%,
104/02/12,-22,0,0,-22,6954,0,2968,9922,2.55%,3.64%,
104/02/11,-24,0,0,-24,6976,0,2968,9944,2.55%,3.64%,
104/02/10,5,0,16,21,7000,0,2968,9968,2.56%,3.65%,
104/02/09,-26,0,-1,-27,6995,0,2952,9947,2.56%,3.64%,
104/02/06,-105,0,0,-105,7021,0,2953,9974,2.57%,3.65%,
104/02/05,-42,0,-2,-44,7126,0,2953,10079,2.61%,3.69%,
104/02/04,-27,0,0,-27,7168,0,2955,10123,2.62%,3.70%,
104/02/03,-16,0,4,-12,7470,0,2955,10425,2.74%,3.82%,
104/02/02,-33,0,-3,-36,7486,0,2951,10437,2.74%,3.82%,
104/01/30,-38,0,3,-35,7519,0,2954,10473,2.75%,3.83%,
104/01/29,-18,0,2,-16,7557,0,2951,10508,2.77%,3.85%,
104/01/28,39,0,0,39,7543,0,2949,10492,2.76%,3.84%,
104/01/27,0,0,0,0,7504,0,2949,10453,2.75%,3.83%,
104/01/26,-9,0,0,-9,7508,0,2949,10457,2.75%,3.83%,
104/01/23,-68,0,0,-68,7517,0,2949,10466,2.75%,3.83%,
104/01/22,1,0,0,1,7585,0,2949,10534,2.78%,3.86%,
104/01/21,-76,0,0,-76,7584,0,2949,10533,2.78%,3.86%,
104/01/20,-3,0,0,-3,7660,0,2949,10609,2.81%,3.89%,
104/01/19,-11,0,0,-11,7663,0,2949,10612,2.81%,3.89%,
104/01/16,-13,0,-2,-15,7674,0,2949,10623,2.81%,3.89%,
104/01/15,-24,0,0,-24,7687,0,2951,10638,2.82%,3.90%,
104/01/14,13,0,0,13,7711,0,2951,10662,2.82%,3.90%,
104/01/13,-18,0,1,-17,7698,0,2951,10649,2.82%,3.90%,
104/01/12,-30,0,0,-30,7666,0,2950,10616,2.81%,3.89%,
104/01/09,10,0,1,11,7696,0,2950,10646,2.82%,3.90%,
104/01/08,20,0,0,20,7686,0,2949,10635,2.81%,3.89%,
104/01/07,81,0,0,81,7666,0,2949,10615,2.81%,3.89%,
104/01/06,6,0,0,6,7585,0,2949,10534,2.78%,3.86%,
104/01/05,-61,0,0,-61,7579,0,2949,10528,2.78%,3.86%,
