日期,外資買賣超,投信買賣超,自營商買賣超,單日合計買賣超,外資估計持股,投信估計持股,自營商估計持股,單日合計估計持股,外資持股比重,三大法人持股比重,
107/03/31,0,0,230,230,83722,6890,2474,93086,22.82%,25.37%,
107/03/30,-11,0,-134,-145,83722,6890,2244,92856,22.82%,25.31%,
107/03/29,100,0,63,163,83706,6890,2378,92974,22.82%,25.35%,
107/03/28,-49,-548,13,-584,83742,6890,2315,92947,22.83%,25.34%,
107/03/27,-322,-290,-94,-706,83791,7438,2301,93530,22.84%,25.50%,
107/03/26,-23,-80,34,-69,84104,7727,2395,94226,22.93%,25.69%,
107/03/23,8,0,-29,-21,84099,7807,2361,94267,22.92%,25.69%,
107/03/22,-504,15,-66,-555,84091,7807,2390,94288,22.92%,25.70%,
107/03/21,-171,-70,-92,-333,84594,7792,2456,94842,23.06%,25.85%,
107/03/20,-168,-58,-91,-317,84861,7862,2548,95271,23.13%,25.97%,
107/03/19,-295,-55,-13,-363,84998,7920,2639,95557,23.17%,26.05%,
107/03/16,-253,0,6,-247,85267,7976,2652,95895,23.24%,26.14%,
107/03/15,-27,0,-37,-64,85520,7976,2646,96142,23.31%,26.21%,
107/03/14,-253,0,16,-237,85416,7976,2683,96075,23.28%,26.19%,
107/03/13,-375,0,-28,-403,85646,7976,2667,96289,23.35%,26.25%,
107/03/12,-488,0,29,-459,86113,7976,2695,96784,23.47%,26.38%,
107/03/09,-268,0,-46,-314,86471,7976,2666,97113,23.57%,26.47%,
107/03/08,42,0,77,119,86609,7976,2712,97297,23.61%,26.52%,
107/03/07,-890,0,0,-890,86495,7976,2635,97106,23.58%,26.47%,
107/03/06,-780,392,-23,-411,87287,7976,2635,97898,23.79%,26.68%,
107/03/05,-873,-60,38,-895,88037,7584,2658,98279,24.00%,26.79%,
107/03/02,-574,1,0,-573,88919,7644,2620,99183,24.24%,27.04%,
107/03/01,-1231,0,9,-1222,89526,7643,2620,99789,24.40%,27.20%,
107/02/27,-138,0,-63,-201,90757,7643,2611,101011,24.74%,27.54%,
107/02/26,-248,0,-64,-312,91039,7643,2674,101356,24.82%,27.63%,
107/02/23,28,-60,-22,-54,91286,7643,2738,101667,24.88%,27.71%,
107/02/22,-162,-360,-48,-570,91217,7703,2760,101680,24.86%,27.71%,
107/02/21,-43,0,64,21,91243,8063,2808,102114,24.87%,27.83%,
107/02/12,-335,-101,0,-436,91381,8063,2744,102188,24.91%,27.86%,
107/02/09,-213,-4,-4,-221,91615,8164,2744,102523,24.97%,27.94%,
107/02/08,-320,-50,-25,-395,91827,8168,2748,102743,25.03%,28.01%,
107/02/07,-210,-48,-79,-337,92147,8218,2773,103138,25.12%,28.12%,
107/02/06,135,-78,-105,-48,92287,8266,2852,103405,25.16%,28.19%,
107/02/05,-268,0,-163,-431,92167,8344,2957,103468,25.12%,28.20%,
107/02/02,-271,-40,-27,-338,92518,8344,3120,103982,25.22%,28.34%,
107/02/01,-373,0,-33,-406,92810,8384,3147,104341,25.30%,28.44%,
107/01/31,225,0,-38,187,93212,8384,3180,104776,25.41%,28.56%,
107/01/30,-305,40,-186,-451,92987,8384,3218,104589,25.35%,28.51%,
107/01/29,-75,0,-15,-90,93408,8344,3404,105156,25.46%,28.66%,
107/01/26,-155,0,-1,-156,93442,8344,3419,105205,25.47%,28.68%,
107/01/25,-427,-246,-16,-689,93495,8344,3420,105259,25.49%,28.70%,
107/01/24,315,-32,40,323,93945,8590,3436,105971,25.61%,28.89%,
107/01/23,469,-89,136,516,93659,8622,3396,105677,25.53%,28.81%,
107/01/22,54,0,37,91,93340,8711,3260,105311,25.44%,28.70%,
107/01/19,-362,0,-21,-383,93286,8711,3223,105220,25.43%,28.68%,
107/01/18,-333,0,-42,-375,93648,8711,3244,105603,25.53%,28.79%,
107/01/17,-117,0,-89,-206,93921,8711,3286,105918,25.60%,28.87%,
107/01/16,-209,0,23,-186,93964,8711,3375,106050,25.61%,28.90%,
107/01/15,42,0,168,210,94191,8711,3352,106254,25.68%,28.97%,
107/01/12,23,0,-2,21,94155,8711,3184,106050,25.67%,28.91%,
107/01/11,-410,0,3,-407,94104,8711,3186,106001,25.65%,28.89%,
107/01/10,-197,0,8,-189,94524,8711,3183,106418,25.77%,29.01%,
107/01/09,-1016,0,50,-966,94657,8711,3175,106543,25.80%,29.04%,
107/01/08,-125,0,59,-66,95583,8711,3125,107419,26.06%,29.29%,
107/01/05,-422,0,-90,-512,95504,8711,3066,107281,26.03%,29.24%,
107/01/04,652,40,-101,591,96001,8711,3156,107868,26.16%,29.39%,
107/01/03,234,0,128,362,95365,8671,3257,107293,25.99%,29.24%,
107/01/02,107,0,-8,99,95131,8671,3129,106931,25.93%,29.15%,
106/12/29,103,0,-32,71,95024,8671,3137,106832,25.90%,29.12%,
106/12/28,63,-13,107,157,94888,8327,3169,106384,25.86%,28.99%,
106/12/27,-26,-14,12,-28,94825,8340,3062,106227,25.84%,28.95%,
106/12/26,11,-12,29,28,94840,8354,3050,106244,25.85%,28.96%,
106/12/25,146,0,-52,94,94829,8367,3021,106217,25.84%,28.94%,
106/12/22,87,0,-39,48,94685,8367,3073,106125,25.80%,28.92%,
106/12/21,-214,-28,94,-148,94658,8367,3112,106137,25.80%,28.93%,
106/12/20,-118,-28,-142,-288,94944,8395,3018,106357,25.87%,28.98%,
106/12/19,-138,-316,7,-447,95063,8423,3160,106646,25.91%,29.07%,
106/12/18,-199,-66,15,-250,95140,8739,3153,107032,25.93%,29.17%,
106/12/15,229,-49,-8,172,95325,8805,3138,107268,25.98%,29.24%,
106/12/14,-29,-54,23,-60,95086,8854,3146,107086,25.91%,29.18%,
106/12/13,-187,0,-1,-188,95071,8908,3123,107102,25.91%,29.19%,
106/12/12,-68,0,9,-59,95215,8908,3124,107247,25.95%,29.23%,
106/12/11,174,0,-9,165,95265,8908,3115,107288,25.96%,29.24%,
106/12/08,-91,0,-2,-93,95091,8908,3124,107123,25.91%,29.19%,
106/12/07,-370,0,46,-324,95049,8908,3126,107083,25.90%,29.18%,
106/12/06,-1215,0,126,-1089,95399,8908,3079,107386,26.00%,29.27%,
106/12/05,-215,0,140,-75,96614,8908,2953,108475,26.33%,29.56%,
106/12/04,-471,0,71,-400,96829,8908,2813,108550,26.39%,29.58%,
106/12/01,-405,-2,32,-375,97529,8908,2742,109179,26.58%,29.76%,
106/11/30,64,2,-34,32,97934,8910,2710,109554,26.69%,29.86%,
106/11/29,79,-2,-3,74,97870,8908,2744,109522,26.67%,29.85%,
106/11/28,-107,0,-79,-186,97791,8910,2747,109448,26.65%,29.83%,
106/11/27,1222,0,-42,1180,97898,8910,2826,109634,26.68%,29.88%,
106/11/24,-104,0,-85,-189,96574,8910,2868,108352,26.32%,29.53%,
106/11/23,1,25,198,224,96674,8910,2953,108537,26.35%,29.58%,
106/11/22,-267,16,68,-183,96673,8885,2755,108313,26.35%,29.52%,
106/11/21,-656,-9,44,-621,97004,8869,2687,108560,26.44%,29.59%,
106/11/20,-797,-54,152,-699,97575,8877,2643,109095,26.59%,29.73%,
106/11/17,-527,-1,185,-343,98308,8931,2491,109730,26.79%,29.90%,
106/11/16,-455,30,-19,-444,98759,8932,2306,109997,26.91%,29.97%,
106/11/15,-380,51,0,-329,99214,8902,2325,110441,27.04%,30.10%,
106/11/14,-884,-1,43,-842,100034,8851,2325,111210,27.26%,30.31%,
106/11/13,-901,0,72,-829,100918,8852,2282,112052,27.50%,30.53%,
106/11/10,-845,15,33,-797,101819,8852,2210,112881,27.75%,30.77%,
106/11/09,-2356,16,-69,-2409,102653,8837,2177,113667,27.98%,30.98%,
106/11/08,-205,0,45,-160,104866,8821,2246,115933,28.58%,31.60%,
106/11/07,-211,0,16,-195,105071,8821,2201,116093,28.63%,31.63%,
106/11/06,-599,0,164,-435,105280,8821,2185,116286,28.69%,31.69%,
106/11/03,-277,19,38,-220,105839,8821,2021,116681,28.84%,31.80%,
106/11/02,-111,32,-99,-178,106116,8802,1983,116901,28.92%,31.86%,
106/11/01,-908,-1,99,-810,106227,8770,2082,117079,28.95%,31.91%,
106/10/31,-580,15,57,-508,107135,8771,1983,117889,29.20%,32.13%,
106/10/30,-134,0,7,-127,107715,8756,1926,118397,29.36%,32.27%,
106/10/27,-488,0,-13,-501,107849,8756,1919,118524,29.39%,32.30%,
106/10/26,-403,0,-5,-408,108333,8756,1932,119021,29.52%,32.43%,
106/10/25,-526,24,-30,-532,108907,8756,1937,119600,29.68%,32.59%,
106/10/24,-345,0,-6,-351,109433,8732,1967,120132,29.82%,32.74%,
106/10/23,-264,0,-96,-360,109778,8732,1973,120483,29.92%,32.84%,
106/10/20,-655,43,99,-513,110115,8732,2069,120916,30.01%,32.95%,
106/10/19,-1701,-19,-35,-1755,110771,8689,1970,121430,30.19%,33.10%,
106/10/18,-335,3,-499,-831,112471,8708,2005,123184,30.65%,33.57%,
106/10/17,-2044,0,-101,-2145,112806,8705,2504,124015,30.74%,33.80%,
106/10/16,-1247,0,294,-953,114725,8705,2605,126035,31.27%,34.35%,
106/10/13,-530,3,-23,-550,115935,8705,2311,126951,31.60%,34.60%,
106/10/12,-862,5,125,-732,116219,8702,2334,127255,31.67%,34.68%,
106/10/11,-270,5,-43,-308,117029,8697,2209,127935,31.89%,34.86%,
106/10/06,-306,26,-102,-382,117279,8692,2252,128223,31.96%,34.94%,
106/10/05,-57,-44,-43,-144,117455,8666,2354,128475,32.01%,35.01%,
106/10/03,-251,14,-6,-243,117512,8710,2397,128619,32.03%,35.06%,
106/10/02,-139,20,108,-11,117763,8696,2403,128862,32.09%,35.12%,
106/09/30,0,-6,-5,-11,117902,8676,2295,128873,32.13%,35.12%,
106/09/29,-225,-8,-113,-346,117902,8544,2300,128746,32.13%,35.09%,
106/09/28,-507,0,162,-345,118127,8552,2413,129092,32.19%,35.18%,
106/09/27,-55,56,-17,-16,118654,8552,2251,129457,32.34%,35.28%,
106/09/26,-229,75,-40,-194,118709,8496,2268,129473,32.35%,35.28%,
106/09/25,-753,-83,-137,-973,118938,8421,2308,129667,32.41%,35.33%,
106/09/22,-113,-43,-62,-218,119691,8504,2445,130640,32.62%,35.60%,
106/09/21,-10,-43,-76,-129,119803,8547,2507,130857,32.65%,35.66%,
106/09/20,-714,-76,-339,-1129,119813,8590,2584,130987,32.65%,35.70%,
106/09/19,-247,1,161,-85,120538,8666,2923,132127,32.85%,36.01%,
106/09/18,-129,0,13,-116,120785,8665,2762,132212,32.92%,36.03%,
106/09/15,-14,-1,-11,-26,120884,8665,2749,132298,32.94%,36.05%,
106/09/14,-172,0,-19,-191,120898,8666,2760,132324,32.95%,36.06%,
106/09/13,-129,26,-334,-437,121050,8666,2779,132495,32.99%,36.11%,
106/09/12,273,81,285,639,121145,8640,3113,132898,33.02%,36.22%,
106/09/11,-8,-80,-172,-260,120872,8559,2828,132259,32.94%,36.04%,
106/09/08,43,-4,-264,-225,120873,8640,3000,132513,32.94%,36.11%,
106/09/07,-58,69,128,139,120830,8644,3264,132738,32.93%,36.18%,
106/09/06,-1340,643,-305,-1002,120877,8575,3136,132588,32.94%,36.13%,
106/09/05,125,58,251,434,122207,7932,3441,133580,33.31%,36.41%,
106/09/04,-48,-91,109,-30,122082,7874,3190,133146,33.27%,36.29%,
106/09/01,1,-248,67,-180,122130,7965,3081,133176,33.28%,36.29%,
106/08/31,-973,0,-146,-1119,122158,8212,3015,133385,33.29%,36.35%,
106/08/30,-416,-964,172,-1208,123147,8212,3161,134520,33.56%,36.66%,
106/08/29,-72,-200,19,-253,123562,9176,2989,135727,33.67%,36.99%,
106/08/28,101,-94,-20,-13,123618,9376,2970,135964,33.68%,37.04%,
106/08/25,38,0,50,88,123517,9470,2990,135977,33.66%,37.06%,
106/08/24,-55,3,-69,-121,123479,9470,2940,135889,33.65%,37.03%,
106/08/23,40,-82,-56,-98,123524,9467,3009,136000,33.66%,37.06%,
106/08/22,-164,0,92,-72,117493,9549,3065,130107,33.22%,36.66%,
106/08/21,-182,-50,-57,-289,117507,9549,2973,130029,33.22%,36.63%,
106/08/18,-532,2,-364,-894,117679,9599,3030,130308,33.27%,36.71%,
106/08/17,291,80,154,525,118201,9597,3394,131192,33.42%,36.96%,
106/08/16,92,90,-227,-45,117910,9517,3240,130667,33.34%,36.82%,
106/08/15,122,36,-198,-40,117818,9427,3467,130712,33.31%,36.82%,
106/08/14,-4,-25,-349,-378,117640,9391,3665,130696,33.26%,36.82%,
106/08/11,-109,-50,-562,-721,117356,9416,4014,130786,33.18%,36.84%,
106/08/10,-46,-61,-991,-1098,117543,9466,4576,131585,33.23%,37.06%,
106/08/09,1097,-726,-288,83,117589,9527,5567,132683,33.25%,37.52%,
106/08/08,-141,59,528,446,116615,10253,5855,132723,32.97%,37.53%,
106/08/07,725,68,699,1492,116857,10194,5327,132378,33.04%,37.43%,
106/08/04,114,81,96,291,116132,10126,4628,130886,32.84%,37.01%,
106/08/03,222,34,-71,185,116046,10045,4532,130623,32.81%,36.93%,
106/08/02,291,116,11,418,115824,10011,4603,130438,32.75%,36.88%,
106/08/01,1444,-3,32,1473,115533,9895,4592,130020,32.67%,36.77%,
106/07/31,15,-45,-110,-140,114540,9898,4560,128998,32.39%,36.48%,
106/07/28,702,-10,-141,551,114525,9943,4670,129138,32.38%,36.52%,
106/07/27,818,-101,54,771,113823,9954,4811,128588,32.18%,36.36%,
106/07/26,12,0,-182,-170,113720,10055,4757,128532,32.15%,36.34%,
106/07/25,160,0,77,237,113708,10055,4939,128702,32.15%,36.40%,
106/07/24,134,-48,115,201,114042,10055,4862,128959,32.29%,36.51%,
106/07/21,404,-37,104,471,113908,10103,4747,128758,32.25%,36.46%,
106/07/20,1011,8,-36,983,113531,10140,4643,128314,32.15%,36.34%,
106/07/19,177,50,-35,192,112810,10132,4679,127621,31.94%,36.13%,
106/07/18,735,-73,-254,408,112834,10082,4714,127630,31.95%,36.14%,
106/07/17,356,-0,-282,74,112099,10155,4968,127222,31.74%,36.02%,
106/07/14,726,-1,-234,491,111672,10155,5250,127077,31.62%,35.98%,
106/07/13,864,39,713,1616,110793,10156,5484,126433,31.37%,35.80%,
106/07/12,324,-52,192,464,109875,10117,4771,124763,31.11%,35.33%,
106/07/11,1555,73,290,1918,109550,10169,4579,124298,31.02%,35.20%,
106/07/10,-266,-6,-34,-306,107995,10096,4289,122380,30.58%,34.65%,
106/07/07,6,62,114,182,108261,10102,4323,122686,30.65%,34.74%,
106/07/06,72,8,192,272,108255,10040,4209,122504,30.65%,34.69%,
106/07/05,296,-24,-38,234,108183,10032,4017,122232,30.63%,34.61%,
106/07/04,-41,49,24,32,107887,10056,4055,121998,30.55%,34.55%,
106/07/03,4,-254,40,-210,107928,10007,4031,121966,30.56%,34.54%,
106/06/30,-33,61,-33,-5,107924,10261,3991,122176,30.56%,34.60%,
106/06/29,424,-92,28,360,107988,9215,4024,121227,30.58%,34.33%,
106/06/28,123,-501,-25,-403,107564,9307,3996,120867,30.46%,34.23%,
106/06/27,237,-386,-171,-320,107441,9809,4021,121271,30.42%,34.34%,
106/06/26,82,-105,23,0,107204,10195,4192,121591,30.35%,34.42%,
106/06/23,-12,-58,-16,-86,107146,10300,4169,121615,30.34%,34.44%,
106/06/22,212,-40,-15,157,107158,10358,4185,121701,30.34%,34.46%,
106/06/21,-32,-97,-34,-163,106971,10398,4200,121569,30.29%,34.42%,
106/06/20,-101,-52,-408,-561,106999,10494,4234,121727,30.30%,34.47%,
106/06/19,-135,-1,672,536,107100,10546,4642,122288,30.32%,34.62%,
106/06/16,42,-3,-2,37,107240,10547,3970,121757,30.36%,34.47%,
106/06/15,109,-69,-45,-5,107198,10550,3972,121720,30.35%,34.46%,
106/06/14,-113,0,7,-106,107086,10619,4017,121722,30.32%,34.46%,
106/06/13,196,-95,-72,29,107213,10619,4010,121842,30.36%,34.50%,
106/06/12,442,-36,14,420,107017,10714,4082,121813,30.30%,34.49%,
106/06/09,789,-595,-21,173,106575,10750,4068,121393,30.18%,34.38%,
106/06/08,443,-1497,-13,-1067,105816,11345,4089,121250,29.96%,34.33%,
106/06/07,-187,-364,-139,-690,105373,12842,4102,122317,29.84%,34.64%,
106/06/06,-17,-170,-49,-236,105776,13206,4241,123223,29.99%,34.93%,
106/06/05,185,19,-51,153,105820,13376,4290,123486,30.00%,35.00%,
106/06/03,0,-1,22,21,105635,13357,4341,123333,29.95%,34.96%,
106/06/02,133,-533,-60,-460,105635,13358,4319,123312,29.95%,34.96%,
106/06/01,852,-360,90,582,105502,13891,4379,123772,29.91%,35.08%,
106/05/31,216,-150,-168,-102,104608,14251,4289,123148,29.65%,34.90%,
106/05/26,304,-267,-147,-110,104418,14401,4457,123276,29.60%,34.94%,
106/05/25,-141,0,-204,-345,104161,14668,4604,123433,29.53%,34.99%,
106/05/24,588,-93,537,1032,104302,14668,4808,123778,29.57%,35.09%,
106/05/23,823,444,102,1369,103443,14761,4271,122475,29.32%,34.71%,
106/05/22,360,0,-269,91,102730,14316,4169,121215,29.12%,34.35%,
106/05/19,328,2,591,921,102371,14316,4438,121125,29.02%,34.33%,
106/05/18,1237,-1,-12,1224,102043,14314,3847,120204,28.93%,34.07%,
106/05/17,935,0,-7,928,101076,14315,3859,119250,28.65%,33.80%,
106/05/16,846,41,-107,780,100141,14315,3866,118322,28.39%,33.54%,
106/05/15,221,24,-10,235,99740,14274,3973,117987,28.27%,33.44%,
106/05/12,996,295,-261,1030,99522,14250,3983,117755,28.21%,33.37%,
106/05/11,215,692,529,1436,98525,13955,4243,116723,27.93%,33.08%,
106/05/10,531,-296,24,259,98510,13263,3714,115487,27.93%,32.74%,
106/05/09,181,-504,-30,-353,97979,13559,3690,115228,27.77%,32.65%,
106/05/08,-25,-238,-16,-279,97959,14063,3720,115742,27.77%,32.81%,
106/05/05,-94,82,-78,-90,98090,14301,3736,116127,27.81%,32.92%,
106/05/04,356,-412,79,23,98256,14219,3814,116289,27.85%,32.96%,
106/05/03,47,158,-5,200,97535,14631,3735,115901,27.65%,32.86%,
106/05/02,603,-192,-71,340,97517,14473,3740,115730,27.64%,32.80%,
106/04/28,200,5,-2,203,97029,14665,3811,115505,27.51%,32.75%,
106/04/27,-222,-9,-20,-251,96824,14660,3813,115297,27.45%,32.69%,
106/04/26,321,115,42,478,96695,14669,3833,115197,27.41%,32.66%,
106/04/25,142,-0,-8,134,96405,14554,3791,114750,27.33%,32.53%,
106/04/24,61,307,-58,310,96754,14554,3799,115107,27.43%,32.63%,
106/04/21,-49,513,78,542,96693,14247,3857,114797,27.41%,32.54%,
106/04/20,-104,88,20,4,96251,13734,3779,113764,27.28%,32.25%,
106/04/19,535,-903,2,-366,96355,13646,3759,113760,27.31%,32.24%,
106/04/18,131,-243,4,-108,95720,14549,3757,114026,27.13%,32.32%,
106/04/17,-145,-316,-49,-510,95475,14791,3753,114019,27.06%,32.32%,
106/04/14,-68,-0,-24,-92,95620,15107,3802,114529,27.11%,32.47%,
106/04/13,0,-16,-19,-35,95676,15107,3826,114609,27.12%,32.49%,
106/04/12,109,-65,13,57,95676,15123,3845,114644,27.12%,32.50%,
106/04/11,-667,-761,-182,-1610,95217,15188,3832,114237,26.99%,32.38%,
106/04/10,-549,-329,24,-854,95879,15949,4014,115842,27.18%,32.84%,
106/04/07,54,-347,11,-282,96428,16278,3990,116696,27.34%,33.09%,
106/04/06,-1769,-860,-32,-2661,96374,16625,3979,116978,27.32%,33.16%,
106/04/05,-166,-589,20,-735,98104,17485,4011,119600,27.81%,33.90%,
106/03/31,188,-36,13,165,98165,18074,3991,120230,27.83%,34.09%,
106/03/30,-740,-160,32,-868,98002,19151,3978,121131,27.78%,34.34%,
106/03/29,-485,-145,35,-595,98822,19311,3946,122079,28.01%,34.60%,
106/03/28,39,-118,32,-47,99275,19456,3911,122642,28.14%,34.77%,
106/03/27,30,-48,-12,-30,99226,19574,3879,122679,28.13%,34.78%,
106/03/24,-414,-26,15,-425,99223,19622,3891,122736,28.13%,34.80%,
106/03/23,-213,-25,-28,-266,99636,19648,3876,123160,28.24%,34.91%,
106/03/22,-439,-88,-70,-597,99849,19673,3904,123426,28.31%,34.99%,
106/03/21,-280,-630,47,-863,100323,19761,3974,124058,28.44%,35.17%,
106/03/20,-1113,-135,-48,-1296,100473,20391,3927,124791,28.48%,35.37%,
106/03/17,-905,-46,32,-919,101586,20526,3975,126087,28.80%,35.75%,
106/03/16,-2766,-129,-26,-2921,102516,20572,3943,127031,29.06%,36.01%,
106/03/15,-519,-321,-311,-1151,105262,20701,3969,129932,29.84%,36.83%,
106/03/14,-135,-332,15,-452,105839,21022,4280,131141,30.00%,37.17%,
106/03/13,160,-385,173,-52,105936,21354,4265,131555,30.03%,37.29%,
106/03/10,-113,0,43,-70,106075,21738,4092,131905,30.07%,37.39%,
106/03/09,-450,0,77,-373,106136,21738,4049,131923,30.09%,37.40%,
106/03/08,-178,0,-27,-205,106656,21738,3972,132366,30.24%,37.53%,
106/03/07,159,-70,9,98,106837,21738,3999,132574,30.29%,37.59%,
106/03/06,-399,-100,169,-330,106721,21808,3990,132519,30.25%,37.56%,
106/03/03,-167,0,4,-163,107097,21909,3821,132827,30.36%,37.66%,
106/03/02,-177,0,-13,-190,107230,21909,3817,132956,30.40%,37.69%,
106/03/01,-117,0,-11,-128,107347,21909,3830,133086,30.43%,37.73%,
106/02/24,459,0,-16,443,107473,21909,3841,133223,30.47%,37.77%,
106/02/23,53,-53,-138,-138,107013,21909,3857,132779,30.34%,37.65%,
106/02/22,-1059,-211,310,-960,106710,21962,3995,132667,30.25%,37.61%,
106/02/21,-799,-68,28,-839,107862,22173,3685,133720,30.58%,37.91%,
106/02/20,-147,0,-36,-183,108657,22241,3657,134555,30.80%,38.14%,
106/02/18,0,-37,9,-28,108828,22241,3693,134762,30.85%,38.20%,
106/02/17,184,-149,-113,-78,108828,22278,3684,134790,30.85%,38.21%,
106/02/16,-710,150,-280,-840,108645,22427,3797,134869,30.80%,38.24%,
106/02/15,1249,48,547,1844,109454,22277,4077,135808,31.03%,38.50%,
106/02/14,550,27,34,611,107837,22229,3530,133596,30.57%,37.87%,
106/02/13,-93,-200,53,-240,107263,22202,3496,132961,30.41%,37.70%,
106/02/10,44,-480,137,-299,107401,22402,3443,133246,30.45%,37.78%,
106/02/09,59,0,25,84,107357,22882,3306,133545,30.43%,37.86%,
106/02/08,312,0,36,348,107350,22882,3281,133513,30.43%,37.85%,
106/02/07,-218,0,-85,-303,107389,22882,3245,133516,30.44%,37.85%,
106/02/06,-347,40,228,-79,107714,22882,3330,133926,30.53%,37.96%,
106/02/03,-321,0,25,-296,107881,22842,3102,133825,30.58%,37.93%,
106/02/02,235,60,-46,249,108242,22842,3077,134161,30.68%,38.03%,
106/01/24,368,0,9,377,108008,22782,3123,133913,30.62%,37.96%,
106/01/23,-105,314,-3,206,107640,22782,3114,133536,30.51%,37.85%,
106/01/20,-7,0,-13,-20,107801,22467,3117,133385,30.56%,37.81%,
106/01/19,9,-46,-18,-55,107860,22467,3130,133457,30.58%,37.83%,
106/01/18,493,0,-17,476,107950,22513,3148,133611,30.60%,37.87%,
106/01/17,122,1,43,166,107914,22513,3165,133592,30.59%,37.87%,
106/01/16,113,51,61,225,107792,22512,3122,133426,30.56%,37.82%,
106/01/13,615,96,95,806,107703,22461,3061,133225,30.53%,37.76%,
106/01/12,160,0,-5,155,107089,22365,2966,132420,30.36%,37.54%,
106/01/11,249,25,39,313,106929,22365,2971,132265,30.31%,37.49%,
106/01/10,144,163,-71,236,106630,22340,2932,131902,30.26%,37.42%,
106/01/09,121,251,57,429,106484,22177,3003,131664,30.22%,37.36%,
106/01/06,221,224,-1,444,106357,21926,2946,131229,30.19%,37.24%,
106/01/05,318,78,79,475,106084,21702,2947,130733,30.11%,37.10%,
106/01/04,-360,288,-16,-88,105743,21624,2868,130235,30.01%,36.96%,
106/01/03,-27,152,5,130,106090,21336,2884,130310,30.11%,36.99%,
105/12/30,-78,324,1,247,106045,21184,2879,130108,30.10%,36.93%,
105/12/29,-116,219,0,103,106123,20860,2878,129861,30.12%,36.86%,
105/12/28,-61,138,9,86,106239,20641,2878,129758,30.15%,36.83%,
105/12/27,-277,-16,18,-275,106348,20503,2869,129720,30.18%,36.81%,
105/12/26,-146,111,-9,-44,106625,20519,2851,129995,30.26%,36.89%,
105/12/23,-128,31,48,-49,106770,20408,2860,130038,30.30%,36.91%,
105/12/22,-281,-97,-8,-386,106898,20377,2812,130087,30.34%,36.92%,
105/12/21,-936,555,13,-368,107209,20474,2820,130503,30.43%,37.04%,
105/12/20,-81,0,3,-78,108194,19919,2807,130920,30.71%,37.16%,
105/12/19,-651,0,2,-649,108276,19919,2804,130999,30.73%,37.18%,
105/12/16,-808,-9,-10,-827,108765,19919,2802,131486,30.87%,37.32%,
105/12/15,-180,0,35,-145,109735,19928,2812,132475,31.15%,37.61%,
105/12/14,-343,0,-1,-344,109915,19928,2777,132620,31.20%,37.65%,
105/12/13,-1330,-15,18,-1327,110259,19928,2778,132965,31.29%,37.74%,
105/12/12,-1383,-688,13,-2058,111589,19943,2760,134292,31.67%,38.11%,
105/12/09,-580,-268,0,-848,112987,20631,2747,136365,32.07%,38.71%,
105/12/08,118,-10,28,136,113552,20899,2747,137198,32.23%,38.94%,
105/12/07,584,0,102,686,113434,20909,2719,137062,32.20%,38.91%,
105/12/06,62,58,-103,17,112850,20909,2617,136376,32.03%,38.71%,
105/12/05,331,47,-296,82,112791,20851,2720,136362,32.01%,38.70%,
105/12/02,-99,-118,154,-63,112460,20804,3016,136280,31.92%,38.68%,
105/12/01,281,80,-150,211,112559,20922,2862,136343,31.95%,38.70%,
105/11/30,576,-96,-46,434,112355,20842,3012,136209,31.89%,38.66%,
105/11/29,1018,173,238,1429,111779,20938,3058,135775,31.73%,38.54%,
105/11/28,284,51,13,348,110761,20765,2820,134346,31.44%,38.14%,
105/11/25,418,0,-270,148,110477,20714,2807,133998,31.36%,38.04%,
105/11/24,-164,0,517,353,110059,20714,3077,133850,31.24%,38.13%,
105/11/23,331,78,14,423,110223,20714,2560,133497,31.28%,38.02%,
105/11/22,177,1,5,183,109892,20636,2546,133074,31.19%,37.90%,
105/11/21,-68,0,3,-65,109815,20635,2541,132991,31.17%,37.88%,
105/11/18,259,-110,33,182,109883,20635,2538,133056,31.19%,37.90%,
105/11/17,-208,16,-84,-276,109624,20745,2505,132874,31.11%,37.84%,
105/11/16,-555,0,-96,-651,109832,20729,2589,133150,31.17%,37.92%,
105/11/15,-73,43,-20,-50,110386,20729,2685,133800,31.97%,38.75%,
105/11/14,-82,327,109,354,110460,20686,2705,133851,31.99%,38.76%,
105/11/11,-165,328,-69,94,110542,20359,2596,133497,32.01%,38.66%,
105/11/10,1733,629,120,2482,110707,20031,2665,133403,32.06%,38.63%,
105/11/09,-932,0,-24,-956,108942,19402,2545,130889,31.55%,37.91%,
105/11/08,-575,-50,-2,-627,109874,19402,2569,131845,31.82%,38.18%,
105/11/07,-778,504,28,-246,110448,19452,2571,132471,31.98%,38.36%,
105/11/04,2,8,8,18,111226,18948,2543,132717,32.21%,38.43%,
105/11/03,-269,0,-49,-318,111276,18940,2535,132751,32.22%,38.44%,
105/11/02,-137,-17,10,-144,111545,18940,2584,133069,32.30%,38.53%,
105/11/01,-66,-425,-16,-507,111482,18957,2574,133013,32.28%,38.52%,
105/10/31,-90,-66,2,-154,111548,19382,2590,133520,32.30%,38.66%,
105/10/28,-97,-169,15,-251,111638,19448,2588,133674,32.33%,38.71%,
105/10/27,-476,-47,-5,-528,111644,19617,2573,133834,32.33%,38.76%,
105/10/26,-452,-190,-25,-667,112020,19664,2578,134262,32.44%,38.88%,
105/10/25,487,-211,2,278,112473,19854,2603,134930,32.57%,39.07%,
105/10/24,-529,209,23,-297,111987,20065,2601,134653,32.43%,38.99%,
105/10/21,376,-70,24,330,112401,19856,2578,134835,32.55%,39.05%,
105/10/20,1197,-1918,71,-650,112025,19925,2554,134504,32.44%,38.95%,
105/10/19,966,-2488,-226,-1748,110828,21844,2483,135155,32.09%,39.14%,
105/10/18,733,359,81,1173,109862,24332,2709,136903,31.81%,39.64%,
105/10/17,1016,-35,90,1071,109097,23973,2628,135698,31.59%,39.29%,
105/10/14,1020,-131,-45,844,107907,24008,2538,134453,31.25%,38.94%,
105/10/13,100,-195,-25,-120,106879,24139,2583,133601,30.95%,38.69%,
105/10/12,439,-50,79,468,106704,24334,2608,133646,30.90%,38.70%,
105/10/11,404,0,-83,321,106281,24384,2529,133194,30.78%,38.57%,
105/10/07,995,-87,-92,816,105877,24384,2612,132873,30.66%,38.48%,
105/10/06,629,-148,-341,140,104919,24471,2704,132094,30.38%,38.25%,
105/10/05,634,179,-353,460,104188,24619,3045,131852,30.17%,38.18%,
105/10/04,555,0,-294,261,103625,24440,3398,131463,30.01%,38.07%,
105/10/03,116,-26,6,96,103270,24440,3692,131402,29.90%,38.05%,
105/09/30,-113,52,-53,-114,103154,24466,3686,131306,29.87%,38.02%,
105/09/29,284,-71,4,217,103314,23485,3739,130538,29.92%,37.80%,
105/09/26,443,-4,-81,358,103030,23556,3735,130321,29.83%,37.73%,
105/09/23,-78,13,-137,-202,102488,23560,3816,129864,29.68%,37.61%,
105/09/22,1654,0,-359,1295,102416,23547,3953,129916,29.66%,37.62%,
105/09/21,1995,106,-133,1968,100862,23547,4312,128721,29.21%,37.28%,
105/09/20,114,126,710,950,98867,23441,4445,126753,28.63%,36.71%,
105/09/19,107,80,283,470,98728,23315,3735,125778,28.59%,36.42%,
105/09/14,434,-19,-91,324,98693,23235,3452,125380,28.58%,36.31%,
105/09/13,787,179,99,1065,98260,23254,3543,125057,28.45%,36.21%,
105/09/12,404,0,-197,207,97473,23075,3444,123992,28.22%,35.90%,
105/09/10,23,192,-7,208,97068,23075,3641,123784,28.11%,35.85%,
105/09/09,1154,96,8,1258,97045,22883,3648,123576,28.10%,35.78%,
105/09/08,239,0,30,269,95891,22787,3639,122317,27.77%,35.42%,
105/09/07,-113,186,-182,-109,95734,22787,3609,122130,27.72%,35.36%,
105/09/06,-154,144,789,779,95847,22601,3791,122239,27.75%,35.39%,
105/09/05,655,109,321,1085,95901,22457,3002,121360,27.77%,35.14%,
105/09/02,1793,24,-107,1710,95245,22348,2681,120274,27.58%,34.83%,
105/09/01,706,456,137,1299,93324,22324,2788,118436,27.02%,34.29%,
105/08/31,453,250,14,717,92622,21868,2652,117142,26.82%,33.92%,
105/08/30,1216,50,-68,1198,92207,21618,2638,116463,26.70%,33.73%,
105/08/29,565,771,-49,1287,90972,21568,2706,115246,26.34%,33.37%,
105/08/26,2378,376,-332,2422,90379,20797,2755,113931,26.17%,32.99%,
105/08/25,2756,619,33,3408,88001,20421,3087,111509,25.48%,32.29%,
105/08/24,1274,46,258,1578,85114,19802,3054,107970,24.65%,31.27%,
105/08/23,1337,145,313,1795,81660,19756,2796,104212,24.35%,30.88%,
105/08/22,154,0,-26,128,80313,19611,2483,102407,23.95%,30.35%,
105/08/19,567,19,-61,525,80149,19611,2509,102269,23.90%,30.31%,
105/08/18,41,21,-117,-55,79567,19592,2570,101729,23.73%,30.15%,
105/08/17,587,83,93,763,79491,19571,2687,101749,23.71%,30.16%,
105/08/16,128,-1,-30,97,78903,19488,2594,100985,23.53%,29.93%,
105/08/15,-318,0,-28,-346,78575,19489,2624,100688,23.43%,29.83%,
105/08/12,1896,-357,-44,1495,77993,19489,2652,100134,23.26%,29.67%,
105/08/11,4061,-664,-1384,2013,76098,19846,2696,98640,22.70%,29.23%,
105/08/10,1625,0,981,2606,72035,20510,4080,96625,21.48%,28.82%,
105/08/09,430,45,143,618,70226,20510,3098,93834,20.94%,27.98%,
105/08/08,501,73,69,643,69796,20465,2955,93216,20.82%,27.81%,
105/08/05,977,-1,288,1264,69295,20392,2886,92573,20.67%,27.61%,
105/08/04,-168,0,-10,-178,68318,20393,2598,91309,20.37%,27.23%,
105/08/03,239,-1,-1,237,68366,20393,2608,91367,20.39%,27.25%,
105/08/02,-317,72,85,-160,68428,20394,2609,91431,20.41%,27.27%,
105/08/01,1185,0,76,1261,68745,20322,2524,91591,20.50%,27.32%,
105/07/29,140,139,-32,247,67534,20322,2448,90304,20.14%,26.93%,
105/07/28,84,-41,-50,-7,67394,20184,2480,90058,20.10%,26.86%,
105/07/27,228,-100,2,130,67591,20225,2530,90346,20.16%,26.95%,
105/07/26,216,40,49,305,67391,20325,2528,90244,20.10%,26.92%,
105/07/25,-183,31,-88,-240,67483,20285,2479,90247,20.13%,26.92%,
105/07/22,-640,137,6,-497,67686,20254,2567,90507,20.19%,27.00%,
105/07/21,692,159,-7,844,68326,20117,2561,91004,20.38%,27.15%,
105/07/20,340,-52,8,296,67634,19958,2568,90160,20.17%,26.89%,
105/07/19,620,-227,25,418,67458,20010,2560,90028,20.12%,26.85%,
105/07/18,689,-42,92,739,67149,20237,2535,89921,20.03%,26.82%,
105/07/15,-287,111,131,-45,66460,20279,2443,89182,19.82%,26.60%,
105/07/14,-34,0,5,-29,66797,20168,2312,89277,19.92%,26.63%,
105/07/13,161,0,7,168,66831,20168,2307,89306,19.93%,26.63%,
105/07/12,461,165,34,660,66670,20168,2300,89138,19.88%,26.58%,
105/07/11,95,0,-19,76,66210,20003,2266,88479,19.75%,26.39%,
105/07/07,36,-7,0,29,66054,20003,2285,88342,19.70%,26.35%,
105/07/06,-216,56,-15,-175,66018,20010,2285,88313,19.69%,26.34%,
105/07/05,-182,98,-9,-93,66172,19954,2300,88426,19.73%,26.37%,
105/07/04,661,0,-3,658,66334,19856,2309,88499,19.78%,26.39%,
105/07/01,248,103,-5,346,65672,19856,2312,87840,19.59%,26.20%,
105/06/30,-94,-692,-47,-833,65610,19753,2317,87680,19.57%,26.15%,
105/06/29,463,229,-8,684,65611,19078,2365,87054,19.57%,25.97%,
105/06/28,701,-76,134,759,65148,18849,2373,86370,19.43%,25.76%,
105/06/27,599,-226,-152,221,64612,18925,2239,85776,19.27%,25.58%,
105/06/24,-4,207,-48,155,64390,19151,2391,85932,19.20%,25.63%,
105/06/23,467,0,-127,340,64364,18944,2439,85747,19.20%,25.58%,
105/06/22,167,70,-7,230,63612,18944,2566,85122,18.97%,25.39%,
105/06/21,-204,246,106,148,63537,18874,2573,84984,18.95%,25.35%,
105/06/20,-196,85,-21,-132,63741,18628,2467,84836,19.01%,25.30%,
105/06/17,-364,32,14,-318,64022,18543,2488,85053,19.09%,25.36%,
105/06/16,674,-220,63,517,64145,18511,2474,85130,19.13%,25.39%,
105/06/15,307,-89,-296,-78,63456,18731,2411,84598,18.92%,25.23%,
105/06/14,139,0,57,196,63149,18820,2707,84676,18.83%,25.25%,
105/06/13,1345,-286,-14,1045,63010,18820,2650,84480,18.79%,25.19%,
105/06/08,2910,0,187,3097,61687,19106,2664,83457,18.40%,24.89%,
105/06/07,246,-136,-90,20,58662,19106,2477,80245,17.49%,23.93%,
105/06/06,-85,63,-23,-45,58316,19242,2567,80125,17.39%,23.90%,
105/06/04,0,0,-12,-12,58401,19179,2590,80170,17.42%,23.91%,
105/06/03,-88,-263,-181,-532,58401,19179,2602,80182,17.42%,23.92%,
105/06/02,25,-71,-23,-69,58439,19442,2783,80664,17.43%,24.06%,
105/06/01,-219,-25,27,-217,58404,19513,2806,80723,17.42%,24.08%,
105/05/31,295,140,-12,423,58661,19538,2779,80978,17.49%,24.15%,
105/05/30,-39,196,99,256,58243,19398,2791,80432,17.37%,23.99%,
105/05/27,-272,365,72,165,58204,19202,2692,80098,17.36%,23.89%,
105/05/26,-619,-80,74,-625,58411,18837,2620,79868,17.42%,23.82%,
105/05/25,-582,-144,74,-652,58940,18917,2546,80403,17.58%,23.98%,
105/05/24,-434,-450,-48,-932,59687,19061,2472,81220,17.80%,24.22%,
105/05/23,-802,11,181,-610,60221,19511,2520,82252,17.96%,24.53%,
105/05/20,-1072,-387,-24,-1483,61244,19500,2339,83083,18.26%,24.77%,
105/05/19,-973,-277,12,-1238,62265,19887,2363,84515,18.57%,25.21%,
105/05/18,391,-1030,-84,-723,63322,20163,2351,85836,18.88%,25.60%,
105/05/17,515,-343,181,353,61870,21193,2435,85498,18.45%,25.50%,
105/05/16,-365,-81,101,-345,61098,21536,2254,84888,18.22%,25.32%,
105/05/13,102,-179,102,25,61463,21617,2153,85233,18.33%,25.42%,
105/05/12,341,-20,0,321,61265,21796,2051,85112,18.27%,25.38%,
105/05/11,1370,-609,-239,522,60924,21816,2051,84791,18.17%,25.29%,
105/05/10,1768,-518,-47,1203,59543,22426,2290,84259,17.76%,25.13%,
105/05/09,4130,-2803,-819,508,57777,22944,2337,83058,17.23%,24.77%,
105/05/06,-247,6,9,-232,53485,25747,3156,82388,15.95%,24.57%,
105/05/05,687,-59,-34,594,53772,25741,3147,82660,16.04%,24.66%,
105/05/04,-132,0,-97,-229,53085,25800,3181,82066,15.83%,24.48%,
105/05/03,12,-162,-18,-168,53177,25800,3278,82255,15.86%,24.53%,
105/04/29,550,30,-159,421,53165,25962,3296,82423,15.85%,24.58%,
105/04/28,96,269,-161,204,52615,25932,3455,82002,15.69%,24.46%,
105/04/27,199,-80,6,125,52509,25663,3616,81788,15.66%,24.39%,
105/04/26,513,6,302,821,52290,25743,3610,81643,15.59%,24.35%,
105/04/25,974,204,-76,1102,51777,25737,3307,80821,15.44%,24.10%,
105/04/22,196,264,224,684,50775,25533,3383,79691,15.14%,23.77%,
105/04/21,449,525,-45,929,50540,25269,3159,78968,15.07%,23.55%,
105/04/20,-359,0,-183,-542,50091,24744,3204,78039,14.94%,23.28%,
105/04/19,-114,-11,44,-81,50449,24744,3387,78580,15.04%,23.43%,
105/04/18,-450,435,-21,-36,50564,24755,3343,78662,15.08%,23.46%,
105/04/15,-253,308,-14,41,50874,24320,3364,78558,15.17%,23.43%,
105/04/14,40,405,22,467,51126,24012,3378,78516,15.25%,23.42%,
105/04/13,213,-43,32,202,51086,23607,3356,78049,15.23%,23.27%,
105/04/12,398,-502,-115,-219,50873,23650,3324,77847,15.17%,23.22%,
105/04/11,-204,0,-65,-269,50476,24152,3439,78067,15.05%,23.28%,
105/04/08,-203,0,-83,-286,50689,24152,3504,78345,15.12%,23.37%,
105/04/07,-212,20,-325,-517,51053,24152,3587,78792,15.22%,23.49%,
105/04/06,40,14,-12,42,51325,24132,3912,79369,15.31%,23.68%,
105/04/01,108,0,51,159,51286,24118,3924,79328,15.29%,23.66%,
105/03/31,-9,0,86,77,51178,24118,3873,79169,15.26%,23.61%,
105/03/30,-940,70,882,12,51187,25829,3787,80803,15.26%,24.09%,
105/03/29,-896,188,-118,-826,52048,25759,2905,80712,15.52%,24.07%,
105/03/28,-198,-695,244,-649,52944,25571,3023,81538,15.79%,24.32%,
105/03/25,-372,-479,-13,-864,53173,26266,2779,82218,15.86%,24.52%,
105/03/24,183,-64,-74,45,53545,26745,2792,83082,15.97%,24.78%,
105/03/23,-489,-61,13,-537,53362,26809,2866,83037,15.91%,24.76%,
105/03/22,-211,-188,-39,-438,53851,26869,2853,83573,16.06%,24.93%,
105/03/21,-89,-79,-22,-190,54100,27057,2892,84049,16.13%,25.06%,
105/03/18,-519,-68,-75,-662,54178,27136,2914,84228,16.16%,25.12%,
105/03/17,-902,350,-9,-561,54698,27204,2989,84891,16.31%,25.32%,
105/03/16,-1407,-451,30,-1828,55600,26854,2998,85452,16.58%,25.49%,
105/03/15,-824,-312,-513,-1649,56978,27305,2968,87251,16.99%,26.02%,
105/03/14,47,-198,-5,-156,57802,27617,3481,88900,17.24%,26.52%,
105/03/11,-511,-257,-186,-954,57755,27815,3486,89056,17.22%,26.56%,
105/03/10,603,-541,543,605,58266,28072,3672,90010,17.38%,26.85%,
105/03/09,-841,-1081,-179,-2101,57663,28613,3129,89405,17.20%,26.67%,
105/03/08,-1014,-864,61,-1817,58504,29694,3308,91506,17.45%,27.29%,
105/03/07,25,-902,3,-874,59526,30558,3247,93331,17.75%,27.83%,
105/03/04,-462,-746,4,-1204,59501,31460,3244,94205,17.74%,28.09%,
105/03/03,205,-1355,-32,-1182,59962,32206,3240,95408,17.88%,28.45%,
105/03/02,-156,-734,-116,-1006,59764,33561,3272,96597,17.82%,28.81%,
105/03/01,-282,-1028,8,-1302,59920,34295,3388,97603,17.87%,29.11%,
105/02/26,174,-763,34,-555,60202,35323,3380,98905,17.95%,29.50%,
105/02/25,-540,-177,-72,-789,60028,36086,3346,99460,17.90%,29.66%,
105/02/24,-893,-408,-103,-1404,60802,36263,3418,100483,18.13%,29.97%,
105/02/23,-118,-736,-128,-982,61942,36671,3521,102134,18.47%,30.46%,
105/02/22,-358,-70,-75,-503,62162,37407,3649,103218,18.54%,30.79%,
105/02/19,-1113,161,-324,-1276,62520,37477,3724,103721,18.65%,30.94%,
105/02/18,1147,382,723,2252,63632,37316,4048,104996,18.98%,31.32%,
105/02/17,857,290,100,1247,62448,36934,3325,102707,18.62%,30.63%,
105/02/16,-33,-75,58,-50,61591,36644,3225,101460,18.37%,30.26%,
105/02/15,605,-122,67,550,61614,36719,3167,101500,18.37%,30.27%,
105/02/03,323,-715,-193,-585,61008,36841,3100,100949,18.19%,30.10%,
105/02/02,-327,-158,189,-296,60675,37556,3293,101524,18.09%,30.27%,
105/02/01,-205,-915,-13,-1133,61042,37714,3104,101860,18.20%,30.37%,
105/01/30,401,110,277,788,61225,38629,3117,102971,18.26%,30.71%,
105/01/29,-138,-47,206,21,60824,38519,2840,102183,18.14%,30.47%,
105/01/28,89,-511,101,-321,60953,38566,2634,102153,18.18%,30.47%,
105/01/27,-168,-70,-17,-255,60854,39077,2533,102464,18.14%,30.55%,
105/01/26,473,-128,-111,234,61022,39147,2550,102719,18.19%,30.63%,
105/01/25,19,-187,-108,-276,60549,39275,2661,102485,18.05%,30.56%,
105/01/22,-83,42,12,-29,60530,39462,2769,102761,18.05%,30.64%,
105/01/21,121,-494,-49,-422,60603,39420,2757,102780,18.07%,30.65%,
105/01/20,-95,707,-159,453,60580,39914,2806,103300,18.06%,30.80%,
105/01/19,-218,250,76,108,61065,39207,2965,103237,18.21%,30.79%,
105/01/18,563,18,92,673,61302,38957,2889,103148,18.28%,30.76%,
105/01/15,1349,233,-18,1564,60739,38939,2797,102475,18.11%,30.56%,
105/01/14,492,-394,-380,-282,59483,38706,2815,101004,17.73%,30.11%,
105/01/13,-546,-119,-320,-985,58991,39100,3195,101286,17.59%,30.20%,
105/01/12,-653,65,-80,-668,59663,39219,3515,102397,17.79%,30.53%,
105/01/11,-353,-50,-33,-436,60306,39154,3595,103055,17.98%,30.73%,
105/01/08,791,-86,-32,673,60649,39204,3628,103481,18.08%,30.85%,
105/01/07,-230,-47,-340,-617,59858,39290,3660,102808,17.85%,30.66%,
105/01/06,-356,160,-46,-242,60088,39337,4000,103425,17.91%,30.83%,
105/01/05,-442,126,-44,-360,60445,39177,4046,103668,18.02%,30.91%,
105/01/04,-818,-37,-6,-861,59969,39051,4090,103110,17.88%,30.75%,
104/12/31,-47,300,30,283,60646,39088,4096,103830,18.08%,30.96%,
104/12/30,387,0,55,442,60714,35086,4066,99866,18.10%,29.78%,
104/12/29,-300,259,-104,-145,60186,35086,4011,99283,17.94%,29.60%,
104/12/28,-785,128,150,-507,60505,34827,4115,99447,18.04%,29.65%,
104/12/25,4,187,-6,185,61290,34699,3965,99954,18.27%,29.80%,
104/12/24,-1040,0,72,-968,61186,34512,3971,99669,18.24%,29.72%,
104/12/23,118,-293,-27,-202,62216,34512,3899,100627,18.55%,30.01%,
104/12/22,-136,-151,-103,-390,62094,34805,3926,100825,18.51%,30.06%,
104/12/21,-269,30,-3,-242,62630,34956,4029,101615,18.67%,30.30%,
104/12/18,-195,39,-25,-181,62890,34926,4032,101848,18.75%,30.37%,
104/12/17,-620,401,281,62,63075,34887,4057,102019,18.81%,30.42%,
104/12/16,144,40,9,193,63474,34486,3776,101736,18.92%,30.33%,
104/12/15,-289,335,13,59,63330,34446,3767,101543,18.88%,30.28%,
104/12/14,272,11,-113,170,63559,34111,3754,101424,18.95%,30.24%,
104/12/11,-491,-15,-19,-525,63287,34101,3867,101255,18.87%,30.19%,
104/12/10,-106,13,2,-91,63778,34116,3886,101780,19.02%,30.35%,
104/12/09,719,65,5,789,63884,34103,3884,101871,19.05%,30.38%,
104/12/08,-60,590,-65,465,64165,34038,3879,102082,19.13%,30.44%,
104/12/07,187,24,-94,117,64215,33448,3944,101607,19.15%,30.30%,
104/12/04,195,642,350,1187,63318,33424,4038,100780,18.88%,30.05%,
104/12/03,929,-31,-41,857,63123,32782,3688,99593,18.82%,29.70%,
104/12/02,78,123,-109,92,60394,32813,3729,96936,18.01%,28.91%,
104/12/01,-97,561,3,467,60343,32690,3838,96871,17.99%,28.88%,
104/11/30,993,505,-217,1281,60440,32129,3835,96404,18.02%,28.75%,
104/11/27,879,-50,-21,808,59447,31624,4052,95123,17.72%,28.36%,
104/11/26,-315,-40,-43,-398,58588,31674,4073,94335,17.47%,28.13%,
104/11/25,12,-31,-365,-384,58903,31714,4116,94733,17.56%,28.25%,
104/11/24,1039,130,772,1941,58929,31745,4481,95155,17.57%,28.37%,
104/11/23,1492,59,-84,1467,57890,31615,3709,93214,17.26%,27.79%,
104/11/20,677,13,-485,205,56488,31556,3793,91837,16.84%,27.38%,
104/11/19,1162,-9,331,1484,55811,31543,4278,91632,16.64%,27.32%,
104/11/18,768,267,4,1039,54649,31552,3947,90148,16.29%,26.88%,
104/11/17,361,797,-496,662,54104,31285,3943,89332,16.13%,26.64%,
104/11/16,1215,1183,983,3381,53743,30488,4439,88670,16.02%,26.44%,
104/11/13,449,403,-11,841,52526,29305,3456,85287,15.66%,25.43%,
104/11/12,462,-467,59,54,51915,28902,3467,84284,15.48%,25.13%,
104/11/11,-17,248,-100,131,51547,29369,3408,84324,15.37%,25.14%,
104/11/10,734,-256,-27,451,51564,29121,3508,84193,15.37%,25.10%,
104/11/09,850,-688,-239,-77,50830,29377,3535,83742,15.15%,24.97%,
104/11/06,-935,-40,-58,-1033,50192,30065,3774,84031,14.96%,25.05%,
104/11/05,477,162,182,821,51203,30105,3832,85140,15.26%,25.38%,
104/11/04,280,103,-358,25,51011,29943,3650,84604,15.21%,25.23%,
104/11/03,-835,66,-76,-845,50730,29840,4008,84578,15.12%,25.21%,
104/11/02,-1130,507,181,-442,52166,29774,4084,86024,15.55%,25.65%,
104/10/30,115,50,-337,-172,53507,29267,3903,86677,15.95%,25.84%,
104/10/29,224,677,689,1590,53157,29217,4240,86614,15.85%,25.83%,
104/10/28,-1401,329,479,-593,52626,28540,3552,84718,15.69%,25.26%,
104/10/27,-1194,-81,47,-1228,53900,28211,3073,85184,16.07%,25.40%,
104/10/26,435,-787,4,-348,55373,28291,3026,86690,16.51%,25.85%,
104/10/23,-1406,-36,-28,-1470,54951,29078,3022,87051,16.38%,25.95%,
104/10/22,899,-180,-105,614,56817,29114,3050,88981,16.94%,26.53%,
104/10/21,-73,-201,-133,-407,55918,29294,3155,88367,16.67%,26.35%,
104/10/20,-303,-30,-105,-438,55874,29495,3288,88657,16.66%,26.44%,
104/10/19,-541,-124,-550,-1215,55766,29525,3393,88684,16.63%,26.45%,
104/10/16,-224,57,545,378,56261,29649,3943,89853,16.77%,26.79%,
104/10/15,1245,-85,-261,899,56553,29592,3398,89543,16.86%,26.70%,
104/10/14,-249,-52,255,-46,55488,29677,3659,88824,16.54%,26.48%,
104/10/13,-1204,113,9,-1082,55737,29729,3404,88870,16.62%,26.50%,
104/10/12,307,187,74,568,57076,29616,3395,90087,17.02%,26.86%,
104/10/08,-125,0,-256,-381,56770,29429,3321,89520,16.93%,26.70%,
104/10/07,-568,-100,83,-585,56852,29429,3577,89858,16.95%,26.79%,
104/10/06,-505,319,-379,-565,57570,29529,3494,90593,17.16%,27.01%,
104/10/05,-633,1162,-283,246,59056,29210,3873,92139,17.61%,27.48%,
104/10/02,1242,1239,1222,3703,59628,28048,4156,91832,17.78%,27.38%,
104/10/01,440,502,-91,851,58386,26809,2934,88129,17.41%,26.28%,
104/09/30,-211,211,278,278,57946,26307,3025,87278,17.28%,26.03%,
104/09/25,535,194,146,875,58007,26699,2747,87453,17.29%,26.07%,
104/09/24,1419,-563,-34,822,57448,26505,2601,86554,17.13%,25.81%,
104/09/23,-346,-138,-164,-648,56029,27069,2635,85733,16.70%,25.56%,
104/09/22,-657,-0,-65,-722,56375,27206,2799,86380,16.81%,25.76%,
104/09/21,-1956,-24,-141,-2121,57032,27206,2864,87102,17.00%,25.97%,
104/09/18,-1446,-18,-163,-1627,58408,27230,3005,88643,17.41%,26.43%,
104/09/17,450,-5,168,613,59705,27248,3168,90121,17.80%,26.87%,
104/09/16,115,-349,-78,-312,58990,27253,3000,89243,17.59%,26.61%,
104/09/15,-111,455,-71,273,57760,27602,3078,88440,17.22%,26.37%,
104/09/14,-431,244,-189,-376,57871,27147,3149,88167,17.25%,26.28%,
104/09/11,-1651,653,132,-866,58303,26903,3338,88544,17.38%,26.40%,
104/09/10,-878,340,30,-508,59954,26250,3206,89410,17.87%,26.65%,
104/09/09,-357,656,425,724,60831,25910,3176,89917,18.14%,26.81%,
104/09/08,-898,70,128,-700,62002,25253,2751,90006,18.49%,26.84%,
104/09/07,-720,0,70,-650,62900,25183,2624,90707,18.75%,27.04%,
104/09/04,-1049,678,75,-296,62624,25183,2554,90361,18.67%,26.94%,
104/09/03,-1232,167,167,-898,63673,24505,2479,90657,18.98%,27.03%,
104/09/02,-1030,-75,52,-1053,65349,24338,2312,91999,19.48%,27.43%,
104/09/01,-1925,108,8,-1809,66401,24413,2260,93074,19.80%,27.75%,
104/08/31,-2428,97,-71,-2402,67819,24306,2252,94377,20.22%,28.14%,
104/08/28,-1199,77,-39,-1161,70247,24209,2323,96779,20.94%,28.85%,
104/08/27,-1109,1073,-153,-189,71455,24131,2362,97948,21.30%,29.20%,
104/08/26,-632,758,33,159,72564,23058,2515,98137,21.63%,29.26%,
104/08/25,-243,-452,21,-674,73196,22300,2482,97978,21.82%,29.21%,
104/08/24,21,-405,139,-245,73439,22752,2461,98652,21.89%,29.41%,
104/08/21,-1127,110,-122,-1139,73418,23157,2322,98897,21.89%,29.49%,
104/08/20,-224,80,-28,-172,74545,23047,2444,100036,22.22%,29.82%,
104/08/19,-1527,42,-136,-1621,74769,22967,2472,100208,22.29%,29.88%,
104/08/18,-312,-1195,77,-1430,76231,22925,2608,101764,22.73%,30.34%,
104/08/17,-1297,-205,-503,-2005,76544,24120,2531,103195,22.82%,30.77%,
104/08/14,-592,138,-101,-555,76132,24325,3034,103491,23.15%,31.31%,
104/08/13,-163,-7,111,-59,76723,24187,3135,104045,23.33%,31.48%,
104/08/12,-4024,-950,146,-4828,76876,24194,3024,104094,23.38%,31.50%,
104/08/11,-2323,-1586,-254,-4163,80900,25144,2878,108922,24.60%,32.96%,
104/08/10,-1827,1261,112,-454,83213,26730,3132,113075,25.31%,34.22%,
104/08/07,-320,234,108,22,84947,25469,3020,113436,25.83%,34.33%,
104/08/06,224,382,-224,382,85267,25235,2912,113414,25.93%,34.32%,
104/08/05,667,163,269,1099,85043,24853,3136,113032,25.86%,34.37%,
104/08/04,-121,148,-307,-280,84395,24690,2868,111953,25.67%,34.05%,
104/08/03,-148,215,-69,-2,84516,24542,3175,112233,25.70%,34.13%,
104/07/31,-637,353,-176,-460,84664,24327,3244,112235,25.75%,34.14%,
104/07/30,-616,625,111,120,85301,23974,3420,112695,25.94%,34.27%,
104/07/29,-899,391,157,-351,85917,23349,3309,112575,26.13%,34.24%,
104/07/28,525,633,385,1543,86816,22958,3152,112926,26.40%,34.34%,
104/07/27,-86,161,-186,-111,86291,22325,2767,111383,26.24%,33.87%,
104/07/24,-60,56,27,23,86377,22164,2953,111494,26.27%,33.91%,
104/07/23,291,371,9,671,86437,22108,2926,111471,26.29%,33.90%,
104/07/22,-134,284,-189,-39,86146,21737,2917,110800,26.20%,33.70%,
104/07/21,451,-338,13,126,86280,21453,3106,110839,26.24%,33.71%,
104/07/20,-520,268,-420,-672,85829,21791,3093,110713,26.10%,33.67%,
104/07/17,144,-23,-98,23,86350,21523,3513,111386,26.26%,33.88%,
104/07/16,-300,7,-63,-356,86238,21546,3611,111395,26.23%,33.88%,
104/07/15,-219,2,-9,-226,86538,21539,3674,111751,26.32%,33.99%,
104/07/14,-507,0,-49,-556,86757,21537,3683,111977,26.38%,34.05%,
104/07/13,-641,97,-158,-702,87346,21537,3732,112615,26.56%,34.25%,
104/07/09,47,475,260,782,87987,21440,3890,113317,26.76%,34.46%,
104/07/08,-59,-137,-395,-591,87930,20965,3630,112525,26.74%,34.22%,
104/07/07,134,-816,-376,-1058,87978,21102,4025,113105,26.76%,34.40%,
104/07/06,-619,-472,-449,-1540,87834,21918,4401,114153,26.71%,34.72%,
104/07/03,-132,-55,-128,-315,88463,22390,4850,115703,26.90%,35.19%,
104/07/02,-647,0,612,-35,88594,22445,4978,116017,26.94%,35.28%,
104/07/01,207,347,26,580,89241,22445,4366,116052,27.14%,35.30%,
104/06/30,-367,-270,-12,-649,89024,22098,4340,115462,27.07%,35.11%,
104/06/29,-543,12,-68,-599,89391,24159,4352,117902,27.19%,35.86%,
104/06/26,-48,717,-78,591,89934,24147,4420,118501,27.35%,36.04%,
104/06/25,893,0,-60,833,89982,23430,4498,117910,27.36%,35.85%,
104/06/24,-406,-10,-83,-499,89089,23430,4558,117077,27.09%,35.60%,
104/06/23,-486,165,352,31,89522,23440,4641,117603,27.23%,35.77%,
104/06/22,-73,75,8,10,90009,23275,4289,117573,27.37%,35.75%,
104/06/18,-511,365,-198,-344,90076,23200,4281,117557,27.39%,35.75%,
104/06/17,635,-120,540,1055,90524,22835,4479,117838,27.53%,35.84%,
104/06/16,1110,486,-26,1570,89840,22955,3939,116734,27.32%,35.50%,
104/06/15,741,-94,-203,444,88720,22469,3965,115154,26.98%,35.02%,
104/06/12,-847,227,-48,-668,87979,22563,4168,114710,26.76%,34.89%,
104/06/11,364,-117,-180,67,88826,22336,4216,115378,27.01%,35.09%,
104/06/10,341,-334,224,231,88462,22453,4396,115311,26.90%,35.07%,
104/06/09,1420,399,-111,1708,88121,22787,4172,115080,26.80%,35.00%,
104/06/08,-1093,-69,-123,-1285,86701,22388,4283,113372,26.37%,34.48%,
104/06/05,4068,382,-193,4257,87794,22457,4406,114657,26.70%,34.87%,
104/06/04,-2186,-1055,-65,-3306,83726,22075,4599,110400,25.46%,33.57%,
104/06/03,-1039,-32,-759,-1830,85912,23130,4664,113706,26.13%,34.58%,
104/06/02,1671,11,372,2054,86951,23162,5423,115536,26.44%,35.13%,
104/06/01,-415,-646,-437,-1498,85280,23151,5051,113482,25.93%,34.51%,
104/05/29,403,57,-142,318,85695,23797,5488,114980,26.06%,34.97%,
104/05/28,14,192,-243,-37,85292,23740,5630,114662,25.94%,34.87%,
104/05/27,3986,9,75,4070,85272,23548,5873,114693,25.93%,34.88%,
104/05/26,1091,-448,-22,621,81286,23539,5798,110623,24.72%,33.64%,
104/05/25,488,-1297,-165,-974,80195,23987,5820,110002,24.39%,33.46%,
104/05/22,365,-222,301,444,79707,25284,5985,110976,24.24%,33.75%,
104/05/21,1806,-315,-33,1458,79342,25506,5684,110532,24.13%,33.62%,
104/05/20,494,-163,223,554,77536,25821,5717,109074,23.58%,33.17%,
104/05/19,1310,160,-354,1116,77042,25984,5494,108520,23.43%,33.00%,
104/05/18,3938,282,-339,3881,75797,25824,5848,107469,23.05%,32.68%,
104/05/15,3594,-100,420,3914,71859,25542,6187,103588,21.85%,31.50%,
104/05/14,1931,232,-532,1631,68265,25642,5767,99674,20.76%,30.31%,
104/05/13,1677,1461,1100,4238,66335,25410,6299,98044,20.17%,29.81%,
104/05/12,1958,741,503,3202,64658,23949,5199,93806,19.66%,28.53%,
104/05/11,524,111,-116,519,62712,23208,4696,90616,19.07%,27.56%,
104/05/08,-325,810,-131,354,62188,23097,4812,90097,18.91%,27.40%,
104/05/07,-509,324,-973,-1158,62581,22287,4943,89811,19.03%,27.31%,
104/05/06,1076,974,663,2713,63080,21963,5916,90959,19.18%,27.66%,
104/05/05,134,487,-76,545,62020,20989,5253,88262,18.86%,26.84%,
104/05/04,226,548,130,904,61886,20502,5329,87717,18.82%,26.68%,
104/04/30,347,865,-278,934,61650,19954,5199,86803,18.75%,26.40%,
104/04/29,-130,215,-566,-481,61303,19089,5477,85869,18.64%,26.11%,
104/04/28,-640,556,263,179,61461,18874,6043,86378,18.69%,26.27%,
104/04/27,866,572,160,1598,62091,18318,5780,86189,18.88%,26.21%,
104/04/24,1232,910,-236,1906,61225,17746,5620,84591,18.62%,25.73%,
104/04/23,65,1371,-86,1350,59993,16836,5856,82685,18.24%,25.14%,
104/04/22,481,1034,149,1664,59928,15465,5942,81335,18.22%,24.73%,
104/04/21,350,423,-157,616,59447,14431,5793,79671,18.08%,24.23%,
104/04/20,-190,802,530,1142,59097,14008,5950,79055,17.97%,24.04%,
104/04/17,-67,1636,-156,1413,59277,13206,5420,77903,18.03%,23.70%,
104/04/16,229,1328,1156,2713,59326,11570,5576,76472,18.04%,23.26%,
104/04/15,-107,567,-240,220,59097,10242,4420,73759,17.97%,22.43%,
104/04/14,-988,647,1042,701,59204,9675,4660,73539,18.00%,22.36%,
104/04/13,134,13,173,320,60192,9028,3618,72838,18.30%,22.15%,
104/04/10,-425,45,-125,-505,60058,9015,3445,72518,18.26%,22.05%,
104/04/09,-331,315,506,490,60482,8970,3570,73022,18.39%,22.20%,
104/04/08,-396,-27,-101,-524,60813,8655,3064,72532,18.49%,22.05%,
104/04/07,-96,-60,-13,-169,61209,8682,3165,73056,18.61%,22.21%,
104/04/02,75,0,-2,73,61305,8742,3178,73225,18.64%,22.27%,
104/04/01,-7,110,-63,40,61230,8742,3180,73152,18.62%,22.25%,
104/03/31,107,269,36,412,61237,8632,3243,73112,18.62%,22.23%,
104/03/30,-58,0,13,-45,61130,9414,3207,73751,18.59%,22.43%,
104/03/27,115,42,-70,87,61189,9414,3194,73797,18.61%,22.44%,
104/03/26,-157,0,36,-121,61074,9372,3264,73710,18.57%,22.41%,
104/03/25,-410,-8,-193,-611,61230,9372,3228,73830,18.62%,22.45%,
104/03/24,-272,0,-4,-276,61640,9380,3421,74441,18.74%,22.63%,
104/03/23,1126,-731,111,506,61912,9380,3425,74717,18.83%,22.72%,
104/03/20,-210,-235,19,-426,60791,10111,3314,74216,18.49%,22.57%,
104/03/19,96,-457,11,-350,61001,10346,3295,74642,18.55%,22.70%,
104/03/18,383,-50,-130,203,60990,10803,3284,75077,18.55%,22.83%,
104/03/17,-18,0,-735,-753,61407,10853,3414,75674,18.67%,23.01%,
104/03/16,35,-384,143,-206,61617,10853,4149,76619,18.74%,23.30%,
104/03/13,73,-439,58,-308,61582,11237,4006,76825,18.73%,23.37%,
104/03/12,1221,-141,367,1447,61535,11676,3948,77159,18.71%,23.46%,
104/03/11,-177,250,-159,-86,60314,11817,3581,75712,18.34%,23.02%,
104/03/10,418,0,-386,32,60465,11567,3740,75772,18.39%,23.05%,
104/03/09,-56,0,292,236,59970,11567,4126,75663,18.24%,23.01%,
104/03/06,310,116,194,620,60026,11567,3834,75427,18.25%,22.93%,
104/03/05,-79,0,-197,-276,59835,11451,3640,74926,18.19%,22.78%,
104/03/04,559,-5,489,1043,59914,11451,3837,75202,18.22%,22.87%,
104/03/03,-265,0,-149,-414,59371,11456,3348,74175,18.05%,22.55%,
104/03/02,397,94,2,493,59636,11456,3497,74589,18.13%,22.68%,
104/02/26,267,-1,-113,153,59107,11362,3495,73964,17.97%,22.49%,
104/02/25,627,-547,9,89,58642,11363,3608,73613,17.83%,22.38%,
104/02/24,-222,612,-22,368,58081,11910,3599,73590,17.66%,22.38%,
104/02/13,1309,130,-346,1093,58723,11298,3621,73642,17.86%,22.40%,
104/02/12,1248,-62,-252,934,58086,11168,3967,73221,17.66%,22.26%,
104/02/11,8,397,220,625,56838,11230,4219,72287,17.28%,21.98%,
104/02/10,393,0,-741,-348,56940,10833,3999,71772,17.31%,21.82%,
104/02/09,713,325,1038,2076,56537,10833,4740,72110,17.19%,21.93%,
104/02/06,728,95,-41,782,55749,10508,3702,69959,16.95%,21.27%,
104/02/05,426,0,-511,-85,55021,10413,3743,69177,16.73%,21.04%,
104/02/04,1428,-150,566,1844,54595,10413,4255,69263,16.60%,21.06%,
104/02/03,-352,-110,322,-140,53167,10563,3689,67419,16.17%,20.51%,
104/02/02,49,121,-219,-49,53471,10673,3367,67511,16.26%,20.53%,
104/01/30,18,-1,-167,-150,53447,10552,3586,67585,16.25%,20.55%,
104/01/29,431,41,-123,349,53475,10553,3753,67781,16.26%,20.61%,
104/01/28,174,0,-234,-60,53044,10512,3876,67432,16.13%,20.51%,
104/01/27,1405,0,325,1730,52870,10512,4110,67492,16.08%,20.53%,
104/01/26,86,-294,-106,-314,51487,10512,3785,65784,15.66%,20.01%,
104/01/23,1491,340,-301,1530,51528,10806,3891,66225,15.67%,20.14%,
104/01/22,1912,-50,-359,1503,50039,10466,4192,64697,15.22%,19.68%,
104/01/21,-158,-100,-415,-673,48127,10516,4551,63194,14.63%,19.21%,
104/01/20,289,15,-491,-187,49243,10616,4966,64825,14.97%,19.71%,
104/01/19,82,-46,-441,-405,48952,10601,5457,65010,14.88%,19.76%,
104/01/16,-830,-45,-677,-1552,48884,10647,5898,65429,14.86%,19.89%,
104/01/15,-85,25,-60,-120,50183,10692,6575,67450,15.26%,20.51%,
104/01/14,-241,15,367,141,50245,10667,6635,67547,15.28%,20.54%,
104/01/13,-329,-141,-388,-858,50514,10652,6268,67434,15.36%,20.51%,
104/01/12,231,-191,258,298,49999,10793,6656,67448,15.20%,20.51%,
104/01/09,351,-162,1217,1406,49768,10984,6398,67150,15.13%,20.42%,
104/01/08,-106,-289,17,-378,49657,11146,5181,65984,15.10%,20.07%,
104/01/07,-192,-1,314,121,49887,11435,5164,66486,15.17%,20.22%,
104/01/06,-47,0,258,211,50031,11436,4850,66317,15.21%,20.17%,
104/01/05,-226,0,641,415,49958,11436,4592,65986,15.20%,20.08%,
