日期,外資買賣超,投信買賣超,自營商買賣超,單日合計買賣超,外資估計持股,投信估計持股,自營商估計持股,單日合計估計持股,外資持股比重,三大法人持股比重,
107/03/31,-61,0,-26,-87,657661,13389,7954,679004,53.89%,55.64%,
107/03/30,735,56,79,870,657722,13389,7980,679091,53.90%,55.65%,
107/03/29,-1366,63,-217,-1520,656987,13333,7901,678221,53.84%,55.58%,
107/03/28,76,-6,-627,-557,658353,13270,8118,679741,53.95%,55.70%,
107/03/27,1730,1,560,2291,658277,13276,8745,680298,53.94%,55.74%,
107/03/26,-3189,0,-49,-3238,656547,13275,8185,678007,53.80%,55.56%,
107/03/23,-1800,-54,-898,-2752,659725,13275,8234,681234,54.06%,55.82%,
107/03/22,156,160,-83,233,661300,13329,9132,683761,54.19%,56.03%,
107/03/21,-601,595,-74,-80,661143,13169,9215,683527,54.18%,56.01%,
107/03/20,-2234,326,-355,-2263,661719,12574,9289,683582,54.22%,56.01%,
107/03/19,-1643,-2,173,-1472,663953,12248,9644,685845,54.41%,56.20%,
107/03/16,226,-427,453,252,665500,12250,9471,687221,54.53%,56.31%,
107/03/15,-14593,-520,-114,-15227,664915,12677,9018,686610,54.49%,56.27%,
107/03/14,160,-118,-5,37,677926,13197,9132,700255,55.55%,57.38%,
107/03/13,286,-14,-347,-75,678120,13315,9137,700572,55.57%,57.41%,
107/03/12,3913,0,649,4562,677847,13329,9484,700660,55.55%,57.42%,
107/03/09,2698,90,72,2860,674017,13329,8835,696181,55.23%,57.05%,
107/03/08,-27,0,-25,-52,671800,13239,8763,693802,55.05%,56.85%,
107/03/07,654,0,93,747,671817,13239,8788,693844,55.05%,56.86%,
107/03/06,638,0,31,669,671163,13239,8695,693097,55.00%,56.80%,
107/03/05,-600,64,-176,-712,670575,13239,8664,692478,54.95%,56.74%,
107/03/02,321,0,140,461,671933,13175,8840,693948,55.06%,56.86%,
107/03/01,1747,209,209,2165,671612,13175,8700,693487,55.03%,56.82%,
107/02/27,-1145,0,-400,-1545,670045,12966,8491,691502,54.91%,56.67%,
107/02/26,822,0,1034,1856,671140,12966,8891,692997,55.00%,56.79%,
107/02/23,787,0,-75,712,670297,12966,7857,691120,54.93%,56.64%,
107/02/22,114,-48,-80,-14,669654,12966,7932,690552,54.87%,56.58%,
107/02/21,1900,50,238,2188,669646,13014,8012,690672,54.87%,56.59%,
107/02/12,-771,0,34,-737,667656,12964,7774,688394,54.71%,56.41%,
107/02/09,685,60,-505,240,668815,12964,7740,689519,54.81%,56.51%,
107/02/08,268,0,-142,126,667534,12904,8245,688683,54.70%,56.43%,
107/02/07,-2390,0,-44,-2434,667266,12904,8387,688557,54.68%,56.42%,
107/02/06,1081,-200,-70,811,668797,12904,8431,690132,54.80%,56.55%,
107/02/05,619,0,-85,534,667490,13104,8501,689095,54.70%,56.47%,
107/02/02,-310,0,-50,-360,666849,13104,8586,688539,54.64%,56.44%,
107/02/01,243,0,-136,107,667144,13104,8636,688884,54.67%,56.47%,
107/01/31,-1206,12,-78,-1272,666901,13104,8772,688777,54.65%,56.46%,
107/01/30,160,0,-230,-70,668136,13092,8850,690078,54.75%,56.57%,
107/01/29,-253,124,-54,-183,667976,13092,9080,690148,54.74%,56.58%,
107/01/26,299,-540,-851,-1092,667645,12968,9134,689747,55.33%,57.16%,
107/01/25,1396,-550,-413,433,667346,13508,9985,690839,55.31%,57.26%,
107/01/24,1368,-523,-215,630,667480,14058,10398,691936,55.32%,57.35%,
107/01/23,752,0,-553,199,666112,14581,10613,691306,55.20%,57.29%,
107/01/22,1695,0,437,2132,665360,14581,11166,691107,55.14%,57.27%,
107/01/19,-101,200,-121,-22,663665,14581,10729,688975,55.00%,57.10%,
107/01/18,463,150,245,858,663766,14381,10850,688997,55.01%,57.10%,
107/01/17,740,0,-194,546,663303,14231,10605,688139,54.97%,57.03%,
107/01/16,1240,-26,-136,1078,662563,14231,10799,687593,54.91%,56.98%,
107/01/15,1260,0,983,2243,661323,14257,10935,686515,54.81%,56.90%,
107/01/12,116,0,-98,18,660050,14257,9952,684259,54.70%,56.71%,
107/01/11,1317,0,-115,1202,659934,14257,10050,684241,54.69%,56.70%,
107/01/10,1041,-22,-144,875,659313,14257,10165,683735,54.64%,56.66%,
107/01/09,2397,-100,138,2435,658272,14279,10309,682860,54.55%,56.59%,
107/01/08,1465,0,-133,1332,655875,14379,10171,680425,54.35%,56.38%,
107/01/05,122,-21,4,105,654370,14379,10304,679053,54.23%,56.28%,
107/01/04,2823,6,-214,2615,654248,14400,10300,678948,54.22%,56.27%,
107/01/03,285,-50,-489,-254,651425,14394,10514,676333,53.99%,56.05%,
107/01/02,946,55,627,1628,651072,14444,11003,676519,53.96%,56.07%,
106/12/29,-165,0,1047,882,650206,14389,10376,674971,53.88%,55.93%,
106/12/28,-273,-55,-15,-343,650234,11325,9329,670888,53.89%,55.60%,
106/12/27,-46,-55,11,-90,650754,11380,9344,671478,53.93%,55.65%,
106/12/26,580,-50,19,549,650800,11435,9333,671568,53.93%,55.65%,
106/12/25,119,0,-210,-91,650215,11485,9314,671014,53.89%,55.61%,
106/12/22,-346,-136,-116,-598,650096,11485,9524,671105,53.88%,55.62%,
106/12/21,-251,-94,-69,-414,650439,11621,9640,671700,53.90%,55.66%,
106/12/20,1756,-66,1049,2739,650690,11715,9709,672114,53.93%,55.71%,
106/12/19,701,-1068,0,-367,648900,11781,8660,669341,53.78%,55.47%,
106/12/18,894,-505,333,722,648199,12849,8660,669708,53.72%,55.50%,
106/12/15,814,-2898,-498,-2582,647305,13354,8327,668986,53.64%,55.44%,
106/12/14,425,70,122,617,646347,16252,8825,671424,53.57%,55.65%,
106/12/13,516,0,-86,430,636476,16182,8703,661361,52.75%,54.81%,
106/12/12,-363,0,19,-344,635959,16182,8789,660930,52.70%,54.77%,
106/12/11,1107,0,204,1311,636322,16182,8770,661274,52.73%,54.80%,
106/12/08,89,-7,43,125,635215,16182,8566,659963,52.64%,54.69%,
106/12/07,-1140,-626,-353,-2119,634161,16189,8523,658873,52.56%,54.61%,
106/12/06,-2014,-1279,-344,-3637,635301,16815,8876,660992,52.65%,54.78%,
106/12/05,871,-680,-572,-381,637481,18094,9220,664795,52.83%,55.09%,
106/12/04,5,0,-117,-112,636581,18774,9792,665147,52.76%,55.13%,
106/12/01,303,0,-112,191,637797,18774,9909,666480,52.86%,55.24%,
106/11/30,483,-107,52,428,637745,18774,10021,666540,52.85%,55.24%,
106/11/29,-1408,60,-12,-1360,637262,18881,9969,666112,52.81%,55.20%,
106/11/28,-10,-299,-78,-387,638670,18821,9981,667472,52.93%,55.32%,
106/11/27,749,0,-882,-133,638838,19120,10059,668017,52.94%,55.36%,
106/11/24,732,0,-32,700,638089,19120,10941,668150,52.88%,55.37%,
106/11/23,1231,175,-27,1379,637357,19120,10973,667450,52.82%,55.31%,
106/11/22,2396,145,-264,2277,636126,18945,11000,666071,52.72%,55.20%,
106/11/21,4370,0,548,4918,633616,18800,11264,663680,52.51%,55.00%,
106/11/20,4137,0,657,4794,628452,18800,10716,657968,52.08%,54.53%,
106/11/17,1901,0,113,2014,624312,18800,10059,653171,51.74%,54.13%,
106/11/16,-458,11,-29,-476,622372,18800,9946,651118,51.58%,53.96%,
106/11/15,395,153,981,1529,622785,18789,9975,651549,51.61%,53.99%,
106/11/14,918,0,-50,868,622383,18636,8994,650013,51.58%,53.87%,
106/11/13,479,51,-27,503,621636,18636,9044,649316,51.52%,53.81%,
106/11/10,-661,17,-159,-803,621309,18585,9071,648965,51.49%,53.78%,
106/11/09,457,-186,-119,152,622100,18568,9230,649898,51.56%,53.86%,
106/11/08,739,421,425,1585,622420,18754,9349,650523,51.58%,53.91%,
106/11/07,-526,-190,202,-514,621681,18333,8924,648938,51.52%,53.78%,
106/11/06,-985,0,-13,-998,622107,18523,8722,649352,51.56%,53.82%,
106/11/03,286,36,-200,122,622825,18523,8735,650083,51.62%,53.88%,
106/11/02,959,12,-849,122,622518,18487,8935,649940,51.59%,53.93%,
106/11/01,1341,514,217,2072,621808,18475,9784,650067,51.53%,53.94%,
106/10/31,1190,62,919,2171,620467,17961,9567,647995,51.42%,53.77%,
106/10/30,-254,0,295,41,619958,17899,8648,646505,51.38%,53.64%,
106/10/27,3364,-62,-1884,1418,620455,17899,8353,646707,51.42%,53.66%,
106/10/26,-2209,0,-421,-2630,616898,17961,10237,645096,51.12%,53.52%,
106/10/25,4027,77,351,4455,619054,17961,10658,647673,51.30%,53.74%,
106/10/24,2019,-71,68,2016,615028,17884,10307,643219,50.97%,53.37%,
106/10/23,2691,144,75,2910,613009,17955,10239,641203,50.80%,53.20%,
106/10/20,3439,204,239,3882,581015,17811,10164,608990,49.50%,51.88%,
106/10/19,1858,103,139,2100,577370,17607,9925,604902,49.19%,51.54%,
106/10/18,525,10,-107,428,576741,17504,9786,604031,49.13%,51.46%,
106/10/17,2018,0,-107,1911,576651,17494,9893,604038,49.13%,51.46%,
106/10/16,1161,0,-969,192,574633,17494,10000,602127,48.95%,51.29%,
106/10/13,2849,10,1552,4411,573435,17494,10969,601898,48.85%,51.28%,
106/10/12,226,15,272,513,570586,17484,9417,597487,48.61%,50.90%,
106/10/11,303,15,-365,-47,570360,17469,9145,596974,48.59%,50.86%,
106/10/06,2525,30,107,2662,570057,17454,9510,597021,48.56%,50.86%,
106/10/05,1917,10,-647,1280,567487,17424,9403,594314,48.34%,50.63%,
106/10/03,2023,223,-278,1968,565105,17414,10050,592569,48.14%,50.48%,
106/10/02,-891,59,1565,733,563022,17191,10328,590541,47.96%,50.30%,
106/09/30,22,0,92,114,563913,17132,8763,589808,48.04%,50.25%,
106/09/29,678,0,-231,447,563891,15619,8671,588181,48.04%,50.11%,
106/09/28,-956,0,-882,-1838,563212,15619,8902,587733,47.98%,50.07%,
106/09/27,697,12,161,870,564158,15619,9784,589561,48.06%,50.22%,
106/09/26,480,730,-483,727,563462,15607,9623,588692,48.00%,50.15%,
106/09/25,575,0,33,608,562840,14877,10106,587823,47.95%,50.08%,
106/09/22,1544,0,267,1811,562266,14877,10073,587216,47.90%,50.03%,
106/09/21,1546,0,-20,1526,560911,14877,9806,585594,47.78%,49.88%,
106/09/20,-75,0,267,192,559287,14877,9826,583990,47.65%,49.75%,
106/09/19,2125,-770,-1635,-280,560131,14877,9559,584567,47.72%,49.80%,
106/09/18,2547,-810,2246,3983,551678,15647,11194,578519,47.00%,49.29%,
106/09/15,1405,-61,-876,468,549131,16457,8948,574536,46.78%,48.94%,
106/09/14,2876,0,260,3136,547773,16518,9824,574115,46.67%,48.91%,
106/09/13,5428,0,488,5916,532880,16518,9564,558962,45.40%,47.62%,
106/09/12,1724,0,214,1938,527365,16518,9076,552959,44.93%,47.11%,
106/09/11,-733,0,-753,-1486,525418,16518,8862,550798,44.76%,46.92%,
106/09/08,4079,-1535,1798,4342,526069,16518,9615,552202,44.82%,47.05%,
106/09/07,603,-10,-412,181,521948,18053,7817,547818,44.46%,46.66%,
106/09/06,1976,-31,-1213,732,521345,18063,8229,547637,44.41%,46.65%,
106/09/05,1166,0,1152,2318,519093,18094,9443,546630,44.22%,46.57%,
106/09/04,305,0,333,638,517843,18094,8291,544228,44.12%,46.37%,
106/09/01,-265,0,-555,-820,517513,18094,7958,543565,44.09%,46.31%,
106/08/31,195,0,328,523,517709,18094,8513,544316,44.10%,46.37%,
106/08/30,-1622,0,-202,-1824,517514,18094,8185,543793,44.09%,46.33%,
106/08/29,-141,-1,-329,-471,519136,18094,8387,545617,44.23%,46.49%,
106/08/28,1179,7,-993,193,519339,18095,8716,546150,44.24%,46.52%,
106/08/25,343,8,84,435,518161,18088,9709,545958,44.14%,46.51%,
106/08/24,-316,9,122,-185,517807,18080,9625,545512,44.11%,46.47%,
106/08/23,-290,-463,-525,-1278,517275,18071,9503,544849,44.07%,46.42%,
106/08/22,48,0,539,587,517530,18534,10028,546092,44.09%,46.52%,
106/08/21,21,-1005,-238,-1222,517462,18534,9489,545485,44.08%,46.47%,
106/08/18,-719,0,-18,-737,518666,19539,9727,547932,44.19%,46.68%,
106/08/17,80,0,71,151,519346,19539,9745,548630,44.24%,46.73%,
106/08/16,-554,26,170,-358,519194,19539,9674,548407,44.23%,46.72%,
106/08/15,728,0,134,862,519636,19513,9504,548653,44.27%,46.74%,
106/08/14,-33,500,-184,283,518891,19513,9369,547773,44.20%,46.66%,
106/08/11,-138,0,501,363,519139,19013,9553,547705,44.23%,46.66%,
106/08/10,639,67,-1230,-524,519027,19013,9052,547092,44.22%,46.61%,
106/08/09,784,28,-812,0,518344,18946,10282,547572,44.16%,46.65%,
106/08/08,1992,-100,356,2248,517544,18918,11094,547556,44.09%,46.65%,
106/08/07,2382,115,-802,1695,515500,19018,10738,545256,43.92%,46.46%,
106/08/04,1189,-39,1523,2673,513118,18903,11540,543561,43.71%,46.30%,
106/08/03,122,0,727,849,511776,18942,10017,540735,43.60%,46.07%,
106/08/02,834,-80,-180,574,511654,18942,9290,539886,43.59%,46.00%,
106/08/01,-183,-129,-259,-571,510668,19022,9470,539160,43.50%,45.93%,
106/07/31,-116,-75,-52,-243,511591,19151,9729,540471,43.58%,46.05%,
106/07/28,1200,-1509,-875,-1184,511707,19226,9781,540714,43.59%,46.07%,
106/07/27,3501,-1762,-368,1371,510507,20735,10656,541898,43.49%,46.17%,
106/07/26,1226,644,327,2197,507006,22497,11024,540527,43.19%,46.05%,
106/07/25,108,0,464,572,506256,21853,10697,538806,43.13%,45.91%,
106/07/24,871,0,-113,758,506082,21853,10233,538168,43.11%,45.85%,
106/07/21,1373,0,-234,1139,505107,21853,10346,537306,43.12%,45.87%,
106/07/20,-177,-563,3,-737,502758,21853,10580,535191,42.92%,45.69%,
106/07/19,1473,0,75,1548,502935,22416,10577,535928,42.94%,45.76%,
106/07/18,79,-142,68,5,500962,22416,10502,533880,42.77%,45.58%,
106/07/17,1290,-0,-105,1185,500883,22558,10434,533875,42.76%,45.58%,
106/07/14,1832,-39,-464,1329,499593,22558,10539,532690,42.65%,45.48%,
106/07/13,-74,-26,-591,-691,497530,22597,11003,531130,42.48%,45.35%,
106/07/12,543,-102,-359,82,497604,22623,11594,531821,42.48%,45.40%,
106/07/11,1423,0,504,1927,497000,22725,11953,531678,42.43%,45.39%,
106/07/10,1446,-213,-376,857,495344,22725,11449,529518,42.29%,45.21%,
106/07/07,-594,-1388,-516,-2498,493480,22938,11825,528243,42.13%,45.10%,
106/07/06,2683,-785,54,1952,494009,24326,12341,530676,42.18%,45.31%,
106/07/05,1452,-885,105,672,489932,25111,12287,527330,41.83%,45.02%,
106/07/04,-368,-275,-1184,-1827,488532,25996,12182,526710,41.71%,44.97%,
106/07/03,-1269,-227,2537,1041,488970,26271,13366,528607,41.75%,45.13%,
106/06/30,610,-254,-159,197,490239,26498,10829,527566,41.85%,45.04%,
106/06/29,456,-26,-54,376,489583,26163,10988,526734,41.80%,44.97%,
106/06/28,-1600,-242,-409,-2251,489127,26189,11042,526358,41.76%,44.94%,
106/06/27,2543,-1,-529,2013,497060,26431,11451,534942,42.44%,45.67%,
106/06/26,2678,68,-133,2613,494447,26432,11980,532859,42.21%,45.49%,
106/06/23,26,-94,-728,-796,491769,26364,12113,530246,41.98%,45.27%,
106/06/22,460,120,-227,353,491836,26458,12841,531135,41.99%,45.35%,
106/06/21,2223,152,453,2828,491267,26338,13068,530673,41.94%,45.30%,
106/06/20,4753,-252,-165,4336,489126,26186,12615,527927,41.76%,45.07%,
106/06/19,2357,1000,-114,3243,484281,26438,12780,523499,41.35%,44.70%,
106/06/16,7031,462,205,7698,481161,25438,12894,519493,41.08%,44.35%,
106/06/15,966,179,-11,1134,474130,24976,12689,511795,40.48%,43.70%,
106/06/14,1134,-200,-390,544,472154,24797,12700,509651,40.31%,43.51%,
106/06/13,-137,-130,-267,-534,471004,24997,13090,509091,40.21%,43.46%,
106/06/12,573,0,-407,166,471113,25127,13357,509597,40.22%,43.51%,
106/06/09,190,-417,-169,-396,470529,25127,13764,509420,40.17%,43.49%,
106/06/08,-469,-415,385,-499,470412,25544,13933,509889,40.16%,43.53%,
106/06/07,451,-641,-438,-628,471173,25959,13548,510680,40.23%,43.60%,
106/06/06,204,-162,-781,-739,471802,26600,13986,512388,40.28%,43.75%,
106/06/05,4949,-13,894,5830,471062,26762,14767,512591,40.22%,43.77%,
106/06/03,249,-1656,-921,-2328,466113,26775,13873,506761,39.79%,43.26%,
106/06/02,-282,-420,694,-8,465864,28431,14794,509089,39.77%,43.46%,
106/06/01,-706,-600,234,-1072,468187,28851,14100,511138,39.97%,43.64%,
106/05/31,712,-285,-234,193,468893,29451,13866,512210,40.03%,43.73%,
106/05/26,1849,-2515,255,-411,468668,29736,14100,512504,40.01%,43.75%,
106/05/25,1113,-2691,-95,-1673,466719,32251,13845,512815,39.85%,43.79%,
106/05/24,1009,80,81,1170,464437,34942,13940,513319,39.65%,43.82%,
106/05/23,1589,0,-132,1457,463686,34862,13859,512407,39.59%,43.75%,
106/05/22,-27,-50,-433,-510,467795,34862,13991,516648,39.94%,44.11%,
106/05/19,183,51,170,404,467931,34912,14424,517267,39.95%,44.16%,
106/05/18,57,-1,-25,31,467737,34861,14254,516852,39.93%,44.12%,
106/05/17,360,190,-647,-97,467880,34862,14279,517021,39.94%,44.14%,
106/05/16,804,135,-112,827,467465,34672,14926,517063,39.91%,44.14%,
106/05/15,560,-124,124,560,466661,34537,15038,516236,39.84%,44.07%,
106/05/12,987,-680,-254,53,466098,34661,14914,515673,39.79%,44.02%,
106/05/11,5840,-80,-111,5649,465144,35341,15168,515653,39.71%,44.02%,
106/05/10,3125,1653,533,5311,459072,35421,15279,509772,39.19%,43.52%,
106/05/09,7328,1264,-1207,7385,455803,33768,14746,504317,38.91%,43.05%,
106/05/08,10508,-51,-2078,8379,448466,32504,15953,496923,38.29%,42.43%,
106/05/05,2458,275,2129,4862,437958,32555,18031,488544,37.39%,41.71%,
106/05/04,4217,-191,780,4806,435300,32280,15902,483482,37.16%,41.27%,
106/05/03,3176,0,-508,2668,431332,32471,15122,478925,36.82%,40.88%,
106/05/02,19086,2872,1662,23620,427856,32471,15630,475957,36.53%,40.64%,
106/04/28,775,0,-154,621,408221,29599,13968,451788,34.85%,38.57%,
106/04/27,93,-355,28,-234,407530,29599,14122,451251,34.79%,38.52%,
106/04/26,-1124,-420,-36,-1580,407437,29954,14094,451485,34.78%,38.54%,
106/04/25,-2057,221,-6,-1842,408561,30374,14130,453065,34.88%,38.68%,
106/04/24,-2662,157,-28,-2533,410435,30153,14136,454724,35.04%,38.82%,
106/04/21,921,159,-198,882,413087,29996,14164,457247,35.27%,39.04%,
106/04/20,2308,0,170,2478,412142,29837,14362,456341,35.19%,38.96%,
106/04/19,829,0,-232,597,409834,29837,14192,453863,34.99%,38.75%,
106/04/18,2488,-1239,365,1614,409005,29837,14424,453266,34.92%,38.70%,
106/04/17,277,-2191,-47,-1961,406505,31076,14059,451640,34.70%,38.55%,
106/04/14,-472,-8,-20,-500,406223,33267,14106,453596,34.68%,38.72%,
106/04/13,-382,0,-37,-419,406674,33275,14126,454075,34.72%,38.77%,
106/04/12,-2863,0,-551,-3414,406556,33275,14163,453994,34.71%,38.76%,
106/04/11,-553,-1140,67,-1626,409725,33275,14714,457714,34.98%,39.08%,
106/04/10,-2265,0,-81,-2346,410279,34415,14647,459341,35.03%,39.22%,
106/04/07,-684,0,-30,-714,411544,34415,14728,460687,35.13%,39.33%,
106/04/06,20,0,38,58,412365,34415,14758,461538,35.20%,39.41%,
106/04/05,198,0,-180,18,412345,34415,14720,461480,35.20%,39.41%,
106/03/31,201,0,-371,-170,411661,34415,14900,460976,35.14%,39.36%,
106/03/30,1722,0,-314,1408,411460,29115,15271,455846,35.13%,38.93%,
106/03/29,1556,57,-707,906,409968,29115,15585,454668,35.00%,38.83%,
106/03/28,-511,57,541,87,408401,29058,16292,453751,34.87%,38.75%,
106/03/27,-946,1,-319,-1264,408902,29001,15751,453654,34.91%,38.74%,
106/03/24,1510,-200,39,1349,410276,29000,16070,455346,35.03%,38.89%,
106/03/23,-1354,-380,-285,-2019,408735,29200,16031,453966,34.89%,38.76%,
106/03/22,-3244,127,2,-3115,410429,29580,16316,456325,35.04%,38.97%,
106/03/21,-4535,117,-485,-4903,413674,29453,16314,459441,35.32%,39.24%,
106/03/20,-2621,79,99,-2443,414750,29336,16799,460885,35.52%,39.47%,
106/03/17,-10583,-547,-137,-11267,417925,29257,16700,463882,35.79%,39.73%,
106/03/16,-1733,0,501,-1232,429008,29804,16837,475649,36.74%,40.74%,
106/03/15,-1484,0,423,-1061,431103,29804,16336,477243,36.92%,40.87%,
106/03/14,-3902,105,9,-3788,432354,29804,15913,478071,37.03%,40.95%,
106/03/13,-1878,422,124,-1332,432741,29699,15904,478344,37.06%,40.97%,
106/03/10,-4630,0,249,-4381,434608,29277,15780,479665,37.22%,41.08%,
106/03/09,-4741,0,41,-4700,439221,29277,15531,484029,37.62%,41.46%,
106/03/08,-660,-947,96,-1511,443962,29277,15490,488729,38.02%,41.85%,
106/03/07,-3641,-1200,-115,-4956,444208,30224,15394,489826,38.04%,41.95%,
106/03/06,-5937,-924,-61,-6922,447647,31424,15509,494580,38.34%,42.36%,
106/03/03,-11856,0,2947,-8909,453294,32348,15570,501212,38.82%,42.92%,
106/03/02,-1305,0,1,-1304,464851,32348,12623,509822,39.81%,43.66%,
106/03/01,-1240,0,457,-783,466322,32348,12622,511292,39.94%,43.79%,
106/02/24,267,0,36,303,467623,32348,12165,512136,40.05%,43.86%,
106/02/23,-3096,0,-118,-3214,467356,32348,12129,511833,40.03%,43.84%,
106/02/22,2259,0,106,2365,470452,32348,12247,515047,40.29%,44.11%,
106/02/21,1375,0,-103,1272,468452,32348,12141,512941,40.12%,43.93%,
106/02/20,-840,0,14,-826,467119,32348,12244,511711,40.01%,43.83%,
106/02/18,1900,946,255,3101,467959,32348,12230,512537,40.08%,43.90%,
106/02/17,-1543,-888,-198,-2629,466059,31402,11975,509436,39.91%,43.63%,
106/02/16,1990,200,-941,1249,467602,32290,12173,512065,40.05%,43.86%,
106/02/15,1742,1614,819,4175,465020,32090,13114,510224,39.83%,43.70%,
106/02/14,-3411,565,-1302,-4148,463278,30476,12295,506049,39.68%,43.34%,
106/02/13,-1087,1450,2618,2981,466418,29911,13597,509926,39.95%,43.68%,
106/02/10,53,449,177,679,465405,28461,10979,504845,39.86%,43.24%,
106/02/09,2290,195,-165,2320,465444,28012,10802,504258,39.86%,43.18%,
106/02/08,-256,572,-1175,-859,462528,27817,10967,501312,39.61%,42.93%,
106/02/07,-524,2595,537,2608,462142,27245,12142,501529,39.58%,42.95%,
106/02/06,-2100,300,1164,-636,462566,24650,11605,498821,39.62%,42.73%,
106/02/03,-617,171,296,-150,462587,24350,10441,497378,39.62%,42.60%,
106/02/02,782,0,796,1578,463204,24179,10145,497528,39.67%,42.61%,
106/01/24,1167,0,-63,1104,463992,24179,9349,497520,39.74%,42.61%,
106/01/23,-1400,0,36,-1364,462825,24179,9412,496416,39.64%,42.52%,
106/01/20,-1148,0,-6,-1154,464225,24179,9376,497780,39.76%,42.63%,
106/01/19,-1069,-200,47,-1222,465373,24179,9382,498934,39.86%,42.73%,
106/01/18,-488,0,763,275,466442,24379,9335,500156,39.95%,42.84%,
106/01/17,-209,-70,47,-232,467001,24379,8572,499952,40.00%,42.82%,
106/01/16,-1137,0,-421,-1558,467210,24449,8525,500184,40.01%,42.83%,
106/01/13,-2930,0,28,-2902,468455,24449,8946,501850,40.12%,42.98%,
106/01/12,-2748,0,-112,-2860,470735,24449,8918,504102,40.32%,43.18%,
106/01/11,-605,0,79,-526,473483,24449,9030,506962,40.55%,43.42%,
106/01/10,-781,50,3,-728,473588,24449,8951,506988,40.56%,43.42%,
106/01/09,-2736,1559,-12,-1189,474369,24399,8948,507716,40.63%,43.49%,
106/01/06,-986,2545,-774,785,477105,22840,8960,508905,40.86%,43.58%,
106/01/05,405,1006,-174,1237,478091,20295,9734,508120,40.95%,43.52%,
106/01/04,-112,1845,-284,1449,477496,19289,9908,506693,40.89%,43.39%,
106/01/03,1027,35,419,1481,477608,17444,10192,505244,40.90%,43.27%,
105/12/30,-1194,-5,124,-1075,476581,17409,9773,503763,40.82%,43.15%,
105/12/29,-1154,0,-50,-1204,477775,17414,9649,504838,40.92%,43.24%,
105/12/28,79,0,-118,-39,478929,17414,9699,506042,41.02%,43.34%,
105/12/27,-880,0,-319,-1199,478850,17414,9817,506081,41.01%,43.34%,
105/12/26,-661,0,-101,-762,479730,17414,10136,507280,41.09%,43.45%,
105/12/23,-1788,0,11,-1777,480267,17414,10237,507918,41.13%,43.50%,
105/12/22,-2385,0,152,-2233,481855,17414,10226,509495,41.27%,43.64%,
105/12/21,-2177,0,400,-1777,484240,17414,10074,511728,41.47%,43.82%,
105/12/20,288,0,102,390,486464,17414,9674,513552,41.66%,43.98%,
105/12/19,-912,0,206,-706,486176,17414,9572,513162,41.64%,43.95%,
105/12/16,-1317,-1,186,-1132,487088,17414,9366,513868,41.72%,44.01%,
105/12/15,-1087,-800,295,-1592,488404,17415,9180,514999,41.83%,44.11%,
105/12/14,-2995,66,128,-2801,489491,18215,8885,516591,41.92%,44.24%,
105/12/13,-357,0,-15,-372,491586,18149,8757,518492,42.10%,44.40%,
105/12/12,-1030,-170,-9,-1209,492016,18149,8772,518937,42.14%,44.45%,
105/12/09,-1192,66,-158,-1284,493046,18319,8781,520146,42.23%,44.55%,
105/12/08,-753,391,-122,-484,494238,18253,8939,521430,42.33%,44.66%,
105/12/07,-700,0,-81,-781,494991,17862,9061,521914,42.39%,44.70%,
105/12/06,-3932,230,162,-3540,495844,17862,9142,522848,42.47%,44.78%,
105/12/05,-2382,0,232,-2150,499776,17632,8980,526388,42.80%,45.08%,
105/12/02,-2923,0,53,-2870,502158,17632,8748,528538,43.01%,45.27%,
105/12/01,-3065,0,380,-2685,504929,17632,8695,531256,43.24%,45.50%,
105/11/30,-2084,120,79,-1885,507993,17632,8315,533940,43.51%,45.73%,
105/11/29,-1074,-1794,102,-2766,509984,17512,8236,535732,43.68%,45.89%,
105/11/28,-1621,0,30,-1591,511058,19306,8134,538498,43.77%,46.12%,
105/11/25,-535,0,-82,-617,512679,19306,8104,540089,43.91%,46.26%,
105/11/24,66,0,-78,-12,513714,19306,8186,541206,44.00%,46.35%,
105/11/23,-616,0,24,-592,512748,19306,8264,540318,43.91%,46.27%,
105/11/22,-1973,52,54,-1867,513364,19306,8240,540910,43.97%,46.33%,
105/11/21,-1810,0,-115,-1925,515187,19254,8186,542627,44.12%,46.47%,
105/11/18,-314,0,-75,-389,516998,19254,8301,544553,44.28%,46.64%,
105/11/17,-2374,126,228,-2020,517311,19254,8376,544941,44.30%,46.67%,
105/11/16,-1971,767,186,-1018,519685,19128,8148,546961,44.51%,46.85%,
105/11/15,661,768,93,1522,521656,18361,7962,547979,44.68%,46.93%,
105/11/14,-1440,150,246,-1044,520995,17593,7869,546457,44.62%,46.80%,
105/11/11,-5279,288,224,-4767,522435,17443,7623,547501,44.74%,46.89%,
105/11/10,410,410,35,855,527714,17155,7399,552268,45.20%,47.30%,
105/11/09,-6733,30,34,-6669,527304,16745,7364,551413,45.16%,47.23%,
105/11/08,-2957,150,-27,-2834,534037,16715,7330,558082,45.74%,47.80%,
105/11/07,-6296,150,237,-5909,536994,16565,7357,560916,45.99%,48.04%,
105/11/04,-2768,0,-51,-2819,543290,16415,7120,566825,46.53%,48.55%,
105/11/03,-1161,157,-48,-1052,546058,16415,7171,569644,46.77%,48.79%,
105/11/02,-42,175,18,151,547219,16258,7219,570696,46.87%,48.89%,
105/11/01,-2734,0,12,-2722,547261,16083,7201,570545,46.87%,48.87%,
105/10/31,66,0,-104,-38,549995,16083,7189,573267,47.10%,49.10%,
105/10/28,-3511,0,-4,-3515,549929,16083,7293,573305,47.10%,49.11%,
105/10/27,-3298,402,-408,-3304,553240,16083,7297,576620,47.38%,49.39%,
105/10/26,-2428,0,255,-2173,556538,15681,7705,579924,47.66%,49.67%,
105/10/25,-686,-58,525,-219,558916,15681,7450,582047,47.87%,49.86%,
105/10/24,-2223,0,92,-2131,559601,15739,6925,582265,47.93%,49.88%,
105/10/21,-3285,49,118,-3118,561824,15739,6833,584396,48.12%,50.06%,
105/10/20,6,163,-17,152,565109,15690,6715,587514,48.40%,50.33%,
105/10/19,-1032,60,776,-196,565364,15527,6732,587623,48.42%,50.34%,
105/10/18,-1102,110,-102,-1094,563888,15467,5956,585311,48.51%,50.35%,
105/10/17,-1899,110,378,-1411,564990,15357,6058,586405,48.60%,50.44%,
105/10/14,-3092,110,259,-2723,567437,15247,5680,588364,48.82%,50.62%,
105/10/13,-1788,120,607,-1061,567992,15137,5421,588550,48.86%,50.63%,
105/10/12,1722,130,97,1949,569726,15017,4814,589557,49.01%,50.72%,
105/10/11,281,240,2,523,568844,14887,4717,588448,48.94%,50.63%,
105/10/07,701,-198,-87,416,568563,14647,4715,587925,48.91%,50.58%,
105/10/06,2671,0,-308,2363,567862,14845,4802,587509,48.85%,50.54%,
105/10/05,2207,165,-195,2177,565103,14845,5110,585058,48.61%,50.33%,
105/10/04,1733,-140,-445,1148,562146,14680,5305,582131,48.36%,50.08%,
105/10/03,2184,-20,-776,1388,560413,14820,5750,580983,48.21%,49.98%,
105/09/30,0,-175,1194,1019,558229,14840,6526,579595,48.02%,49.86%,
105/09/29,-1333,-300,471,-1162,557919,25020,5332,588271,48.00%,50.61%,
105/09/26,-2254,-250,507,-1997,557762,25320,4861,587943,47.98%,50.58%,
105/09/23,-1146,-361,-275,-1782,560016,25570,4354,589940,48.18%,50.75%,
105/09/22,-3642,-1410,-415,-5467,561162,25931,4629,591722,48.28%,50.91%,
105/09/21,724,-243,721,1202,564803,27341,5044,597188,48.59%,51.38%,
105/09/20,208,-400,-376,-568,564079,27584,4323,595986,48.53%,51.28%,
105/09/19,248,0,102,350,563872,27984,4699,596555,48.51%,51.32%,
105/09/14,203,-3334,-77,-3208,563623,27984,4597,596204,48.49%,51.29%,
105/09/13,542,-1388,89,-757,563420,31318,4674,599412,48.47%,51.57%,
105/09/12,-2199,-601,-457,-3257,562878,32706,4585,600169,48.42%,51.63%,
105/09/10,-1526,-2103,-684,-4313,565077,33307,5042,603426,48.61%,51.91%,
105/09/09,648,150,-676,122,566603,35410,5726,607739,48.74%,52.28%,
105/09/08,676,0,898,1574,565956,35260,6402,607618,48.69%,52.27%,
105/09/07,1019,-42,51,1028,565280,35260,5504,606044,48.63%,52.14%,
105/09/06,162,-268,-156,-262,564260,35302,5453,605015,48.54%,52.05%,
105/09/05,548,96,3,647,564098,35570,5609,605277,48.53%,52.07%,
105/09/02,-291,0,340,49,563550,35474,5606,604630,48.48%,52.01%,
105/09/01,-983,0,120,-863,563841,35474,5266,604581,48.51%,52.02%,
105/08/31,760,0,-391,369,564524,35474,5146,605144,48.56%,52.05%,
105/08/30,1057,-475,-33,549,563764,35474,5537,604775,48.50%,52.03%,
105/08/29,440,-128,-507,-195,562707,35949,5570,604226,48.41%,51.98%,
105/08/26,1134,-1500,71,-295,562267,36077,6077,604421,48.37%,52.00%,
105/08/25,620,-1794,220,-954,561133,37577,6006,604716,48.27%,52.02%,
105/08/24,736,-264,-372,100,560513,39371,5786,605670,48.22%,52.11%,
105/08/23,2942,-814,278,2406,559777,39635,6158,605570,48.16%,52.10%,
105/08/22,2341,-1210,-761,370,556834,40449,5880,603163,47.90%,51.89%,
105/08/19,-3836,-119,-320,-4275,554493,41659,6641,602793,47.70%,51.86%,
105/08/18,3116,-936,39,2219,558329,41778,6961,607068,48.03%,52.22%,
105/08/17,152,-1324,-1916,-3088,555213,42714,6922,604849,47.76%,52.03%,
105/08/16,100,-459,-504,-863,555061,44038,8838,607937,47.75%,52.30%,
105/08/15,2019,-588,-69,1362,554961,44497,9342,608800,47.74%,52.37%,
105/08/12,2942,569,-3535,-24,553199,45085,9411,607695,47.59%,52.28%,
105/08/11,-1827,162,1205,-460,550257,44516,12946,607719,47.34%,52.28%,
105/08/10,-1738,-450,205,-1983,552084,44354,11741,608179,47.49%,52.32%,
105/08/09,2168,-986,1085,2267,553823,44804,11536,610163,47.64%,52.49%,
105/08/08,-777,98,-183,-862,552745,45790,10451,608986,47.55%,52.39%,
105/08/05,2630,109,-1357,1382,553522,45692,10634,609848,47.62%,52.47%,
105/08/04,-731,-526,383,-874,551051,45583,11991,608625,47.41%,52.36%,
105/08/03,504,-41,-372,91,551806,46109,11608,609523,47.47%,52.44%,
105/08/02,4585,-534,-1537,2514,551402,46150,11980,609532,47.44%,52.44%,
105/08/01,5300,1059,433,6792,546917,46684,13517,607118,47.05%,52.23%,
105/07/29,9909,2106,-1182,10833,541705,45625,13084,600414,46.60%,51.65%,
105/07/28,6250,0,2971,9221,531738,43519,14266,589523,45.74%,50.71%,
105/07/27,348,-17,-489,-158,525449,43519,11295,580263,45.20%,49.92%,
105/07/26,-2514,-189,-331,-3034,525070,43536,11784,580390,45.17%,49.93%,
105/07/25,1973,34,-707,1300,527584,43725,12115,583424,45.39%,50.19%,
105/07/22,1090,98,626,1814,525611,43691,12822,582124,45.22%,50.08%,
105/07/21,869,-56,-35,778,524521,43593,12196,580310,45.12%,49.92%,
105/07/20,998,-401,-328,269,523652,43649,12231,579532,45.05%,49.86%,
105/07/19,1682,-287,789,2184,522654,44050,12559,579263,44.96%,49.83%,
105/07/18,-471,-407,-455,-1333,520972,44337,11770,577079,44.82%,49.65%,
105/07/15,-2280,-833,-274,-3387,521443,44744,12225,578412,44.86%,49.76%,
105/07/14,353,-3401,25,-3023,523823,45577,12499,581899,45.06%,50.06%,
105/07/13,-4701,-397,228,-4870,523470,48978,12474,584922,45.03%,50.32%,
105/07/12,-409,-2369,-269,-3047,528171,49375,12246,589792,45.44%,50.74%,
105/07/11,-983,-304,-392,-1679,528580,51744,12515,592839,45.47%,51.00%,
105/07/07,-2160,465,107,-1588,529379,52048,12907,594334,45.54%,51.13%,
105/07/06,5844,-2345,-309,3190,531539,51583,12800,595922,45.73%,51.27%,
105/07/05,-3661,-1686,-631,-5978,525695,53928,13109,592732,45.22%,50.99%,
105/07/04,-545,-135,-285,-965,529919,55614,13740,599273,45.59%,51.56%,
105/07/01,-1499,-425,-834,-2758,530464,55749,14025,600238,45.63%,51.63%,
105/06/30,-2620,-250,-754,-3624,531963,56174,14859,602996,45.76%,51.87%,
105/06/29,-724,-350,1144,70,534583,55705,15613,605901,45.99%,52.13%,
105/06/28,-1363,-872,-70,-2305,535307,56055,14469,605831,46.05%,52.12%,
105/06/27,-1704,-8,-216,-1928,536670,56927,14539,608136,46.17%,52.32%,
105/06/24,-299,-199,-746,-1244,538374,56935,14755,610064,46.31%,52.48%,
105/06/23,-2031,0,-413,-2444,538674,57134,15501,611309,46.34%,52.59%,
105/06/22,1460,315,-147,1628,539517,57134,15914,612565,46.41%,52.69%,
105/06/21,-86,-199,-537,-822,539073,56819,16061,611953,46.38%,52.65%,
105/06/20,-1519,-302,171,-1650,539159,57018,16598,612775,46.38%,52.71%,
105/06/17,-1004,167,-750,-1587,540849,57320,16427,614596,46.53%,52.87%,
105/06/16,-936,0,-439,-1375,540848,57153,17177,615178,46.53%,52.93%,
105/06/15,861,285,-809,337,541510,57153,17616,616279,46.58%,53.01%,
105/06/14,-331,0,858,527,540649,56868,18425,615942,46.51%,52.99%,
105/06/13,490,1574,-242,1822,540980,56868,17567,615415,46.54%,52.94%,
105/06/08,649,-22,-71,556,540490,55294,17809,613593,46.50%,52.79%,
105/06/07,-605,-164,-245,-1014,539841,55316,17880,613037,46.44%,52.74%,
105/06/06,2347,-1146,-117,1084,540448,55480,18125,614053,46.49%,52.82%,
105/06/04,297,-194,-52,51,538101,56626,18242,612969,46.29%,52.73%,
105/06/03,1172,488,-369,1291,537804,56820,18294,612918,46.27%,52.73%,
105/06/02,-1175,180,-518,-1513,536632,56332,18663,611627,46.17%,52.62%,
105/06/01,-1018,899,865,746,537827,56152,19181,613160,46.27%,52.75%,
105/05/31,188,3307,243,3738,538986,55253,18316,612555,46.37%,52.70%,
105/05/30,2815,-1367,-261,1187,538584,51946,18073,608603,46.33%,52.35%,
105/05/27,-3165,2145,1041,21,535759,53313,18334,607406,46.09%,52.25%,
105/05/26,-1722,71,221,-1430,539213,51168,17293,607674,46.39%,52.28%,
105/05/25,-338,0,337,-1,540936,51097,17072,609105,46.54%,52.41%,
105/05/24,-1769,0,-144,-1913,541274,51097,16735,609106,46.56%,52.40%,
105/05/23,438,80,95,613,543043,51097,16879,611019,46.72%,52.57%,
105/05/20,-650,2,27,-621,542605,51017,16784,610406,46.68%,52.51%,
105/05/19,386,0,-60,326,543245,51015,16757,611017,46.73%,52.56%,
105/05/18,730,-386,107,451,542859,51015,16817,610691,46.70%,52.54%,
105/05/17,516,-170,-18,328,541829,51401,16710,609940,46.61%,52.47%,
105/05/16,1956,29,-677,1308,541298,51571,16728,609597,46.57%,52.45%,
105/05/13,4043,-432,472,4083,539310,51542,17405,608257,46.40%,52.33%,
105/05/12,3831,85,357,4273,535228,51974,16933,604135,46.04%,51.97%,
105/05/11,4029,518,560,5107,531387,51889,16576,599852,45.71%,51.60%,
105/05/10,-500,368,748,616,527325,51371,16016,594712,45.36%,51.16%,
105/05/09,295,-52,63,306,527815,51003,15268,594086,45.41%,51.11%,
105/05/06,1436,-299,131,1268,527510,51055,15205,593770,45.38%,51.08%,
105/05/05,823,65,583,1471,525705,51354,15074,592133,45.22%,50.94%,
105/05/04,3179,249,447,3875,524872,51289,14491,590652,45.15%,50.81%,
105/05/03,2612,-778,302,2136,521595,51040,14044,586679,44.87%,50.47%,
105/04/29,3809,217,155,4181,518982,51818,13742,584542,44.65%,50.29%,
105/04/28,6453,30,-214,6269,515155,51601,13587,580343,44.32%,49.93%,
105/04/27,6802,50,68,6920,508702,51571,13801,574074,43.76%,49.38%,
105/04/26,2921,125,-467,2579,502055,51521,13733,567309,43.19%,48.80%,
105/04/25,5028,705,840,6573,499135,51396,14200,564731,42.94%,48.58%,
105/04/22,2349,-157,14,2206,494090,50691,13360,558141,42.50%,48.01%,
105/04/21,421,-282,-21,118,491711,50848,13346,555905,42.30%,47.82%,
105/04/20,1112,-362,-17,733,491290,51130,13367,555787,42.26%,47.81%,
105/04/19,436,0,-213,223,490178,51492,13384,555054,42.17%,47.75%,
105/04/18,-268,-102,-50,-420,489742,51492,13597,554831,42.13%,47.73%,
105/04/15,-763,-10,20,-753,490172,51594,13647,555413,42.17%,47.78%,
105/04/14,1020,0,-102,918,490935,51604,13627,556166,42.23%,47.84%,
105/04/13,-1436,678,6,-752,489915,51604,13729,555248,42.15%,47.77%,
105/04/12,208,494,-306,396,491295,50926,13723,555944,42.26%,47.82%,
105/04/11,-121,889,282,1050,491044,50432,14029,555505,42.24%,47.79%,
105/04/08,1811,114,-74,1851,491127,49543,13747,554417,42.25%,47.70%,
105/04/07,177,290,-11,456,489306,49429,13821,552556,42.09%,47.53%,
105/04/06,2192,303,-167,2328,489129,49139,13832,552100,42.08%,47.50%,
105/04/01,1937,330,-452,1815,486937,48836,13999,549772,41.89%,47.30%,
105/03/31,6043,450,-290,6203,485000,48506,14451,547957,41.72%,47.14%,
105/03/30,569,1636,388,2593,478957,44908,14741,538606,41.20%,46.33%,
105/03/29,8990,-299,423,9114,478388,43272,14353,536013,41.15%,46.11%,
105/03/28,1043,500,-132,1411,469398,43571,13930,526899,40.38%,45.33%,
105/03/25,407,-507,-249,-349,468446,43071,14062,525579,40.30%,45.22%,
105/03/24,883,-350,-354,179,468039,43578,14311,525928,40.26%,45.24%,
105/03/23,1783,0,-742,1041,467156,43928,14665,525749,40.19%,45.23%,
105/03/22,5075,-330,-353,4392,465373,43928,15407,524708,40.03%,45.13%,
105/03/21,1127,216,-95,1248,460298,44258,15760,520316,39.60%,44.76%,
105/03/18,2758,-1298,-145,1315,459171,44042,15855,519068,39.50%,44.65%,
105/03/17,6877,800,-335,7342,456413,45340,16000,517753,39.26%,44.54%,
105/03/16,-3372,2759,-229,-842,449536,44540,16335,510411,38.67%,43.91%,
105/03/15,11269,235,835,12339,452908,41781,16564,511253,38.96%,43.98%,
105/03/14,1050,1474,70,2594,441639,41546,15729,498914,37.99%,42.92%,
105/03/11,2065,1217,-1060,2222,440589,40072,15659,496320,37.90%,42.69%,
105/03/10,3039,1019,804,4862,438514,38855,16719,494088,37.72%,42.50%,
105/03/09,3290,802,-96,3996,435465,37836,15915,489216,37.46%,42.08%,
105/03/08,1962,3878,-173,5667,432165,37034,16011,485210,37.18%,41.74%,
105/03/07,1349,-350,-241,758,430174,33156,16184,479514,37.01%,41.26%,
105/03/04,4886,502,172,5560,428795,33506,16425,478726,36.89%,41.19%,
105/03/03,2889,1021,52,3962,423882,33004,16253,473139,36.46%,40.70%,
105/03/02,6770,189,248,7207,420981,31983,16201,469165,36.21%,40.36%,
105/03/01,-1394,-200,-315,-1909,414211,31794,15953,461958,35.63%,39.74%,
105/02/26,4595,280,1071,5946,415666,31994,16268,463928,35.76%,39.91%,
105/02/25,1212,-150,-95,967,411071,31714,15197,457982,35.36%,39.40%,
105/02/24,1083,0,-467,616,410760,31864,15292,457916,35.34%,39.40%,
105/02/23,1822,0,323,2145,409662,31864,15759,457285,35.24%,39.34%,
105/02/22,-268,0,-163,-431,407840,31864,15436,455140,35.08%,39.15%,
105/02/19,6745,-2,147,6890,408098,31864,15599,455561,35.11%,39.19%,
105/02/18,2101,400,-408,2093,401353,31866,15452,448671,34.53%,38.60%,
105/02/17,1041,0,853,1894,399242,31466,15860,446568,34.34%,38.41%,
105/02/16,1546,1001,-369,2178,398201,31466,15007,444674,34.25%,38.25%,
105/02/15,-290,-0,761,471,396645,30465,15376,442486,34.12%,38.06%,
105/02/03,1603,0,-378,1225,397294,30465,14615,442374,34.18%,38.06%,
105/02/02,2583,0,43,2626,395812,30465,14993,441270,34.05%,37.96%,
105/02/01,2515,0,-634,1881,393720,30465,14950,439135,33.87%,37.78%,
105/01/30,0,-968,-319,-1287,391241,30465,15584,437290,33.66%,37.62%,
105/01/29,976,100,378,1454,391241,31433,15903,438577,33.66%,37.73%,
105/01/28,1898,-529,-36,1333,390892,31333,15525,437750,33.63%,37.66%,
105/01/27,1416,0,229,1645,388994,31862,15561,436417,33.46%,37.54%,
105/01/26,838,-160,-53,625,388493,31862,15332,435687,33.42%,37.48%,
105/01/25,1013,-100,-103,810,388392,32022,15385,435799,33.41%,37.49%,
105/01/22,87,-150,114,51,387379,32122,15488,434989,33.32%,37.42%,
105/01/21,647,0,66,713,387292,32272,15374,434938,33.32%,37.42%,
105/01/20,1749,-210,-461,1078,386645,32272,15308,434225,33.26%,37.35%,
105/01/19,-1794,-2,-4,-1800,385825,32482,15769,434076,33.19%,37.34%,
105/01/18,1126,-280,446,1292,386988,32484,15773,435245,33.29%,37.44%,
105/01/15,-770,-180,109,-841,385862,32764,15327,433953,33.19%,37.33%,
105/01/14,-230,300,-302,-232,386615,32944,15218,434777,33.26%,37.40%,
105/01/13,-4911,0,5,-4906,387642,32644,15520,435806,33.35%,37.49%,
105/01/12,-972,1010,-408,-370,392553,32644,15515,440712,33.77%,37.91%,
105/01/11,-91,0,-142,-233,393524,31634,15923,441081,33.85%,37.94%,
105/01/08,941,-450,-330,161,393615,31634,16065,441314,33.86%,37.96%,
105/01/07,1102,-450,-511,141,392664,32084,16395,441143,33.78%,37.95%,
105/01/06,13,600,-270,343,391485,32534,16906,440925,33.68%,37.93%,
105/01/05,-356,91,964,699,391409,31934,17176,440519,33.67%,37.90%,
105/01/04,-263,500,-199,38,391664,31843,16212,439719,33.69%,37.82%,
104/12/31,165,503,208,876,391710,31343,16411,439464,33.70%,37.81%,
104/12/30,905,0,-115,790,391545,31295,16203,439043,33.68%,37.77%,
104/12/29,-62,97,49,84,390485,31295,16318,438098,33.59%,37.69%,
104/12/28,822,10,325,1157,390237,31198,16269,437704,33.57%,37.65%,
104/12/25,755,986,-41,1700,389415,31188,15944,436547,33.50%,37.56%,
104/12/24,1027,0,-250,777,388660,30202,15985,434847,33.43%,37.40%,
104/12/23,1314,0,-376,938,388122,30202,16235,434559,33.39%,37.39%,
104/12/22,199,0,-650,-451,386690,30202,16611,433503,33.26%,37.29%,
104/12/21,295,1093,-755,633,386477,30202,17261,433940,33.25%,37.33%,
104/12/18,-1853,779,2632,1558,386073,29109,18016,433198,33.21%,37.26%,
104/12/17,2021,1683,205,3909,387890,28330,15384,431604,33.37%,37.13%,
104/12/16,1930,210,-771,1369,385859,26647,15179,427685,33.19%,36.79%,
104/12/15,29,1573,1946,3548,383898,26437,15950,426285,33.02%,36.67%,
104/12/14,-101,198,86,183,383859,24864,14004,422727,33.02%,36.36%,
104/12/11,537,0,-81,456,383837,24666,13918,422421,33.02%,36.34%,
104/12/10,843,287,-14,1116,383168,24666,13999,421833,32.96%,36.29%,
104/12/09,793,0,-215,578,382326,24379,14013,420718,32.89%,36.19%,
104/12/08,273,-577,-755,-1059,382364,24379,14228,420971,32.89%,36.21%,
104/12/07,-370,100,552,282,382091,24956,14983,422030,32.87%,36.31%,
104/12/04,592,0,161,753,382377,24856,14431,421664,32.89%,36.27%,
104/12/03,395,0,18,413,382258,24856,14270,421384,32.88%,36.25%,
104/12/02,273,-48,23,248,381863,24856,14252,420971,32.85%,36.13%,
104/12/01,210,0,-6,204,381590,24904,14229,420723,32.83%,36.11%,
104/11/30,400,0,32,432,381369,24904,14235,420508,32.81%,36.09%,
104/11/27,-111,0,-196,-307,380959,24904,14203,420066,32.77%,36.05%,
104/11/26,474,0,94,568,381070,24904,14399,420373,32.78%,36.08%,
104/11/25,-532,0,-140,-672,380865,24904,14305,420074,32.76%,36.05%,
104/11/24,-1160,0,191,-969,381397,24904,14445,420746,32.81%,36.11%,
104/11/23,322,0,-99,223,382490,24904,14254,421648,32.08%,35.36%,
104/11/20,129,0,91,220,381061,24904,14353,420318,31.96%,35.25%,
104/11/19,-924,450,-112,-586,380932,24904,14262,420098,31.94%,35.22%,
104/11/18,-2493,0,-794,-3287,381856,24454,14374,420684,32.02%,35.28%,
104/11/17,-778,1050,411,683,384123,24454,15168,423745,32.21%,35.53%,
104/11/16,-549,600,308,359,384741,23404,14757,422902,32.26%,35.46%,
104/11/13,-427,0,-8,-435,385290,22804,14449,422543,32.31%,35.43%,
104/11/12,131,0,455,586,385717,22804,14457,422978,32.35%,35.48%,
104/11/11,1025,0,72,1097,384873,22804,14002,421679,32.28%,35.37%,
104/11/10,-1,0,100,99,383641,22804,13930,420375,32.17%,35.25%,
104/11/09,-3124,69,18,-3037,383595,22804,13830,420229,32.17%,35.24%,
104/11/06,-6736,0,-6,-6742,386495,22735,13812,423042,32.41%,35.48%,
104/11/05,242,91,103,436,393187,22735,13818,429740,32.97%,36.04%,
104/11/04,-4226,1117,-380,-3489,392845,22644,13715,429204,32.94%,35.99%,
104/11/03,-1223,-280,323,-1180,396975,21527,14095,432597,33.29%,36.28%,
104/11/02,-3831,1100,473,-2258,397698,21807,13772,433277,33.35%,36.33%,
104/10/30,-4710,-1220,-394,-6324,400969,20707,13299,434975,33.63%,36.48%,
104/10/29,-2938,600,-295,-2633,405450,21927,13693,441070,34.00%,36.99%,
104/10/28,255,430,573,1258,408388,21327,13988,443703,34.25%,37.21%,
104/10/27,-915,981,265,331,408133,20897,13415,442445,34.23%,37.11%,
104/10/26,35,600,-95,540,409198,19916,13150,442264,34.32%,37.09%,
104/10/23,1511,-144,113,1480,409164,19316,13245,441725,34.31%,37.04%,
104/10/22,169,0,7,176,407653,19460,13132,440245,34.19%,36.92%,
104/10/21,831,0,-253,578,407484,19460,13125,440069,34.17%,36.90%,
104/10/20,-523,0,-145,-668,406653,19460,13378,439491,34.10%,36.85%,
104/10/19,725,0,-403,322,407214,19460,13523,440197,34.15%,36.92%,
104/10/16,-4210,600,-6,-3616,406489,19460,13926,439875,34.09%,36.89%,
104/10/15,1588,1154,720,3462,410671,18860,13932,443463,34.44%,37.19%,
104/10/14,586,0,586,1172,409083,17706,13212,440001,34.31%,36.90%,
104/10/13,-122,0,-196,-318,408797,17706,12626,439129,34.28%,36.82%,
104/10/12,-5285,0,45,-5240,409265,17706,12822,439793,34.32%,36.88%,
104/10/08,-2059,0,-140,-2199,414097,17706,12777,444580,34.73%,37.29%,
104/10/07,-1862,0,84,-1778,416156,17706,12917,446779,34.90%,37.47%,
104/10/06,-1991,0,-239,-2230,417915,17706,12833,448454,35.05%,37.61%,
104/10/05,-1336,-3,472,-867,420518,17706,13072,451296,35.26%,37.84%,
104/10/02,-1951,13,-19,-1957,421714,17709,12600,452023,35.36%,37.90%,
104/10/01,1091,-582,97,606,423665,17696,12619,453980,35.53%,38.07%,
104/09/30,-1938,0,-53,-1991,421716,18278,12522,452516,35.37%,37.95%,
104/09/25,-738,0,-174,-912,423578,10735,12575,446888,35.52%,37.48%,
104/09/24,292,0,172,464,424358,10735,12749,447842,35.59%,37.56%,
104/09/23,828,0,80,908,423549,10735,12577,446861,35.52%,37.48%,
104/09/22,-1677,4,-293,-1966,422721,10735,12497,445953,35.45%,37.40%,
104/09/21,-1550,-3,-356,-1909,423887,10731,12790,447408,35.55%,37.52%,
104/09/18,-380,-1024,760,-644,425471,10734,13146,449351,35.68%,37.68%,
104/09/17,-576,-182,-188,-946,425851,11758,12386,449995,35.71%,37.74%,
104/09/16,-687,-153,-436,-1276,426427,11940,12574,450941,35.76%,37.82%,
104/09/15,849,0,691,1540,426471,12093,13010,451574,35.76%,37.87%,
104/09/14,-756,0,-128,-884,425612,12093,12319,450024,35.69%,37.74%,
104/09/11,1124,1,25,1150,426417,12093,12447,450957,35.76%,37.82%,
104/09/10,-1405,-440,-178,-2023,425293,12092,12422,449807,35.67%,37.73%,
104/09/09,-131,0,244,113,426699,12532,12600,451831,35.78%,37.89%,
104/09/08,573,-517,25,81,426881,12532,12356,451769,35.80%,37.89%,
104/09/07,2005,-516,-139,1350,426307,13049,12331,451687,35.75%,37.88%,
104/09/04,-1210,2,30,-1178,424302,13565,12470,450337,35.58%,37.76%,
104/09/03,486,0,-2,484,425512,13563,12440,451515,35.68%,37.86%,
104/09/02,-1283,0,-81,-1364,425026,13563,12442,451031,35.64%,37.82%,
104/09/01,-469,15,-46,-500,426360,13563,12523,452446,35.75%,37.94%,
104/08/31,-781,17,138,-626,427349,13548,12569,453466,35.84%,38.03%,
104/08/28,1078,1,129,1208,428174,13531,12431,454136,35.91%,38.09%,
104/08/27,-753,163,83,-507,427139,13530,12302,452971,35.82%,37.99%,
104/08/26,1387,-408,-156,823,427892,13367,12219,453478,35.88%,38.03%,
104/08/25,-142,-3,552,407,426505,13775,12375,452655,35.77%,37.96%,
104/08/24,-1143,0,219,-924,426647,13778,11823,452248,35.78%,37.93%,
104/08/21,-2116,0,386,-1730,427837,13778,11604,453219,35.88%,38.01%,
104/08/20,-546,0,46,-500,429917,13778,11218,454913,36.05%,38.15%,
104/08/19,-1879,0,85,-1794,430590,13778,11172,455540,36.11%,38.20%,
104/08/18,-1578,0,168,-1410,432430,13778,11087,457295,36.26%,38.35%,
104/08/17,-2129,-230,-48,-2407,433594,13778,10919,458291,36.36%,38.43%,
104/08/14,-189,0,146,-43,435723,14008,10967,460698,36.54%,38.63%,
104/08/13,942,200,-53,1089,435637,14008,10821,460466,36.53%,38.61%,
104/08/12,-2323,2,224,-2097,434695,13808,10874,459377,36.45%,38.52%,
104/08/11,-1322,-172,-62,-1556,437018,13806,10650,461474,36.65%,38.70%,
104/08/10,-943,0,124,-819,438340,13978,10712,463030,36.76%,38.83%,
104/08/07,-395,48,115,-232,439283,13978,10588,463849,36.84%,38.90%,
104/08/06,-902,0,464,-438,439899,13930,10473,464302,36.89%,38.94%,
104/08/05,-2747,0,58,-2689,440801,13930,10009,464740,36.97%,38.98%,
104/08/04,-2930,0,220,-2710,443516,13930,9951,467397,37.19%,39.19%,
104/08/03,-610,-1025,-298,-1933,446247,13930,9731,469908,37.42%,39.40%,
104/07/31,-1193,0,-151,-1344,447125,14955,10029,472109,37.50%,39.60%,
104/07/30,-2028,297,-170,-1901,448318,14955,10180,473453,37.60%,39.71%,
104/07/29,-2570,-200,512,-2258,449939,14658,10350,474947,37.73%,39.83%,
104/07/28,1880,-1189,352,1043,452498,14858,9838,477194,37.95%,40.02%,
104/07/27,410,-1200,532,-258,450618,16047,9486,476151,37.79%,39.93%,
104/07/24,280,-1291,-3,-1014,450208,17247,8954,476409,37.75%,39.95%,
104/07/23,-1459,-450,-61,-1970,449904,18538,8957,477399,37.73%,40.04%,
104/07/22,717,0,248,965,451363,18988,9018,479369,37.85%,40.20%,
104/07/21,568,-3425,-126,-2983,450646,18988,8770,478404,37.79%,40.12%,
104/07/20,2294,-1600,135,829,450068,22413,8896,481377,37.74%,40.37%,
104/07/17,-3797,-2153,-78,-6028,447774,24013,8761,480548,37.55%,40.30%,
104/07/16,-3070,0,-201,-3271,451571,26166,8839,486576,37.87%,40.81%,
104/07/15,-1694,7,-926,-2613,455141,26166,9040,490347,38.17%,41.12%,
104/07/14,-1955,200,2330,575,456835,26159,9966,492960,38.31%,41.34%,
104/07/13,-3518,-42,-8,-3568,458290,25959,7636,491885,38.43%,41.25%,
104/07/09,-1823,0,245,-1578,462256,26001,7644,495901,38.77%,41.59%,
104/07/08,-1673,100,46,-1527,464079,26001,7399,497479,38.92%,41.72%,
104/07/07,-756,0,-2,-758,465752,25901,7353,499006,39.06%,41.85%,
104/07/06,-842,0,-202,-1044,466508,25901,7355,499764,39.12%,41.91%,
104/07/03,-1897,0,-344,-2241,467363,25901,7557,500821,39.19%,42.00%,
104/07/02,-1288,13,162,-1113,468882,25901,7901,502684,39.32%,42.16%,
104/07/01,-495,150,190,-155,470184,25888,7739,503811,39.43%,42.25%,
104/06/30,-2214,850,-33,-1397,470679,25738,7549,503966,39.47%,42.26%,
104/06/29,-1234,50,-389,-1573,472902,27905,7582,508389,39.66%,42.64%,
104/06/26,-852,250,-590,-1192,474164,27855,7971,509990,39.76%,42.76%,
104/06/25,-477,1036,1628,2187,475065,27605,8561,511231,39.84%,42.87%,
104/06/24,-965,950,69,54,475542,26569,6933,509044,39.88%,42.69%,
104/06/23,-1607,911,58,-638,476537,25619,6864,509020,39.96%,42.68%,
104/06/22,-1248,19,109,-1120,478144,24708,6806,509658,40.10%,42.74%,
104/06/18,-437,150,-127,-414,479422,24689,6697,510808,40.20%,42.83%,
104/06/17,-949,-314,3,-1260,479889,24539,6824,511252,40.24%,42.87%,
104/06/16,-270,-1068,-69,-1407,480838,24853,6821,512512,40.32%,42.98%,
104/06/15,-710,0,-93,-803,481108,25921,6890,513919,40.35%,43.10%,
104/06/12,-498,0,-128,-626,481818,25921,6983,514722,40.41%,43.17%,
104/06/11,-25,-1580,7,-1598,482316,25921,7111,515348,40.45%,43.22%,
104/06/10,-1606,0,-27,-1633,482331,27501,7104,516936,40.45%,43.35%,
104/06/09,-1056,0,-73,-1129,483916,27501,7131,518548,40.58%,43.48%,
104/06/08,819,-300,165,684,484829,27501,7204,519534,40.66%,43.57%,
104/06/05,-311,-526,45,-792,483993,27801,7039,518833,40.59%,43.51%,
104/06/04,426,-680,-158,-412,484293,28327,6994,519614,40.61%,43.57%,
104/06/03,998,0,-65,933,483857,29007,7152,520016,40.58%,43.61%,
104/06/02,-566,-144,354,-356,482835,29007,7217,519059,40.49%,43.53%,
104/06/01,106,1200,-293,1013,483379,29151,6863,519393,40.54%,43.56%,
104/05/29,-1918,0,162,-1756,483273,27951,7156,518380,40.53%,43.47%,
104/05/28,1251,-25,303,1529,485191,27951,6994,520136,40.69%,43.62%,
104/05/27,448,0,378,826,483940,27976,6691,518607,40.58%,43.49%,
104/05/26,219,-204,178,193,483575,27976,6313,517864,40.55%,43.43%,
104/05/25,57,40,227,324,483356,28180,6135,517671,40.53%,43.41%,
104/05/22,-376,-400,-113,-889,483299,28140,5908,517347,40.53%,43.39%,
104/05/21,-357,98,572,313,484230,28540,6021,518791,40.61%,43.51%,
104/05/20,-2000,-141,92,-2049,484587,28442,5449,518478,40.64%,43.48%,
104/05/19,-364,-281,174,-471,487247,28583,5357,521187,40.86%,43.71%,
104/05/18,-88,-123,-2,-213,487601,28864,5183,521648,40.89%,43.75%,
104/05/15,485,0,-18,467,487679,28987,5185,521851,40.90%,43.77%,
104/05/14,-1253,1,-2,-1254,487194,28987,5203,521384,40.86%,43.73%,
104/05/13,305,-350,-112,-157,488447,28986,5205,522638,40.96%,43.83%,
104/05/12,-2216,-380,78,-2518,488142,29336,5317,522795,40.94%,43.85%,
104/05/11,-1318,1,-33,-1350,490377,29716,5239,525332,41.12%,44.05%,
104/05/08,-2578,-300,15,-2863,491695,29715,5272,526682,41.23%,44.16%,
104/05/07,-290,-275,-32,-597,494263,30015,5257,529535,41.45%,44.41%,
104/05/06,-2423,-347,-52,-2822,494553,30290,5289,530132,41.47%,44.45%,
104/05/05,18,-899,156,-725,496966,30637,5341,532944,41.68%,44.70%,
104/05/04,-3711,-880,0,-4591,496948,31536,5185,533669,41.67%,44.75%,
104/04/30,-352,-1,-30,-383,500643,32416,5185,538244,41.98%,45.13%,
104/04/29,-947,406,80,-461,500958,32417,5215,538590,42.01%,45.17%,
104/04/28,-556,-107,-97,-760,501905,32011,5135,539051,42.09%,45.21%,
104/04/27,-685,-98,-61,-844,502442,32118,5232,539792,42.14%,45.27%,
104/04/24,-2104,-2360,17,-4447,503127,32216,5293,540636,42.19%,45.34%,
104/04/23,-2864,-369,95,-3138,505231,34576,5276,545083,42.37%,45.71%,
104/04/22,-532,-94,70,-556,508095,34945,5181,548221,42.61%,45.98%,
104/04/21,1099,-375,-194,530,508627,35039,5111,548777,42.65%,46.02%,
104/04/20,-251,-872,185,-938,507528,35414,5305,548247,42.56%,45.98%,
104/04/17,-174,-55,178,-51,507779,36286,5120,549185,42.58%,46.05%,
104/04/16,-463,-80,-92,-635,507952,36341,4942,549235,42.60%,46.06%,
104/04/15,-1156,-190,-224,-1570,508415,36421,5034,549870,42.64%,46.12%,
104/04/14,-1826,0,-119,-1945,509571,36611,5258,551440,42.73%,46.24%,
104/04/13,-2211,0,-104,-2315,511397,36611,5377,553385,42.89%,46.41%,
104/04/10,-2281,0,-46,-2327,513608,36611,5481,555700,43.07%,46.60%,
104/04/09,-2544,-43,-53,-2640,515889,36611,5527,558027,43.26%,46.79%,
104/04/08,-6972,-87,-283,-7342,518433,36654,5580,560667,43.48%,47.02%,
104/04/07,-2813,-36,953,-1896,525405,36741,5863,568009,44.06%,47.63%,
104/04/02,-116,-47,-209,-372,528218,36777,4910,569905,44.30%,47.80%,
104/04/01,-1884,-657,134,-2407,528334,36824,5119,570277,44.31%,47.83%,
104/03/31,-2181,0,272,-1909,530218,37481,4985,572684,44.46%,48.02%,
104/03/30,-1252,0,-36,-1288,532399,39234,4713,576346,44.65%,48.34%,
104/03/27,-837,-120,-295,-1252,533651,39234,4749,577634,44.75%,48.44%,
104/03/26,1485,-470,-168,847,534488,39354,5044,578886,44.82%,48.54%,
104/03/25,1570,-1461,-157,-48,533003,39824,5212,578039,44.70%,48.48%,
104/03/24,-733,-1,-68,-802,531470,41285,5369,578124,44.57%,48.48%,
104/03/23,153,-213,224,164,532166,41286,5437,578889,44.63%,48.55%,
104/03/20,2003,489,-101,2391,532013,41499,5213,578725,44.62%,48.54%,
104/03/19,1481,-1201,166,446,530010,41010,5314,576334,44.45%,48.34%,
104/03/18,1731,0,-122,1609,528529,42211,5148,575888,44.32%,48.29%,
104/03/17,2233,-450,75,1858,526798,42211,5270,574279,44.18%,48.16%,
104/03/16,-278,-235,-188,-701,524573,42661,5195,572429,43.99%,48.00%,
104/03/13,1133,-100,-926,107,524851,42896,5383,573130,44.01%,48.06%,
104/03/12,2856,-217,1803,4442,523718,42996,6309,573023,43.92%,48.06%,
104/03/11,1126,200,197,1523,520862,43213,4506,568581,43.68%,47.68%,
104/03/10,2720,-148,-65,2507,519736,43013,4309,567058,43.59%,47.56%,
104/03/09,1387,-201,-1428,-242,517015,43161,4374,564550,43.36%,47.35%,
104/03/06,903,-361,1154,1696,515628,43362,5802,564792,43.24%,47.36%,
104/03/05,-1337,154,-334,-1517,514725,43723,4648,563096,43.17%,47.23%,
104/03/04,-789,1680,-1665,-774,516045,43569,4982,564596,43.28%,47.35%,
104/03/03,13820,864,1113,15797,516806,41889,6647,565342,43.34%,47.41%,
104/03/02,2076,604,802,3482,502986,41025,5534,549545,42.18%,46.08%,
104/02/26,630,149,8,787,500910,40421,4732,546063,42.01%,45.80%,
104/02/25,-422,-3,53,-372,500280,40272,4724,545276,41.95%,45.72%,
104/02/24,-1661,0,-141,-1802,500702,40275,4671,545648,41.99%,45.76%,
104/02/13,-1730,-363,-853,-2946,502363,40275,4812,547450,42.13%,45.91%,
104/02/12,-724,0,-102,-826,504093,40638,5665,550396,42.27%,46.15%,
104/02/11,-1064,150,-72,-986,504844,40638,5767,551249,42.34%,46.23%,
104/02/10,-3655,397,-658,-3916,505908,40488,5839,552235,42.43%,46.32%,
104/02/09,-1127,967,-53,-213,509563,40091,6497,556151,42.73%,46.64%,
104/02/06,-1460,-149,-413,-2022,510690,39124,6550,556364,42.83%,46.66%,
104/02/05,11,-1437,-260,-1686,512150,39273,6963,558386,42.95%,46.83%,
104/02/04,-267,507,-359,-119,512139,40710,7223,560072,42.95%,46.97%,
104/02/03,-2190,334,538,-1318,512406,40203,7582,560191,42.97%,46.98%,
104/02/02,-1116,0,376,-740,514596,39869,7044,561509,43.15%,47.08%,
104/01/30,780,-3,30,807,515712,39869,6668,562249,43.25%,47.15%,
104/01/29,1045,-690,397,752,514932,39872,6638,561442,43.18%,47.08%,
104/01/28,968,0,-310,658,513887,40562,6241,560690,43.09%,47.02%,
104/01/27,-411,124,1326,1039,512919,40562,6551,560032,43.01%,46.96%,
104/01/26,-540,727,189,376,513330,40438,5225,558993,43.05%,46.88%,
104/01/23,-3581,-175,696,-3060,513870,39711,5036,558617,43.09%,46.84%,
104/01/22,-2100,328,1681,-91,517451,39886,4340,561677,43.39%,47.10%,
104/01/21,-461,0,87,-374,519551,39558,2659,561768,43.57%,47.11%,
104/01/20,337,0,-314,23,520012,39558,2572,562142,43.61%,47.14%,
104/01/19,22,0,-376,-354,519675,39558,2886,562119,43.58%,47.14%,
104/01/16,-1256,-317,-604,-2177,519653,39558,3262,562473,43.58%,47.17%,
104/01/15,-1068,-210,171,-1107,520909,39875,3866,564650,43.68%,47.35%,
104/01/14,-678,-480,303,-855,521977,40085,3695,565757,43.77%,47.44%,
104/01/13,-886,-87,24,-949,522655,40565,3392,566612,43.83%,47.52%,
104/01/12,-1144,-136,-185,-1465,523541,40652,3368,567561,43.90%,47.59%,
104/01/09,-1822,293,-64,-1593,524685,40788,3553,569026,44.00%,47.72%,
104/01/08,2836,626,-1324,2138,526507,40495,3617,570619,44.15%,47.85%,
104/01/07,-1453,774,1201,522,523671,39869,4941,568481,43.92%,47.68%,
104/01/06,989,2595,-40,3544,525124,39095,3740,567959,44.04%,47.63%,
104/01/05,325,1547,439,2311,524135,36500,3780,564415,43.95%,47.33%,
