日期,外資買賣超,投信買賣超,自營商買賣超,單日合計買賣超,外資估計持股,投信估計持股,自營商估計持股,單日合計估計持股,外資持股比重,三大法人持股比重,
107/03/31,0,0,0,0,404,0,24,428,0.07%,0.07%,
107/03/30,5,0,-1,4,404,0,24,428,0.07%,0.07%,
107/03/29,0,0,0,0,399,0,25,424,0.07%,0.07%,
107/03/28,0,0,0,0,399,0,25,424,0.07%,0.07%,
107/03/27,0,0,0,0,399,0,25,424,0.07%,0.07%,
107/03/26,-4,0,0,-4,399,0,25,424,0.07%,0.07%,
107/03/23,-2,0,0,-2,403,0,25,428,0.07%,0.07%,
107/03/22,0,0,0,0,405,0,25,430,0.07%,0.07%,
107/03/21,0,0,0,0,405,0,25,430,0.07%,0.07%,
107/03/20,-1,0,0,-1,405,0,25,430,0.07%,0.07%,
107/03/19,0,0,1,1,406,0,25,431,0.07%,0.07%,
107/03/16,0,0,0,0,406,0,24,430,0.07%,0.07%,
107/03/15,0,0,0,0,406,0,24,430,0.07%,0.07%,
107/03/14,0,0,-1,-1,406,0,24,430,0.07%,0.07%,
107/03/13,48,0,0,48,406,0,25,431,0.07%,0.07%,
107/03/12,1,0,0,1,358,0,25,383,0.06%,0.06%,
107/03/09,0,0,0,0,357,0,25,382,0.06%,0.06%,
107/03/08,2,0,0,2,357,0,25,382,0.06%,0.06%,
107/03/07,0,0,0,0,355,0,25,380,0.06%,0.06%,
107/03/06,-2,0,0,-2,355,0,25,380,0.06%,0.06%,
107/03/05,5,0,0,5,357,0,25,382,0.06%,0.06%,
107/03/02,-13,0,1,-12,352,0,25,377,0.06%,0.06%,
107/03/01,-18,0,-1,-19,365,0,24,389,0.06%,0.06%,
107/02/27,-6,0,0,-6,383,0,25,408,0.07%,0.07%,
107/02/26,-6,0,0,-6,389,0,25,414,0.07%,0.07%,
107/02/23,-2,0,1,-1,395,0,25,420,0.07%,0.07%,
107/02/22,13,0,-1,12,397,0,24,421,0.07%,0.07%,
107/02/21,2,0,0,2,384,0,25,409,0.07%,0.07%,
107/02/12,-10,0,0,-10,382,0,25,407,0.07%,0.07%,
107/02/09,0,0,0,0,392,0,25,417,0.07%,0.07%,
107/02/08,0,0,-1,-1,392,0,25,417,0.07%,0.07%,
107/02/07,-39,0,0,-39,392,0,26,418,0.07%,0.07%,
107/02/06,-5,0,-1,-6,431,0,26,457,0.08%,0.08%,
107/02/05,0,0,2,2,436,0,27,463,0.08%,0.09%,
107/02/02,8,0,0,8,436,0,25,461,0.08%,0.08%,
107/02/01,4,0,1,5,428,0,25,453,0.08%,0.08%,
107/01/31,1,0,-1,0,424,0,24,448,0.07%,0.07%,
107/01/30,0,0,0,0,423,0,25,448,0.07%,0.07%,
107/01/29,0,0,0,0,423,0,25,448,0.07%,0.07%,
107/01/26,0,0,0,0,423,0,25,448,0.07%,0.07%,
107/01/25,11,0,0,11,423,0,25,448,0.07%,0.07%,
107/01/24,8,0,0,8,412,0,25,437,0.07%,0.07%,
107/01/23,20,0,0,20,404,0,25,429,0.07%,0.07%,
107/01/22,-10,0,0,-10,384,0,25,409,0.07%,0.07%,
107/01/19,-1,0,0,-1,394,0,25,419,0.07%,0.07%,
107/01/18,-34,0,1,-33,395,0,25,420,0.07%,0.07%,
107/01/17,90,0,-1,89,429,0,24,453,0.08%,0.08%,
107/01/16,23,0,0,23,339,0,25,364,0.06%,0.06%,
107/01/15,0,0,0,0,316,0,25,341,0.05%,0.05%,
107/01/12,8,0,0,8,316,0,25,341,0.05%,0.05%,
107/01/11,0,0,1,1,308,0,25,333,0.05%,0.05%,
107/01/10,-5,0,-1,-6,308,0,24,332,0.05%,0.05%,
107/01/09,0,0,0,0,313,0,25,338,0.05%,0.05%,
107/01/08,3,0,0,3,313,0,25,338,0.05%,0.05%,
107/01/05,0,0,0,0,310,0,25,335,0.05%,0.05%,
107/01/04,0,0,0,0,310,0,25,335,0.05%,0.05%,
107/01/03,0,0,0,0,310,0,25,335,0.05%,0.05%,
107/01/02,11,0,1,12,310,0,25,335,0.05%,0.05%,
106/12/29,0,0,0,0,299,0,24,323,0.05%,0.05%,
106/12/28,-14,0,0,-14,299,0,24,323,0.05%,0.05%,
106/12/27,15,0,0,15,313,0,24,337,0.05%,0.05%,
106/12/26,0,0,0,0,298,0,24,322,0.05%,0.05%,
106/12/25,0,0,0,0,298,0,24,322,0.05%,0.05%,
106/12/22,5,0,0,5,298,0,24,322,0.05%,0.05%,
106/12/21,0,0,0,0,293,0,24,317,0.05%,0.05%,
106/12/20,0,0,0,0,293,0,24,317,0.05%,0.05%,
106/12/19,0,0,0,0,293,0,24,317,0.05%,0.05%,
106/12/18,0,0,-1,-1,293,0,24,317,0.05%,0.05%,
106/12/15,0,0,0,0,293,0,25,318,0.05%,0.05%,
106/12/14,-1,0,0,-1,293,0,25,318,0.05%,0.05%,
106/12/13,-0,0,0,0,294,0,25,319,0.05%,0.05%,
106/12/12,0,0,0,0,294,0,25,319,0.05%,0.05%,
106/12/11,0,0,0,0,294,0,25,319,0.05%,0.05%,
106/12/08,0,0,0,0,294,0,25,319,0.05%,0.05%,
106/12/07,0,0,0,0,294,0,25,319,0.05%,0.05%,
106/12/06,0,0,0,0,294,0,25,319,0.05%,0.05%,
106/12/05,0,0,0,0,294,0,25,319,0.05%,0.05%,
106/12/04,0,0,0,0,294,0,25,319,0.05%,0.05%,
106/12/01,0,0,0,0,294,0,25,319,0.05%,0.05%,
106/11/30,0,0,0,0,294,0,25,319,0.05%,0.05%,
106/11/29,0,0,0,0,294,0,25,319,0.05%,0.05%,
106/11/28,0,0,0,0,294,0,25,319,0.05%,0.05%,
106/11/27,0,0,5,5,294,0,25,319,0.05%,0.05%,
106/11/24,0,0,0,0,294,0,20,314,0.05%,0.05%,
106/11/23,0,0,0,0,294,0,20,314,0.05%,0.05%,
106/11/22,0,0,0,0,294,0,20,314,0.05%,0.05%,
106/11/21,0,0,0,0,347,0,20,367,0.05%,0.05%,
106/11/20,0,0,0,0,347,0,20,367,0.05%,0.05%,
106/11/17,0,0,0,0,347,0,20,367,0.05%,0.05%,
106/11/16,0,0,0,0,347,0,20,367,0.05%,0.05%,
106/11/15,19,0,-1,18,347,0,20,367,0.05%,0.05%,
106/11/14,-14,0,0,-14,328,0,21,349,0.05%,0.05%,
106/11/13,0,0,0,0,342,0,21,363,0.05%,0.05%,
106/11/10,0,0,0,0,342,0,21,363,0.05%,0.05%,
106/11/09,0,0,0,0,342,0,21,363,0.05%,0.05%,
106/11/08,-1,0,0,-1,342,0,21,363,0.05%,0.05%,
106/11/07,0,0,0,0,343,0,21,364,0.05%,0.05%,
106/11/06,3,0,0,3,343,0,21,364,0.05%,0.05%,
106/11/03,-7,0,0,-7,340,0,21,361,0.05%,0.05%,
106/11/02,11,0,0,11,347,0,21,368,0.05%,0.05%,
106/11/01,0,0,0,0,336,0,21,357,0.05%,0.05%,
106/10/31,0,0,0,0,336,0,21,357,0.05%,0.05%,
106/10/30,-1,0,1,0,336,0,21,357,0.05%,0.05%,
106/10/27,-12,0,0,-12,337,0,20,357,0.05%,0.05%,
106/10/26,0,0,0,0,349,0,20,369,0.05%,0.05%,
106/10/25,10,0,-1,9,349,0,20,369,0.05%,0.05%,
106/10/24,8,0,0,8,339,0,21,360,0.05%,0.05%,
106/10/23,3,0,0,3,331,0,21,352,0.05%,0.05%,
106/10/20,0,0,0,0,328,0,21,349,0.05%,0.05%,
106/10/19,-3,0,0,-3,328,0,21,349,0.05%,0.05%,
106/10/18,-1,0,0,-1,331,0,21,352,0.05%,0.05%,
106/10/17,4,0,0,4,332,0,21,353,0.05%,0.05%,
106/10/16,0,0,0,0,328,0,21,349,0.05%,0.05%,
106/10/13,0,0,0,0,328,0,21,349,0.05%,0.05%,
106/10/12,0,0,0,0,328,0,21,349,0.05%,0.05%,
106/10/11,0,0,0,0,328,0,21,349,0.05%,0.05%,
106/10/06,-11,0,0,-11,328,0,21,349,0.05%,0.05%,
106/10/05,59,0,0,59,339,0,21,360,0.05%,0.05%,
106/10/03,-57,0,0,-57,280,0,21,301,0.04%,0.04%,
106/10/02,0,0,-5,-5,337,0,21,358,0.05%,0.05%,
106/09/30,0,0,0,0,337,0,26,363,0.05%,0.05%,
106/09/29,0,0,0,0,337,0,26,363,0.05%,0.05%,
106/09/28,0,0,0,0,337,0,26,363,0.05%,0.05%,
106/09/27,0,0,0,0,337,0,26,363,0.05%,0.05%,
106/09/26,0,0,-1,-1,337,0,26,363,0.05%,0.05%,
106/09/25,8,0,0,8,337,0,27,364,0.05%,0.05%,
106/09/22,0,0,5,5,329,0,27,356,0.05%,0.05%,
106/09/21,0,0,0,0,329,0,22,351,0.05%,0.05%,
106/09/20,0,0,0,0,329,0,22,351,0.05%,0.05%,
106/09/19,0,0,0,0,329,0,22,351,0.05%,0.05%,
106/09/18,0,0,0,0,329,0,22,351,0.05%,0.05%,
106/09/15,8,0,0,8,329,0,22,351,0.05%,0.05%,
106/09/14,0,0,0,0,321,0,22,343,0.05%,0.05%,
106/09/13,0,0,0,0,321,0,22,343,0.05%,0.05%,
106/09/12,0,0,0,0,321,0,22,343,0.05%,0.05%,
106/09/11,0,0,1,1,321,0,22,343,0.05%,0.05%,
106/09/08,0,0,1,1,321,0,21,342,0.05%,0.05%,
106/09/07,0,0,-1,-1,321,0,20,341,0.05%,0.05%,
106/09/06,0,0,0,0,321,0,21,342,0.05%,0.05%,
106/09/05,0,0,0,0,321,0,21,342,0.05%,0.05%,
106/09/04,0,0,0,0,321,0,21,342,0.05%,0.05%,
106/09/01,0,0,0,0,321,0,21,342,0.05%,0.05%,
106/08/31,0,0,1,1,321,0,21,342,0.05%,0.05%,
106/08/30,0,0,0,0,321,0,20,341,0.05%,0.05%,
106/08/29,-5,0,0,-5,321,0,20,341,0.05%,0.05%,
106/08/28,0,0,0,0,326,0,20,346,0.05%,0.05%,
106/08/25,0,0,0,0,326,0,20,346,0.05%,0.05%,
106/08/24,5,0,-2,3,326,0,20,346,0.05%,0.05%,
106/08/23,0,0,0,0,321,0,22,343,0.05%,0.05%,
106/08/22,-11,0,0,-11,321,0,22,343,0.05%,0.05%,
106/08/21,0,0,0,0,332,0,22,354,0.05%,0.05%,
106/08/18,-17,0,0,-17,332,0,22,354,0.05%,0.05%,
106/08/17,-7,0,0,-7,349,0,22,371,0.05%,0.05%,
106/08/16,19,0,0,19,356,0,22,378,0.05%,0.05%,
106/08/15,0,0,1,1,337,0,22,359,0.05%,0.05%,
106/08/14,0,0,0,0,337,0,21,358,0.05%,0.05%,
106/08/11,0,0,0,0,337,0,21,358,0.05%,0.05%,
106/08/10,0,0,0,0,337,0,21,358,0.05%,0.05%,
106/08/09,0,0,0,0,337,0,21,358,0.05%,0.05%,
106/08/08,0,0,0,0,337,0,21,358,0.05%,0.05%,
106/08/07,0,0,0,0,337,0,21,358,0.05%,0.05%,
106/08/04,0,0,0,0,337,0,21,358,0.05%,0.05%,
106/08/03,0,0,0,0,337,0,21,358,0.05%,0.05%,
106/08/02,0,0,0,0,337,0,21,358,0.05%,0.05%,
106/08/01,-2,0,0,-2,337,0,21,358,0.05%,0.05%,
106/07/31,-8,0,0,-8,339,0,21,360,0.05%,0.05%,
106/07/28,0,0,0,0,347,0,21,368,0.05%,0.05%,
106/07/27,0,0,0,0,347,0,21,368,0.05%,0.05%,
106/07/26,0,0,-29,-29,347,0,21,368,0.05%,0.05%,
106/07/25,3,0,0,3,347,0,50,397,0.05%,0.06%,
106/07/24,0,0,0,0,344,0,50,394,0.05%,0.06%,
106/07/21,-5,0,0,-5,344,0,50,394,0.05%,0.06%,
106/07/20,0,0,0,0,349,0,50,399,0.05%,0.06%,
106/07/19,0,0,0,0,349,0,50,399,0.05%,0.06%,
106/07/18,-2,0,-2,-4,349,0,50,399,0.05%,0.06%,
106/07/17,-18,0,-13,-31,351,0,52,403,0.05%,0.06%,
106/07/14,-3,0,-2,-5,369,0,65,434,0.05%,0.06%,
106/07/13,0,0,-8,-8,372,0,67,439,0.05%,0.06%,
106/07/12,-8,0,-14,-22,372,0,75,447,0.05%,0.06%,
106/07/11,0,0,12,12,380,0,89,469,0.06%,0.07%,
106/07/10,0,0,-5,-5,380,0,77,457,0.06%,0.07%,
106/07/07,-3,0,5,2,380,0,82,462,0.06%,0.07%,
106/07/06,0,0,0,0,383,0,77,460,0.06%,0.07%,
106/07/05,-6,0,0,-6,383,0,77,460,0.06%,0.07%,
106/07/04,-2,0,0,-2,389,0,77,466,0.06%,0.07%,
106/07/03,15,0,0,15,391,0,77,468,0.06%,0.07%,
106/06/30,0,0,0,0,376,0,77,453,0.05%,0.06%,
106/06/29,1,0,0,1,376,0,77,453,0.05%,0.06%,
106/06/28,-5,0,0,-5,375,0,77,452,0.05%,0.06%,
106/06/27,0,0,0,0,380,0,77,457,0.06%,0.07%,
106/06/26,9,0,39,48,380,0,77,457,0.06%,0.07%,
106/06/23,-3,0,0,-3,371,0,38,409,0.05%,0.06%,
106/06/22,-10,0,0,-10,374,0,38,412,0.05%,0.06%,
106/06/21,15,0,11,26,384,0,38,422,0.06%,0.07%,
106/06/20,1,0,2,3,369,0,27,396,0.05%,0.05%,
106/06/19,27,0,-7,20,368,0,25,393,0.05%,0.05%,
106/06/16,37,0,-2,35,341,0,32,373,0.05%,0.06%,
106/06/15,0,0,-3,-3,304,0,34,338,0.04%,0.05%,
106/06/14,-2,0,0,-2,304,0,37,341,0.04%,0.05%,
106/06/13,-3,0,9,6,306,0,37,343,0.04%,0.05%,
106/06/12,0,0,5,5,309,0,28,337,0.04%,0.04%,
106/06/09,-18,0,0,-18,309,0,23,332,0.04%,0.04%,
106/06/08,0,0,0,0,327,0,23,350,0.05%,0.05%,
106/06/07,2,0,0,2,327,0,23,350,0.05%,0.05%,
106/06/06,-4,0,0,-4,325,0,23,348,0.05%,0.05%,
106/06/05,-1,0,0,-1,329,0,23,352,0.05%,0.05%,
106/06/03,0,0,0,0,330,0,23,353,0.05%,0.05%,
106/06/02,2,0,0,2,330,0,23,353,0.05%,0.05%,
106/06/01,-11,0,0,-11,328,0,23,351,0.05%,0.05%,
106/05/31,9,0,2,11,339,0,23,362,0.05%,0.05%,
106/05/26,-9,0,0,-9,330,0,21,351,0.05%,0.05%,
106/05/25,32,0,0,32,339,0,21,360,0.05%,0.05%,
106/05/24,-4,0,0,-4,307,0,21,328,0.04%,0.04%,
106/05/23,2,0,0,2,311,0,21,332,0.04%,0.04%,
106/05/22,0,0,0,0,309,0,21,330,0.04%,0.04%,
106/05/19,0,0,0,0,309,0,21,330,0.04%,0.04%,
106/05/18,0,0,-3,-3,309,0,21,330,0.04%,0.04%,
106/05/17,0,0,0,0,309,0,24,333,0.04%,0.04%,
106/05/16,0,0,0,0,309,0,24,333,0.04%,0.04%,
106/05/15,0,0,0,0,309,0,24,333,0.04%,0.04%,
106/05/12,0,0,0,0,309,0,24,333,0.04%,0.04%,
106/05/11,2,0,0,2,309,0,24,333,0.04%,0.04%,
106/05/10,0,0,0,0,307,0,24,331,0.04%,0.04%,
106/05/09,0,0,0,0,307,0,24,331,0.04%,0.04%,
106/05/08,0,0,-1,-1,307,0,24,331,0.04%,0.04%,
106/05/05,-11,0,2,-9,307,0,25,332,0.04%,0.04%,
106/05/04,0,0,0,0,318,0,23,341,0.05%,0.05%,
106/05/03,0,0,0,0,318,0,23,341,0.05%,0.05%,
106/05/02,0,0,0,0,318,0,23,341,0.05%,0.05%,
106/04/28,0,0,0,0,318,0,23,341,0.05%,0.05%,
106/04/27,-4,0,0,-4,318,0,23,341,0.05%,0.05%,
106/04/26,4,0,2,6,322,0,23,345,0.05%,0.05%,
106/04/25,-1,0,0,-1,318,0,21,339,0.05%,0.05%,
106/04/24,0,0,0,0,319,0,21,340,0.05%,0.05%,
106/04/21,-17,0,0,-17,319,0,21,340,0.05%,0.05%,
106/04/20,1,0,-2,-1,336,0,21,357,0.05%,0.05%,
106/04/19,-22,0,0,-22,335,0,23,358,0.05%,0.05%,
106/04/18,-9,0,0,-9,357,0,23,380,0.05%,0.05%,
106/04/17,-1,0,1,0,366,0,23,389,0.05%,0.05%,
106/04/14,-5,0,0,-5,367,0,22,389,0.05%,0.05%,
106/04/13,0,0,-1,-1,372,0,22,394,0.05%,0.05%,
106/04/12,4,0,0,4,372,0,23,395,0.05%,0.05%,
106/04/11,-4,0,0,-4,368,0,23,391,0.05%,0.05%,
106/04/10,-42,0,-1,-43,372,0,23,395,0.05%,0.05%,
106/04/07,-9,0,-1,-10,414,0,24,438,0.06%,0.06%,
106/04/06,0,0,0,0,423,0,25,448,0.06%,0.06%,
106/04/05,-18,0,0,-18,423,0,25,448,0.06%,0.06%,
106/03/31,-1,0,0,-1,441,0,25,466,0.06%,0.06%,
106/03/30,19,0,0,19,442,0,25,467,0.07%,0.07%,
106/03/29,0,0,1,1,423,0,25,448,0.06%,0.06%,
106/03/28,35,0,0,35,423,0,24,447,0.06%,0.06%,
106/03/27,29,0,0,29,388,0,24,412,0.06%,0.06%,
106/03/24,31,0,0,31,359,0,24,383,0.05%,0.05%,
106/03/23,5,0,0,5,328,0,24,352,0.05%,0.05%,
106/03/22,-6,0,0,-6,323,0,24,347,0.05%,0.05%,
106/03/21,-12,0,1,-11,329,0,24,353,0.05%,0.05%,
106/03/20,-16,0,0,-16,341,0,23,364,0.05%,0.05%,
106/03/17,13,0,0,13,357,0,23,380,0.05%,0.05%,
106/03/16,13,0,2,15,344,0,23,367,0.05%,0.05%,
106/03/15,1,0,-1,0,331,0,21,352,0.05%,0.05%,
106/03/14,52,0,0,52,330,0,22,352,0.05%,0.05%,
106/03/13,2,0,0,2,278,0,22,300,0.04%,0.04%,
106/03/10,0,0,1,1,276,0,22,298,0.04%,0.04%,
106/03/09,-3,0,0,-3,276,0,21,297,0.04%,0.04%,
106/03/08,0,0,0,0,279,0,21,300,0.04%,0.04%,
106/03/07,-5,0,0,-5,279,0,21,300,0.04%,0.04%,
106/03/06,1,0,0,1,284,0,21,305,0.04%,0.04%,
106/03/03,2,0,0,2,283,0,21,304,0.04%,0.04%,
106/03/02,0,0,0,0,281,0,21,302,0.04%,0.04%,
106/03/01,-2,0,0,-2,281,0,21,302,0.04%,0.04%,
106/02/24,0,0,0,0,283,0,21,304,0.04%,0.04%,
106/02/23,4,0,0,4,283,0,21,304,0.04%,0.04%,
106/02/22,0,0,0,0,279,0,21,300,0.04%,0.04%,
106/02/21,-69,0,0,-69,279,0,21,300,0.04%,0.04%,
106/02/20,-43,0,0,-43,348,0,21,369,0.05%,0.05%,
106/02/18,0,0,0,0,391,0,21,412,0.06%,0.06%,
106/02/17,92,0,0,92,391,0,21,412,0.06%,0.06%,
106/02/16,-404,0,0,-404,299,0,21,320,0.04%,0.04%,
106/02/15,428,0,0,428,703,0,21,724,0.11%,0.11%,
106/02/14,-14,0,0,-14,275,0,21,296,0.04%,0.04%,
106/02/13,-2,0,0,-2,289,0,21,310,0.04%,0.04%,
106/02/10,-16,0,0,-16,291,0,21,312,0.04%,0.04%,
106/02/09,2,0,0,2,307,0,21,328,0.04%,0.04%,
106/02/08,-9,0,0,-9,305,0,21,326,0.04%,0.04%,
106/02/07,20,0,0,20,314,0,21,335,0.04%,0.04%,
106/02/06,-3,0,0,-3,294,0,21,315,0.04%,0.04%,
106/02/03,-316,0,0,-316,297,0,21,318,0.04%,0.04%,
106/02/02,192,0,0,192,613,0,21,634,0.09%,0.09%,
106/01/24,-12,0,0,-12,421,0,21,442,0.06%,0.06%,
106/01/23,-7,0,0,-7,433,0,21,454,0.06%,0.06%,
106/01/20,0,0,0,0,440,0,21,461,0.06%,0.06%,
106/01/19,-0,0,0,0,440,0,21,461,0.06%,0.06%,
106/01/18,165,0,0,165,441,0,21,462,0.06%,0.06%,
106/01/17,0,0,0,0,276,0,21,297,0.04%,0.04%,
106/01/16,-2,0,-2,-4,276,0,21,297,0.04%,0.04%,
106/01/13,2,0,0,2,278,0,23,301,0.04%,0.04%,
106/01/12,0,0,0,0,276,0,23,299,0.04%,0.04%,
106/01/11,0,0,-1,-1,276,0,23,299,0.04%,0.04%,
106/01/10,0,0,0,0,276,0,24,300,0.04%,0.04%,
106/01/09,0,0,-1,-1,276,0,24,300,0.04%,0.04%,
106/01/06,0,0,-1,-1,276,0,25,301,0.04%,0.04%,
106/01/05,-9,0,0,-9,276,0,26,302,0.04%,0.04%,
106/01/04,0,0,0,0,285,0,26,311,0.04%,0.04%,
106/01/03,-12,0,0,-12,285,0,26,311,0.04%,0.04%,
105/12/30,0,0,3,3,297,0,26,323,0.04%,0.04%,
105/12/29,0,0,0,0,297,0,23,320,0.04%,0.04%,
105/12/28,1,0,0,1,297,0,23,320,0.04%,0.04%,
105/12/27,0,0,0,0,296,0,23,319,0.04%,0.04%,
105/12/26,-2,0,0,-2,296,0,23,319,0.04%,0.04%,
105/12/23,-50,0,0,-50,298,0,23,321,0.04%,0.04%,
105/12/22,50,0,0,50,348,0,23,371,0.05%,0.05%,
105/12/21,-1,0,2,1,298,0,23,321,0.04%,0.04%,
105/12/20,0,0,0,0,299,0,21,320,0.04%,0.04%,
105/12/19,0,0,0,0,299,0,21,320,0.04%,0.04%,
105/12/16,0,0,0,0,299,0,21,320,0.04%,0.04%,
105/12/15,0,0,0,0,299,0,21,320,0.04%,0.04%,
105/12/14,20,0,0,20,299,0,21,320,0.04%,0.04%,
105/12/13,0,0,0,0,279,0,21,300,0.04%,0.04%,
105/12/12,0,0,0,0,279,0,21,300,0.04%,0.04%,
105/12/09,0,0,0,0,279,0,21,300,0.04%,0.04%,
105/12/08,0,0,0,0,279,0,21,300,0.04%,0.04%,
105/12/07,-1,0,0,-1,279,0,21,300,0.04%,0.04%,
105/12/06,0,0,0,0,280,0,21,301,0.04%,0.04%,
105/12/05,0,0,0,0,280,0,21,301,0.04%,0.04%,
105/12/02,0,0,0,0,280,0,21,301,0.04%,0.04%,
105/12/01,0,0,0,0,280,0,21,301,0.04%,0.04%,
105/11/30,2,0,0,2,280,0,21,301,0.04%,0.04%,
105/11/29,1,0,0,1,278,0,21,299,0.04%,0.04%,
105/11/28,-1,0,0,-1,277,0,21,298,0.04%,0.04%,
105/11/25,0,0,0,0,278,0,21,299,0.04%,0.04%,
105/11/24,1,0,0,1,278,0,21,299,0.04%,0.04%,
105/11/23,0,0,0,0,277,0,21,298,0.04%,0.04%,
105/11/22,0,0,0,0,277,0,21,298,0.04%,0.04%,
105/11/21,0,0,1,1,277,0,21,298,0.04%,0.04%,
105/11/18,-1,0,-1,-2,277,0,20,297,0.04%,0.04%,
105/11/17,-2,0,1,-1,278,0,21,299,0.04%,0.04%,
105/11/16,0,0,-1,-1,280,0,20,300,0.04%,0.04%,
105/11/15,-39,0,0,-39,280,0,21,301,0.04%,0.04%,
105/11/14,-3,0,0,-3,319,0,21,340,0.05%,0.05%,
105/11/11,-13,0,0,-13,322,0,21,343,0.05%,0.05%,
105/11/10,16,0,0,16,335,0,21,356,0.05%,0.05%,
105/11/09,0,0,0,0,319,0,21,340,0.05%,0.05%,
105/11/08,0,0,0,0,319,0,21,340,0.05%,0.05%,
105/11/07,0,0,0,0,319,0,21,340,0.05%,0.05%,
105/11/04,0,0,0,0,319,0,21,340,0.05%,0.05%,
105/11/03,0,0,0,0,319,0,21,340,0.05%,0.05%,
105/11/02,0,0,0,0,319,0,21,340,0.05%,0.05%,
105/11/01,0,0,0,0,319,0,21,340,0.05%,0.05%,
105/10/31,0,0,0,0,319,0,21,340,0.05%,0.05%,
105/10/28,-1,0,0,-1,319,0,21,340,0.05%,0.05%,
105/10/27,-2,0,0,-2,320,0,21,341,0.05%,0.05%,
105/10/26,1,0,0,1,322,0,21,343,0.05%,0.05%,
105/10/25,0,0,0,0,321,0,21,342,0.05%,0.05%,
105/10/24,0,0,0,0,321,0,21,342,0.05%,0.05%,
105/10/21,-10,0,0,-10,321,0,21,342,0.05%,0.05%,
105/10/20,-14,0,0,-14,331,0,21,352,0.05%,0.05%,
105/10/19,0,0,0,0,345,0,21,366,0.05%,0.05%,
105/10/18,0,0,0,0,345,0,21,366,0.05%,0.05%,
105/10/17,0,0,0,0,345,0,21,366,0.05%,0.05%,
105/10/14,1,0,0,1,345,0,21,366,0.05%,0.05%,
105/10/13,0,0,0,0,344,0,21,365,0.05%,0.05%,
105/10/12,0,0,0,0,344,0,21,365,0.05%,0.05%,
105/10/11,0,0,0,0,344,0,21,365,0.05%,0.05%,
105/10/07,0,0,0,0,344,0,21,365,0.05%,0.05%,
105/10/06,0,0,0,0,344,0,21,365,0.05%,0.05%,
105/10/05,-46,0,0,-46,344,0,21,365,0.05%,0.05%,
105/10/04,1,0,0,1,390,0,21,411,0.06%,0.06%,
105/10/03,0,0,0,0,389,0,21,410,0.06%,0.06%,
105/09/30,-12,0,0,-12,389,0,21,410,0.06%,0.06%,
105/09/29,0,0,0,0,401,0,21,422,0.06%,0.06%,
105/09/26,0,0,0,0,401,0,21,422,0.06%,0.06%,
105/09/23,-7,0,0,-7,401,0,21,422,0.06%,0.06%,
105/09/22,0,0,0,0,408,0,21,429,0.06%,0.06%,
105/09/21,116,0,0,116,408,0,21,429,0.06%,0.06%,
105/09/20,0,0,0,0,292,0,21,313,0.04%,0.04%,
105/09/19,0,0,0,0,292,0,21,313,0.04%,0.04%,
105/09/14,0,0,0,0,292,0,21,313,0.04%,0.04%,
105/09/13,0,0,0,0,292,0,21,313,0.04%,0.04%,
105/09/12,-17,0,0,-17,292,0,21,313,0.04%,0.04%,
105/09/10,0,0,0,0,309,0,21,330,0.04%,0.04%,
105/09/09,-1,0,0,-1,309,0,21,330,0.04%,0.04%,
105/09/08,3,0,0,3,310,0,21,331,0.04%,0.04%,
105/09/07,-2,0,0,-2,307,0,21,328,0.04%,0.04%,
105/09/06,2,0,0,2,309,0,21,330,0.04%,0.04%,
105/09/05,-3,0,0,-3,307,0,21,328,0.04%,0.04%,
105/09/02,-14,0,0,-14,310,0,21,331,0.04%,0.04%,
105/09/01,-15,0,0,-15,324,0,21,345,0.05%,0.05%,
105/08/31,-7,0,0,-7,339,0,21,360,0.05%,0.05%,
105/08/30,0,0,0,0,346,0,21,367,0.05%,0.05%,
105/08/29,-12,0,0,-12,346,0,21,367,0.05%,0.05%,
105/08/26,1,0,0,1,358,0,21,379,0.05%,0.05%,
105/08/25,0,0,0,0,357,0,21,378,0.05%,0.05%,
105/08/24,1,0,0,1,357,0,21,378,0.05%,0.05%,
105/08/23,10,0,0,10,356,0,21,377,0.05%,0.05%,
105/08/22,-46,0,0,-46,346,0,21,367,0.05%,0.05%,
105/08/19,-38,0,0,-38,392,0,21,413,0.06%,0.06%,
105/08/18,3,0,0,3,429,0,21,450,0.06%,0.06%,
105/08/17,66,0,0,66,426,0,21,447,0.06%,0.06%,
105/08/16,1,0,0,1,361,0,21,382,0.05%,0.05%,
105/08/15,0,0,0,0,360,0,21,381,0.05%,0.05%,
105/08/12,14,0,0,14,360,0,21,381,0.05%,0.05%,
105/08/11,-55,0,-6,-61,346,0,21,367,0.05%,0.05%,
105/08/10,2,0,0,2,401,0,27,428,0.06%,0.06%,
105/08/09,-2,0,0,-2,399,0,27,426,0.06%,0.06%,
105/08/08,-2,0,0,-2,401,0,27,428,0.06%,0.06%,
105/08/05,0,0,0,0,403,0,27,430,0.06%,0.06%,
105/08/04,-6,0,-15,-21,403,0,27,430,0.06%,0.06%,
105/08/03,-5,0,-2,-7,409,0,42,451,0.06%,0.07%,
105/08/02,-17,0,0,-17,414,0,44,458,0.06%,0.07%,
105/08/01,-22,0,0,-22,431,0,44,475,0.06%,0.07%,
105/07/29,7,0,0,7,453,0,44,497,0.07%,0.08%,
105/07/28,30,0,1,31,446,0,44,490,0.07%,0.08%,
105/07/27,4,0,-1,3,416,0,43,459,0.06%,0.07%,
105/07/26,12,0,0,12,412,0,44,456,0.06%,0.07%,
105/07/25,0,0,4,4,400,0,44,444,0.06%,0.07%,
105/07/22,-10,0,1,-9,400,0,40,440,0.06%,0.07%,
105/07/21,33,0,12,45,410,0,39,449,0.06%,0.07%,
105/07/20,6,0,6,12,377,0,27,404,0.05%,0.05%,
105/07/19,4,0,0,4,371,0,21,392,0.05%,0.05%,
105/07/18,2,0,0,2,367,0,21,388,0.05%,0.05%,
105/07/15,-10,0,0,-10,365,0,21,386,0.05%,0.05%,
105/07/14,1,0,0,1,374,0,21,395,0.05%,0.05%,
105/07/13,0,0,0,0,373,0,21,394,0.05%,0.05%,
105/07/12,-2,0,0,-2,373,0,21,394,0.05%,0.05%,
105/07/11,0,0,0,0,375,0,21,396,0.05%,0.05%,
105/07/07,-2,0,0,-2,375,0,21,396,0.05%,0.05%,
105/07/06,-10,0,0,-10,377,0,21,398,0.05%,0.05%,
105/07/05,-7,0,0,-7,387,0,21,408,0.06%,0.06%,
105/07/04,-27,0,0,-27,394,0,21,415,0.06%,0.06%,
105/07/01,60,0,0,60,421,0,21,442,0.06%,0.06%,
105/06/30,3,0,0,3,361,0,21,382,0.05%,0.05%,
105/06/29,3,0,-2,1,358,0,21,379,0.05%,0.05%,
105/06/28,8,0,0,8,355,0,23,378,0.05%,0.05%,
105/06/27,-28,0,0,-28,347,0,23,370,0.05%,0.05%,
105/06/24,-4,0,-2,-6,375,0,23,398,0.05%,0.05%,
105/06/23,0,0,0,0,379,0,25,404,0.06%,0.06%,
105/06/22,-10,0,0,-10,379,0,25,404,0.06%,0.06%,
105/06/21,0,0,0,0,389,0,25,414,0.06%,0.06%,
105/06/20,0,0,4,4,389,0,25,414,0.06%,0.06%,
105/06/17,9,0,0,9,389,0,21,410,0.06%,0.06%,
105/06/16,-6,0,0,-6,380,0,21,401,0.06%,0.06%,
105/06/15,17,0,0,17,386,0,21,407,0.06%,0.06%,
105/06/14,-12,0,0,-12,369,0,21,390,0.05%,0.05%,
105/06/13,-18,0,0,-18,381,0,21,402,0.06%,0.06%,
105/06/08,-23,0,0,-23,399,0,21,420,0.06%,0.06%,
105/06/07,0,0,0,0,422,0,21,443,0.06%,0.06%,
105/06/06,-5,0,0,-5,422,0,21,443,0.06%,0.06%,
105/06/04,0,0,0,0,427,0,21,448,0.06%,0.06%,
105/06/03,-20,0,0,-20,427,0,21,448,0.06%,0.06%,
105/06/02,29,0,0,29,447,0,21,468,0.07%,0.07%,
105/06/01,3,0,0,3,418,0,21,439,0.06%,0.06%,
105/05/31,-8,0,0,-8,415,0,21,436,0.06%,0.06%,
105/05/30,-3,0,0,-3,423,0,21,444,0.06%,0.06%,
105/05/27,0,0,0,0,426,0,21,447,0.06%,0.06%,
105/05/26,-12,0,0,-12,426,0,21,447,0.06%,0.06%,
105/05/25,0,0,0,0,438,0,21,459,0.06%,0.06%,
105/05/24,-27,0,0,-27,438,0,21,459,0.06%,0.06%,
105/05/23,-1,0,0,-1,465,0,21,486,0.07%,0.07%,
105/05/20,-18,0,0,-18,466,0,21,487,0.07%,0.07%,
105/05/19,-35,0,0,-35,484,0,21,505,0.07%,0.07%,
105/05/18,4,0,0,4,519,0,21,540,0.08%,0.08%,
105/05/17,-4,0,0,-4,515,0,21,536,0.08%,0.08%,
105/05/16,21,0,0,21,519,0,21,540,0.08%,0.08%,
105/05/13,0,0,0,0,498,0,21,519,0.07%,0.07%,
105/05/12,-5,0,0,-5,498,0,21,519,0.07%,0.07%,
105/05/11,-16,0,0,-16,503,0,21,524,0.07%,0.07%,
105/05/10,4,0,0,4,519,0,21,540,0.08%,0.08%,
105/05/09,0,0,0,0,515,0,21,536,0.08%,0.08%,
105/05/06,-1,0,0,-1,515,0,21,536,0.08%,0.08%,
105/05/05,-3,0,0,-3,516,0,21,537,0.08%,0.08%,
105/05/04,9,0,0,9,519,0,21,540,0.08%,0.08%,
105/05/03,-2,0,0,-2,510,0,21,531,0.08%,0.08%,
105/04/29,-4,0,0,-4,512,0,21,533,0.08%,0.08%,
105/04/28,-18,0,-1,-19,516,0,21,537,0.08%,0.08%,
105/04/27,-1,0,0,-1,534,0,22,556,0.08%,0.08%,
105/04/26,4,0,1,5,535,0,22,557,0.08%,0.08%,
105/04/25,0,0,0,0,531,0,21,552,0.08%,0.08%,
105/04/22,-5,0,0,-5,531,0,21,552,0.08%,0.08%,
105/04/21,-4,0,0,-4,536,0,21,557,0.08%,0.08%,
105/04/20,-4,0,0,-4,540,0,21,561,0.08%,0.08%,
105/04/19,-26,0,0,-26,544,0,21,565,0.08%,0.08%,
105/04/18,7,0,0,7,570,0,21,591,0.09%,0.09%,
105/04/15,-1,0,0,-1,563,0,21,584,0.08%,0.08%,
105/04/14,220,0,0,220,564,0,21,585,0.08%,0.08%,
105/04/13,-5,0,0,-5,344,0,21,365,0.05%,0.05%,
105/04/12,-4,0,0,-4,349,0,21,370,0.05%,0.05%,
105/04/11,7,0,0,7,353,0,21,374,0.05%,0.05%,
105/04/08,14,0,-2,12,346,0,21,367,0.05%,0.05%,
105/04/07,-1,0,-2,-3,332,0,23,355,0.05%,0.05%,
105/04/06,0,0,0,0,333,0,25,358,0.05%,0.05%,
105/04/01,1,0,4,5,333,0,25,358,0.05%,0.05%,
105/03/31,0,0,0,0,332,0,21,353,0.05%,0.05%,
105/03/30,8,0,0,8,332,0,21,353,0.05%,0.05%,
105/03/29,1,0,0,1,324,0,21,345,0.05%,0.05%,
105/03/28,-4,0,0,-4,323,0,21,344,0.05%,0.05%,
105/03/25,0,0,0,0,327,0,21,348,0.05%,0.05%,
105/03/24,-2,0,0,-2,327,0,21,348,0.05%,0.05%,
105/03/23,-1,0,0,-1,329,0,21,350,0.05%,0.05%,
105/03/22,-5,0,-3,-8,330,0,21,351,0.05%,0.05%,
105/03/21,-4,0,0,-4,335,0,24,359,0.05%,0.05%,
105/03/18,-10,0,0,-10,339,0,24,363,0.05%,0.05%,
105/03/17,-4,0,0,-4,349,0,24,373,0.05%,0.05%,
105/03/16,15,0,0,15,353,0,24,377,0.05%,0.05%,
105/03/15,-5,0,0,-5,338,0,24,362,0.05%,0.05%,
105/03/14,0,0,0,0,343,0,24,367,0.05%,0.05%,
105/03/11,12,0,0,12,343,0,24,367,0.05%,0.05%,
105/03/10,-2,0,0,-2,331,0,24,355,0.05%,0.05%,
105/03/09,-9,0,0,-9,333,0,24,357,0.05%,0.05%,
105/03/08,-83,0,0,-83,342,0,24,366,0.05%,0.05%,
105/03/07,98,0,0,98,425,0,24,449,0.06%,0.06%,
105/03/04,-4,0,0,-4,327,0,24,351,0.05%,0.05%,
105/03/03,-5,0,0,-5,331,0,24,355,0.05%,0.05%,
105/03/02,5,0,0,5,336,0,24,360,0.05%,0.05%,
105/03/01,1,0,0,1,331,0,24,355,0.05%,0.05%,
105/02/26,1,0,0,1,330,0,24,354,0.05%,0.05%,
105/02/25,0,0,0,0,329,0,24,353,0.05%,0.05%,
105/02/24,1,0,0,1,329,0,24,353,0.05%,0.05%,
105/02/23,3,0,0,3,328,0,24,352,0.05%,0.05%,
105/02/22,-2,0,0,-2,325,0,24,349,0.05%,0.05%,
105/02/19,0,0,0,0,327,0,24,351,0.05%,0.05%,
105/02/18,2,0,0,2,327,0,24,351,0.05%,0.05%,
105/02/17,0,0,1,1,325,0,24,349,0.05%,0.05%,
105/02/16,3,0,0,3,325,0,23,348,0.05%,0.05%,
105/02/15,1,0,0,1,322,0,23,345,0.05%,0.05%,
105/02/03,0,0,0,0,321,0,23,344,0.05%,0.05%,
105/02/02,0,0,0,0,321,0,23,344,0.05%,0.05%,
105/02/01,0,0,0,0,321,0,23,344,0.05%,0.05%,
105/01/30,0,0,0,0,321,0,23,344,0.05%,0.05%,
105/01/29,0,0,0,0,321,0,23,344,0.05%,0.05%,
105/01/28,0,0,0,0,321,0,23,344,0.05%,0.05%,
105/01/27,-24,0,0,-24,321,0,23,344,0.05%,0.05%,
105/01/26,0,0,0,0,345,0,23,368,0.05%,0.05%,
105/01/25,1,0,0,1,345,0,23,368,0.05%,0.05%,
105/01/22,0,0,0,0,344,0,23,367,0.05%,0.05%,
105/01/21,-50,0,0,-50,344,0,23,367,0.05%,0.05%,
105/01/20,-6,0,-1,-7,394,0,23,417,0.06%,0.06%,
105/01/19,0,0,0,0,400,0,24,424,0.06%,0.06%,
105/01/18,0,0,0,0,400,0,24,424,0.06%,0.06%,
105/01/15,0,0,0,0,400,0,24,424,0.06%,0.06%,
105/01/14,0,0,0,0,400,0,24,424,0.06%,0.06%,
105/01/13,-1,0,0,-1,400,0,24,424,0.06%,0.06%,
105/01/12,3,0,0,3,401,0,24,425,0.06%,0.06%,
105/01/11,0,0,0,0,398,0,24,422,0.06%,0.06%,
105/01/08,1,0,0,1,398,0,24,422,0.06%,0.06%,
105/01/07,-3,0,0,-3,397,0,24,421,0.06%,0.06%,
105/01/06,-2,0,0,-2,400,0,24,424,0.06%,0.06%,
105/01/05,-8,0,0,-8,402,0,24,426,0.06%,0.06%,
105/01/04,0,0,0,0,410,0,24,434,0.06%,0.06%,
104/12/31,0,0,0,0,410,0,24,434,0.06%,0.06%,
104/12/30,1,0,1,2,410,0,24,434,0.06%,0.06%,
104/12/29,0,0,0,0,409,0,23,432,0.06%,0.06%,
104/12/28,-1,0,0,-1,409,0,23,432,0.06%,0.06%,
104/12/25,-7,0,0,-7,410,0,23,433,0.06%,0.06%,
104/12/24,7,0,0,7,417,0,23,440,0.06%,0.06%,
104/12/23,-1,0,0,-1,410,0,23,433,0.06%,0.06%,
104/12/22,-0,0,0,0,411,0,23,434,0.06%,0.06%,
104/12/21,0,0,0,0,411,0,23,434,0.06%,0.06%,
104/12/18,0,0,1,1,411,0,23,434,0.06%,0.06%,
104/12/17,0,0,0,0,411,0,22,433,0.06%,0.06%,
104/12/16,-2,0,0,-2,411,0,22,433,0.06%,0.06%,
104/12/15,2,0,0,2,413,0,22,435,0.06%,0.06%,
104/12/14,-16,0,0,-16,411,0,22,433,0.06%,0.06%,
104/12/11,0,0,1,1,427,0,22,449,0.06%,0.06%,
104/12/10,10,0,0,10,427,0,21,448,0.06%,0.06%,
104/12/09,-26,0,0,-26,417,0,21,438,0.06%,0.06%,
104/12/08,26,0,0,26,443,0,21,464,0.07%,0.07%,
104/12/07,0,0,0,0,417,0,21,438,0.06%,0.06%,
104/12/04,-3,0,0,-3,417,0,21,438,0.06%,0.06%,
104/12/03,-3,0,0,-3,420,0,21,441,0.06%,0.06%,
104/12/02,41,0,0,41,423,0,21,444,0.06%,0.06%,
104/12/01,0,0,0,0,382,0,21,403,0.06%,0.06%,
104/11/30,-1,0,0,-1,382,0,21,403,0.06%,0.06%,
104/11/27,1,0,0,1,383,0,21,404,0.06%,0.06%,
104/11/26,0,0,0,0,382,0,21,403,0.06%,0.06%,
104/11/25,-11,0,0,-11,382,0,21,403,0.06%,0.06%,
104/11/24,11,0,0,11,393,0,21,414,0.06%,0.06%,
104/11/23,-16,0,0,-16,382,0,21,403,0.06%,0.06%,
104/11/20,4,0,0,4,398,0,21,419,0.06%,0.06%,
104/11/19,16,0,0,16,394,0,21,415,0.06%,0.06%,
104/11/18,-77,0,0,-77,378,0,21,399,0.05%,0.05%,
104/11/17,0,0,0,0,455,0,21,476,0.07%,0.07%,
104/11/16,8,0,0,8,455,0,21,476,0.07%,0.07%,
104/11/13,0,0,0,0,447,0,21,468,0.07%,0.07%,
104/11/12,-10,0,0,-10,447,0,21,468,0.07%,0.07%,
104/11/11,0,0,0,0,457,0,21,478,0.07%,0.07%,
104/11/10,0,0,0,0,457,0,21,478,0.07%,0.07%,
104/11/09,10,0,0,10,457,0,21,478,0.07%,0.07%,
104/11/06,0,0,0,0,447,0,21,468,0.07%,0.07%,
104/11/05,-1,0,0,-1,447,0,21,468,0.07%,0.07%,
104/11/04,125,0,0,125,448,0,21,469,0.07%,0.07%,
104/11/03,7,0,0,7,323,0,21,344,0.05%,0.05%,
104/11/02,1,0,0,1,316,0,21,337,0.05%,0.05%,
104/10/30,-16,0,0,-16,315,0,21,336,0.04%,0.04%,
104/10/29,-12,0,0,-12,331,0,21,352,0.05%,0.05%,
104/10/28,1,0,0,1,343,0,21,364,0.05%,0.05%,
104/10/27,1,0,0,1,342,0,21,363,0.05%,0.05%,
104/10/26,0,0,0,0,341,0,21,362,0.05%,0.05%,
104/10/23,-15,0,0,-15,341,0,21,362,0.05%,0.05%,
104/10/22,2,0,0,2,356,0,21,377,0.05%,0.05%,
104/10/21,-5,0,0,-5,354,0,21,375,0.05%,0.05%,
104/10/20,-13,0,0,-13,359,0,21,380,0.05%,0.05%,
104/10/19,-1,0,0,-1,372,0,21,393,0.05%,0.05%,
104/10/16,-2,0,0,-2,373,0,21,394,0.05%,0.05%,
104/10/15,-22,0,0,-22,375,0,21,396,0.05%,0.05%,
104/10/14,-12,0,0,-12,397,0,21,418,0.06%,0.06%,
104/10/13,-11,0,0,-11,409,0,21,430,0.06%,0.06%,
104/10/12,-52,0,0,-52,420,0,21,441,0.06%,0.06%,
104/10/08,-5,0,0,-5,472,0,21,493,0.07%,0.07%,
104/10/07,0,0,0,0,477,0,21,498,0.07%,0.07%,
104/10/06,0,0,0,0,477,0,21,498,0.07%,0.07%,
104/10/05,0,0,0,0,477,0,21,498,0.07%,0.07%,
104/10/02,0,0,0,0,477,0,21,498,0.07%,0.07%,
104/10/01,23,0,0,23,477,0,21,498,0.07%,0.07%,
104/09/30,0,0,0,0,454,0,21,475,0.07%,0.07%,
104/09/25,-2,0,0,-2,454,0,21,475,0.07%,0.07%,
104/09/24,0,0,0,0,456,0,21,477,0.07%,0.07%,
104/09/23,0,0,0,0,456,0,21,477,0.07%,0.07%,
104/09/22,-10,0,-1,-11,456,0,21,477,0.07%,0.07%,
104/09/21,-11,0,1,-10,466,0,22,488,0.07%,0.07%,
104/09/18,0,0,0,0,477,0,21,498,0.07%,0.07%,
104/09/17,11,0,0,11,477,0,21,498,0.07%,0.07%,
104/09/16,0,0,-1,-1,466,0,21,487,0.07%,0.07%,
104/09/15,0,0,0,0,466,0,22,488,0.07%,0.07%,
104/09/14,-1,0,-1,-2,466,0,22,488,0.07%,0.07%,
104/09/11,0,0,0,0,467,0,23,490,0.07%,0.07%,
104/09/10,1,0,0,1,467,0,23,490,0.07%,0.07%,
104/09/09,0,0,0,0,466,0,23,489,0.07%,0.07%,
104/09/08,0,0,0,0,466,0,23,489,0.07%,0.07%,
104/09/07,42,0,0,42,466,0,23,489,0.07%,0.07%,
104/09/04,0,0,0,0,424,0,23,447,0.06%,0.06%,
104/09/03,-1,0,0,-1,424,0,23,447,0.06%,0.06%,
104/09/02,0,0,0,0,425,0,23,448,0.06%,0.06%,
104/09/01,-2,0,0,-2,425,0,23,448,0.06%,0.06%,
104/08/31,0,0,0,0,427,0,23,450,0.06%,0.06%,
104/08/28,-5,0,0,-5,427,0,23,450,0.06%,0.06%,
104/08/27,-91,0,0,-91,432,0,23,455,0.06%,0.06%,
104/08/26,-22,0,0,-22,523,0,23,546,0.08%,0.08%,
104/08/25,-30,0,0,-30,545,0,23,568,0.08%,0.08%,
104/08/24,-176,0,0,-176,575,0,23,598,0.09%,0.09%,
104/08/21,-11,0,0,-11,751,0,23,774,0.11%,0.11%,
104/08/20,3,0,0,3,762,0,23,785,0.12%,0.12%,
104/08/19,-64,0,0,-64,759,0,23,782,0.12%,0.12%,
104/08/18,-11,0,0,-11,823,0,23,846,0.13%,0.13%,
104/08/17,1,0,0,1,834,0,23,857,0.13%,0.13%,
104/08/14,-1,0,0,-1,833,0,23,856,0.13%,0.13%,
104/08/13,3,0,0,3,834,0,23,857,0.13%,0.13%,
104/08/12,1,0,0,1,831,0,23,854,0.13%,0.13%,
104/08/11,-45,0,0,-45,830,0,23,853,0.13%,0.13%,
104/08/10,11,0,0,11,875,0,23,898,0.13%,0.13%,
104/08/07,1,0,0,1,864,0,23,887,0.13%,0.13%,
104/08/06,12,0,0,12,863,0,23,886,0.13%,0.13%,
104/08/05,9,0,0,9,851,0,23,874,0.13%,0.13%,
104/08/04,8,0,0,8,842,0,23,865,0.13%,0.13%,
104/08/03,-3,0,0,-3,834,0,23,857,0.13%,0.13%,
104/07/31,0,0,0,0,837,0,23,860,0.13%,0.13%,
104/07/30,-8,0,0,-8,837,0,23,860,0.13%,0.13%,
104/07/29,-2,0,0,-2,845,0,23,868,0.13%,0.13%,
104/07/28,39,0,0,39,847,0,23,870,0.13%,0.13%,
104/07/27,12,0,0,12,808,0,23,831,0.12%,0.12%,
104/07/24,5,0,0,5,796,0,23,819,0.12%,0.12%,
104/07/23,26,0,0,26,791,0,23,814,0.12%,0.12%,
104/07/22,-3,0,0,-3,765,0,23,788,0.12%,0.12%,
104/07/21,5,0,0,5,768,0,23,791,0.12%,0.12%,
104/07/20,0,0,-11,-11,763,0,23,786,0.12%,0.12%,
104/07/17,-18,0,0,-18,763,0,34,797,0.12%,0.13%,
104/07/16,-20,0,0,-20,781,0,34,815,0.12%,0.13%,
104/07/15,-33,0,0,-33,801,0,34,835,0.12%,0.13%,
104/07/14,-94,0,0,-94,834,0,34,868,0.13%,0.14%,
104/07/13,0,0,0,0,928,0,34,962,0.14%,0.15%,
104/07/09,34,0,0,34,928,0,34,962,0.14%,0.15%,
104/07/08,42,0,0,42,894,0,34,928,0.14%,0.15%,
104/07/07,13,0,0,13,852,0,34,886,0.13%,0.14%,
104/07/06,-4,0,0,-4,839,0,34,873,0.13%,0.14%,
104/07/03,-199,0,0,-199,843,0,34,877,0.13%,0.14%,
104/07/02,-36,0,0,-36,1042,0,34,1076,0.16%,0.17%,
104/07/01,3,0,0,3,1078,0,34,1112,0.17%,0.18%,
104/06/30,1,0,0,1,1075,0,34,1109,0.17%,0.18%,
104/06/29,-54,0,0,-54,1074,0,34,1108,0.17%,0.18%,
104/06/26,-22,0,0,-22,1128,0,34,1162,0.17%,0.18%,
104/06/25,11,0,0,11,1150,0,34,1184,0.18%,0.19%,
104/06/24,-42,0,0,-42,1139,0,34,1173,0.18%,0.19%,
104/06/23,-17,0,0,-17,1181,0,34,1215,0.18%,0.19%,
104/06/22,-59,0,-13,-72,1198,0,34,1232,0.19%,0.20%,
104/06/18,-37,0,0,-37,1257,0,47,1304,0.19%,0.20%,
104/06/17,-295,0,0,-295,1294,0,47,1341,0.20%,0.21%,
104/06/16,-54,0,0,-54,1589,0,47,1636,0.25%,0.26%,
104/06/15,-16,0,0,-16,1643,0,47,1690,0.26%,0.27%,
104/06/12,-44,0,0,-44,1659,0,47,1706,0.26%,0.27%,
104/06/11,-72,0,0,-72,1703,0,47,1750,0.27%,0.28%,
104/06/10,-15,0,0,-15,1775,0,47,1822,0.28%,0.29%,
104/06/09,-13,0,0,-13,1790,0,47,1837,0.28%,0.29%,
104/06/08,-83,0,0,-83,1803,0,47,1850,0.28%,0.29%,
104/06/05,-172,0,0,-172,1886,0,47,1933,0.29%,0.30%,
104/06/04,-125,0,0,-125,2058,0,47,2105,0.32%,0.33%,
104/06/03,-86,0,0,-86,2183,0,47,2230,0.34%,0.35%,
104/06/02,2,0,0,2,2269,0,47,2316,0.35%,0.36%,
104/06/01,-23,0,0,-23,2267,0,47,2314,0.35%,0.36%,
104/05/29,-7,0,0,-7,2290,0,47,2337,0.36%,0.37%,
104/05/28,-13,0,0,-13,2297,0,47,2344,0.36%,0.37%,
104/05/27,-18,0,0,-18,2310,0,47,2357,0.36%,0.37%,
104/05/26,-13,0,0,-13,2328,0,47,2375,0.36%,0.37%,
104/05/25,-66,0,0,-66,2341,0,47,2388,0.37%,0.38%,
104/05/22,-143,0,0,-143,2407,0,47,2454,0.38%,0.39%,
104/05/21,-90,0,-18,-108,2550,0,47,2597,0.40%,0.41%,
104/05/20,-46,0,0,-46,2640,0,65,2705,0.41%,0.42%,
104/05/19,-34,0,0,-34,2686,0,65,2751,0.42%,0.43%,
104/05/18,9,0,0,9,2720,0,65,2785,0.43%,0.44%,
104/05/15,1,0,-19,-18,2711,0,65,2776,0.42%,0.43%,
104/05/14,-4,0,0,-4,2710,0,84,2794,0.42%,0.43%,
104/05/13,2,0,0,2,2706,0,84,2790,0.42%,0.43%,
104/05/12,85,0,19,104,2704,0,84,2788,0.42%,0.43%,
104/05/11,113,0,0,113,2619,0,65,2684,0.41%,0.42%,
104/05/08,171,0,0,171,2506,0,65,2571,0.39%,0.40%,
104/05/07,98,0,0,98,2335,0,65,2400,0.37%,0.38%,
104/05/06,113,0,0,113,2237,0,65,2302,0.35%,0.36%,
104/05/05,46,0,0,46,2124,0,65,2189,0.33%,0.34%,
104/05/04,10,0,0,10,2078,0,65,2143,0.32%,0.33%,
104/04/30,129,0,0,129,2068,0,65,2133,0.32%,0.33%,
104/04/29,151,0,19,170,1939,0,65,2004,0.30%,0.31%,
104/04/28,55,0,0,55,1788,0,46,1834,0.28%,0.29%,
104/04/27,69,0,0,69,1733,0,46,1779,0.27%,0.28%,
104/04/24,118,0,0,118,1664,0,46,1710,0.26%,0.27%,
104/04/23,41,0,0,41,1546,0,46,1592,0.24%,0.25%,
104/04/22,-8,0,0,-8,1505,0,46,1551,0.23%,0.24%,
104/04/21,1,0,0,1,1513,0,46,1559,0.23%,0.24%,
104/04/20,1,0,0,1,1512,0,46,1558,0.23%,0.24%,
104/04/17,1,0,0,1,1511,0,46,1557,0.23%,0.24%,
104/04/16,-63,0,0,-63,1510,0,46,1556,0.23%,0.24%,
104/04/15,-150,0,0,-150,1573,0,46,1619,0.24%,0.25%,
104/04/14,4,0,0,4,1723,0,46,1769,0.27%,0.28%,
104/04/13,20,0,0,20,1719,0,46,1765,0.27%,0.28%,
104/04/10,10,0,0,10,1699,0,46,1745,0.26%,0.27%,
104/04/09,17,0,0,17,1689,0,46,1735,0.26%,0.27%,
104/04/08,0,0,0,0,1672,0,46,1718,0.26%,0.27%,
104/04/07,2,0,0,2,1672,0,46,1718,0.26%,0.27%,
104/04/02,0,0,0,0,1670,0,46,1716,0.26%,0.27%,
104/04/01,0,0,0,0,1670,0,46,1716,0.26%,0.27%,
104/03/31,13,0,0,13,1670,0,46,1716,0.26%,0.27%,
104/03/30,32,0,0,32,1657,0,46,1703,0.26%,0.27%,
104/03/27,69,0,0,69,1625,0,46,1671,0.25%,0.26%,
104/03/26,44,0,0,44,1556,0,46,1602,0.24%,0.25%,
104/03/25,5,0,17,22,1512,0,46,1558,0.23%,0.24%,
104/03/24,0,0,0,0,1507,0,29,1536,0.23%,0.23%,
104/03/23,0,0,0,0,1507,0,29,1536,0.23%,0.23%,
104/03/20,0,0,0,0,1507,0,29,1536,0.23%,0.23%,
104/03/19,50,0,0,50,1507,0,29,1536,0.23%,0.23%,
104/03/18,-8,0,0,-8,1457,0,29,1486,0.23%,0.23%,
104/03/17,-22,0,0,-22,1466,0,29,1495,0.23%,0.23%,
104/03/16,0,0,0,0,1488,0,29,1517,0.23%,0.23%,
104/03/13,2,0,0,2,1488,0,29,1517,0.23%,0.23%,
104/03/12,-6,0,0,-6,1486,0,29,1515,0.23%,0.23%,
104/03/11,-48,0,0,-48,1492,0,29,1521,0.23%,0.23%,
104/03/10,3,0,0,3,1540,0,29,1569,0.24%,0.24%,
104/03/09,-1,0,0,-1,1537,0,29,1566,0.24%,0.24%,
104/03/06,1,0,0,1,1538,0,29,1567,0.24%,0.24%,
104/03/05,5,0,0,5,1537,0,29,1566,0.24%,0.24%,
104/03/04,0,0,0,0,1532,0,29,1561,0.24%,0.24%,
104/03/03,0,0,0,0,1532,0,29,1561,0.24%,0.24%,
104/03/02,6,0,0,6,1532,0,29,1561,0.24%,0.24%,
104/02/26,0,0,0,0,1526,0,29,1555,0.24%,0.24%,
104/02/25,9,0,0,9,1526,0,29,1555,0.24%,0.24%,
104/02/24,-1,0,0,-1,1517,0,29,1546,0.24%,0.24%,
104/02/13,0,0,0,0,1518,0,29,1547,0.24%,0.24%,
104/02/12,0,0,0,0,1518,0,29,1547,0.24%,0.24%,
104/02/11,0,0,0,0,1518,0,29,1547,0.24%,0.24%,
104/02/10,191,0,0,191,1518,0,29,1547,0.24%,0.24%,
104/02/09,1,0,0,1,1327,0,29,1356,0.21%,0.21%,
104/02/06,-8,0,0,-8,1326,0,29,1355,0.21%,0.21%,
104/02/05,-5,0,0,-5,1334,0,29,1363,0.21%,0.21%,
104/02/04,-27,0,0,-27,1339,0,29,1368,0.21%,0.21%,
104/02/03,15,0,0,15,1366,0,29,1395,0.21%,0.21%,
104/02/02,1,0,0,1,1351,0,29,1380,0.21%,0.21%,
104/01/30,0,0,0,0,1350,0,29,1379,0.21%,0.21%,
104/01/29,3,0,0,3,1350,0,29,1379,0.21%,0.21%,
104/01/28,-2,0,0,-2,1347,0,29,1376,0.21%,0.21%,
104/01/27,-19,0,0,-19,1349,0,29,1378,0.21%,0.21%,
104/01/26,-25,0,0,-25,1368,0,29,1397,0.21%,0.21%,
104/01/23,0,0,0,0,1393,0,29,1422,0.22%,0.22%,
104/01/22,5,0,0,5,1393,0,29,1422,0.22%,0.22%,
104/01/21,38,0,0,38,1388,0,29,1417,0.22%,0.22%,
104/01/20,39,0,0,39,1350,0,29,1379,0.21%,0.21%,
104/01/19,0,0,0,0,1311,0,29,1340,0.20%,0.20%,
104/01/16,-37,0,0,-37,1311,0,29,1340,0.20%,0.20%,
104/01/15,-9,0,0,-9,1348,0,29,1377,0.21%,0.21%,
104/01/14,-20,0,0,-20,1357,0,29,1386,0.21%,0.21%,
104/01/13,8,0,0,8,1377,0,29,1406,0.21%,0.21%,
104/01/12,-6,0,0,-6,1369,0,29,1398,0.21%,0.21%,
104/01/09,0,0,0,0,1375,0,29,1404,0.21%,0.21%,
104/01/08,-11,0,0,-11,1375,0,29,1404,0.21%,0.21%,
104/01/07,-4,0,0,-4,1386,0,29,1415,0.21%,0.21%,
104/01/06,-17,0,0,-17,1390,0,29,1419,0.22%,0.22%,
104/01/05,-46,0,0,-46,1407,0,29,1436,0.22%,0.22%,
