日期,外資買賣超,投信買賣超,自營商買賣超,單日合計買賣超,外資估計持股,投信估計持股,自營商估計持股,單日合計估計持股,外資持股比重,三大法人持股比重,
107/03/31,-13,-21,-20,-54,3064706,23458,21576,3109740,53.93%,54.72%,
107/03/30,-639,-6,-375,-1020,3064719,23479,21596,3109794,53.93%,54.72%,
107/03/29,-2941,-1000,-839,-4780,3065358,23485,21971,3110814,53.94%,54.74%,
107/03/28,-794,0,15,-779,3068299,24485,22810,3115594,54.00%,54.83%,
107/03/27,-518,-1,763,244,3069093,24485,22795,3116373,54.01%,54.84%,
107/03/26,50,-914,218,-646,3069612,24486,22032,3116130,54.02%,54.84%,
107/03/23,331,-269,-236,-174,3069561,25400,21814,3116775,54.02%,54.85%,
107/03/22,1735,-228,58,1565,3069230,25669,22050,3116949,54.01%,54.85%,
107/03/21,373,-264,129,238,3067495,25897,21992,3115384,53.98%,54.82%,
107/03/20,2,-278,38,-238,3067122,26161,21863,3115146,53.97%,54.82%,
107/03/19,1125,-893,-43,189,3067120,26439,21825,3115384,53.97%,54.82%,
107/03/16,1836,-19,-329,1488,3065995,27332,21868,3115195,53.95%,54.82%,
107/03/15,326,0,5,331,3064459,27351,22197,3114007,53.93%,54.80%,
107/03/14,850,-330,142,662,3064133,27351,22192,3113676,53.92%,54.79%,
107/03/13,748,-12,-16,720,3063511,27681,22050,3113242,53.91%,54.79%,
107/03/12,2736,0,162,2898,3062762,27693,22066,3112521,53.90%,54.78%,
107/03/09,-489,0,-77,-566,3059526,27693,21904,3109123,53.84%,54.71%,
107/03/08,-713,0,49,-664,3059715,27693,21981,3109389,53.84%,54.71%,
107/03/07,2094,0,-161,1933,3059778,27693,21932,3109403,53.85%,54.72%,
107/03/06,-1277,-40,21,-1296,3057684,27693,22093,3107470,53.81%,54.69%,
107/03/05,-3806,220,-10,-3596,3058960,27733,22072,3108765,53.83%,54.71%,
107/03/02,-1890,275,58,-1557,3062957,27513,22082,3112552,53.90%,54.77%,
107/03/01,2763,300,71,3134,3064847,27238,22024,3114109,53.93%,54.80%,
107/02/27,1245,-13,-215,1017,3062083,26938,21953,3110974,53.89%,54.75%,
107/02/26,-1549,-82,457,-1174,3060838,26951,22168,3109957,53.86%,54.72%,
107/02/23,694,-93,-3,598,3062387,27033,21711,3111131,53.89%,54.75%,
107/02/22,-3937,-7,-13,-3957,3061693,27126,21714,3110533,53.88%,54.74%,
107/02/21,3698,0,-345,3353,3065712,27133,21727,3114572,53.95%,54.81%,
107/02/12,-1536,-14,-45,-1595,3062202,27133,22072,3111407,53.89%,54.76%,
107/02/09,-2718,318,83,-2317,3063738,27147,22117,3113002,53.91%,54.78%,
107/02/08,116,-48,-121,-53,3066360,26829,22034,3115223,53.96%,54.82%,
107/02/07,-1470,5,24,-1441,3066361,26877,22155,3115393,53.96%,54.82%,
107/02/06,-4360,-100,-250,-4710,3068007,26872,22131,3117010,53.99%,54.85%,
107/02/05,2055,0,-248,1807,3072368,26972,22381,3121721,54.07%,54.94%,
107/02/02,19,0,16,35,3070313,26972,22629,3119914,54.03%,54.90%,
107/02/01,4592,50,-76,4566,3070306,26972,22613,3119891,54.03%,54.90%,
107/01/31,4054,-56,300,4298,3065714,26922,22689,3115325,53.95%,54.82%,
107/01/30,1999,0,-144,1855,3061747,26978,22389,3111114,53.88%,54.75%,
107/01/29,1864,0,147,2011,3060107,26978,22533,3109618,53.85%,54.72%,
107/01/26,24,-307,-206,-489,3058243,26978,22386,3107607,53.82%,54.69%,
107/01/25,646,8,110,764,3058133,27285,22592,3108010,53.82%,54.70%,
107/01/24,297,-15,-82,200,3057390,27277,22482,3107149,53.80%,54.68%,
107/01/23,-202,127,-452,-527,3057069,27292,22564,3106925,53.80%,54.68%,
107/01/22,2904,-644,10,2270,3057271,27165,23016,3107452,53.80%,54.68%,
107/01/19,2412,0,167,2579,3054368,27809,23006,3105183,53.75%,54.64%,
107/01/18,1593,-875,0,718,3051547,27809,22839,3102195,53.70%,54.59%,
107/01/17,1596,0,-137,1459,3049954,28684,22839,3101477,53.67%,54.58%,
107/01/16,1033,-59,-132,842,3048318,28684,22976,3099978,53.64%,54.55%,
107/01/15,2006,-28,881,2859,3047285,28743,23108,3099136,53.63%,54.54%,
107/01/12,1899,68,261,2228,3045279,28771,22227,3096277,53.59%,54.49%,
107/01/11,856,-19,12,849,3043380,28703,21966,3094049,53.56%,54.45%,
107/01/10,1237,-168,-50,1019,3042524,28722,21954,3093200,53.54%,54.43%,
107/01/09,-1683,-102,-69,-1854,3041264,28890,22004,3092158,53.52%,54.42%,
107/01/08,819,93,-17,895,3042948,28992,22073,3094013,53.55%,54.45%,
107/01/05,976,20,-47,949,3042129,28899,22090,3093118,53.53%,54.43%,
107/01/04,840,-213,21,648,3041152,28879,22137,3092168,53.52%,54.42%,
107/01/03,452,432,288,1172,3040312,29092,22116,3091520,53.50%,54.40%,
107/01/02,1876,0,380,2256,3039860,28660,21828,3090348,53.49%,54.38%,
106/12/29,394,-22,102,474,3037984,28660,21448,3088092,53.46%,54.34%,
106/12/28,2185,2,58,2245,3037590,29390,21346,3088326,53.45%,54.34%,
106/12/27,874,-14,22,882,3035404,29388,21288,3086080,53.42%,54.31%,
106/12/26,227,-18,-30,179,3034530,29402,21266,3085198,53.40%,54.29%,
106/12/25,272,0,3,275,3034299,29420,21296,3085015,53.40%,54.29%,
106/12/22,1679,73,-215,1537,3034027,29420,21293,3084740,53.39%,54.28%,
106/12/21,1620,0,-325,1295,3032787,29347,21508,3083642,53.37%,54.27%,
106/12/20,2289,0,-260,2029,3031216,29347,21833,3082396,53.34%,54.24%,
106/12/19,-441,-200,-567,-1208,3029024,29347,22093,3080464,53.30%,54.21%,
106/12/18,-933,580,16,-337,3029794,29547,22660,3082001,53.32%,54.24%,
106/12/15,-1107,1229,-291,-169,3030384,28967,22644,3081995,53.33%,54.24%,
106/12/14,5620,1082,499,7201,3031162,27738,22935,3081835,53.34%,54.23%,
106/12/13,3182,-338,65,2909,3025541,26656,22436,3074633,53.24%,54.10%,
106/12/12,552,98,-28,622,3022408,26994,22371,3071773,53.19%,54.06%,
106/12/11,-1051,685,46,-320,3022036,26896,22399,3071331,53.18%,54.05%,
106/12/08,3744,2700,40,6484,3023147,26211,22353,3071711,53.20%,54.05%,
106/12/07,5251,50,-19,5282,3019463,23511,22313,3065287,53.14%,53.95%,
106/12/06,4895,-758,45,4182,3014212,23461,22332,3060005,53.04%,53.85%,
106/12/05,4345,318,52,4715,3009327,24219,22287,3055833,52.96%,53.78%,
106/12/04,-3540,0,-207,-3747,3004982,23901,22235,3051118,52.88%,53.69%,
106/12/01,1675,139,168,1982,3008552,23901,22442,3054895,52.94%,53.76%,
106/11/30,2186,66,-246,2006,3006878,23762,22274,3052914,52.91%,53.72%,
106/11/29,785,38,54,877,3004692,23696,22520,3050908,52.88%,53.69%,
106/11/28,1401,-6,-58,1337,3003907,23658,22466,3050031,52.86%,53.67%,
106/11/27,-362,0,-184,-546,3002338,23664,22524,3048526,52.83%,53.64%,
106/11/24,-504,0,-143,-647,3002700,23664,22708,3049072,52.84%,53.66%,
106/11/23,854,-11,-31,812,3003204,23664,22851,3049719,52.85%,53.67%,
106/11/22,7215,2,244,7461,3002350,23675,22882,3048907,52.83%,53.65%,
106/11/21,-150,-302,-2,-454,2995135,23673,22638,3041446,52.71%,53.53%,
106/11/20,1090,0,-135,955,2995284,23975,22640,3041899,52.71%,53.53%,
106/11/17,2077,-4,73,2146,2994194,23975,22775,3040944,52.69%,53.51%,
106/11/16,2621,0,-22,2599,2992107,23979,22702,3038788,52.65%,53.47%,
106/11/15,2481,7,-35,2453,2989486,23979,22724,3036189,52.61%,53.43%,
106/11/14,2285,-8,-44,2233,2987005,23972,22759,3033736,52.56%,53.38%,
106/11/13,900,8,134,1042,2984720,23980,22803,3031503,52.52%,53.34%,
106/11/10,-1478,3,60,-1415,2983820,23972,22669,3030461,52.51%,53.33%,
106/11/09,1285,-8,420,1697,2985297,23969,22609,3031875,52.53%,53.35%,
106/11/08,1725,50,-6,1769,2984013,23977,22189,3030179,52.51%,53.32%,
106/11/07,-46,-86,-25,-157,2982287,23927,22195,3028409,52.48%,53.29%,
106/11/06,635,0,-39,596,2982056,24013,22220,3028289,52.48%,53.29%,
106/11/03,-1317,0,104,-1213,2981421,24013,22259,3027693,52.47%,53.28%,
106/11/02,7,-595,-97,-685,2982737,24013,22155,3028905,52.49%,53.30%,
106/11/01,1966,-2,36,2000,2982731,24608,22252,3029591,52.49%,53.31%,
106/10/31,1199,1,-2,1198,2981494,24610,22216,3028320,52.47%,53.29%,
106/10/30,1885,0,37,1922,2979946,24609,22218,3026773,52.44%,53.26%,
106/10/27,2712,521,-17,3216,2978062,24609,22181,3024852,52.41%,53.23%,
106/10/26,-595,-12,83,-524,2975350,24088,22198,3021636,52.36%,53.17%,
106/10/25,-642,186,7,-449,2975945,24100,22115,3022160,52.37%,53.18%,
106/10/24,2401,-3,-243,2155,2975900,23914,22108,3021922,52.37%,53.18%,
106/10/23,3370,1476,325,5171,2973489,23917,22351,3019757,52.33%,53.14%,
106/10/20,2367,0,-64,2303,2970188,22441,22026,3014655,52.27%,53.05%,
106/10/19,580,-16,-126,438,2967828,22441,22090,3012359,52.23%,53.01%,
106/10/18,855,-2,-275,578,2967248,22457,22216,3011921,52.22%,53.01%,
106/10/17,6358,24,237,6619,2966716,22459,22491,3011666,52.21%,53.00%,
106/10/16,3213,-4,-47,3162,2960469,22435,22254,3005158,52.10%,52.89%,
106/10/13,1993,72,-244,1821,2957245,22439,22301,3001985,52.04%,52.83%,
106/10/12,2527,124,293,2944,2955181,22367,22545,3000093,52.00%,52.79%,
106/10/11,4873,0,-122,4751,2951714,22243,22252,2996209,51.94%,52.72%,
106/10/06,3488,350,-57,3781,2946618,22243,22374,2991235,51.85%,52.64%,
106/10/05,2570,202,-24,2748,2943129,21893,22431,2987453,51.79%,52.57%,
106/10/03,4699,6,-22,4683,2940549,21691,22455,2984695,51.75%,52.53%,
106/10/02,1073,0,133,1206,2935692,21685,22477,2979854,51.66%,52.44%,
106/09/30,3,108,-118,-7,2934598,21685,22344,2978627,51.64%,52.41%,
106/09/29,2721,200,40,2961,2934595,25648,22462,2982705,51.64%,52.49%,
106/09/28,836,1,228,1065,2931971,25448,22422,2979841,51.60%,52.44%,
106/09/27,-2814,-157,-27,-2998,2931216,25447,22194,2978857,51.58%,52.42%,
106/09/26,364,0,-5,359,2934092,25604,22221,2981917,51.63%,52.47%,
106/09/25,519,245,-320,444,2933728,25604,22226,2981558,51.63%,52.47%,
106/09/22,557,-10,-313,234,2933219,25359,22546,2981124,51.62%,52.46%,
106/09/21,-551,190,-81,-442,2933983,25369,22859,2982211,51.63%,52.48%,
106/09/20,2186,265,219,2670,2934524,25179,22940,2982643,51.64%,52.49%,
106/09/19,1717,-10,-119,1588,2932285,24914,22721,2979920,51.60%,52.44%,
106/09/18,4385,-89,241,4537,2930558,24924,22840,2978322,51.57%,52.41%,
106/09/15,4367,-11,-120,4236,2926156,25013,22599,2973768,51.49%,52.33%,
106/09/14,3183,18,-135,3066,2921552,25024,22719,2969295,51.41%,52.25%,
106/09/13,1868,531,-43,2356,2918290,25006,22854,2966150,51.36%,52.20%,
106/09/12,674,92,-208,558,2916358,24475,22897,2963730,51.32%,52.15%,
106/09/11,-321,70,-189,-440,2916071,24383,23105,2963559,51.32%,52.16%,
106/09/08,4601,100,243,4944,2916051,24313,23294,2963658,51.32%,52.16%,
106/09/07,3139,-14,-100,3025,2911241,24213,23050,2958504,51.23%,52.06%,
106/09/06,3057,-5,-177,2875,2907918,24227,23150,2955295,51.17%,52.00%,
106/09/05,4447,-165,-73,4209,2904642,24232,23327,2952201,51.11%,51.95%,
106/09/04,4564,-6,47,4605,2900201,24397,23400,2947998,51.04%,51.88%,
106/09/01,3542,-3,-88,3451,2895587,24403,23353,2943343,50.96%,51.80%,
106/08/31,3133,-179,-527,2427,2891807,24406,23441,2939654,50.89%,51.73%,
106/08/30,3862,0,-52,3810,2888475,24585,23968,2937028,50.83%,51.68%,
106/08/29,2068,-9,-112,1947,2884384,24585,24020,2932989,50.76%,51.62%,
106/08/28,2387,-4,-954,1429,2882246,24594,24132,2930972,50.72%,51.58%,
106/08/25,13093,381,823,14297,2879850,24598,25086,2929534,50.68%,51.55%,
106/08/24,15689,336,-64,15961,2866654,24217,24263,2915134,50.45%,51.30%,
106/08/23,7224,261,-126,7359,2850965,23881,24327,2899173,50.17%,51.02%,
106/08/22,4985,114,105,5204,2843741,23620,24453,2891814,50.04%,50.89%,
106/08/21,80,0,25,105,2839548,23506,24348,2887402,49.97%,50.81%,
106/08/18,1434,-3,32,1463,2839469,23506,24323,2887298,49.97%,50.81%,
106/08/17,2646,0,158,2804,2838030,23509,24291,2885830,49.94%,50.78%,
106/08/16,5684,-31,-460,5193,2835441,23509,24133,2883083,49.90%,50.74%,
106/08/15,7386,185,-129,7442,2829757,23540,24593,2877890,49.80%,50.65%,
106/08/14,3316,0,-248,3068,2822371,23355,24722,2870448,49.67%,50.52%,
106/08/11,-1121,31,-18,-1108,2819055,23355,24970,2867380,49.61%,50.46%,
106/08/10,2796,135,-595,2336,2820176,23324,24988,2868488,49.63%,50.48%,
106/08/09,-1521,88,-70,-1503,2817370,23189,25583,2866142,49.58%,50.44%,
106/08/08,381,368,-50,699,2818071,23101,25653,2866825,49.59%,50.45%,
106/08/07,-158,65,-128,-221,2817681,22733,25703,2866117,49.58%,50.43%,
106/08/04,2217,275,-482,2010,2817829,22668,25831,2866328,49.59%,50.44%,
106/08/03,2917,100,-1347,1670,2815612,22393,26313,2864318,49.55%,50.41%,
106/08/02,-2066,87,1161,-818,2812695,22293,27660,2862648,49.50%,50.38%,
106/08/01,-343,-4,349,2,2815568,22206,26499,2864273,49.55%,50.41%,
106/07/31,1341,-732,-30,579,2816459,22210,26150,2864819,49.56%,50.41%,
106/07/28,-4182,-3775,-186,-8143,2814372,22942,26180,2863494,49.53%,50.39%,
106/07/27,0,0,0,0,2818379,26717,26366,2871462,49.60%,50.53%,
106/07/26,1042,-201,-817,24,2817644,26717,26366,2870727,49.58%,50.51%,
106/07/25,-318,-117,79,-356,2814673,26918,27183,2868774,49.53%,50.48%,
106/07/24,2316,-1087,105,1334,2814251,27035,27104,2868390,49.52%,50.47%,
106/07/21,-349,0,138,-211,2811588,28122,26999,2866709,49.48%,50.45%,
106/07/20,-1700,-50,-329,-2079,2811937,28122,26861,2866920,49.48%,50.45%,
106/07/19,-1383,-150,-193,-1726,2813606,28172,27190,2868968,49.51%,50.48%,
106/07/18,-949,-27,-99,-1075,2814973,28322,27383,2870678,49.54%,50.52%,
106/07/17,-3524,-35,60,-3499,2815922,28349,27482,2871753,49.55%,50.53%,
106/07/14,-2545,-202,19,-2728,2819428,28384,27422,2875234,49.62%,50.60%,
106/07/13,356,-841,40,-445,2821943,28586,27403,2877932,49.66%,50.65%,
106/07/12,-2551,-11,-172,-2734,2821587,29427,27363,2878377,49.65%,50.65%,
106/07/11,63,-25,269,307,2824117,29438,27535,2881090,49.70%,50.70%,
106/07/10,123,-5,53,171,2824054,29463,27266,2880783,49.70%,50.70%,
106/07/07,-801,-8,-20,-829,2823921,29468,27213,2880602,49.69%,50.69%,
106/07/06,-350,418,38,106,2824742,29476,27233,2881451,49.71%,50.71%,
106/07/05,81,0,580,661,2825092,29058,27195,2881345,49.71%,50.70%,
106/07/04,130,-79,-84,-33,2825013,29058,26615,2880686,49.71%,50.69%,
106/07/03,238,133,27,398,2824883,29137,26699,2880719,49.71%,50.69%,
106/06/30,1974,-30,-27,1917,2824643,29004,26672,2880319,49.71%,50.69%,
106/06/29,48,174,-16,206,2822670,25707,26699,2875076,49.67%,50.59%,
106/06/28,3854,-10,212,4056,2822576,25533,26715,2874824,49.67%,50.59%,
106/06/27,3135,-78,69,3126,2818782,25543,26503,2870828,49.60%,50.52%,
106/06/26,3719,92,427,4238,2815648,25621,26434,2867703,49.55%,50.47%,
106/06/23,3042,610,-420,3232,2813123,25529,26007,2864659,49.50%,50.41%,
106/06/22,4874,0,546,5420,2810871,24919,26427,2862217,49.46%,50.36%,
106/06/21,3738,-135,271,3874,2801371,24919,25881,2852171,49.30%,50.19%,
106/06/20,-767,-15,82,-700,2797906,25054,25610,2848570,49.24%,50.13%,
106/06/19,669,20,104,793,2798879,25069,25528,2849476,49.25%,50.14%,
106/06/16,-2186,-35,-53,-2274,2798204,25049,25424,2848677,49.24%,50.13%,
106/06/15,-1688,0,74,-1614,2801739,25084,25477,2852300,49.30%,50.19%,
106/06/14,2494,64,-528,2030,2805116,25084,25403,2855603,49.36%,50.25%,
106/06/13,451,0,6,457,2804064,25020,25931,2855015,49.34%,50.24%,
106/06/12,-730,0,85,-645,2804774,25020,25925,2855719,49.36%,50.26%,
106/06/09,-3071,-18,-249,-3338,2805762,25020,25840,2856622,49.37%,50.27%,
106/06/08,-2830,-100,323,-2607,2808323,25038,26089,2859450,49.42%,50.32%,
106/06/07,3824,-10,-56,3758,2811203,25138,25766,2862107,49.47%,50.37%,
106/06/06,2459,-433,-3,2023,2807379,25148,25822,2858349,49.40%,50.30%,
106/06/05,-367,-1019,132,-1254,2804920,25581,25826,2856327,49.36%,50.26%,
106/06/03,26,-8,-95,-77,2805287,26600,25694,2857581,49.37%,50.29%,
106/06/02,1186,-22,171,1335,2805261,26608,25789,2857658,49.37%,50.29%,
106/06/01,-85,-120,-48,-253,2804533,26630,25618,2856781,49.35%,50.27%,
106/05/31,-1781,1081,-228,-928,2804568,26750,25666,2856984,49.35%,50.27%,
106/05/26,2461,1054,-712,2803,2806203,25669,25894,2857766,49.38%,50.29%,
106/05/25,5107,259,2255,7621,2803557,24615,26606,2854778,49.34%,50.24%,
106/05/24,2397,220,-41,2576,2798320,24356,24351,2847027,49.24%,50.10%,
106/05/23,-139,329,3,193,2795924,24136,24392,2844452,49.20%,50.05%,
106/05/22,-1063,11,95,-957,2796063,23807,24389,2844259,49.20%,50.05%,
106/05/19,1430,146,28,1604,2797104,23796,24294,2845194,49.22%,50.07%,
106/05/18,4533,180,21,4734,2796274,23650,24266,2844190,49.21%,50.05%,
106/05/17,3005,0,43,3048,2791741,23470,24245,2839456,49.13%,49.97%,
106/05/16,2399,681,-69,3011,2788713,23470,24202,2836385,49.07%,49.91%,
106/05/15,2700,252,-120,2832,2786314,22789,24271,2833374,49.03%,49.86%,
106/05/12,4440,466,392,5298,2783622,22537,24391,2830550,48.99%,49.82%,
106/05/11,1919,672,128,2719,2779182,22071,23999,2825252,48.91%,49.72%,
106/05/10,675,0,96,771,2777263,21399,23871,2822533,48.87%,49.67%,
106/05/09,-605,0,25,-580,2776588,21399,23775,2821762,48.86%,49.66%,
106/05/08,-198,0,39,-159,2776631,21399,23750,2821780,48.86%,49.65%,
106/05/05,2575,12,65,2652,2776597,21399,23711,2821707,48.86%,49.65%,
106/05/04,-3024,29,136,-2859,2774022,21387,23646,2819055,48.82%,49.61%,
106/05/03,-622,12,-102,-712,2777046,21358,23510,2821914,48.87%,49.66%,
106/05/02,-903,-91,147,-847,2777668,21346,23612,2822626,48.88%,49.67%,
106/04/28,-983,-10,-18,-1011,2778608,21437,23465,2823510,48.90%,49.69%,
106/04/27,-465,-60,2,-523,2779591,21447,23483,2824521,48.91%,49.70%,
106/04/26,1123,0,-109,1014,2780055,21507,23481,2825043,48.92%,49.71%,
106/04/25,538,36,36,610,2778933,21507,23590,2824030,48.90%,49.69%,
106/04/24,142,0,13,155,2778367,21471,23554,2823392,48.89%,49.68%,
106/04/21,-616,0,37,-579,2778206,21471,23541,2823218,48.89%,49.68%,
106/04/20,-2188,0,-77,-2265,2778823,21471,23504,2823798,48.90%,49.69%,
106/04/19,-3215,0,-235,-3450,2781238,21471,23581,2826290,48.94%,49.73%,
106/04/18,-1525,0,-21,-1546,2784443,21471,23816,2829730,49.00%,49.80%,
106/04/17,-1412,0,103,-1309,2785937,21471,23837,2831245,49.03%,49.83%,
106/04/14,-227,72,19,-136,2787242,21471,23734,2832447,49.05%,49.85%,
106/04/13,3,0,32,35,2788111,21399,23715,2833225,49.06%,49.85%,
106/04/12,814,-86,60,788,2788092,21399,23683,2833174,49.06%,49.85%,
106/04/11,-4572,93,149,-4330,2788118,21485,23623,2833226,49.06%,49.85%,
106/04/10,-454,-110,-12,-576,2792689,21392,23474,2837555,49.14%,49.93%,
106/04/07,-7378,-234,-152,-7764,2794168,21502,23486,2839156,49.17%,49.96%,
106/04/06,212,124,-40,296,2801451,21736,23638,2846825,49.30%,50.10%,
106/04/05,5115,263,324,5702,2800038,21612,23678,2845328,49.27%,50.07%,
106/03/31,154,0,-86,68,2794792,21349,23354,2839495,49.18%,49.97%,
106/03/30,-1462,0,-19,-1481,2794602,22936,23440,2840978,49.18%,50.00%,
106/03/29,-78,102,149,173,2795980,22936,23459,2842375,49.20%,50.02%,
106/03/28,1426,0,-564,862,2796014,22834,23310,2842158,49.20%,50.01%,
106/03/27,-237,-446,-461,-1144,2794588,22834,23874,2841296,49.18%,50.00%,
106/03/24,1228,40,-36,1232,2794825,23280,24335,2842440,49.18%,50.02%,
106/03/23,2117,0,-350,1767,2793597,23240,24371,2841208,49.16%,50.00%,
106/03/22,69,0,59,128,2791480,23240,24721,2839441,49.12%,49.96%,
106/03/21,3339,-3,-24,3312,2791401,23240,24662,2839303,49.12%,49.96%,
106/03/20,-1769,92,261,-1416,2788052,23243,24686,2835981,49.06%,49.90%,
106/03/17,6189,420,565,7174,2789739,23151,24425,2837315,49.09%,49.93%,
106/03/16,2832,26,15,2873,2782739,22731,23860,2829330,48.97%,49.79%,
106/03/15,3545,-802,-491,2252,2779869,22705,23845,2826419,48.92%,49.74%,
106/03/14,6122,240,-62,6300,2776323,23507,24336,2824166,48.86%,49.70%,
106/03/13,-2673,13,287,-2373,2770201,23267,24398,2817866,48.75%,49.59%,
106/03/10,-7142,50,279,-6813,2772875,23254,24111,2820240,48.80%,49.63%,
106/03/09,-8085,205,-39,-7919,2780017,23204,23832,2827053,48.92%,49.75%,
106/03/08,-2031,706,105,-1220,2789074,22999,23871,2835944,49.08%,49.90%,
106/03/07,784,0,-135,649,2791105,22293,23766,2837164,49.12%,49.93%,
106/03/06,-976,0,158,-818,2790321,22293,23901,2836515,49.10%,49.91%,
106/03/03,-3431,-10,-176,-3617,2791289,22293,23743,2837325,49.12%,49.93%,
106/03/02,-4503,270,495,-3738,2794710,22303,23919,2840932,49.18%,49.99%,
106/03/01,8879,537,411,9827,2799186,22033,23424,2844643,49.26%,50.06%,
106/02/24,260,0,-42,218,2790308,21496,23013,2834817,49.10%,49.88%,
106/02/23,-2055,-60,-330,-2445,2789795,21496,23055,2834346,49.09%,49.87%,
106/02/22,-362,-68,91,-339,2791111,21556,23385,2836052,49.12%,49.91%,
106/02/21,-479,0,-187,-666,2791613,21624,23294,2836531,49.13%,49.92%,
106/02/20,-2167,0,-34,-2201,2792092,21624,23481,2837197,49.13%,49.92%,
106/02/18,0,122,95,217,2794259,21624,23515,2839398,49.17%,49.96%,
106/02/17,-1899,-127,195,-1831,2794259,21502,23420,2839181,49.17%,49.96%,
106/02/16,2371,0,-93,2278,2796148,21629,23225,2841002,49.21%,50.00%,
106/02/15,1824,-519,33,1338,2793767,21629,23318,2838714,49.16%,49.95%,
106/02/14,-4122,-319,63,-4378,2791943,22148,23285,2837376,49.13%,49.93%,
106/02/13,-28,0,139,111,2796315,22467,23222,2842004,49.21%,50.01%,
106/02/10,-2572,-250,-4,-2826,2796343,22467,23083,2841893,49.21%,50.01%,
106/02/09,-373,-220,-83,-676,2798905,22717,23087,2844709,49.25%,50.06%,
106/02/08,-7511,-110,-43,-7664,2799262,22937,23170,2845369,49.26%,50.07%,
106/02/07,-3691,-367,21,-4037,2806504,23047,23213,2852764,49.39%,50.20%,
106/02/06,-2542,-30,84,-2488,2809966,23414,23192,2856572,49.45%,50.27%,
106/02/03,-2430,-91,31,-2490,2812476,23444,23108,2859028,49.49%,50.31%,
106/02/02,-10696,-206,68,-10834,2814906,23535,23077,2861518,49.54%,50.36%,
106/01/24,-7051,0,138,-6913,2825156,23741,23009,2871906,49.72%,50.54%,
106/01/23,-4957,1,176,-4780,2832240,23741,22871,2878852,49.84%,50.66%,
106/01/20,-1679,0,43,-1636,2837185,23740,22695,2883620,49.93%,50.75%,
106/01/19,-1134,0,-177,-1311,2838850,23740,22652,2885242,49.96%,50.78%,
106/01/18,-3420,-302,-82,-3804,2839984,23740,22829,2886553,49.98%,50.80%,
106/01/17,-2236,100,-124,-2260,2843317,24042,22911,2890270,50.04%,50.87%,
106/01/16,-2628,140,-259,-2747,2845554,23942,23035,2892531,50.08%,50.91%,
106/01/13,-760,0,-128,-888,2848172,23802,23294,2895268,50.12%,50.95%,
106/01/12,1251,0,-267,984,2848988,23802,23422,2896212,50.14%,50.97%,
106/01/11,-4016,20,-45,-4041,2847727,23802,23689,2895218,50.11%,50.95%,
106/01/10,-4260,0,-123,-4383,2851743,23782,23734,2899259,50.18%,51.02%,
106/01/09,-839,0,70,-769,2856003,23782,23857,2903642,50.26%,51.10%,
106/01/06,-2819,80,-40,-2779,2856832,23782,23787,2904401,50.27%,51.11%,
106/01/05,-957,-34,190,-801,2859634,23702,23827,2907163,50.32%,51.16%,
106/01/04,-4177,0,16,-4161,2860591,23736,23637,2907964,50.34%,51.17%,
106/01/03,-671,0,231,-440,2864803,23736,23621,2912160,50.41%,51.24%,
105/12/30,1187,74,-156,1105,2865445,23736,23390,2912571,50.43%,51.26%,
105/12/29,-1747,0,217,-1530,2864248,23662,23546,2911456,50.40%,51.23%,
105/12/28,-1841,0,12,-1829,2866267,23662,23329,2913258,50.44%,51.27%,
105/12/27,-1510,82,-120,-1548,2868082,23662,23317,2915061,50.47%,51.30%,
105/12/26,-302,0,-48,-350,2869592,23580,23437,2916609,50.50%,51.33%,
105/12/23,-2644,-196,69,-2771,2869894,23580,23485,2916959,50.50%,51.33%,
105/12/22,-3052,0,198,-2854,2872538,23776,23416,2919730,50.55%,51.38%,
105/12/21,-4652,0,65,-4587,2875591,23776,23218,2922585,50.60%,51.43%,
105/12/20,-3241,0,286,-2955,2880043,23776,23153,2926972,50.68%,51.51%,
105/12/19,-3628,0,-41,-3669,2882917,23776,22867,2929560,50.73%,51.55%,
105/12/16,-5529,0,12,-5517,2886500,23776,22908,2933184,50.80%,51.62%,
105/12/15,-13374,5,141,-13228,2892029,23776,22896,2938701,50.89%,51.71%,
105/12/14,-3638,-100,21,-3717,2905386,23771,22755,2951912,51.13%,51.95%,
105/12/13,-4708,0,6,-4702,2909072,23871,22734,2955677,51.19%,52.01%,
105/12/12,-4566,0,160,-4406,2913761,23871,22728,2960360,51.28%,52.10%,
105/12/09,-21,0,-45,-66,2918288,23871,22568,2964727,51.36%,52.18%,
105/12/08,-970,0,314,-656,2918309,23871,22613,2964793,51.36%,52.18%,
105/12/07,-2671,0,213,-2458,2919279,23871,22299,2965449,51.37%,52.18%,
105/12/06,-3840,-45,165,-3720,2922039,23871,22086,2967996,51.42%,52.23%,
105/12/05,-3248,0,-29,-3277,2926995,23916,21921,2972832,51.51%,52.32%,
105/12/02,-6416,83,-384,-6717,2931105,23916,21950,2976971,51.58%,52.39%,
105/12/01,-4488,75,-30,-4443,2937489,23833,22334,2983656,51.69%,52.50%,
105/11/30,-7438,81,49,-7308,2941977,23758,22364,2988099,51.77%,52.58%,
105/11/29,-5501,27,155,-5319,2948300,23677,22315,2994292,51.88%,52.69%,
105/11/28,-2962,0,-127,-3089,2953801,23650,22160,2999611,51.98%,52.79%,
105/11/25,-2574,0,106,-2468,2956513,23650,22287,3002450,52.03%,52.84%,
105/11/24,-1979,0,12,-1967,2959086,23650,22181,3004917,52.07%,52.88%,
105/11/23,-7336,0,208,-7128,2961065,23650,22169,3006884,52.11%,52.92%,
105/11/22,-6488,-104,377,-6215,2968384,23650,21961,3013995,52.24%,53.04%,
105/11/21,-5545,0,97,-5448,2974872,23754,21584,3020210,52.35%,53.15%,
105/11/18,-9202,0,123,-9079,2980417,23754,21487,3025658,52.45%,53.25%,
105/11/17,-12073,0,24,-12049,2989919,23754,21364,3035037,52.62%,53.41%,
105/11/16,-7117,-14,-99,-7230,3002004,23754,21340,3047098,52.83%,53.62%,
105/11/15,-7484,-24,23,-7485,3009543,23768,21439,3054750,52.96%,53.76%,
105/11/14,-11219,-1231,111,-12339,3016976,23792,21416,3062184,53.09%,53.89%,
105/11/11,-19227,0,21,-19206,3028171,25023,21305,3074499,53.29%,54.11%,
105/11/10,-14474,-559,342,-14691,3046253,25023,21284,3092560,53.61%,54.42%,
105/11/09,-15769,-297,-131,-16197,3060727,25583,20942,3107252,53.86%,54.68%,
105/11/08,906,-56,-12,838,3076496,25880,21073,3123449,54.14%,54.97%,
105/11/07,-2411,0,124,-2287,3075590,25936,21085,3122611,54.12%,54.95%,
105/11/04,567,-11,-24,532,3078001,25936,20961,3124898,54.17%,55.00%,
105/11/03,-909,-209,-21,-1139,3077434,25947,20985,3124366,54.16%,54.99%,
105/11/02,-387,-1,57,-331,3078496,26156,21006,3125658,54.17%,55.00%,
105/11/01,-148,0,-65,-213,3078883,26157,20949,3125989,54.18%,55.01%,
105/10/31,2989,-5,-156,2828,3079031,26157,21014,3126202,54.18%,55.01%,
105/10/28,-1269,0,125,-1144,3076042,26162,21170,3123374,54.13%,54.96%,
105/10/27,-2174,0,90,-2084,3077311,26162,21045,3124518,54.15%,54.98%,
105/10/26,756,0,40,796,3079484,26162,20955,3126601,54.19%,55.02%,
105/10/25,268,0,-8,260,3078364,26162,20915,3125441,54.17%,55.00%,
105/10/24,745,-5,-36,704,3078183,26162,20923,3125268,54.17%,55.00%,
105/10/21,1287,-85,-188,1014,3077428,26167,20959,3124554,54.16%,54.99%,
105/10/20,-934,23,17,-894,3075887,26252,21147,3123286,54.13%,54.96%,
105/10/19,-329,0,-24,-353,3076302,26229,21130,3123661,54.14%,54.97%,
105/10/18,2499,0,-67,2432,3076784,26229,21154,3124167,54.14%,54.97%,
105/10/17,-424,0,132,-292,3074057,26229,21221,3121507,54.10%,54.94%,
105/10/14,-2315,0,41,-2274,3074679,26229,21089,3121997,54.11%,54.94%,
105/10/13,945,0,-44,901,3076964,26229,21048,3124241,54.15%,54.98%,
105/10/12,-819,0,84,-735,3075440,26229,21092,3122761,54.12%,54.95%,
105/10/11,-1725,-36,-120,-1881,3076668,26229,21008,3123905,54.14%,54.97%,
105/10/07,-113,154,-4,37,3078359,26265,21128,3125752,54.17%,55.00%,
105/10/06,-1113,0,-58,-1171,3078394,26111,21132,3125637,54.17%,55.00%,
105/10/05,1303,0,-79,1224,3079484,26111,21190,3126785,54.19%,55.02%,
105/10/04,5897,0,96,5993,3077807,26111,21269,3125187,54.16%,54.99%,
105/10/03,6281,-205,29,6105,3071733,26111,21173,3119017,54.06%,54.89%,
105/09/30,-4902,62,81,-4759,3065452,26316,21144,3112912,53.95%,54.79%,
105/09/29,3906,-100,-25,3781,3067955,41251,21063,3130269,53.99%,55.09%,
105/09/26,-1430,0,-105,-1535,3064012,41351,21088,3126451,53.92%,55.02%,
105/09/23,-4659,3,-67,-4723,3065432,41351,21193,3127976,53.94%,55.04%,
105/09/22,-495,127,-133,-501,3070067,41348,21260,3132675,54.03%,55.13%,
105/09/21,-1983,-60,-46,-2089,3070562,41221,21393,3133176,54.04%,55.14%,
105/09/20,-4600,4,-77,-4673,3072545,41281,21439,3135265,54.07%,55.17%,
105/09/19,-1030,0,116,-914,3077187,41277,21516,3139980,54.15%,55.26%,
105/09/14,-6537,164,-18,-6391,3078217,41277,21400,3140894,54.17%,55.27%,
105/09/13,-2197,-133,60,-2270,3084754,41113,21418,3147285,54.28%,55.38%,
105/09/12,-2792,100,2,-2690,3086830,41246,21358,3149434,54.32%,55.42%,
105/09/10,-1356,0,-204,-1560,3089622,41146,21356,3152124,54.37%,55.47%,
105/09/09,-4110,44,-54,-4120,3090978,41146,21560,3153684,54.39%,55.49%,
105/09/08,250,216,-83,383,3095089,41102,21614,3157805,54.47%,55.57%,
105/09/07,-3937,-28,455,-3510,3094464,40886,21697,3157047,54.46%,55.56%,
105/09/06,-2080,-1688,151,-3617,3098039,40914,21242,3160195,54.52%,55.61%,
105/09/05,-1732,26,65,-1641,3099931,42601,21091,3163623,54.55%,55.67%,
105/09/02,-2650,-269,-35,-2954,3101422,42575,21026,3165023,54.58%,55.70%,
105/09/01,-5076,-424,-17,-5517,3104071,42844,21061,3167976,54.62%,55.74%,
105/08/31,-7437,-199,-193,-7829,3109148,43268,21078,3173494,54.71%,55.84%,
105/08/30,72,-14,-71,-13,3117451,43467,21271,3182189,54.86%,56.00%,
105/08/29,-1814,5,-423,-2232,3117312,43481,21342,3182135,54.86%,56.00%,
105/08/26,-731,22,88,-621,3119032,43476,21765,3184273,54.89%,56.04%,
105/08/25,-1345,23,-57,-1379,3119708,43454,21677,3184839,54.90%,56.05%,
105/08/24,-1219,-5,-234,-1458,3120994,43431,21734,3186159,54.92%,56.07%,
105/08/23,-2593,204,303,-2086,3122155,43436,21968,3187559,54.94%,56.09%,
105/08/22,-988,12,47,-929,3124676,43232,21665,3189573,54.99%,56.13%,
105/08/19,-1782,-932,-185,-2899,3125647,43220,21618,3190485,55.00%,56.14%,
105/08/18,-3284,-671,-14,-3969,3127629,44152,21803,3193584,55.04%,56.20%,
105/08/17,26,15,-118,-77,3130901,44823,21817,3197541,55.10%,56.27%,
105/08/16,-17,-164,10,-171,3130875,44808,21935,3197618,55.10%,56.27%,
105/08/15,-4895,-1333,-437,-6665,3130892,44972,21925,3197789,55.10%,56.28%,
105/08/12,2990,-4,68,3054,3135756,46305,22362,3204423,55.18%,56.39%,
105/08/11,4575,-54,-563,3958,3132767,46309,22294,3201370,55.13%,56.34%,
105/08/10,7439,201,-939,6701,3128192,46363,22857,3197412,55.05%,56.27%,
105/08/09,2994,-1037,-1011,946,3120900,46162,23796,3190858,54.92%,56.15%,
105/08/08,-935,-224,-201,-1360,3117906,47199,24807,3189912,54.87%,56.14%,
105/08/05,3428,-62,-330,3036,3118841,47423,25008,3191272,54.88%,56.15%,
105/08/04,-1157,-170,-2855,-4182,3115413,47485,25338,3188236,54.82%,56.10%,
105/08/03,2378,-9,1510,3879,3116558,47655,28193,3192406,54.84%,56.17%,
105/08/02,303,-181,2196,2318,3114181,47664,26683,3188528,54.80%,56.11%,
105/08/01,4457,0,636,5093,3114702,47845,24487,3187034,54.81%,56.08%,
105/07/29,-96,-104,296,96,3112763,47845,23851,3184459,54.78%,56.04%,
105/07/28,2183,0,-7,2176,3112521,47949,23555,3184025,54.77%,56.03%,
105/07/27,1010,-250,126,886,3110243,47949,23562,3181754,54.73%,55.99%,
105/07/26,4478,-19,22,4481,3109191,48199,23436,3180826,54.71%,55.97%,
105/07/25,5083,199,-418,4864,3100817,48218,23414,3172449,54.57%,55.83%,
105/07/22,2258,-599,30,1689,3094647,48019,23832,3166498,54.46%,55.72%,
105/07/21,3966,-10,-437,3519,3089146,48618,23802,3161566,54.36%,55.63%,
105/07/20,3662,-82,-520,3060,3084092,48628,24239,3156959,54.27%,55.55%,
105/07/19,3200,-300,-22,2878,3079042,48710,24759,3152511,54.18%,55.47%,
105/07/18,3959,0,9,3968,3075665,49010,24781,3149456,54.12%,55.42%,
105/07/15,4604,0,183,4787,3070178,49010,24772,3143960,54.03%,55.33%,
105/07/14,2272,999,195,3466,3065433,49010,24589,3139032,53.94%,55.24%,
105/07/13,6721,0,98,6819,3063011,48011,24394,3135416,53.90%,55.17%,
105/07/12,4245,0,-280,3965,3056154,48011,24296,3128461,53.78%,55.05%,
105/07/11,6592,0,386,6978,3051859,48011,24576,3124446,53.71%,54.99%,
105/07/07,2943,1,117,3061,3045266,48011,24190,3117467,53.59%,54.86%,
105/07/06,-579,-80,140,-519,3042323,48010,24073,3114406,53.54%,54.81%,
105/07/05,2117,126,107,2350,3042902,48090,23933,3114925,53.55%,54.82%,
105/07/04,876,118,439,1433,3040785,47964,23826,3112575,53.51%,54.77%,
105/07/01,8420,0,1074,9494,3039909,47846,23387,3111142,53.50%,54.75%,
105/06/30,856,48,-50,854,3031489,47846,22313,3101648,53.35%,54.58%,
105/06/29,4003,0,-116,3887,3030633,46296,22363,3099292,53.33%,54.54%,
105/06/28,581,49,442,1072,3026630,46296,22479,3095405,53.26%,54.47%,
105/06/27,1025,-69,-156,800,3026049,46247,22037,3094333,53.25%,54.45%,
105/06/24,-3211,10,39,-3162,3025024,46316,22193,3093533,53.23%,54.44%,
105/06/23,-1147,-1,57,-1091,3028224,46306,22154,3096684,53.29%,54.49%,
105/06/22,1258,0,102,1360,3029361,46307,22097,3097765,53.31%,54.51%,
105/06/21,3819,0,13,3832,3028251,46307,21995,3096553,53.29%,54.49%,
105/06/20,714,-11,-78,625,3022235,46307,21982,3090524,53.18%,54.38%,
105/06/17,3132,541,41,3714,3021492,46318,22060,3089870,53.17%,54.37%,
105/06/16,260,59,-25,294,3018736,45777,22019,3086532,53.12%,54.31%,
105/06/15,3104,-28,67,3143,3018787,45718,22044,3086549,53.12%,54.31%,
105/06/14,1971,0,-48,1923,3016013,45746,21977,3083736,53.07%,54.26%,
105/06/13,-1801,-73,-350,-2224,3014274,45746,22025,3082045,53.04%,54.23%,
105/06/08,1292,259,-52,1499,3016192,45819,22375,3084386,53.08%,54.28%,
105/06/07,4582,688,219,5489,3015119,45560,22427,3083106,53.06%,54.26%,
105/06/06,3642,-37,155,3760,3010949,44872,22208,3078029,52.99%,54.17%,
105/06/04,249,0,1,250,3008448,44909,22053,3075410,52.94%,54.12%,
105/06/03,2079,-106,247,2220,3008447,44909,22052,3075408,52.94%,54.12%,
105/06/02,5361,255,205,5821,3006949,45015,21805,3073769,52.92%,54.10%,
105/06/01,4092,273,111,4476,3001835,44760,21600,3068195,52.83%,54.00%,
105/05/31,4470,-2,-79,4389,2997979,44487,21489,3063955,52.76%,53.92%,
105/05/30,5063,14,37,5114,2994271,44489,21568,3060328,52.69%,53.85%,
105/05/27,1410,0,-17,1393,2988029,44475,21531,3054035,52.58%,53.74%,
105/05/26,-850,19,6,-825,2986591,44475,21548,3052614,52.56%,53.72%,
105/05/25,2011,0,174,2185,2987426,44456,21542,3053424,52.57%,53.73%,
105/05/24,-299,0,-15,-314,2985396,44456,21368,3051220,52.54%,53.70%,
105/05/23,3853,25,6,3884,2985973,44456,21383,3051812,52.55%,53.71%,
105/05/20,3257,-153,-82,3022,2982055,44431,21377,3047863,52.48%,53.64%,
105/05/19,-922,0,65,-857,2978859,44584,21459,3044902,52.42%,53.58%,
105/05/18,-93,0,7,-86,2979491,44584,21394,3045469,52.43%,53.59%,
105/05/17,1147,-58,1,1090,2979133,44584,21387,3045104,52.43%,53.59%,
105/05/16,2029,0,252,2281,2979542,44642,21386,3045570,52.43%,53.59%,
105/05/13,14833,0,80,14913,2977692,44642,21134,3043468,52.40%,53.56%,
105/05/12,2788,0,-163,2625,2962859,44642,21054,3028555,52.14%,53.30%,
105/05/11,-918,0,22,-896,2960188,44642,21217,3026047,52.09%,53.25%,
105/05/10,-1705,31,32,-1642,2961106,44642,21195,3026943,52.11%,53.27%,
105/05/09,-1772,0,57,-1715,2958253,44611,21163,3024027,52.06%,53.22%,
105/05/06,-1162,0,-33,-1195,2960261,44611,21106,3025978,52.09%,53.25%,
105/05/05,-1109,0,89,-1020,2961659,44611,21139,3027409,52.12%,53.28%,
105/05/04,-2442,0,121,-2321,2962756,44611,21050,3028417,52.14%,53.30%,
105/05/03,-324,0,-69,-393,2965233,44611,20929,3030773,52.18%,53.33%,
105/04/29,265,0,-4,261,2965557,44611,20998,3031166,52.19%,53.34%,
105/04/28,51,0,-110,-59,2965292,44611,21002,3030905,52.18%,53.33%,
105/04/27,1892,0,97,1989,2965526,44611,21112,3031249,52.19%,53.35%,
105/04/26,-742,14,6,-722,2963624,44611,21015,3029250,52.15%,53.30%,
105/04/25,333,-1,26,358,2964366,44597,21009,3029972,52.17%,53.32%,
105/04/22,1660,-23,-96,1541,2964033,44598,20983,3029614,52.16%,53.31%,
105/04/21,-1006,48,-23,-981,2962363,44621,21079,3028063,52.13%,53.29%,
105/04/20,3186,5,148,3339,2963369,44573,21102,3029044,52.15%,53.31%,
105/04/19,-615,-69,19,-665,2960078,44568,20954,3025600,52.09%,53.24%,
105/04/18,275,162,-71,366,2960631,44637,20935,3026203,52.10%,53.25%,
105/04/15,6905,-1,83,6987,2959843,44475,21006,3025324,52.09%,53.24%,
105/04/14,649,0,-29,620,2952969,44476,20923,3018368,51.97%,53.12%,
105/04/13,3157,320,94,3571,2953789,44476,20952,3019217,51.98%,53.13%,
105/04/12,886,63,19,968,2949768,44156,20858,3014782,51.91%,53.05%,
105/04/11,1539,237,-10,1766,2948902,44093,20839,3013834,51.89%,53.03%,
105/04/08,-2738,0,-4,-2742,2947255,43856,20849,3011960,51.86%,53.00%,
105/04/07,-2289,6,-106,-2389,2949530,43856,20853,3014239,51.90%,53.04%,
105/04/06,-488,3,12,-473,2951615,43850,20959,3016424,51.94%,53.08%,
105/04/01,-2844,10,-52,-2886,2952027,43847,20947,3016821,51.95%,53.09%,
105/03/31,-159,0,-74,-233,2954282,43837,20999,3019118,51.99%,53.13%,
105/03/30,641,0,183,824,2954160,46213,21073,3021446,51.99%,53.17%,
105/03/29,354,-279,-119,-44,2952753,46213,20890,3019856,51.96%,53.14%,
105/03/28,951,0,-99,852,2952314,46492,21009,3019815,51.95%,53.14%,
105/03/25,46,0,-49,-3,2950812,46492,21108,3018412,51.93%,53.12%,
105/03/24,631,-108,186,709,2950715,46492,21157,3018364,51.93%,53.12%,
105/03/23,3607,-197,-452,2958,2949271,46600,20971,3016842,51.90%,53.09%,
105/03/22,110,-131,73,52,2945664,46797,21423,3013884,51.84%,53.04%,
105/03/21,-122,0,-314,-436,2945541,46928,21350,3013819,51.83%,53.03%,
105/03/18,4995,15,-166,4844,2945624,46928,21664,3014216,51.84%,53.05%,
105/03/17,7727,-30,909,8606,2940030,46913,21830,3008773,51.74%,52.95%,
105/03/16,3651,0,-87,3564,2932088,46943,20921,2999952,51.60%,52.79%,
105/03/15,6318,-198,79,6199,2928537,46943,21008,2996488,51.54%,52.74%,
105/03/14,-1946,0,18,-1928,2922030,47141,20929,2990100,51.42%,52.62%,
105/03/11,-274,0,3,-271,2923967,47141,20911,2992019,51.46%,52.66%,
105/03/10,2522,-1,-9,2512,2924215,47141,20908,2992264,51.46%,52.66%,
105/03/09,889,-26,-24,839,2921691,47142,20917,2989750,51.41%,52.61%,
105/03/08,2144,10,-63,2091,2920584,47168,20941,2988693,51.40%,52.60%,
105/03/07,919,0,118,1037,2918364,47158,21004,2986526,51.36%,52.56%,
105/03/04,-1188,0,-10,-1198,2917165,47158,20886,2985209,51.34%,52.54%,
105/03/03,-494,0,-67,-561,2918141,47158,20896,2986195,51.35%,52.55%,
105/03/02,-940,-25,-39,-1004,2918608,47158,20963,2986729,51.36%,52.56%,
105/03/01,1198,0,31,1229,2919325,47183,21002,2987510,51.37%,52.57%,
105/02/26,3654,0,-309,3345,2918064,47183,20971,2986218,51.35%,52.55%,
105/02/25,1153,0,304,1457,2914186,47183,21280,2982649,51.28%,52.48%,
105/02/24,-422,-125,-25,-572,2912809,47183,20976,2980968,51.26%,52.46%,
105/02/23,2174,-60,-14,2100,2913321,47308,21001,2981630,51.27%,52.47%,
105/02/22,989,-107,-5,877,2912784,47368,21015,2981167,51.26%,52.46%,
105/02/19,1649,-0,-202,1447,2912229,47475,21020,2980724,51.25%,52.46%,
105/02/18,7102,0,235,7337,2910430,47475,21222,2979127,51.22%,52.43%,
105/02/17,2399,-707,27,1719,2902826,47475,20987,2971288,51.08%,52.28%,
105/02/16,3629,16,-6,3639,2900414,48182,20960,2969556,51.04%,52.26%,
105/02/15,7760,-519,230,7471,2895936,48166,20966,2965068,50.96%,52.18%,
105/02/03,-1832,29,-70,-1873,2888095,48685,20736,2957516,50.82%,52.04%,
105/02/02,7807,-304,-28,7475,2889315,48656,20806,2958777,50.85%,52.07%,
105/02/01,2308,-423,-42,1843,2881545,48960,20834,2951339,50.71%,51.94%,
105/01/30,602,66,-4,664,2878874,49383,20876,2949133,50.66%,51.90%,
105/01/29,4494,-1172,-79,3243,2878272,49317,20880,2948469,50.65%,51.89%,
105/01/28,7771,0,53,7824,2873809,50489,20959,2945257,50.57%,51.83%,
105/01/27,3037,-61,-92,2884,2865861,50489,20906,2937256,50.43%,51.69%,
105/01/26,-1516,7,-194,-1703,2863209,50550,20998,2934757,50.39%,51.65%,
105/01/25,1291,-48,262,1505,2864425,50543,21192,2936160,50.41%,51.67%,
105/01/22,-539,-1,-36,-576,2863134,50591,20930,2934655,50.38%,51.64%,
105/01/21,-818,-58,73,-803,2863282,50592,20966,2934840,50.39%,51.65%,
105/01/20,-382,-24,-147,-553,2864100,50650,20893,2935643,50.40%,51.66%,
105/01/19,680,-152,-49,479,2864469,50674,21040,2936183,50.41%,51.67%,
105/01/18,-2350,-201,12,-2539,2864110,50826,21089,2936025,50.40%,51.67%,
105/01/15,-7594,-24,-276,-7894,2867097,51027,21077,2939201,50.45%,51.72%,
105/01/14,-60,0,-69,-129,2873991,51051,21353,2946395,50.58%,51.85%,
105/01/13,1359,-23,77,1413,2873982,51051,21422,2946455,50.58%,51.86%,
105/01/12,-6994,-1851,-189,-9034,2872624,51074,21345,2945043,50.55%,51.82%,
105/01/11,-8005,-8,-24,-8037,2880052,52925,21534,2954511,50.68%,51.99%,
105/01/08,-5944,0,-153,-6097,2888057,52933,21558,2962548,50.82%,52.13%,
105/01/07,-3391,-4,209,-3186,2894345,52933,21711,2968989,50.93%,52.24%,
105/01/06,-3278,20,-84,-3342,2897841,52937,21502,2972280,51.00%,52.31%,
105/01/05,-1323,-6,-4,-1333,2901119,52917,21586,2975622,51.05%,52.36%,
105/01/04,-4930,31,25,-4874,2902432,52923,21590,2976945,51.08%,52.39%,
104/12/31,844,0,53,897,2907171,52892,21565,2981628,51.16%,52.47%,
104/12/30,-108,400,-41,251,2906327,51658,21512,2979497,51.14%,52.43%,
104/12/29,-2728,-66,-113,-2907,2906425,51258,21553,2979236,51.15%,52.43%,
104/12/28,427,1248,20,1695,2909799,51324,21667,2982790,51.21%,52.49%,
104/12/25,827,1240,169,2236,2909331,50076,21647,2981054,51.20%,52.46%,
104/12/24,653,1591,22,2266,2908465,48836,21478,2978779,51.18%,52.42%,
104/12/23,1772,300,-15,2057,2907742,47245,21456,2976443,51.17%,52.38%,
104/12/22,919,-630,-7,282,2905909,46945,21471,2974325,51.14%,52.34%,
104/12/21,-3028,-483,41,-3470,2905775,47575,21477,2974827,51.13%,52.35%,
104/12/18,226,-22,-233,-29,2908992,48058,21436,2978486,51.19%,52.41%,
104/12/17,33,0,-8,25,2908756,48080,21669,2978505,51.19%,52.42%,
104/12/16,3836,-56,-80,3700,2908713,48080,21677,2978470,51.19%,52.42%,
104/12/15,283,0,393,676,2904861,48136,21757,2974754,51.12%,52.35%,
104/12/14,-407,-3,-37,-447,2904578,48136,21364,2974078,51.11%,52.33%,
104/12/11,183,63,-55,191,2904973,48139,21401,2974513,51.12%,52.34%,
104/12/10,-3000,0,-136,-3136,2904593,48076,21456,2974125,51.11%,52.33%,
104/12/09,-3321,111,-24,-3234,2907291,48076,21592,2976959,51.16%,52.39%,
104/12/08,-2520,-353,-28,-2901,2910602,47965,21616,2980183,51.22%,52.44%,
104/12/07,2865,-130,-24,2711,2913122,48318,21644,2983084,51.26%,52.49%,
104/12/04,-1327,-120,-93,-1540,2910219,48447,21668,2980334,51.21%,52.44%,
104/12/03,838,-61,89,866,2911545,48567,21761,2981873,51.24%,52.48%,
104/12/02,-970,0,-57,-1027,2910897,48628,21672,2981197,51.23%,52.47%,
104/12/01,52,-44,-5,3,2911867,48628,21729,2982224,51.24%,52.48%,
104/11/30,-4875,-1169,1,-6043,2911800,48672,21734,2982206,51.24%,52.48%,
104/11/27,204,-159,-30,15,2916674,49841,21733,2988248,51.33%,52.59%,
104/11/26,2962,0,-58,2904,2916520,50000,21763,2988283,51.32%,52.58%,
104/11/25,-130,0,-375,-505,2913558,50000,21821,2985379,51.27%,52.53%,
104/11/24,872,23,-27,868,2913659,50000,22196,2985855,51.27%,52.54%,
104/11/23,-156,-253,-12,-421,2912786,49977,22223,2984986,51.26%,52.53%,
104/11/20,-991,-336,-130,-1457,2913193,50230,22235,2985658,51.27%,52.55%,
104/11/19,1696,-200,-47,1449,2914184,50567,22365,2987116,51.28%,52.56%,
104/11/18,-4763,-564,-269,-5596,2912488,50767,22412,2985667,51.25%,52.54%,
104/11/17,433,-36,-31,366,2917241,51331,22681,2991253,51.34%,52.64%,
104/11/16,-1777,0,-48,-1825,2917053,51367,22712,2991132,51.33%,52.63%,
104/11/13,-4729,68,-150,-4811,2918745,51367,22760,2992872,51.36%,52.66%,
104/11/12,-1601,40,-186,-1747,2923654,51299,22910,2997863,51.45%,52.76%,
104/11/11,-1613,0,-46,-1659,2925255,51259,23096,2999610,51.48%,52.79%,
104/11/10,-4124,-975,-117,-5216,2926999,51259,23142,3001400,51.51%,52.82%,
104/11/09,-1622,-40,340,-1322,2931269,52234,23259,3006762,51.58%,52.91%,
104/11/06,-6195,-298,-83,-6576,2932891,52274,22919,3008084,51.61%,52.93%,
104/11/05,-862,-771,33,-1600,2939046,52572,23002,3014620,51.72%,53.05%,
104/11/04,3219,-264,-135,2820,2939909,53343,22969,3016221,51.74%,53.08%,
104/11/03,-2545,-331,140,-2736,2936669,53606,23104,3013379,51.68%,53.03%,
104/11/02,-97,-281,-118,-496,2939465,53937,22964,3016366,51.73%,53.08%,
104/10/30,949,-139,44,854,2939562,54218,23082,3016862,51.73%,53.09%,
104/10/29,184,-103,-301,-220,2938866,54357,23038,3016261,51.72%,53.08%,
104/10/28,-951,-1142,446,-1647,2938681,54460,23339,3016480,51.71%,53.08%,
104/10/27,-2483,-2808,-3,-5294,2940372,55602,22893,3018867,51.74%,53.12%,
104/10/26,-1077,-669,-64,-1810,2942507,58410,22896,3023813,51.78%,53.21%,
104/10/23,1430,-146,3,1287,2943483,59079,22960,3025522,51.80%,53.24%,
104/10/22,174,-38,-139,-3,2941603,59225,22958,3023786,51.77%,53.22%,
104/10/21,365,0,-196,169,2941412,59263,23097,3023772,51.76%,53.21%,
104/10/20,378,-313,197,262,2940097,59263,23293,3022653,51.74%,53.19%,
104/10/19,-276,-44,-544,-864,2939708,59576,23096,3022380,51.73%,53.18%,
104/10/16,-77,11,25,-41,2939390,59620,23640,3022650,51.73%,53.20%,
104/10/15,1508,-1211,-49,248,2939427,59609,23615,3022651,51.73%,53.19%,
104/10/14,-684,-23,-217,-924,2938271,60820,23664,3022755,51.71%,53.20%,
104/10/13,-867,-308,200,-975,2938905,60843,23881,3023629,51.72%,53.21%,
104/10/12,-1851,-526,4,-2373,2939719,61151,23681,3024551,51.73%,53.22%,
104/10/08,-889,-90,-125,-1104,2941312,61677,23677,3026666,51.76%,53.26%,
104/10/07,3385,486,-108,3763,2942231,61767,23802,3027800,51.78%,53.29%,
104/10/06,3084,-47,-108,2929,2938589,61281,23910,3023780,51.71%,53.21%,
104/10/05,2743,-648,67,2162,2935247,61328,24018,3020593,51.65%,53.15%,
104/10/02,448,17,-48,417,2932491,61976,23951,3018418,51.61%,53.12%,
104/10/01,3516,-356,119,3279,2932053,61959,23999,3018011,51.60%,53.11%,
104/09/30,4846,-21,-272,4553,2929015,62315,23880,3015210,51.54%,53.06%,
104/09/25,33,0,-117,-84,2924245,85868,24152,3034265,51.46%,53.40%,
104/09/24,-1300,-141,309,-1132,2923164,85868,24269,3033301,51.44%,53.38%,
104/09/23,-9567,-97,398,-9266,2924427,86009,23960,3034396,51.46%,53.40%,
104/09/22,-13,-20,177,144,2932994,86106,23562,3042662,51.61%,53.54%,
104/09/21,-2811,-449,50,-3210,2932901,86126,23385,3042412,51.61%,53.54%,
104/09/18,584,-585,-312,-313,2935811,86575,23335,3045721,51.66%,53.59%,
104/09/17,5295,-105,546,5736,2935240,87160,23647,3046047,51.65%,53.60%,
104/09/16,4030,-472,-117,3441,2929795,87265,23101,3040161,51.56%,53.50%,
104/09/15,197,-78,-32,87,2925750,87737,23218,3036705,51.49%,53.44%,
104/09/14,-1184,-161,-279,-1624,2925390,87815,23251,3036456,51.48%,53.43%,
104/09/11,2041,282,-103,2220,2926583,87976,23530,3038089,51.50%,53.46%,
104/09/10,4412,339,-120,4631,2924498,87694,23633,3035825,51.46%,53.42%,
104/09/09,8913,-139,187,8961,2920063,87355,23753,3031171,51.39%,53.35%,
104/09/08,2853,-1722,-369,762,2911217,87494,23566,3022277,51.23%,53.18%,
104/09/07,-4005,-1588,571,-5022,2811754,89216,23935,2924905,51.46%,53.45%,
104/09/04,-2681,40,-455,-3096,2815384,90804,23364,2929552,51.53%,53.54%,
104/09/03,5898,612,-377,6133,2815331,90764,23819,2929914,51.53%,53.55%,
104/09/02,4362,-458,24,3928,2811245,90152,24196,2925593,51.45%,53.46%,
104/09/01,-2758,-16,-339,-3113,2806788,90610,24172,2921570,51.37%,53.39%,
104/08/31,2629,-527,-554,1548,2808964,90626,24511,2924101,51.41%,53.44%,
104/08/28,455,-51,-630,-226,2806334,91153,25065,2922552,51.36%,53.41%,
104/08/27,-996,160,-5,-841,2806218,91204,25695,2923117,51.36%,53.42%,
104/08/26,3331,137,108,3576,2807214,91044,25700,2923958,51.38%,53.43%,
104/08/25,-16,550,-143,391,2804018,90907,25592,2920517,51.32%,53.37%,
104/08/24,860,57,182,1099,2803573,90357,25735,2919665,51.31%,53.35%,
104/08/21,3938,519,318,4775,2802083,90300,25553,2917936,51.28%,53.32%,
104/08/20,1783,496,186,2465,2798079,89781,25235,2913095,51.21%,53.23%,
104/08/19,6628,684,-2798,4514,2795487,89285,25049,2909821,51.16%,53.17%,
104/08/18,12342,2113,-441,14014,2788693,88601,27847,2905141,51.04%,53.09%,
104/08/17,5551,1573,-159,6965,2776310,86488,28288,2891086,50.81%,52.83%,
104/08/14,6553,716,208,7477,2768508,84915,28447,2881870,50.67%,52.67%,
104/08/13,7879,189,-307,7761,2757518,84199,28239,2869956,50.47%,52.45%,
104/08/12,6545,2257,-1223,7579,2750306,84010,28546,2862862,50.33%,52.31%,
104/08/11,1650,1223,-805,2068,2743792,81753,29769,2855314,50.22%,52.18%,
104/08/10,-1115,1694,-39,540,2741531,80530,30574,2852635,50.17%,52.13%,
104/08/07,1132,709,-336,1505,2741941,78836,30613,2851390,50.18%,52.11%,
104/08/06,-1851,1951,-4577,-4477,2740859,78127,30949,2849935,50.16%,52.08%,
104/08/05,6522,1640,3826,11988,2743390,76176,35526,2855092,50.21%,52.25%,
104/08/04,5229,1799,2310,9338,2736933,74536,31700,2843169,50.09%,52.03%,
104/08/03,1447,300,116,1863,2731188,72737,29390,2833315,49.98%,51.85%,
104/07/31,1075,739,-897,917,2727826,72437,29274,2829537,49.92%,51.78%,
104/07/30,1707,660,-48,2319,2726615,71698,30171,2828484,49.90%,51.76%,
104/07/29,1062,511,-619,954,2724073,71038,30219,2825330,49.85%,51.70%,
104/07/28,3781,252,679,4712,2721075,70527,30838,2822440,49.80%,51.66%,
104/07/27,3557,663,-370,3850,2716538,70275,30159,2816972,49.72%,51.56%,
104/07/24,7842,101,-276,7667,2712996,69612,30529,2813137,49.65%,51.48%,
104/07/23,958,592,195,1745,2704667,69511,30805,2804983,49.50%,51.34%,
104/07/22,-3308,3557,117,366,2703758,68919,30610,2803287,49.48%,51.30%,
104/07/21,16925,918,2567,20410,2707065,65362,30493,2802920,49.54%,51.29%,
104/07/20,-1328,2122,336,1130,2690140,64444,27926,2782510,49.23%,50.92%,
104/07/17,3168,205,271,3644,2691469,62322,27590,2781381,49.26%,50.91%,
104/07/16,2373,0,23,2396,2688315,62117,27319,2777751,49.20%,50.84%,
104/07/15,310,26,-83,253,2685753,62117,27296,2775166,49.15%,50.79%,
104/07/14,-1136,42,-213,-1307,2685444,62091,27379,2774914,49.15%,50.79%,
104/07/13,-2207,597,-1,-1611,2685583,62049,27592,2775224,49.15%,50.79%,
104/07/09,146,-13,102,235,2686796,61452,27593,2775841,49.17%,50.80%,
104/07/08,2299,0,-307,1992,2686650,61465,27491,2775606,49.17%,50.80%,
104/07/07,518,0,255,773,2684344,61465,27798,2773607,49.13%,50.76%,
104/07/06,-1323,0,-123,-1446,2683826,61465,27543,2772834,49.12%,50.75%,
104/07/03,-106,-87,339,146,2685149,61465,27666,2774280,49.14%,50.77%,
104/07/02,70,114,242,426,2685234,61552,27327,2774113,49.14%,50.77%,
104/07/01,-1000,180,571,-249,2685165,61438,27085,2773688,49.14%,50.76%,
104/06/30,3165,-5,682,3842,2686905,61258,26514,2774677,49.17%,50.78%,
104/06/29,-289,-1,255,-35,2683835,31028,25832,2740695,49.12%,50.16%,
104/06/26,2249,-111,-99,2039,2686057,31029,25577,2742663,49.16%,50.20%,
104/06/25,2775,-5,-124,2646,2689646,31140,25676,2746462,49.22%,50.26%,
104/06/24,-1671,-39,-137,-1847,2691811,31145,25800,2748756,49.26%,50.30%,
104/06/23,-2831,-14,105,-2740,2699874,31184,25937,2756995,49.41%,50.46%,
104/06/22,-2604,-13,1533,-1084,2707471,31198,25832,2764501,49.55%,50.59%,
104/06/18,-1901,-5,76,-1830,2711210,31211,24299,2766720,49.62%,50.64%,
104/06/17,-1855,0,283,-1572,2713209,31216,24223,2768648,49.66%,50.67%,
104/06/16,871,-2,-296,573,2714949,31216,23940,2770105,49.69%,50.70%,
104/06/15,-635,0,-24,-659,2714078,31218,24236,2769532,49.67%,50.68%,
104/06/12,-963,-324,100,-1187,2718807,31218,24260,2774285,49.76%,50.78%,
104/06/11,1568,-396,-142,1030,2721627,31542,24160,2777329,49.81%,50.83%,
104/06/10,1533,-54,290,1769,2720423,31938,24302,2776663,49.79%,50.82%,
104/06/09,-2123,-365,86,-2402,2719358,31992,24012,2775362,49.77%,50.80%,
104/06/08,587,-341,118,364,2721749,32357,23926,2778032,49.81%,50.84%,
104/06/05,-867,-334,104,-1097,2721300,32698,23808,2777806,49.80%,50.83%,
104/06/04,-1215,-1,-62,-1278,2722167,33032,23704,2778903,49.82%,50.86%,
104/06/03,-1133,0,-67,-1200,2722267,33033,23766,2779066,49.82%,50.86%,
104/06/02,1598,-375,183,1406,2723390,33033,23833,2780256,49.84%,50.88%,
104/06/01,-1817,0,-99,-1916,2721792,33408,23650,2778850,49.81%,50.85%,
104/05/29,747,-10,-479,258,2723609,33408,23749,2780766,49.85%,50.90%,
104/05/28,4001,-87,384,4298,2722834,33418,24228,2780480,49.83%,50.89%,
104/05/27,3136,0,373,3509,2718833,33505,23844,2776182,49.76%,50.81%,
104/05/26,1206,0,-13,1193,2715720,33505,23471,2772696,49.70%,50.74%,
104/05/25,557,0,112,669,2714783,33505,23484,2771772,49.68%,50.72%,
104/05/22,1958,0,-323,1635,2714226,33505,23372,2771103,49.67%,50.71%,
104/05/21,-1522,13,422,-1087,2712268,33505,23695,2769468,49.64%,50.69%,
104/05/20,3070,0,-286,2784,2713751,33492,23273,2770516,49.67%,50.71%,
104/05/19,5245,95,149,5489,2710688,33492,23559,2767739,49.61%,50.65%,
104/05/18,6717,60,32,6809,2705401,33397,23410,2762208,49.51%,50.55%,
104/05/15,7901,388,-647,7642,2698904,33337,23378,2755619,49.39%,50.43%,
104/05/14,21092,900,64,22056,2691007,32949,24025,2747981,49.25%,50.29%,
104/05/13,11898,839,118,12855,2669916,32049,23961,2725926,48.86%,49.89%,
104/05/12,3273,2327,963,6563,2658008,31210,23843,2713061,48.65%,49.66%,
104/05/11,440,1,145,586,2653419,28883,22880,2705182,48.56%,49.51%,
104/05/08,-265,0,20,-245,2652979,28882,22735,2704596,48.55%,49.49%,
104/05/07,-1382,0,-296,-1678,2653211,28882,22715,2704808,48.56%,49.50%,
104/05/06,306,0,-35,271,2654593,28882,23011,2706486,48.58%,49.53%,
104/05/05,-126,0,109,-17,2653913,28882,23046,2705841,48.57%,49.52%,
104/05/04,-1955,-5,-77,-2037,2654039,28882,22937,2705858,48.57%,49.52%,
104/04/30,-5603,-93,55,-5641,2655994,28887,23014,2707895,48.61%,49.56%,
104/04/29,-1032,-5,258,-779,2661568,28980,22959,2713507,48.71%,49.66%,
104/04/28,-944,-51,-7,-1002,2662600,28985,22701,2714286,48.73%,49.68%,
104/04/27,392,0,79,471,2663544,29036,22708,2715288,48.75%,49.70%,
104/04/24,73,-202,-42,-171,2663152,29036,22629,2714817,48.74%,49.69%,
104/04/23,-196,-50,-6,-252,2663106,29238,22671,2715015,48.74%,49.69%,
104/04/22,-1712,-163,6,-1869,2663676,29288,22677,2715641,48.75%,49.70%,
104/04/21,537,0,-121,416,2665538,29451,22671,2717660,48.78%,49.73%,
104/04/20,-2847,-656,-218,-3721,2665001,29451,22792,2717244,48.77%,49.73%,
104/04/17,-2815,-1500,90,-4225,2667847,30107,23010,2720964,48.83%,49.80%,
104/04/16,439,-140,-54,245,2670480,31607,22920,2725007,48.87%,49.87%,
104/04/15,-6001,2,-280,-6279,2670041,31747,22974,2724762,48.87%,49.87%,
104/04/14,-7809,0,341,-7468,2676042,31745,23254,2731041,48.98%,49.99%,
104/04/13,2458,0,-58,2400,2683770,31745,22913,2738428,49.12%,50.12%,
104/04/10,2486,0,-161,2325,2681302,31745,22971,2736018,49.07%,50.07%,
104/04/09,2668,0,365,3033,2678695,31745,23132,2733572,49.02%,50.02%,
104/04/08,-446,0,374,-72,2676109,31745,22767,2730621,48.98%,49.98%,
104/04/07,1272,183,11,1466,2676521,31745,22393,2730659,48.98%,49.97%,
104/04/02,3603,10,-58,3555,2675212,31562,22382,2729156,48.96%,49.95%,
104/04/01,-3214,-340,1,-3553,2671748,31552,22440,2725740,48.90%,49.89%,
104/03/31,-1351,0,-137,-1488,2674942,31892,22439,2729273,48.96%,49.95%,
104/03/30,26,0,34,60,2677628,36138,22576,2736342,49.00%,50.07%,
104/03/27,-1042,-55,-36,-1133,2677403,36138,22542,2736083,49.00%,50.07%,
104/03/26,4029,0,178,4207,2678388,36193,22578,2737159,49.02%,50.10%,
104/03/25,-523,-35,-29,-587,2674525,36193,22400,2733118,48.95%,50.02%,
104/03/24,526,-138,17,405,2675016,36229,22429,2733674,48.96%,50.03%,
104/03/23,252,-1,-149,102,2674461,36367,22412,2733240,48.95%,50.03%,
104/03/20,-1261,-85,-138,-1484,2674272,36368,22561,2733201,48.94%,50.02%,
104/03/19,411,-89,54,376,2675105,36453,22699,2734257,48.96%,50.04%,
104/03/18,155,0,150,305,2674173,36542,22645,2733360,48.94%,50.02%,
104/03/17,-1066,-133,-15,-1214,2672781,36542,22495,2731818,48.92%,50.00%,
104/03/16,-1598,-1580,219,-2959,2673686,36675,22510,2732871,48.93%,50.01%,
104/03/13,-2011,-300,-10,-2321,2675284,38255,22291,2735830,48.96%,50.07%,
104/03/12,-288,-1467,-20,-1775,2677282,38555,22301,2738138,49.00%,50.11%,
104/03/11,-1603,15,-40,-1628,2677560,40022,22320,2739902,49.00%,50.14%,
104/03/10,-1777,0,-57,-1834,2679153,40007,22360,2741520,49.03%,50.17%,
104/03/09,-283,178,-62,-167,2680899,40007,22417,2743323,49.06%,50.20%,
104/03/06,-783,18,-48,-813,2681465,39829,22479,2743773,49.07%,50.21%,
104/03/05,711,-5,-356,350,2681928,39811,22527,2744266,49.08%,50.22%,
104/03/04,3909,156,217,4282,2681169,39816,22883,2743868,49.07%,50.22%,
104/03/03,1307,-1,-111,1195,2677088,39660,22666,2739414,48.99%,50.13%,
104/03/02,2315,0,8,2323,2675749,39661,22777,2738187,48.97%,50.11%,
104/02/26,3459,-22,-30,3407,2673393,39661,22769,2735823,48.93%,50.07%,
104/02/25,1487,115,-452,1150,2670094,39683,22799,2732576,48.87%,50.01%,
104/02/24,3019,0,262,3281,2668356,39568,23252,2731176,48.83%,49.98%,
104/02/13,3119,354,-82,3391,2665209,39568,22990,2727767,48.78%,49.93%,
104/02/12,802,0,-197,605,2662116,39214,23072,2724402,48.72%,49.86%,
104/02/11,4879,99,54,5032,2661315,39214,23269,2723798,48.71%,49.85%,
104/02/10,2070,0,-17,2053,2658293,39115,23215,2720623,48.65%,49.79%,
104/02/09,2849,400,151,3400,2656185,39115,23232,2718532,48.61%,49.75%,
104/02/06,6176,0,28,6204,2653944,38715,23081,2715740,48.57%,49.70%,
104/02/05,5627,25,103,5755,2647592,38715,23053,2709360,48.45%,49.58%,
104/02/04,4087,0,387,4474,2641510,38690,22950,2703150,48.34%,49.47%,
104/02/03,-279,610,62,393,2637297,38690,22563,2698550,48.27%,49.39%,
104/02/02,-289,0,17,-272,2637557,38080,22501,2698138,48.27%,49.38%,
104/01/30,-4406,260,68,-4078,2637374,38080,22484,2697938,48.27%,49.38%,
104/01/29,1180,84,-161,1103,2641718,37820,22416,2701954,48.35%,49.45%,
104/01/28,93,30,45,168,2640474,37736,22577,2700787,48.32%,49.42%,
104/01/27,-683,32,15,-636,2640240,37706,22532,2700478,48.32%,49.42%,
104/01/26,958,100,-240,818,2640921,37674,22517,2701112,48.33%,49.43%,
104/01/23,6657,1981,749,9387,2639747,37574,22757,2700078,48.31%,49.41%,
104/01/22,2166,1064,-216,3014,2632773,35593,22008,2690374,48.18%,49.23%,
104/01/21,4475,744,156,5375,2630430,34529,22224,2687183,48.14%,49.18%,
104/01/20,456,25,-52,429,2626248,33785,22068,2682101,48.06%,49.08%,
104/01/19,713,-1,27,739,2625666,33760,22120,2681546,48.05%,49.07%,
104/01/16,903,-350,-62,491,2624944,33761,22093,2680798,48.04%,49.06%,
104/01/15,2165,20,-113,2072,2624024,34111,22155,2680290,48.02%,49.05%,
104/01/14,-2195,15,-260,-2440,2621799,34091,22268,2678158,47.98%,49.01%,
104/01/13,3813,0,88,3901,2623959,34076,22528,2680563,48.02%,49.06%,
104/01/12,-1589,0,-71,-1660,2620119,34076,22440,2676635,47.95%,48.98%,
104/01/09,2171,0,-105,2066,2621608,34076,22511,2678195,47.98%,49.02%,
104/01/08,762,-350,244,656,2619595,34076,22616,2676287,47.94%,48.98%,
104/01/07,-3997,-531,-21,-4549,2618776,34426,22372,2675574,47.93%,48.97%,
104/01/06,-9498,0,-9,-9507,2622773,34957,22393,2680123,48.00%,49.05%,
104/01/05,-4055,0,-56,-4111,2631515,34957,22402,2688874,48.16%,49.21%,
