日期,外資買賣超,投信買賣超,自營商買賣超,單日合計買賣超,外資估計持股,投信估計持股,自營商估計持股,單日合計估計持股,外資持股比重,三大法人持股比重,
107/03/31,0,0,2,2,15613,518,29,16160,18.62%,19.27%,
107/03/30,-8,-2,0,-10,15613,518,27,16158,18.62%,19.27%,
107/03/29,-12,0,0,-12,15621,520,27,16168,18.63%,19.28%,
107/03/28,-95,0,-14,-109,15633,520,27,16180,18.64%,19.29%,
107/03/27,-59,0,41,-18,15728,520,41,16289,18.75%,19.42%,
107/03/26,-35,0,0,-35,15787,520,0,16307,18.83%,19.45%,
107/03/23,-48,0,-19,-67,15822,520,0,16342,18.87%,19.49%,
107/03/22,-41,0,-15,-56,15867,520,10,16397,18.92%,19.55%,
107/03/21,-23,0,16,-7,15908,520,25,16453,18.97%,19.62%,
107/03/20,-16,-5,-8,-29,15931,520,9,16460,19.00%,19.63%,
107/03/19,21,0,7,28,15947,525,17,16489,19.02%,19.67%,
107/03/16,-17,0,0,-17,15926,525,10,16461,18.99%,19.63%,
107/03/15,-4,0,-2,-6,15938,525,10,16473,19.01%,19.65%,
107/03/14,5,0,0,5,15908,525,12,16445,18.97%,19.61%,
107/03/13,10,-5,1,6,15903,525,12,16440,18.96%,19.60%,
107/03/12,46,0,0,46,15893,530,11,16434,18.95%,19.60%,
107/03/09,-39,0,0,-39,15847,530,11,16388,18.90%,19.55%,
107/03/08,-2,0,-13,-15,15886,530,11,16427,18.94%,19.59%,
107/03/07,-28,0,2,-26,15888,530,24,16442,18.95%,19.61%,
107/03/06,-23,0,0,-23,15916,530,22,16468,18.98%,19.64%,
107/03/05,-120,2,15,-103,15939,530,22,16491,19.01%,19.67%,
107/03/02,-47,0,-13,-60,16059,528,7,16594,19.15%,19.79%,
107/03/01,-70,0,-87,-157,16106,528,20,16654,19.21%,19.86%,
107/02/27,26,0,95,121,16176,528,107,16811,19.29%,20.05%,
107/02/26,-25,0,1,-24,16150,528,12,16690,19.26%,19.90%,
107/02/23,3,0,11,14,16175,528,11,16714,19.29%,19.93%,
107/02/22,-14,-3,-2,-19,16202,528,0,16730,19.32%,19.95%,
107/02/21,-71,0,2,-69,16216,531,2,16749,19.34%,19.98%,
107/02/12,-161,0,-8,-169,16287,531,0,16818,19.42%,20.05%,
107/02/09,106,0,0,106,16448,531,0,16979,19.61%,20.24%,
107/02/08,34,0,-36,-2,16342,531,0,16873,19.49%,20.12%,
107/02/07,-27,0,-49,-76,16308,531,0,16839,19.45%,20.08%,
107/02/06,-97,0,-78,-175,16335,531,0,16866,19.48%,20.11%,
107/02/05,-24,0,-4,-28,16402,531,0,16933,19.56%,20.19%,
107/02/02,-9,0,-8,-17,16416,531,1,16948,19.58%,20.21%,
107/02/01,-26,0,9,-17,16425,531,9,16965,19.59%,20.23%,
107/01/31,-23,0,-6,-29,16451,531,0,16982,19.62%,20.25%,
107/01/30,-58,0,-33,-91,16484,531,0,17015,19.66%,20.29%,
107/01/29,-17,0,-46,-63,16532,531,29,17092,19.71%,20.38%,
107/01/26,56,-7,72,121,16549,531,75,17155,19.73%,20.45%,
107/01/25,-35,0,3,-32,16493,538,3,17034,19.67%,20.32%,
107/01/24,69,-6,-18,45,16528,538,0,17066,19.71%,20.35%,
107/01/23,25,0,-4,21,16459,544,0,17003,19.63%,20.28%,
107/01/22,46,0,-23,23,16434,544,0,16978,19.60%,20.25%,
107/01/19,19,0,0,19,16388,544,0,16932,19.54%,20.19%,
107/01/18,16,0,-22,-6,16369,544,0,16913,19.52%,20.17%,
107/01/17,172,0,-1,171,16353,544,1,16898,19.50%,20.15%,
107/01/16,74,-7,2,69,16181,544,2,16727,19.29%,19.94%,
107/01/15,17,0,-34,-17,16107,551,0,16658,19.21%,19.87%,
107/01/12,81,0,-3,78,16090,551,0,16641,19.19%,19.85%,
107/01/11,15,0,0,15,16009,551,0,16560,19.09%,19.75%,
107/01/10,252,-6,-46,200,15994,551,0,16545,19.07%,19.73%,
107/01/09,3,0,-27,-24,15742,557,0,16299,18.77%,19.43%,
107/01/08,-130,0,-61,-191,15739,557,7,16303,18.77%,19.44%,
107/01/05,39,-5,50,84,15857,557,68,16482,18.91%,19.66%,
107/01/04,31,9,18,58,15817,562,18,16397,18.86%,19.55%,
107/01/03,-32,0,-29,-61,15786,553,0,16339,18.82%,19.48%,
107/01/02,-33,0,-24,-57,15883,553,7,16443,18.94%,19.61%,
106/12/29,73,0,0,73,15916,553,31,16500,18.98%,19.68%,
106/12/28,75,0,10,85,15843,691,31,16565,18.89%,19.75%,
106/12/27,-50,0,21,-29,15755,691,21,16467,18.79%,19.64%,
106/12/26,-27,0,-40,-67,15805,691,0,16496,18.85%,19.67%,
106/12/25,-52,0,34,-18,15832,691,34,16557,18.88%,19.74%,
106/12/22,6,0,-34,-28,15882,691,0,16573,18.94%,19.76%,
106/12/21,51,0,-14,37,15896,691,20,16607,18.96%,19.81%,
106/12/20,20,0,5,25,15845,691,34,16570,18.89%,19.75%,
106/12/19,-69,0,-19,-88,15825,691,29,16545,18.87%,19.73%,
106/12/18,201,0,48,249,15890,691,48,16629,18.95%,19.83%,
106/12/15,-86,0,-8,-94,15687,691,0,16378,18.71%,19.53%,
106/12/14,12,0,-1,11,15773,691,0,16464,18.81%,19.63%,
106/12/13,15,0,0,15,15756,691,0,16447,18.79%,19.61%,
106/12/12,56,0,-28,28,15736,691,0,16427,18.76%,19.58%,
106/12/11,37,0,22,59,15677,691,22,16390,18.69%,19.54%,
106/12/08,-92,0,-62,-154,15630,691,0,16321,18.64%,19.46%,
106/12/07,-40,0,-14,-54,15723,691,0,16414,18.75%,19.57%,
106/12/06,-41,6,-15,-50,15763,691,7,16461,18.80%,19.63%,
106/12/05,18,133,-5,146,15814,685,22,16521,18.86%,19.70%,
106/12/04,30,0,-1,29,15796,552,27,16375,18.84%,19.53%,
106/12/01,11,0,-20,-9,15766,552,28,16346,18.80%,19.49%,
106/11/30,86,0,-23,63,15803,552,48,16403,18.84%,19.56%,
106/11/29,82,0,-15,67,15717,552,71,16340,18.74%,19.48%,
106/11/28,123,0,-185,-62,15635,552,86,16273,18.64%,19.40%,
106/11/27,259,0,115,374,15512,552,271,16335,18.50%,19.48%,
106/11/24,256,0,44,300,15253,552,156,15961,18.19%,19.03%,
106/11/23,168,0,-1,167,14997,552,112,15661,17.88%,18.67%,
106/11/22,234,0,-27,207,14829,552,113,15494,17.68%,18.47%,
106/11/21,325,0,-21,304,14593,552,140,15285,17.40%,18.23%,
106/11/20,-17,0,-27,-44,14263,552,161,14976,17.01%,17.86%,
106/11/17,-3,0,28,25,14280,552,188,15020,17.03%,17.91%,
106/11/16,-21,0,6,-15,14283,552,160,14995,17.03%,17.88%,
106/11/15,25,0,-8,17,14321,552,154,15027,17.08%,17.92%,
106/11/14,-73,0,-24,-97,14296,552,162,15010,17.05%,17.90%,
106/11/13,-75,0,6,-69,14369,552,186,15107,17.13%,18.01%,
106/11/10,-18,0,2,-16,14458,552,180,15190,17.24%,18.11%,
106/11/09,-79,0,-51,-130,14481,552,178,15211,17.27%,18.14%,
106/11/08,-103,0,-75,-178,14560,552,229,15341,17.36%,18.29%,
106/11/07,53,0,86,139,14665,552,304,15521,17.49%,18.51%,
106/11/06,-22,0,-112,-134,14612,552,218,15382,17.42%,18.34%,
106/11/03,96,0,170,266,14634,552,330,15516,17.45%,18.50%,
106/11/02,48,0,-21,27,14537,552,160,15249,17.33%,18.18%,
106/11/01,125,0,-207,-82,14489,552,181,15222,17.28%,18.15%,
106/10/31,-12,0,14,2,14364,552,388,15304,17.13%,18.25%,
106/10/30,13,0,-32,-19,14376,552,374,15302,17.14%,18.24%,
106/10/27,6,0,46,52,14363,552,406,15321,17.13%,18.27%,
106/10/26,9,0,-7,2,14357,552,360,15269,17.12%,18.21%,
106/10/25,44,0,-55,-11,14348,552,367,15267,17.11%,18.21%,
106/10/24,62,0,-54,8,14301,552,422,15275,17.05%,18.21%,
106/10/23,18,0,43,61,14234,552,476,15262,16.97%,18.20%,
106/10/20,-16,0,11,-5,14216,552,433,15201,16.95%,18.12%,
106/10/19,14,0,29,43,14232,552,422,15206,16.97%,18.13%,
106/10/18,6,0,5,11,14218,552,393,15163,16.95%,18.08%,
106/10/17,-3,0,-5,-8,14212,552,388,15152,16.95%,18.07%,
106/10/16,8,0,-17,-9,14272,552,393,15217,17.02%,18.15%,
106/10/13,7,0,-28,-21,14264,552,410,15226,17.01%,18.16%,
106/10/12,11,0,7,18,14257,552,438,15247,17.00%,18.18%,
106/10/11,250,0,-14,236,14246,552,431,15229,16.99%,18.16%,
106/10/06,-9,0,-55,-64,13998,552,445,14995,16.69%,17.88%,
106/10/05,23,0,26,49,14007,552,500,15059,16.70%,17.95%,
106/10/03,-32,0,-57,-89,13984,552,474,15010,16.67%,17.89%,
106/10/02,-56,0,56,0,14016,552,531,15099,16.71%,18.00%,
106/09/30,0,0,-48,-48,14072,552,475,15099,16.78%,18.00%,
106/09/29,37,0,130,167,14072,553,523,15148,16.78%,18.06%,
106/09/28,42,0,-48,-6,14035,553,393,14981,16.74%,17.87%,
106/09/27,48,0,-3,45,14158,553,441,15152,16.88%,18.07%,
106/09/26,24,0,52,76,14110,553,444,15107,16.82%,18.01%,
106/09/25,-13,0,-45,-58,14087,553,392,15032,16.80%,17.93%,
106/09/22,-22,0,-147,-169,14100,553,437,15090,16.81%,17.99%,
106/09/21,65,0,64,129,14122,553,584,15259,16.84%,18.20%,
106/09/20,11,0,-21,-10,14057,553,520,15130,16.76%,18.04%,
106/09/19,-33,0,-26,-59,14046,553,541,15140,16.75%,18.05%,
106/09/18,40,-20,30,50,14071,553,567,15191,16.78%,18.12%,
106/09/15,44,0,-18,26,14031,573,537,15141,16.73%,18.05%,
106/09/14,22,0,-5,17,13987,573,555,15115,16.68%,18.03%,
106/09/13,126,0,34,160,14014,573,560,15147,16.71%,18.06%,
106/09/12,-69,0,-35,-104,13888,573,526,14987,16.56%,17.87%,
106/09/11,-7,0,38,31,13954,573,561,15088,16.64%,17.99%,
106/09/08,184,20,57,261,13948,573,523,15044,16.63%,17.94%,
106/09/07,325,0,39,364,13764,553,466,14783,16.41%,17.63%,
106/09/06,43,0,1,44,13439,553,427,14419,16.02%,17.19%,
106/09/05,89,0,25,114,13396,553,426,14375,15.97%,17.14%,
106/09/04,18,0,-35,-17,13284,553,401,14238,15.84%,16.98%,
106/09/01,92,0,67,159,13266,553,436,14255,15.82%,17.00%,
106/08/31,153,0,-44,109,13174,553,369,14096,15.71%,16.81%,
106/08/30,154,0,104,258,13021,553,413,13987,15.53%,16.68%,
106/08/29,-11,0,-1,-12,12879,553,309,13741,15.36%,16.39%,
106/08/28,46,0,3,49,12890,553,310,13753,15.37%,16.40%,
106/08/25,111,0,24,135,12844,553,307,13704,15.32%,16.35%,
106/08/24,109,0,39,148,12723,553,283,13559,15.17%,16.17%,
106/08/23,6,0,-37,-31,12614,553,244,13411,15.04%,15.99%,
106/08/22,-2,0,45,43,12603,553,281,13437,15.03%,16.02%,
106/08/21,-60,0,-26,-86,12605,553,236,13394,15.03%,15.97%,
106/08/18,-22,0,-133,-155,12660,553,262,13475,15.10%,16.07%,
106/08/17,98,0,147,245,12678,553,395,13626,15.12%,16.25%,
106/08/16,45,0,-34,11,12549,553,248,13350,14.96%,15.92%,
106/08/15,-14,-20,61,27,12504,553,282,13339,14.91%,15.91%,
106/08/14,-95,0,-58,-153,12505,573,221,13299,14.91%,15.86%,
106/08/11,19,0,50,69,12568,573,279,13420,14.99%,16.01%,
106/08/10,-53,0,-48,-101,12527,573,229,13329,14.94%,15.90%,
106/08/09,-40,0,13,-27,12559,573,277,13409,14.97%,15.98%,
106/08/08,-88,20,-111,-179,12599,573,264,13436,15.02%,16.02%,
106/08/07,34,0,142,176,12687,553,375,13615,15.13%,16.24%,
106/08/04,-30,0,47,17,12653,553,233,13439,15.09%,16.03%,
106/08/03,-11,0,-76,-87,12683,553,186,13422,15.12%,16.00%,
106/08/02,-22,0,-24,-46,12694,553,262,13509,15.14%,16.11%,
106/08/01,38,0,1,39,12714,553,286,13553,15.16%,16.16%,
106/07/31,58,0,19,77,12676,553,285,13514,15.11%,16.11%,
106/07/28,-34,0,-46,-80,12618,553,266,13437,15.05%,16.03%,
106/07/27,90,0,30,120,12635,553,312,13500,15.07%,16.10%,
106/07/26,-48,0,-129,-177,12540,553,282,13375,14.95%,15.95%,
106/07/25,60,0,57,117,12577,553,411,13541,15.00%,16.15%,
106/07/24,40,0,-5,35,12487,553,354,13394,14.89%,15.97%,
106/07/21,18,0,14,32,12437,553,359,13349,14.83%,15.92%,
106/07/20,-36,0,-75,-111,12404,553,345,13302,14.79%,15.86%,
106/07/19,81,0,101,182,12387,553,420,13360,14.77%,15.93%,
106/07/18,-4,0,-27,-31,12305,553,319,13177,14.67%,15.71%,
106/07/17,-90,0,5,-85,12271,553,346,13170,14.63%,15.70%,
106/07/14,-13,0,-43,-56,12258,553,341,13152,14.62%,15.69%,
106/07/13,-167,0,-42,-209,12307,553,384,13244,14.67%,15.79%,
106/07/12,-31,0,86,55,12531,553,426,13510,14.94%,16.11%,
106/07/11,-58,0,-25,-83,12562,553,340,13455,14.98%,16.05%,
106/07/10,-63,0,8,-55,12636,553,365,13554,15.07%,16.16%,
106/07/07,-58,0,-45,-103,12699,553,357,13609,15.14%,16.23%,
106/07/06,-34,0,6,-28,12757,553,402,13712,15.21%,16.35%,
106/07/05,-28,0,-61,-89,12791,553,396,13740,15.25%,16.38%,
106/07/04,185,0,159,344,13819,553,457,14829,16.48%,17.68%,
106/07/03,88,0,35,123,13631,553,298,14482,16.25%,17.27%,
106/06/30,139,0,-31,108,13543,553,263,14359,16.15%,17.12%,
106/06/29,8,0,-16,-8,13399,553,294,14246,15.98%,16.99%,
106/06/28,70,0,-34,36,13376,553,310,14239,15.95%,16.98%,
106/06/27,138,0,95,233,13306,553,344,14203,15.87%,16.94%,
106/06/26,83,0,-83,0,13184,553,249,13986,15.72%,16.68%,
106/06/23,43,0,92,135,13162,553,332,14047,15.69%,16.75%,
106/06/22,38,0,5,43,13119,553,240,13912,15.64%,16.59%,
106/06/21,77,0,4,81,13081,553,235,13869,15.60%,16.54%,
106/06/20,9,0,-31,-22,13004,553,231,13788,15.51%,16.45%,
106/06/19,-4,0,5,1,12995,553,262,13810,15.49%,16.46%,
106/06/16,131,0,35,166,12999,553,257,13809,15.50%,16.47%,
106/06/15,50,0,-139,-89,12913,553,222,13688,15.40%,16.32%,
106/06/14,20,0,-77,-57,12863,553,361,13777,15.34%,16.43%,
106/06/13,18,0,41,59,12843,553,438,13834,15.31%,16.49%,
106/06/12,48,0,-11,37,12825,553,397,13775,15.29%,16.42%,
106/06/09,60,0,-10,50,12777,553,408,13738,15.23%,16.38%,
106/06/08,0,0,15,15,12717,553,418,13688,15.16%,16.32%,
106/06/07,34,0,0,34,12717,553,403,13673,15.16%,16.30%,
106/06/06,29,0,5,34,12683,553,403,13639,15.12%,16.26%,
106/06/05,31,0,0,31,12654,553,398,13605,15.09%,16.22%,
106/06/03,0,0,77,77,12623,553,398,13574,15.05%,16.18%,
106/06/02,-17,0,49,32,12623,553,321,13497,15.05%,16.09%,
106/06/01,78,0,51,129,12640,553,272,13465,15.07%,16.05%,
106/05/31,-1,0,6,5,12562,553,221,13336,14.98%,15.90%,
106/05/26,0,0,3,3,12563,553,215,13331,14.98%,15.90%,
106/05/25,-22,0,-15,-37,12563,553,212,13328,14.98%,15.89%,
106/05/24,58,0,12,70,12585,553,227,13365,15.01%,15.94%,
106/05/23,51,0,7,58,12527,553,215,13295,14.94%,15.86%,
106/05/22,32,0,10,42,12476,553,208,13237,14.88%,15.79%,
106/05/19,-78,0,3,-75,12444,553,198,13195,14.84%,15.74%,
106/05/18,-25,0,25,0,12522,553,195,13270,14.93%,15.82%,
106/05/17,14,0,-6,8,12547,553,170,13270,14.96%,15.82%,
106/05/16,87,0,-83,4,12533,553,176,13262,14.94%,15.81%,
106/05/15,70,0,-181,-111,12446,553,259,13258,14.84%,15.81%,
106/05/12,40,0,123,163,12376,553,440,13369,14.76%,15.94%,
106/05/11,21,0,37,58,12349,553,317,13219,14.72%,15.76%,
106/05/10,67,0,92,159,12328,553,280,13161,14.70%,15.69%,
106/05/09,-15,0,-11,-26,12261,553,188,13002,14.62%,15.50%,
106/05/08,-8,0,29,21,12274,553,199,13026,14.63%,15.53%,
106/05/05,11,0,1,12,12282,553,170,13005,14.64%,15.50%,
106/05/04,46,0,-1,45,12271,553,169,12993,14.63%,15.49%,
106/05/03,27,0,-4,23,12245,553,170,12968,14.60%,15.46%,
106/05/02,83,0,1,84,12319,553,174,13046,14.69%,15.56%,
106/04/28,21,0,-11,10,12236,553,173,12962,14.59%,15.46%,
106/04/27,-15,0,0,-15,12213,553,184,12950,14.56%,15.44%,
106/04/26,59,0,1,60,12228,553,184,12965,14.58%,15.46%,
106/04/25,12,0,1,13,12169,553,183,12905,14.51%,15.39%,
106/04/24,25,0,-29,-4,12157,553,182,12892,14.50%,15.38%,
106/04/21,27,0,2,29,12195,553,211,12959,14.54%,15.45%,
106/04/20,59,0,-8,51,12168,553,209,12930,14.51%,15.42%,
106/04/19,61,0,10,71,12124,553,217,12894,14.46%,15.38%,
106/04/18,16,0,1,17,12053,553,207,12813,14.37%,15.28%,
106/04/17,22,0,-23,-1,12037,553,206,12796,14.35%,15.26%,
106/04/14,19,0,-22,-3,12015,553,229,12797,14.33%,15.26%,
106/04/13,-15,0,-7,-22,11996,553,251,12800,14.30%,15.26%,
106/04/12,32,0,8,40,11988,553,258,12799,14.29%,15.26%,
106/04/11,-6,0,-16,-22,11984,553,250,12787,14.29%,15.25%,
106/04/10,134,0,56,190,11990,553,266,12809,14.30%,15.28%,
106/04/07,39,0,-1,38,11856,553,210,12619,14.14%,15.05%,
106/04/06,10,0,-8,2,11817,553,211,12581,14.09%,15.00%,
106/04/05,17,0,3,20,10776,553,219,11548,12.85%,13.77%,
106/03/31,-7,0,12,5,10759,553,216,11528,12.83%,13.75%,
106/03/30,17,0,-3,14,10766,339,204,11309,12.84%,13.49%,
106/03/29,1,0,-28,-27,10749,339,207,11295,12.82%,13.47%,
106/03/28,33,0,-49,-16,10748,339,235,11322,12.81%,13.49%,
106/03/27,-31,0,-86,-117,10715,339,284,11338,12.78%,13.52%,
106/03/24,59,0,48,107,10710,339,370,11419,12.77%,13.62%,
106/03/23,41,0,-4,37,10732,339,322,11393,12.80%,13.59%,
106/03/22,24,0,14,38,10795,339,326,11460,12.87%,13.66%,
106/03/21,87,0,9,96,10771,339,312,11422,12.84%,13.62%,
106/03/20,42,0,-7,35,10684,339,303,11326,12.74%,13.51%,
106/03/17,2,0,-21,-19,10642,339,310,11291,12.69%,13.46%,
106/03/16,77,0,-6,71,10667,339,331,11337,12.72%,13.52%,
106/03/15,191,-12,26,205,10610,339,337,11286,12.65%,13.46%,
106/03/14,93,-25,11,79,10419,351,311,11081,12.42%,13.21%,
106/03/13,12,-36,10,-14,10425,376,300,11101,12.43%,13.24%,
106/03/10,56,0,0,56,10420,412,290,11122,12.42%,13.26%,
106/03/09,12,0,-2,10,10483,412,290,11185,12.50%,13.34%,
106/03/08,80,0,14,94,10471,412,292,11175,12.48%,13.32%,
106/03/07,61,0,48,109,10594,412,278,11284,12.63%,13.45%,
106/03/06,43,0,14,57,10667,412,230,11309,12.72%,13.49%,
106/03/03,102,0,-16,86,10624,412,216,11252,12.67%,13.42%,
106/03/02,95,0,1,96,10556,412,232,11200,12.59%,13.36%,
106/03/01,25,0,11,36,10461,412,231,11104,12.47%,13.24%,
106/02/24,92,0,3,95,10436,412,220,11068,12.44%,13.19%,
106/02/23,116,0,18,134,10601,412,217,11230,12.64%,13.39%,
106/02/22,91,0,-7,84,10485,412,199,11096,12.50%,13.23%,
106/02/21,-17,0,-9,-26,10436,412,206,11054,12.44%,13.18%,
106/02/20,83,0,28,111,10478,412,215,11105,12.49%,13.24%,
106/02/18,0,0,-23,-23,10494,412,187,11093,12.51%,13.22%,
106/02/17,-28,0,10,-18,10494,412,210,11116,12.51%,13.25%,
106/02/16,-93,0,10,-83,10599,412,200,11211,12.64%,13.37%,
106/02/15,-107,0,-13,-120,10704,412,190,11306,12.76%,13.48%,
106/02/14,-19,0,-24,-43,10892,412,203,11507,12.99%,13.72%,
106/02/13,-216,0,9,-207,10822,412,227,11461,12.90%,13.66%,
106/02/10,-118,0,-4,-122,11103,412,218,11733,13.24%,13.99%,
106/02/09,-97,0,8,-89,11228,412,222,11862,13.39%,14.15%,
106/02/08,-238,0,-3,-241,11325,412,214,11951,13.50%,14.25%,
106/02/07,-369,0,-1,-370,11540,412,217,12169,13.76%,14.51%,
106/02/06,-33,0,-75,-108,11868,412,218,12498,14.15%,14.90%,
106/02/03,-269,0,99,-170,11893,412,293,12598,14.18%,15.02%,
106/02/02,-18,0,0,-18,12147,412,194,12753,14.48%,15.20%,
106/01/24,23,-41,0,-18,12175,412,194,12781,14.52%,15.24%,
106/01/23,14,-20,17,11,12152,453,194,12799,14.49%,15.26%,
106/01/20,6,-22,2,-14,12210,473,177,12860,14.56%,15.34%,
106/01/19,13,-21,-1,-9,12204,495,175,12874,14.55%,15.35%,
106/01/18,-20,0,4,-16,12191,516,176,12883,14.54%,15.37%,
106/01/17,-94,0,0,-94,12203,516,172,12891,14.55%,15.37%,
106/01/16,-63,-1,-9,-73,12240,516,172,12928,14.59%,15.41%,
106/01/13,0,0,0,0,12375,517,181,13073,14.76%,15.59%,
106/01/12,18,0,-1,17,12375,517,181,13073,14.76%,15.59%,
106/01/11,-4,0,2,-2,12374,517,182,13073,14.75%,15.58%,
106/01/10,-23,0,8,-15,12371,517,180,13068,14.75%,15.58%,
106/01/09,-66,0,1,-65,12366,517,172,13055,14.74%,15.56%,
106/01/06,-66,0,9,-57,12498,517,171,13186,14.90%,15.72%,
106/01/05,-1,0,19,18,12544,517,162,13223,14.96%,15.77%,
106/01/04,-2,0,0,-2,12615,517,143,13275,15.04%,15.83%,
106/01/03,-2,0,0,-2,12617,517,143,13277,15.04%,15.83%,
105/12/30,17,0,2,19,12619,517,143,13279,15.05%,15.84%,
105/12/29,23,0,16,39,12602,517,141,13260,15.03%,15.81%,
105/12/28,-3,0,10,7,12616,517,125,13258,15.04%,15.81%,
105/12/27,4,0,0,4,12619,517,115,13251,15.05%,15.80%,
105/12/26,3,0,-3,0,12615,517,115,13247,15.04%,15.79%,
105/12/23,-4,0,-1,-5,12612,517,118,13247,15.04%,15.80%,
105/12/22,1,0,-15,-14,12616,517,119,13252,15.04%,15.80%,
105/12/21,-20,0,12,-8,12688,517,134,13339,15.13%,15.91%,
105/12/20,23,0,5,28,12708,517,122,13347,15.15%,15.91%,
105/12/19,7,0,-12,-5,12685,517,117,13319,15.12%,15.88%,
105/12/16,18,0,4,22,12678,517,129,13324,15.12%,15.89%,
105/12/15,-30,0,-1,-31,12714,517,125,13356,15.16%,15.93%,
105/12/14,4,0,-7,-3,12754,517,126,13397,15.21%,15.98%,
105/12/13,-22,0,6,-16,12750,517,133,13400,15.20%,15.98%,
105/12/12,63,0,5,68,12772,517,127,13416,15.23%,16.00%,
105/12/09,-28,0,2,-26,12728,517,122,13367,15.18%,15.94%,
105/12/08,-96,0,20,-76,12774,517,120,13411,15.23%,15.99%,
105/12/07,-42,0,-38,-80,12870,517,100,13487,15.35%,16.09%,
105/12/06,-16,0,6,-10,12847,517,138,13502,15.32%,16.10%,
105/12/05,12,0,0,12,12853,517,132,13502,15.33%,16.10%,
105/12/02,5,0,-2,3,12841,517,132,13490,15.31%,16.08%,
105/12/01,47,0,-5,42,12824,517,134,13475,15.29%,16.07%,
105/11/30,-40,0,0,-40,12777,517,139,13433,15.23%,16.01%,
105/11/29,24,0,33,57,12832,517,139,13488,15.30%,16.08%,
105/11/28,9,0,0,9,12808,517,106,13431,15.27%,16.01%,
105/11/25,5,0,0,5,12799,517,106,13422,15.26%,16.00%,
105/11/24,-6,0,0,-6,12794,517,106,13417,15.25%,15.99%,
105/11/23,-68,0,-5,-73,12796,517,106,13419,15.26%,16.00%,
105/11/22,-13,-95,-5,-113,12864,517,111,13492,15.34%,16.09%,
105/11/21,-16,-55,3,-68,12867,612,116,13595,15.34%,16.21%,
105/11/18,-93,-38,-3,-134,12883,667,113,13663,15.36%,16.29%,
105/11/17,-61,0,1,-60,12976,705,116,13797,15.47%,16.45%,
105/11/16,-128,0,-3,-131,13023,705,115,13843,15.53%,16.51%,
105/11/15,-90,0,7,-83,13151,705,118,13974,15.68%,16.66%,
105/11/14,90,0,-108,-18,13190,705,111,14006,15.73%,16.70%,
105/11/11,-254,-238,176,-316,13100,705,219,14024,15.62%,16.72%,
105/11/10,-339,-163,-23,-525,13334,943,43,14320,15.90%,17.08%,
105/11/09,-179,-27,-16,-222,13673,1106,66,14845,16.30%,17.70%,
105/11/08,-61,-81,19,-123,13852,1133,82,15067,16.52%,17.97%,
105/11/07,-6,0,-18,-24,13923,1214,63,15200,16.60%,18.12%,
105/11/04,-1,-11,-3,-15,13929,1214,81,15224,16.61%,18.15%,
105/11/03,42,0,7,49,13930,1225,84,15239,16.61%,18.17%,
105/11/02,-80,0,32,-48,13873,1225,77,15175,16.54%,18.09%,
105/11/01,-129,0,26,-103,13978,1225,45,15248,16.67%,18.18%,
105/10/31,-71,0,-2,-73,14107,1225,19,15351,16.82%,18.30%,
105/10/28,-90,0,-4,-94,14178,1225,21,15424,16.91%,18.40%,
105/10/27,-22,0,-8,-30,14268,1225,25,15518,17.01%,18.50%,
105/10/26,-213,0,-17,-230,14290,1225,33,15548,17.04%,18.54%,
105/10/25,-229,-58,22,-265,14503,1225,50,15778,17.29%,18.81%,
105/10/24,-240,-20,9,-251,14732,1283,28,16043,17.57%,19.13%,
105/10/21,-286,-136,-19,-441,14972,1303,19,16294,17.85%,19.43%,
105/10/20,-165,-20,-13,-198,15254,1439,38,16731,18.19%,19.95%,
105/10/19,-63,0,-5,-68,15419,1459,51,16929,18.39%,20.19%,
105/10/18,-87,0,-2,-89,15482,1459,56,16997,18.46%,20.27%,
105/10/17,-232,0,-79,-311,15619,1459,58,17136,18.62%,20.43%,
105/10/14,-213,-89,-3,-305,15791,1459,137,17387,18.83%,20.73%,
105/10/13,-127,-24,-36,-187,16033,1548,140,17721,19.12%,21.13%,
105/10/12,-112,0,-9,-121,16147,1572,176,17895,19.25%,21.33%,
105/10/11,-90,0,-22,-112,16245,1572,185,18002,19.37%,21.47%,
105/10/07,-23,0,-30,-53,16335,1572,207,18114,19.48%,21.60%,
105/10/06,6,0,-16,-10,16332,1572,237,18141,19.47%,21.63%,
105/10/05,-8,0,3,-5,16322,1572,253,18147,19.46%,21.64%,
105/10/04,34,0,8,42,16366,1572,250,18188,19.52%,21.69%,
105/10/03,24,0,-3,21,16332,1572,242,18146,19.47%,21.63%,
105/09/30,-191,0,-3,-194,16308,1572,245,18125,19.45%,21.62%,
105/09/29,15,0,-1,14,16499,1646,248,18393,19.67%,21.93%,
105/09/26,29,0,-23,6,16484,1646,249,18379,19.66%,21.92%,
105/09/23,47,0,-24,23,16455,1646,272,18373,19.62%,21.91%,
105/09/22,21,0,-50,-29,16408,1646,296,18350,19.57%,21.89%,
105/09/21,-29,0,119,90,16387,1646,346,18379,19.54%,21.92%,
105/09/20,-49,0,0,-49,16416,1646,227,18289,19.58%,21.81%,
105/09/19,-77,0,-20,-97,16465,1646,227,18338,19.63%,21.86%,
105/09/14,-77,0,-19,-96,16542,1646,247,18435,19.73%,21.99%,
105/09/13,-85,-25,-3,-113,16524,1646,266,18436,19.70%,21.98%,
105/09/12,-79,-25,70,-34,16588,1671,269,18528,19.78%,22.09%,
105/09/10,2,-7,1,-4,16657,1696,199,18552,19.86%,22.12%,
105/09/09,-52,0,-40,-92,16655,1703,198,18556,19.86%,22.13%,
105/09/08,-14,0,-34,-48,16707,1703,238,18648,19.92%,22.24%,
105/09/07,37,0,-12,25,16694,1703,272,18669,19.91%,22.27%,
105/09/06,23,-35,-40,-52,16587,1703,284,18574,19.78%,22.15%,
105/09/05,-11,0,-39,-50,16564,1738,324,18626,19.75%,22.21%,
105/09/02,-73,-3,-8,-84,16521,1738,363,18622,19.70%,22.21%,
105/09/01,-71,-50,-11,-132,16544,1741,371,18656,19.73%,22.25%,
105/08/31,-6,62,-34,22,16615,1791,382,18788,19.81%,22.40%,
105/08/30,-67,-139,70,-136,16621,1729,416,18766,19.82%,22.38%,
105/08/29,-87,-62,10,-139,16623,1868,346,18837,19.82%,22.46%,
105/08/26,-34,39,-24,-19,16680,1930,336,18946,19.89%,22.59%,
105/08/25,-40,23,9,-8,16712,1891,360,18963,19.93%,22.61%,
105/08/24,-248,-87,-101,-436,16722,1868,351,18941,19.94%,22.59%,
105/08/23,-169,-22,-5,-196,16980,1955,452,19387,20.25%,23.12%,
105/08/22,-136,-12,12,-136,17145,1977,457,19579,20.44%,23.34%,
105/08/19,-177,-5,15,-167,17281,1989,445,19715,20.61%,23.51%,
105/08/18,-48,-232,147,-133,17458,1994,430,19882,20.82%,23.71%,
105/08/17,-98,-131,59,-170,17406,2226,283,19915,20.76%,23.75%,
105/08/16,-48,-52,6,-94,17446,2357,224,20027,20.80%,23.88%,
105/08/15,-33,-29,16,-46,17284,2409,218,19911,20.61%,23.74%,
105/08/12,-39,9,39,9,17214,2438,202,19854,20.53%,23.68%,
105/08/11,-94,-159,11,-242,17174,2429,163,19766,20.48%,23.57%,
105/08/10,17,-5,-1,11,17157,2588,152,19897,20.46%,23.73%,
105/08/09,-56,-25,2,-79,17140,2593,153,19886,20.44%,23.72%,
105/08/08,19,-25,-25,-31,17196,2618,151,19965,20.51%,23.81%,
105/08/05,-19,0,-8,-27,17177,2643,176,19996,20.48%,23.84%,
105/08/04,13,80,23,116,17190,2643,184,20017,20.50%,23.87%,
105/08/03,-46,20,-2,-28,17163,2563,161,19887,20.47%,23.72%,
105/08/02,-24,80,83,139,17199,2543,163,19905,20.51%,23.74%,
105/08/01,5,0,27,32,17223,2463,80,19766,20.54%,23.57%,
105/07/29,78,-5,-2,71,17218,2463,53,19734,20.53%,23.53%,
105/07/28,-2,0,4,2,17175,2468,55,19698,20.48%,23.49%,
105/07/27,-39,-5,3,-41,17177,2468,51,19696,20.48%,23.48%,
105/07/26,-95,-15,-34,-144,17216,2473,48,19737,20.53%,23.54%,
105/07/25,-69,0,-20,-89,17311,2488,82,19881,20.64%,23.71%,
105/07/22,-69,0,-106,-175,17297,2488,102,19887,20.63%,23.72%,
105/07/21,-52,-20,27,-45,17366,2488,208,20062,20.71%,23.93%,
105/07/20,-26,-20,26,-20,17481,2508,181,20170,20.85%,24.06%,
105/07/19,-101,-50,-1,-152,17480,2528,155,20163,20.84%,24.04%,
105/07/18,-58,-25,37,-46,17293,2578,156,20027,20.62%,23.88%,
105/07/15,15,-10,13,18,17251,2603,119,19973,20.57%,23.82%,
105/07/14,-90,0,-25,-115,17071,2613,106,19790,20.36%,23.60%,
105/07/13,-70,0,38,-32,17079,2613,131,19823,20.37%,23.64%,
105/07/12,-117,0,-34,-151,17149,2613,93,19855,20.45%,23.68%,
105/07/11,-326,0,37,-289,17266,2613,127,20006,20.59%,23.86%,
105/07/07,-51,0,-6,-57,17592,2613,90,20295,20.98%,24.20%,
105/07/06,-11,0,-9,-20,17643,2613,96,20352,21.04%,24.27%,
105/07/05,-93,0,3,-90,17744,2613,105,20462,21.16%,24.40%,
105/07/04,21,0,-17,4,17847,2613,102,20562,21.28%,24.52%,
105/07/01,73,0,110,183,17826,2613,119,20558,21.26%,24.52%,
105/06/30,-58,0,-12,-70,17763,2613,9,20385,21.18%,24.31%,
105/06/29,-423,-60,16,-467,17821,1821,21,19663,21.25%,23.45%,
105/06/28,-234,0,5,-229,18974,1881,5,20860,22.63%,24.88%,
105/06/27,30,0,-28,2,19198,1881,0,21079,22.89%,25.13%,
105/06/24,14,-60,9,-37,19158,1881,20,21059,22.85%,25.12%,
105/06/23,90,-10,-29,51,19144,1941,11,21096,22.83%,25.16%,
105/06/22,-5,-60,-8,-73,19049,1951,40,21040,22.72%,25.09%,
105/06/21,-100,0,-16,-116,19084,2011,48,21143,22.76%,25.22%,
105/06/20,-20,5,38,23,19278,2011,64,21353,22.99%,25.46%,
105/06/17,-72,0,-8,-80,19298,2006,26,21330,23.01%,25.43%,
105/06/16,-294,0,-9,-303,19382,2006,34,21422,23.11%,25.54%,
105/06/15,-160,0,43,-117,19700,2006,43,21749,23.49%,25.93%,
105/06/14,-54,-70,-125,-249,19121,2006,0,21127,22.80%,25.19%,
105/06/13,31,-43,69,57,19165,2076,73,21314,22.85%,25.41%,
105/06/08,-41,-10,-5,-56,19134,2119,4,21257,22.82%,25.35%,
105/06/07,-29,-209,9,-229,19142,2129,9,21280,22.83%,25.38%,
105/06/06,-27,-260,-29,-316,19161,2338,0,21499,22.85%,25.64%,
105/06/04,0,-197,12,-185,19178,2598,12,21788,22.87%,25.98%,
105/06/03,-351,-631,-6,-988,19178,2795,0,21973,22.87%,26.20%,
105/06/02,0,-200,-19,-219,19502,3426,0,22928,23.26%,27.35%,
105/06/01,133,-96,2,39,19512,3626,2,23140,23.27%,27.60%,
105/05/31,183,0,-72,111,19446,3722,0,23168,23.19%,27.63%,
105/05/30,-377,-18,-53,-448,19163,3722,0,22885,22.85%,27.29%,
105/05/27,37,-15,-13,9,19540,3740,13,23293,23.30%,27.78%,
105/05/26,36,-78,-9,-51,19503,3755,26,23284,23.26%,27.77%,
105/05/25,24,-4,-82,-62,19467,3833,35,23335,23.21%,27.82%,
105/05/24,21,-11,-29,-19,19443,3837,117,23397,23.19%,27.91%,
105/05/23,-23,-16,8,-31,19461,3848,146,23455,23.21%,27.97%,
105/05/20,-47,-164,2,-209,19495,3864,138,23497,23.25%,28.02%,
105/05/19,-25,0,-15,-40,19542,4028,136,23706,23.30%,28.27%,
105/05/18,-74,0,-11,-85,19567,4028,151,23746,23.33%,28.31%,
105/05/17,38,26,-61,3,19527,4028,162,23717,23.29%,28.29%,
105/05/16,-10,60,-25,25,19489,4002,223,23714,23.24%,28.28%,
105/05/13,-187,-403,11,-579,19489,3942,248,23679,23.24%,28.24%,
105/05/12,-181,-484,-26,-691,19676,4345,237,24258,23.46%,28.93%,
105/05/11,-144,-20,-82,-246,19857,4829,263,24949,23.68%,29.75%,
105/05/10,-80,-205,-6,-291,20001,4849,345,25195,23.85%,30.05%,
105/05/09,-137,-100,-8,-245,20081,5054,351,25486,23.95%,30.40%,
105/05/06,-36,0,37,1,20218,5154,359,25731,24.11%,30.69%,
105/05/05,28,0,-3,25,23889,5154,322,29365,28.49%,35.02%,
105/05/04,325,-187,15,153,23861,5154,325,29340,28.45%,34.99%,
105/05/03,28,0,-10,18,23536,5341,310,29187,28.07%,34.81%,
105/04/29,-70,-50,13,-107,23508,5341,320,29169,28.03%,34.78%,
105/04/28,-35,-138,24,-149,23568,5391,307,29266,28.11%,34.91%,
105/04/27,-75,0,-2,-77,23603,5529,283,29415,28.15%,35.08%,
105/04/26,-19,0,45,26,23678,5529,285,29492,28.24%,35.17%,
105/04/25,-205,0,-8,-213,23697,5529,240,29466,28.26%,35.14%,
105/04/22,-426,-100,-51,-577,23902,5529,248,29679,28.50%,35.39%,
105/04/21,-8,-20,137,109,24326,5629,299,30254,29.01%,36.08%,
105/04/20,-47,-55,-81,-183,24334,5649,162,30145,29.02%,35.95%,
105/04/19,-69,-62,45,-86,24381,5704,243,30328,29.08%,36.17%,
105/04/18,-51,-70,100,-21,24432,5766,198,30396,29.14%,36.25%,
105/04/15,-58,-18,9,-67,24483,5836,98,30417,29.20%,36.28%,
105/04/14,-53,0,-10,-63,24541,5854,89,30484,29.27%,36.36%,
105/04/13,3,0,-25,-22,24594,5854,99,30547,29.33%,36.43%,
105/04/12,125,-21,-59,45,24591,5854,124,30569,29.33%,36.46%,
105/04/11,10,63,-2,71,24466,5875,183,30524,29.18%,36.41%,
105/04/08,27,0,86,113,24466,5812,185,30463,29.18%,36.33%,
105/04/07,-53,0,-54,-107,24439,5812,99,30350,29.14%,36.19%,
105/04/06,180,-90,109,199,24478,5812,153,30443,29.19%,36.30%,
105/04/01,-129,0,-1,-130,24298,5902,44,30244,28.98%,36.07%,
105/03/31,-118,-5,45,-78,24447,5902,45,30394,29.15%,36.24%,
105/03/30,49,-10,-59,-20,24555,6349,0,30904,29.28%,36.85%,
105/03/29,-18,0,-130,-148,24496,6359,49,30904,29.21%,36.85%,
105/03/28,33,-30,-33,-30,24504,6359,179,31042,29.22%,37.02%,
105/03/25,-31,-40,-12,-83,24471,6389,212,31072,29.18%,37.05%,
105/03/24,-14,38,-41,-17,24502,6429,224,31155,29.22%,37.16%,
105/03/23,-491,-58,-32,-581,24516,6391,265,31172,29.24%,37.18%,
105/03/22,-139,0,-20,-159,25008,6449,297,31754,29.82%,37.87%,
105/03/21,65,-39,56,82,25147,6449,317,31913,29.99%,38.06%,
105/03/18,95,0,21,116,25082,6488,261,31831,29.91%,37.96%,
105/03/17,46,0,-72,-26,24987,6488,240,31715,29.80%,37.82%,
105/03/16,54,0,7,61,24946,6488,312,31746,29.75%,37.86%,
105/03/15,-184,0,-157,-341,24892,6488,305,31685,29.69%,37.79%,
105/03/14,-129,0,-12,-141,25106,6488,462,32056,29.94%,38.23%,
105/03/11,-128,142,-29,-15,25235,6488,474,32197,30.09%,38.39%,
105/03/10,-36,77,202,243,25363,6346,503,32212,30.25%,38.42%,
105/03/09,-194,389,-15,180,25402,6269,301,31972,30.29%,38.13%,
105/03/08,-24,17,91,84,25596,5880,316,31792,30.52%,37.91%,
105/03/07,-53,-96,-360,-509,25620,5863,225,31708,30.55%,37.81%,
105/03/04,160,-62,122,220,25673,5959,585,32217,30.62%,38.43%,
105/03/03,197,-614,-350,-767,25513,6021,463,31997,30.43%,38.16%,
105/03/02,98,0,69,167,25316,6635,813,32764,30.19%,39.07%,
105/03/01,-40,265,97,322,25218,6635,744,32597,30.07%,38.87%,
105/02/26,44,0,36,80,25258,6370,647,32275,30.12%,38.49%,
105/02/25,-9,0,-102,-111,25214,6370,611,32195,30.07%,38.40%,
105/02/24,-24,188,-138,26,25325,6370,713,32408,30.20%,38.65%,
105/02/23,-238,265,-233,-206,25239,6182,851,32272,30.10%,38.49%,
105/02/22,-26,13,375,362,25480,5917,1084,32481,30.39%,38.74%,
105/02/19,-25,-45,18,-52,25506,5904,709,32119,30.42%,38.31%,
105/02/18,113,-30,31,114,25557,5949,691,32197,30.48%,38.40%,
105/02/17,-95,-60,59,-96,25444,5979,660,32083,30.34%,38.26%,
105/02/16,-415,-169,308,-276,25501,6039,601,32141,30.41%,38.33%,
105/02/15,14,-1027,2,-1011,25906,6208,293,32407,30.89%,38.64%,
105/02/03,-20,-453,-32,-505,25879,7235,291,33405,30.86%,39.84%,
105/02/02,56,-435,-90,-469,25899,7688,323,33910,30.89%,40.45%,
105/02/01,69,-314,-44,-289,25843,8123,413,34379,30.82%,41.00%,
105/01/30,5,-216,17,-194,25774,8437,457,34668,30.74%,41.35%,
105/01/29,-34,-135,4,-165,25769,8653,440,34862,30.73%,41.58%,
105/01/28,177,-199,-106,-128,25803,8788,436,35027,30.77%,41.77%,
105/01/27,139,-121,52,70,25626,8987,542,35155,30.56%,41.93%,
105/01/26,-11,-138,-25,-174,25637,9108,490,35235,30.57%,42.02%,
105/01/25,41,-18,209,232,25666,9246,515,35427,30.61%,42.25%,
105/01/22,35,-8,25,52,25625,9264,306,35195,30.56%,41.97%,
105/01/21,14,-50,-43,-79,25590,9272,281,35143,30.52%,41.91%,
105/01/20,-105,124,68,87,25576,9322,324,35222,30.50%,42.01%,
105/01/19,181,284,-32,433,25681,9198,256,35135,30.63%,41.91%,
105/01/18,38,321,288,647,25490,8914,288,34692,30.40%,41.38%,
105/01/15,-30,0,-34,-64,25452,8593,0,34045,30.35%,40.60%,
105/01/14,-94,78,-206,-222,25482,8593,0,34075,30.39%,40.64%,
105/01/13,50,0,-166,-116,25577,8515,0,34092,30.50%,40.66%,
105/01/12,-108,316,34,242,25527,8515,118,34160,30.44%,40.74%,
105/01/11,-154,221,84,151,25635,8199,84,33918,30.57%,40.45%,
105/01/08,49,0,-102,-53,25789,7978,0,33767,30.75%,40.27%,
105/01/07,354,6,-36,324,25740,7978,44,33762,30.70%,40.27%,
105/01/06,-48,206,60,218,25386,7972,80,33438,30.27%,39.87%,
105/01/05,-332,368,-137,-101,25434,7766,20,33220,30.33%,39.62%,
105/01/04,281,57,88,426,25748,7398,157,33303,30.71%,39.72%,
104/12/31,-51,-294,-87,-432,25467,7341,69,32877,30.37%,39.21%,
104/12/30,265,-740,-89,-564,25518,8124,156,33798,30.43%,40.31%,
104/12/29,61,-109,-88,-136,25253,8864,245,34362,30.12%,40.98%,
104/12/28,-12,-34,-61,-107,25192,8973,332,34497,30.04%,41.14%,
104/12/25,-29,142,-40,73,25204,9007,393,34604,30.06%,41.27%,
104/12/24,21,-130,-6,-115,25233,8865,433,34531,30.09%,41.18%,
104/12/23,167,-115,61,113,25212,8995,439,34646,30.07%,41.32%,
104/12/22,508,-182,0,326,25045,9110,378,34533,29.87%,41.19%,
104/12/21,758,-1351,12,-581,24537,9292,378,34207,29.26%,40.79%,
104/12/18,201,-840,-329,-968,23778,10643,366,34787,28.36%,41.49%,
104/12/17,106,-645,-62,-601,23577,11483,695,35755,28.12%,42.65%,
104/12/16,-71,58,-24,-37,23508,12128,757,36393,28.03%,43.40%,
104/12/15,-69,64,-18,-23,23579,12070,781,36430,28.12%,43.45%,
104/12/14,47,0,56,103,23648,12006,799,36453,28.20%,43.47%,
104/12/11,-35,15,-1,-21,23601,12006,744,36351,28.15%,43.36%,
104/12/10,316,10,-88,238,23663,11991,745,36399,28.22%,43.41%,
104/12/09,541,-104,-179,258,23347,11981,833,36161,27.84%,43.12%,
104/12/08,-61,-48,39,-70,22806,12085,1012,35903,27.20%,42.82%,
104/12/07,109,-69,1,41,22868,12133,973,35974,27.27%,42.90%,
104/12/04,-175,-64,92,-147,22758,12202,972,35932,27.14%,42.85%,
104/12/03,335,0,-22,313,22933,12266,880,36079,27.35%,43.03%,
104/12/02,570,31,25,626,22551,12266,902,35719,26.89%,42.60%,
104/12/01,-84,31,107,54,21964,12235,877,35076,26.19%,41.83%,
104/11/30,62,0,38,100,22048,12204,770,35022,26.29%,41.76%,
104/11/27,27,140,-31,136,21986,12204,732,34922,26.22%,41.65%,
104/11/26,252,-80,2,174,22001,12064,763,34828,26.24%,41.54%,
104/11/25,257,-40,-56,161,21749,12144,761,34654,25.94%,41.33%,
104/11/24,365,-89,-42,234,21552,12184,817,34553,25.70%,41.21%,
104/11/23,308,-80,-256,-28,21187,12273,859,34319,25.27%,40.93%,
104/11/20,-278,705,55,482,20869,12353,1115,34337,24.89%,40.95%,
104/11/19,1051,407,-319,1139,21115,11648,1060,33823,25.18%,40.34%,
104/11/18,201,10,103,314,20064,11241,1379,32684,23.93%,38.98%,
104/11/17,-226,0,121,-105,19863,11231,1276,32370,23.69%,38.61%,
104/11/16,-50,-46,58,-38,20089,11231,1155,32475,23.96%,38.73%,
104/11/13,-421,47,33,-341,20139,11277,1097,32513,24.02%,38.78%,
104/11/12,538,56,-9,585,20560,11230,1064,32854,24.52%,39.18%,
104/11/11,4,142,161,307,20022,11174,1073,32269,23.88%,38.49%,
104/11/10,19,35,47,101,20018,11032,912,31962,23.87%,38.12%,
104/11/09,474,-225,-141,108,20073,10997,865,31935,23.94%,38.09%,
104/11/06,624,-161,20,483,19599,11222,1006,31827,23.37%,37.95%,
104/11/05,72,0,18,90,18975,11383,986,31344,22.63%,37.38%,
104/11/04,16,130,52,198,18948,11383,968,31299,22.60%,37.33%,
104/11/03,194,515,-234,475,18932,11253,916,31101,22.58%,37.09%,
104/11/02,-128,304,-189,-13,18761,10738,1150,30649,22.37%,36.55%,
104/10/30,41,207,115,363,18878,10434,1339,30651,22.51%,36.55%,
104/10/29,-301,616,331,646,18923,10227,1224,30374,22.57%,36.23%,
104/10/28,181,1732,-103,1810,19175,9611,893,29679,22.87%,35.40%,
104/10/27,4,516,280,800,19025,7879,996,27900,22.69%,33.28%,
104/10/26,73,157,155,385,19299,7363,716,27378,23.01%,32.65%,
104/10/23,650,556,168,1374,19216,7206,561,26983,22.91%,32.17%,
104/10/22,383,73,-70,386,18605,6650,393,25648,22.19%,30.59%,
104/10/21,-40,123,1,84,18222,6577,463,25262,21.73%,30.13%,
104/10/20,-470,436,68,34,18262,6454,462,25178,21.78%,30.03%,
104/10/19,-94,363,8,277,18381,6018,394,24793,21.92%,29.57%,
104/10/16,-192,440,84,332,18448,5655,386,24489,22.00%,29.21%,
104/10/15,-74,301,18,245,18611,5215,302,24128,22.19%,28.77%,
104/10/14,-159,172,-27,-14,18660,4914,284,23858,22.25%,28.45%,
104/10/13,202,76,14,292,18775,4742,311,23828,22.39%,28.42%,
104/10/12,32,104,-110,26,18573,4666,297,23536,22.15%,28.07%,
104/10/08,86,0,-110,-24,18534,4562,407,23503,22.10%,28.03%,
104/10/07,-32,0,-207,-239,18448,4562,517,23527,22.00%,28.06%,
104/10/06,-132,0,324,192,18479,4562,724,23765,22.04%,28.34%,
104/10/05,-128,76,70,18,18614,4562,400,23576,22.20%,28.12%,
104/10/02,-341,415,184,258,18651,4486,330,23467,22.24%,27.98%,
104/10/01,-10,74,81,145,18977,4071,146,23194,22.63%,27.66%,
104/09/30,87,12,17,116,18987,3997,65,23049,22.64%,27.48%,
104/09/25,98,2,12,112,18900,3782,48,22730,22.54%,27.11%,
104/09/24,135,0,15,150,18818,3780,36,22634,22.44%,26.99%,
104/09/23,9,0,-12,-3,18683,3780,21,22484,22.28%,26.81%,
104/09/22,-120,100,7,-13,18674,3780,33,22487,22.27%,26.82%,
104/09/21,-41,173,-19,113,18792,3680,26,22498,22.41%,26.83%,
104/09/18,-91,228,-33,104,18833,3507,45,22385,22.46%,26.70%,
104/09/17,-28,0,-9,-37,18918,3279,78,22275,22.56%,26.56%,
104/09/16,-122,153,1,32,18946,3279,87,22312,22.59%,26.60%,
104/09/15,-31,85,40,94,19080,3126,86,22292,22.75%,26.58%,
104/09/14,-100,146,-32,14,19100,3041,46,22187,22.78%,26.46%,
104/09/11,-85,156,-23,48,19188,2895,78,22161,22.88%,26.43%,
104/09/10,-93,0,-5,-98,19368,2739,101,22208,23.10%,26.49%,
104/09/09,439,103,72,614,19461,2739,106,22306,23.21%,26.60%,
104/09/08,2,0,-1,1,18958,2636,34,21628,22.61%,25.79%,
104/09/07,-15,10,1,-4,18948,2636,35,21619,22.59%,25.78%,
104/09/04,-137,0,-1,-138,18947,2626,34,21607,22.59%,25.76%,
104/09/03,-6,80,9,83,19044,2626,35,21705,22.71%,25.88%,
104/09/02,-36,0,0,-36,19050,2546,26,21622,22.72%,25.79%,
104/09/01,-36,0,0,-36,19086,2546,26,21658,22.76%,25.83%,
104/08/31,-30,-43,-5,-78,19204,2546,26,21776,22.90%,25.97%,
104/08/28,-4,0,4,0,19234,2589,31,21854,22.94%,26.07%,
104/08/27,42,-22,2,22,19178,2589,27,21794,22.87%,25.99%,
104/08/26,-75,-48,-2,-125,19136,2611,25,21772,22.82%,25.96%,
104/08/25,72,-80,-4,-12,19211,2659,27,21897,22.91%,26.11%,
104/08/24,-23,-8,31,0,19151,2739,31,21921,22.84%,26.14%,
104/08/21,-261,0,-71,-332,19174,2747,0,21921,22.86%,26.14%,
104/08/20,-34,0,12,-22,19497,2747,14,22258,23.25%,26.54%,
104/08/19,-119,0,-18,-137,19544,2747,2,22293,23.31%,26.59%,
104/08/18,-180,-31,-7,-218,19663,2747,20,22430,23.45%,26.75%,
104/08/17,-122,0,-5,-127,19794,2778,27,22599,23.60%,26.95%,
104/08/14,-134,76,5,-53,19916,2778,32,22726,23.75%,27.10%,
104/08/13,-11,100,3,92,19975,2702,27,22704,23.82%,27.08%,
104/08/12,-20,0,-10,-30,19982,2602,24,22608,23.83%,26.96%,
104/08/11,92,0,-34,58,19945,2602,34,22581,23.78%,26.92%,
104/08/10,146,17,57,220,19843,2602,68,22513,23.66%,26.84%,
104/08/07,92,0,0,92,19697,2585,11,22293,23.49%,26.59%,
104/08/06,229,0,10,239,19595,2585,11,22191,23.37%,26.47%,
104/08/05,-3,0,1,-2,19366,2585,1,21952,23.09%,26.17%,
104/08/04,-71,-108,-19,-198,19369,2585,0,21954,23.10%,26.18%,
104/08/03,-29,0,0,-29,19440,2693,0,22133,23.18%,26.39%,
104/07/31,-22,-162,-9,-193,19469,2693,0,22162,23.22%,26.43%,
104/07/30,-120,-39,2,-157,19491,2855,7,22353,23.24%,26.65%,
104/07/29,218,-274,5,-51,19611,2894,5,22510,23.39%,26.85%,
104/07/28,185,-278,-19,-112,19393,3168,0,22561,23.13%,26.91%,
104/07/27,193,-95,-85,13,19218,3446,0,22664,22.92%,27.03%,
104/07/24,80,0,-20,60,19025,3541,0,22566,22.69%,26.91%,
104/07/23,96,-59,-1,36,18944,3541,0,22485,22.59%,26.81%,
104/07/22,153,-68,-160,-75,18848,3600,0,22448,22.48%,26.77%,
104/07/21,-6,-69,18,-57,18695,3668,18,22381,22.29%,26.69%,
104/07/20,4,40,-1,43,18701,3737,0,22438,22.30%,26.76%,
104/07/17,-91,150,-15,44,18697,3697,0,22394,22.30%,26.71%,
104/07/16,-11,125,-3,111,18778,3547,10,22335,22.39%,26.63%,
104/07/15,41,-36,0,5,18789,3422,13,22224,22.41%,26.51%,
104/07/14,34,0,7,41,18748,3458,13,22219,22.36%,26.50%,
104/07/13,69,-57,6,18,18714,3458,6,22178,22.32%,26.45%,
104/07/09,126,-35,-172,-81,18645,3515,0,22160,22.23%,26.42%,
104/07/08,16,0,-1,15,18519,3550,94,22163,22.08%,26.43%,
104/07/07,80,0,56,136,18503,3550,95,22148,22.06%,26.41%,
104/07/06,6,-181,0,-175,18423,3550,39,22012,21.97%,26.25%,
104/07/03,-18,-12,0,-30,18417,3731,39,22187,21.96%,26.46%,
104/07/02,119,-42,39,116,18435,3743,39,22217,21.98%,26.49%,
104/07/01,75,0,0,75,18316,3785,0,22101,21.84%,26.35%,
104/06/30,188,-178,-32,-22,18241,3785,0,22026,21.75%,26.26%,
104/06/29,259,-70,-87,102,18053,4038,27,22118,21.53%,26.38%,
104/06/26,-118,-226,0,-344,17794,4108,114,22016,21.22%,26.26%,
104/06/25,18,-110,7,-85,17914,4334,114,22362,21.36%,26.67%,
104/06/24,77,30,-2,105,17896,4444,107,22447,21.34%,26.77%,
104/06/23,79,-20,-32,27,17819,4414,109,22342,21.25%,26.64%,
104/06/22,-121,-1,-8,-130,17740,4434,141,22315,21.15%,26.61%,
104/06/18,-113,0,0,-113,17861,4435,149,22445,21.30%,26.77%,
104/06/17,45,0,-15,30,17974,4435,149,22558,21.43%,26.90%,
104/06/16,34,0,0,34,17929,4435,164,22528,21.38%,26.87%,
104/06/15,-16,0,30,14,17896,4435,164,22495,21.34%,26.83%,
104/06/12,38,0,-24,14,17912,4435,134,22481,21.36%,26.81%,
104/06/11,-39,26,27,14,17884,4435,158,22477,21.33%,26.81%,
104/06/10,263,60,-143,180,17933,4409,131,22473,21.38%,26.80%,
104/06/09,22,0,-45,-23,17670,4349,274,22293,21.07%,26.58%,
104/06/08,148,0,-34,114,17648,4349,319,22316,21.04%,26.61%,
104/06/05,36,0,-35,1,17500,4349,353,22202,20.87%,26.48%,
104/06/04,289,10,-108,191,17464,4349,388,22201,20.82%,26.47%,
104/06/03,17,0,23,40,17175,4339,496,22010,20.48%,26.25%,
104/06/02,69,46,-10,105,17158,4339,473,21970,20.46%,26.20%,
104/06/01,38,-9,41,70,17078,4293,483,21854,20.36%,26.06%,
104/05/29,118,-4,46,160,17040,4302,442,21784,20.32%,25.98%,
104/05/28,-52,88,20,56,16931,4306,396,21633,20.19%,25.80%,
104/05/27,311,0,92,403,15154,4218,376,19748,18.07%,23.55%,
104/05/26,159,0,11,170,14833,4218,284,19335,17.69%,23.06%,
104/05/25,71,27,-28,70,14674,4218,273,19165,17.50%,22.86%,
104/05/22,113,5,5,123,14603,4191,301,19095,17.41%,22.77%,
104/05/21,40,5,-15,30,14490,4186,296,18972,17.28%,22.63%,
104/05/20,208,18,-67,159,14450,4181,311,18942,17.23%,22.59%,
104/05/19,199,20,-93,126,14252,4163,378,18793,16.99%,22.41%,
104/05/18,151,77,-60,168,14053,4143,471,18667,16.76%,22.26%,
104/05/15,265,52,34,351,13892,4066,531,18489,16.56%,22.04%,
104/05/14,239,10,7,256,13627,4014,497,18138,16.25%,21.63%,
104/05/13,219,230,-21,428,13400,4004,490,17894,15.98%,21.34%,
104/05/12,116,417,-87,446,13181,3774,511,17466,15.72%,20.83%,
104/05/11,319,197,188,704,13065,3357,598,17020,15.58%,20.30%,
104/05/08,13,0,47,60,12736,3160,410,16306,15.19%,19.45%,
104/05/07,15,36,47,98,12723,3160,363,16246,15.17%,19.37%,
104/05/06,32,70,20,122,12708,3124,316,16148,15.15%,19.25%,
104/05/05,42,9,1,52,12676,3054,296,16026,15.11%,19.11%,
104/05/04,4,-12,-21,-29,12634,3045,295,15974,15.06%,19.04%,
104/04/30,35,19,5,59,12629,3057,316,16002,15.06%,19.08%,
104/04/29,12,-21,11,2,12594,3038,311,15943,15.02%,19.01%,
104/04/28,-23,0,146,123,12591,3059,300,15950,15.01%,19.02%,
104/04/27,36,20,7,63,12614,3059,154,15827,15.04%,18.87%,
104/04/24,117,-67,-52,-2,12587,3039,147,15773,15.01%,18.81%,
104/04/23,67,0,169,236,12469,3106,199,15774,14.87%,18.81%,
104/04/22,63,0,0,63,12392,3106,30,15528,14.78%,18.52%,
104/04/21,129,0,-38,91,12319,3106,30,15455,14.69%,18.43%,
104/04/20,-72,0,16,-56,12190,3106,68,15364,14.53%,18.32%,
104/04/17,-1,-15,20,4,12261,3106,52,15419,14.62%,18.39%,
104/04/16,116,0,26,142,12262,3121,32,15415,14.62%,18.38%,
104/04/15,79,113,6,198,12146,3121,6,15273,14.48%,18.21%,
104/04/14,46,0,-32,14,12067,3008,0,15075,14.39%,17.98%,
104/04/13,57,-24,-59,-26,12021,3008,18,15047,14.33%,17.94%,
104/04/10,98,-25,-6,67,11963,3032,77,15072,14.26%,17.97%,
104/04/09,6,-100,-11,-105,11865,3057,83,15005,14.15%,17.90%,
104/04/08,95,-35,-50,10,11858,3157,94,15109,14.14%,18.02%,
104/04/07,92,27,131,250,11753,3192,144,15089,14.01%,17.99%,
104/04/02,32,0,-120,-88,11661,3165,13,14839,13.90%,17.64%,
104/04/01,29,0,31,60,11629,3165,133,14927,13.87%,17.75%,
104/03/31,71,0,-3,68,11600,3165,102,14867,13.83%,17.67%,
104/03/30,16,0,-25,-9,11529,3352,105,14986,13.75%,17.82%,
104/03/27,46,32,8,86,11513,3352,130,14995,13.73%,17.83%,
104/03/26,4,62,-9,57,11467,3320,122,14909,13.67%,17.72%,
104/03/25,-68,55,4,-9,11463,3258,131,14852,13.67%,17.66%,
104/03/24,-45,17,26,-2,11531,3203,127,14861,13.75%,17.67%,
104/03/23,-29,23,64,58,11634,3186,101,14921,13.87%,17.74%,
104/03/20,26,-61,2,-33,11663,3163,37,14863,13.91%,17.67%,
104/03/19,36,0,1,37,11637,3224,35,14896,13.88%,17.71%,
104/03/18,46,-40,1,7,11601,3224,34,14859,13.83%,17.66%,
104/03/17,15,-31,0,-16,11555,3264,33,14852,13.78%,17.66%,
104/03/16,13,-43,2,-28,11540,3295,33,14868,13.76%,17.68%,
104/03/13,6,-19,5,-8,11527,3338,31,14896,13.74%,17.70%,
104/03/12,-47,17,3,-27,11521,3357,26,14904,13.74%,17.72%,
104/03/11,77,15,-2,90,11569,3340,23,14932,13.79%,17.75%,
104/03/10,95,-54,0,41,13876,3325,25,17226,16.32%,20.26%,
104/03/09,9,-35,5,-21,13781,3379,25,17185,16.21%,20.21%,
104/03/06,32,-18,1,15,13772,3414,20,17206,16.20%,20.24%,
104/03/05,29,-46,5,-12,13742,3432,19,17193,16.16%,20.22%,
104/03/04,8,-50,-1,-43,13713,3478,14,17205,16.13%,20.24%,
104/03/03,15,-39,1,-23,13705,3528,15,17248,16.12%,20.29%,
104/03/02,-9,0,0,-9,13690,3567,14,17271,16.10%,20.31%,
104/02/26,2,0,0,2,13699,3567,14,17280,16.11%,20.32%,
104/02/25,-24,-32,0,-56,13697,3567,14,17278,16.11%,20.32%,
104/02/24,17,-33,2,-14,13721,3599,14,17334,16.14%,20.39%,
104/02/13,-3,-12,-1,-16,13704,3632,12,17348,16.12%,20.41%,
104/02/12,10,-40,13,-17,13709,3644,13,17366,16.12%,20.42%,
104/02/11,6,-22,-1,-17,13710,3684,0,17394,16.12%,20.45%,
104/02/10,20,-27,1,-6,13704,3706,1,17411,16.12%,20.48%,
104/02/09,1,0,-3,-2,13684,3733,0,17417,16.09%,20.48%,
104/02/06,13,-9,0,4,13683,3733,0,17416,16.09%,20.48%,
104/02/05,26,-45,0,-19,13670,3742,0,17412,16.08%,20.48%,
104/02/04,-5,-5,0,-10,13644,3787,0,17431,16.05%,20.51%,
104/02/03,21,0,0,21,13649,3792,0,17441,16.05%,20.51%,
104/02/02,17,0,0,17,13650,3792,0,17442,16.05%,20.51%,
104/01/30,1,0,0,1,13633,3792,0,17425,16.03%,20.49%,
104/01/29,2,0,-7,-5,13632,3792,0,17424,16.03%,20.49%,
104/01/28,2,0,-1,1,13636,3792,2,17430,16.04%,20.50%,
104/01/27,6,0,0,6,13634,3792,3,17429,16.03%,20.49%,
104/01/26,-33,0,0,-33,13628,3792,3,17423,16.03%,20.49%,
104/01/23,-34,0,0,-34,13661,3792,3,17456,16.07%,20.53%,
104/01/22,-1,0,-1,-2,13695,3792,3,17490,16.11%,20.57%,
104/01/21,-3,0,0,-3,13634,3792,4,17430,16.03%,20.50%,
104/01/20,-21,0,0,-21,13637,3792,4,17433,16.04%,20.51%,
104/01/19,-10,0,0,-10,13658,3792,4,17454,16.06%,20.53%,
104/01/16,-38,0,-1,-39,13668,3792,4,17464,16.07%,20.54%,
104/01/15,-1,0,0,-1,13706,3792,5,17503,16.12%,20.59%,
104/01/14,-7,0,3,-4,13776,3792,5,17573,16.20%,20.67%,
104/01/13,2,0,0,2,13783,3792,2,17577,16.21%,20.67%,
104/01/12,-2,0,0,-2,13781,3792,2,17575,16.21%,20.67%,
104/01/09,4,0,1,5,13824,3792,2,17618,16.26%,20.72%,
104/01/08,10,0,0,10,13820,3792,1,17613,16.25%,20.71%,
104/01/07,6,-15,1,-8,13810,3792,1,17603,16.24%,20.70%,
104/01/06,-1,-15,-1,-17,13804,3807,0,17611,16.23%,20.71%,
104/01/05,-4,0,-7,-11,13805,3822,0,17627,16.24%,20.74%,
