日期,外資買賣超,投信買賣超,自營商買賣超,單日合計買賣超,外資估計持股,投信估計持股,自營商估計持股,單日合計估計持股,外資持股比重,三大法人持股比重,
107/03/31,-25,264,94,333,312301,4156,4985,321442,61.65%,63.45%,
107/03/30,-298,73,92,-133,312126,3892,4891,320909,61.62%,63.35%,
107/03/29,-176,-55,-35,-266,312414,3819,4799,321032,61.68%,63.38%,
107/03/28,201,314,339,854,312701,3874,4834,321409,61.73%,63.45%,
107/03/27,250,54,-23,281,312630,3560,4495,320685,61.72%,63.31%,
107/03/26,138,-5,63,196,312380,3506,4518,320404,61.67%,63.25%,
107/03/23,-243,15,-113,-341,312242,3511,4455,320208,61.64%,63.21%,
107/03/22,130,293,-103,320,312485,3496,4568,320549,61.69%,63.28%,
107/03/21,83,357,-42,398,312355,3203,4671,320229,61.66%,63.21%,
107/03/20,219,81,124,424,312272,2846,4713,319831,61.65%,63.14%,
107/03/19,451,-6,7,452,312043,2765,4589,319397,61.60%,63.05%,
107/03/16,273,-34,-17,222,311592,2771,4582,318945,61.51%,62.96%,
107/03/15,528,137,-16,649,311319,2805,4599,318723,61.46%,62.92%,
107/03/14,-62,-143,128,-77,310791,2668,4615,318074,61.35%,62.79%,
107/03/13,-152,-14,-54,-220,310863,2811,4487,318161,61.37%,62.81%,
107/03/12,119,-69,276,326,310998,2825,4541,318364,61.40%,62.85%,
107/03/09,52,27,71,150,310861,2894,4265,318020,61.37%,62.78%,
107/03/08,-221,-35,9,-247,310828,2867,4194,317889,61.36%,62.75%,
107/03/07,-199,-36,-11,-246,311069,2902,4185,318156,61.41%,62.81%,
107/03/06,-419,39,-65,-445,311272,2938,4196,318406,61.45%,62.86%,
107/03/05,-508,-5,-26,-539,311699,2899,4261,318859,61.53%,62.94%,
107/03/02,-857,-8,-47,-912,312177,2904,4288,319369,61.63%,63.05%,
107/03/01,-775,-11,-91,-877,312924,2912,4335,320171,61.78%,63.21%,
107/02/27,-775,-8,120,-663,313609,2923,4426,320958,61.91%,63.36%,
107/02/26,188,-5,7,190,314349,2931,4306,321586,62.06%,63.49%,
107/02/23,-168,-3,6,-165,314170,2936,4299,321405,62.02%,63.45%,
107/02/22,-715,-1,-18,-734,314174,2939,4292,321405,62.02%,63.45%,
107/02/21,-223,0,66,-157,314591,2940,4310,321841,62.11%,63.54%,
107/02/12,-514,0,-15,-529,314501,2940,4244,321685,62.09%,63.51%,
107/02/09,-1968,0,-115,-2083,315015,2940,4259,322214,62.19%,63.61%,
107/02/08,-748,0,-4,-752,316820,2940,4374,324134,62.55%,63.99%,
107/02/07,119,0,-11,108,317558,2940,4378,324876,62.69%,64.13%,
107/02/06,-2652,0,-294,-2946,317397,2940,4389,324726,62.66%,64.11%,
107/02/05,-1017,-40,-231,-1288,320090,2940,4683,327713,63.19%,64.70%,
107/02/02,-995,-50,-27,-1072,321097,2980,4914,328991,63.39%,64.95%,
107/02/01,-909,-10,-48,-967,322052,3030,4941,330023,63.58%,65.15%,
107/01/31,-817,-280,-142,-1239,322961,3040,4989,330990,63.76%,65.35%,
107/01/30,293,-194,47,146,323863,3320,5131,332314,63.94%,65.61%,
107/01/29,614,-80,27,561,323560,3514,5084,332158,63.88%,65.58%,
107/01/26,306,120,301,727,322930,3594,5057,331581,63.75%,65.46%,
107/01/25,832,-49,-26,757,322611,3474,4756,330841,63.69%,65.31%,
107/01/24,566,-1,-85,480,321769,3523,4782,330074,63.52%,65.16%,
107/01/23,-57,755,145,843,321193,3524,4867,329584,63.41%,65.07%,
107/01/22,1408,0,95,1503,321237,2769,4722,328728,63.42%,64.90%,
107/01/19,130,0,-75,55,319819,2769,4627,327215,63.14%,64.60%,
107/01/18,287,260,90,637,319678,2769,4702,327149,63.11%,64.59%,
107/01/17,648,140,-162,626,319481,2509,4612,326602,63.07%,64.48%,
107/01/16,67,549,231,847,318833,2369,4774,325976,62.94%,64.35%,
107/01/15,167,0,-7,160,318766,1820,4543,325129,62.93%,64.19%,
107/01/12,-105,30,21,-54,318599,1820,4550,324969,62.90%,64.16%,
107/01/11,-87,10,33,-44,318704,1790,4529,325023,62.92%,64.17%,
107/01/10,26,0,-3,23,318791,1780,4496,325067,62.93%,64.17%,
107/01/09,-64,80,127,143,318765,1780,4499,325044,62.93%,64.17%,
107/01/08,-75,20,-17,-72,318829,1700,4372,324901,62.94%,64.14%,
107/01/05,393,10,76,479,318904,1680,4389,324973,62.96%,64.16%,
107/01/04,272,0,-50,222,318511,1670,4313,324494,62.88%,64.06%,
107/01/03,-383,100,155,-128,318239,1670,4363,324272,62.83%,64.02%,
107/01/02,64,0,-3,61,318621,1570,4208,324399,62.90%,64.04%,
106/12/29,-35,215,-12,168,318557,1570,4211,324338,62.89%,64.03%,
106/12/28,47,375,-22,400,318592,1783,4223,324598,62.90%,64.09%,
106/12/27,-83,3,16,-64,318545,1408,4245,324198,62.89%,64.01%,
106/12/26,-425,92,-21,-354,318628,1405,4229,324262,62.90%,64.01%,
106/12/25,-175,224,-28,21,319047,1313,4250,324610,62.98%,64.08%,
106/12/22,-58,76,73,91,319222,1089,4278,324589,63.02%,64.08%,
106/12/21,26,0,-2,24,319280,1013,4205,324498,63.03%,64.06%,
106/12/20,-41,0,19,-22,319254,1013,4207,324474,63.03%,64.06%,
106/12/19,-745,561,-9,-193,319295,1013,4188,324496,63.03%,64.06%,
106/12/18,-19,0,-10,-29,320040,452,4197,324689,63.18%,64.10%,
106/12/15,-353,0,-21,-374,320059,452,4207,324718,63.18%,64.10%,
106/12/14,-345,0,19,-326,320412,452,4228,325092,63.25%,64.17%,
106/12/13,164,16,-4,176,320757,452,4209,325418,63.32%,64.24%,
106/12/12,-444,10,-3,-437,320593,436,4213,325242,63.29%,64.21%,
106/12/11,-59,-187,-42,-288,321037,426,4216,325679,63.38%,64.30%,
106/12/08,-115,0,31,-84,321096,613,4258,325967,63.39%,64.35%,
106/12/07,-693,0,9,-684,321211,613,4227,326051,63.41%,64.37%,
106/12/06,-864,0,-63,-927,321904,613,4218,326735,63.55%,64.50%,
106/12/05,-412,0,-2,-414,322769,613,4281,327663,63.72%,64.69%,
106/12/04,-191,0,-44,-235,323181,613,4283,328077,63.80%,64.77%,
106/12/01,-728,1,-453,-1180,323371,613,4327,328311,63.84%,64.82%,
106/11/30,47,-1,-26,20,324440,612,4780,329832,64.05%,65.11%,
106/11/29,151,-448,31,-266,324392,613,4806,329811,64.04%,65.11%,
106/11/28,237,0,0,237,324242,1061,4775,330078,64.01%,65.16%,
106/11/27,-124,0,-17,-141,324055,1061,4775,329891,63.97%,65.12%,
106/11/24,-85,0,-4,-89,324179,1061,4792,330032,64.00%,65.16%,
106/11/23,448,25,133,606,324264,1061,4796,330121,64.01%,65.17%,
106/11/22,647,0,23,670,323816,1036,4663,329515,63.93%,65.06%,
106/11/21,160,0,79,239,323168,1036,4640,328844,63.80%,64.92%,
106/11/20,9,0,-34,-25,323021,1036,4561,328618,63.77%,64.88%,
106/11/17,-75,0,-22,-97,323012,1036,4595,328643,63.77%,64.88%,
106/11/16,172,0,4,176,323087,1036,4617,328740,63.78%,64.90%,
106/11/15,227,20,-80,167,322972,1036,4613,328621,63.76%,64.88%,
106/11/14,21,0,-174,-153,322745,1016,4693,328454,63.71%,64.84%,
106/11/13,31,19,29,79,322724,1016,4867,328607,63.71%,64.87%,
106/11/10,10,0,-141,-131,322843,997,4838,328678,63.73%,64.88%,
106/11/09,332,40,161,533,322933,997,4979,328909,63.75%,64.93%,
106/11/08,114,0,5,119,322750,957,4818,328525,63.72%,64.86%,
106/11/07,149,21,112,282,322724,957,4813,328494,63.71%,64.85%,
106/11/06,723,46,120,889,322572,936,4701,328209,63.68%,64.79%,
106/11/03,205,70,-205,70,321843,890,4581,327314,63.54%,64.62%,
106/11/02,2340,29,-29,2340,321626,820,4786,327232,63.49%,64.60%,
106/11/01,2546,69,658,3273,319256,790,4815,324861,63.03%,64.14%,
106/10/31,668,0,70,738,316702,721,4157,321580,62.52%,63.48%,
106/10/30,145,18,82,245,316085,721,4087,320893,62.40%,63.35%,
106/10/27,173,0,-5,168,316041,703,4005,320749,62.39%,63.32%,
106/10/26,237,0,-54,183,315868,703,4010,320581,62.36%,63.29%,
106/10/25,166,-27,34,173,315737,703,4064,320504,62.33%,63.27%,
106/10/24,-289,-88,-3,-380,314990,730,4030,319750,62.18%,63.12%,
106/10/23,-133,0,-22,-155,315141,818,4033,319992,62.21%,63.17%,
106/10/20,141,0,147,288,315129,818,4055,320002,62.21%,63.17%,
106/10/19,175,-30,-26,119,314806,818,3908,319532,62.15%,63.08%,
106/10/18,1,-46,-8,-53,314631,848,3934,319413,62.11%,63.05%,
106/10/17,210,0,2,212,314620,894,3942,319456,62.11%,63.06%,
106/10/16,29,12,-26,15,314410,894,3940,319244,62.07%,63.02%,
106/10/13,357,0,41,398,314376,882,3966,319224,62.06%,63.02%,
106/10/12,652,0,-13,639,314009,882,3925,318816,61.99%,62.94%,
106/10/11,563,0,25,588,313357,882,3938,318177,61.86%,62.81%,
106/10/06,19,-4,-9,6,312785,882,3913,317580,61.75%,62.70%,
106/10/05,626,0,-58,568,312752,886,3922,317560,61.74%,62.69%,
106/10/03,-185,0,12,-173,312084,886,3980,316950,61.61%,62.57%,
106/10/02,-48,0,34,-14,312217,886,3968,317071,61.64%,62.60%,
106/09/30,0,0,-19,-19,312255,886,3934,317075,61.64%,62.59%,
106/09/29,87,-15,23,95,312255,574,3953,316782,61.64%,62.54%,
106/09/28,-269,-14,35,-248,312168,589,3930,316687,61.63%,62.52%,
106/09/27,-91,-100,-4,-195,310944,603,3895,315442,61.57%,62.46%,
106/09/26,36,-225,24,-165,311035,703,3899,315637,61.59%,62.50%,
106/09/25,-464,0,-32,-496,310989,928,3875,315792,61.58%,62.53%,
106/09/22,-84,0,-107,-191,311435,928,3907,316270,61.67%,62.63%,
106/09/21,200,0,92,292,311509,928,4014,316451,61.69%,62.67%,
106/09/20,-107,0,-57,-164,311309,928,3922,316159,61.65%,62.61%,
106/09/19,-302,0,-120,-422,311449,928,3979,316356,61.67%,62.64%,
106/09/18,242,0,150,392,311751,928,4099,316778,61.73%,62.73%,
106/09/15,-166,0,1,-165,311509,928,3949,316386,61.69%,62.66%,
106/09/14,-458,0,-5,-463,311665,928,3948,316541,61.72%,62.69%,
106/09/13,-828,0,-21,-849,312050,928,3953,316931,61.79%,62.76%,
106/09/12,-64,0,-29,-93,312878,928,3974,317780,61.96%,62.93%,
106/09/11,-1113,0,-32,-1145,312936,928,4003,317867,61.97%,62.95%,
106/09/08,-182,-1,-2,-185,314049,928,4035,319012,62.19%,63.17%,
106/09/07,-427,0,-149,-576,314953,929,4037,319919,62.37%,63.35%,
106/09/06,238,0,163,401,315380,929,4186,320495,62.45%,63.46%,
106/09/05,265,0,29,294,315142,929,4024,320095,62.41%,63.39%,
106/09/04,-171,-234,34,-371,314907,929,3995,319831,62.36%,63.34%,
106/09/01,-247,-35,28,-254,315078,1163,3961,320202,62.39%,63.40%,
106/08/31,1192,0,35,1227,316005,1198,3933,321136,62.58%,63.60%,
106/08/30,26,0,-16,10,314797,1198,3898,319893,62.34%,63.35%,
106/08/29,-370,0,12,-358,314756,1198,3914,319868,62.33%,63.34%,
106/08/28,180,0,-3,177,315127,1198,3902,320227,62.40%,63.41%,
106/08/25,-710,-123,-42,-875,314947,1198,3905,320050,62.37%,63.38%,
106/08/24,-258,-209,-5,-472,315657,1321,3947,320925,62.51%,63.55%,
106/08/23,-165,0,-105,-270,315915,1530,3952,321397,62.56%,63.65%,
106/08/22,95,0,-2,93,316080,1530,4057,321667,62.59%,63.70%,
106/08/21,-97,0,-2,-99,315982,1530,4059,321571,62.57%,63.68%,
106/08/18,-630,0,-3,-633,316169,1530,4061,321760,62.61%,63.72%,
106/08/17,-98,-80,46,-132,316789,1530,4064,322383,62.73%,63.84%,
106/08/16,-299,0,-141,-440,316887,1610,4018,322515,62.75%,63.86%,
106/08/15,-96,0,-15,-111,317176,1610,4159,322945,62.81%,63.95%,
106/08/14,-819,0,-8,-827,317262,1610,4174,323046,62.83%,63.98%,
106/08/11,-261,0,-27,-288,318063,1610,4182,323855,62.98%,64.13%,
106/08/10,-221,0,-69,-290,318327,1610,4209,324146,63.04%,64.19%,
106/08/09,-281,10,-48,-319,318523,1610,4278,324411,63.07%,64.24%,
106/08/08,-263,0,-6,-269,318794,1600,4326,324720,63.13%,64.30%,
106/08/07,-133,-190,6,-317,319107,1600,4332,325039,63.19%,64.36%,
106/08/04,80,-27,-20,33,319230,1790,4326,325346,63.21%,64.42%,
106/08/03,-169,10,-32,-191,319109,1817,4346,325272,63.19%,64.41%,
106/08/02,-157,-12,65,-104,319278,1807,4378,325463,63.22%,64.44%,
106/08/01,-25,-56,10,-71,319591,1819,4313,325723,63.29%,64.50%,
106/07/31,-18,-180,-15,-213,319606,1875,4303,325784,63.29%,64.51%,
106/07/28,54,-301,-110,-357,319614,2055,4318,325987,63.29%,64.55%,
106/07/27,163,-174,78,67,319550,2356,4428,326334,63.28%,64.62%,
106/07/26,5,30,-21,14,319377,2530,4350,326257,63.24%,64.60%,
106/07/25,13,30,-29,14,319362,2500,4371,326233,63.24%,64.60%,
106/07/24,185,0,51,236,319349,2470,4400,326219,63.24%,64.60%,
106/07/21,131,0,32,163,319153,2470,4349,325972,63.20%,64.55%,
106/07/20,43,-92,15,-34,319012,2470,4317,325799,63.17%,64.51%,
106/07/19,100,-95,-38,-33,318957,2562,4302,325821,63.16%,64.52%,
106/07/18,581,20,118,719,318847,2657,4340,325844,63.14%,64.53%,
106/07/17,631,55,-78,608,318247,2637,4222,325106,63.02%,64.38%,
106/07/14,501,0,15,516,317616,2582,4300,324498,62.90%,64.26%,
106/07/13,200,0,6,206,317255,2582,4285,324122,62.82%,64.18%,
106/07/12,-497,-1,-11,-509,317055,2582,4279,323916,62.78%,64.14%,
106/07/11,-127,0,24,-103,317481,2583,4290,324354,62.87%,64.23%,
106/07/10,-117,0,-8,-125,317598,2583,4266,324447,62.89%,64.25%,
106/07/07,-233,0,-32,-265,317668,2583,4274,324525,62.91%,64.27%,
106/07/06,-92,0,-6,-98,317901,2583,4306,324790,62.95%,64.31%,
106/07/05,39,0,42,81,317993,2583,4312,324888,62.97%,64.34%,
106/07/04,39,0,22,61,317250,2583,4270,324103,62.82%,64.18%,
106/07/03,186,0,-6,180,317368,2583,4248,324199,62.85%,64.20%,
106/06/30,76,1,0,77,317371,2583,4254,324208,62.85%,64.20%,
106/06/29,66,-2,12,76,317295,2206,4254,323755,62.83%,64.11%,
106/06/28,96,-3,-23,70,317229,2208,4242,323679,62.82%,64.10%,
106/06/27,299,0,-96,203,317122,2211,4265,323598,62.80%,64.08%,
106/06/26,540,-12,30,558,317020,2211,4361,323592,62.78%,64.08%,
106/06/23,-164,-17,-2,-183,316534,2223,4331,323088,62.68%,63.98%,
106/06/22,-437,15,-6,-428,316719,2240,4333,323292,62.72%,64.02%,
106/06/21,-175,0,69,-106,317252,2225,4339,323816,62.82%,64.12%,
106/06/20,37,-61,-30,-54,317317,2225,4270,323812,62.84%,64.13%,
106/06/19,-808,-16,15,-809,317219,2286,4300,323805,62.82%,64.12%,
106/06/16,891,-30,-89,772,317828,2302,4285,324415,62.94%,64.24%,
106/06/15,298,-29,118,387,316882,2332,4374,323588,62.75%,64.08%,
106/06/14,-155,0,-100,-255,316473,2361,4256,323090,62.67%,63.98%,
106/06/13,-2,93,-4,87,316549,2361,4356,323266,62.68%,64.01%,
106/06/12,494,0,36,530,316541,2268,4360,323169,62.68%,63.99%,
106/06/09,445,0,-42,403,315987,2268,4324,322579,62.57%,63.88%,
106/06/08,-254,0,-78,-332,315482,2268,4366,322116,62.47%,63.78%,
106/06/07,-258,0,-64,-322,315711,2268,4444,322423,62.52%,63.85%,
106/06/06,1246,-10,465,1701,315987,2268,4508,322763,62.57%,63.91%,
106/06/05,-91,-26,30,-87,314741,2278,4043,321062,62.33%,63.58%,
106/06/03,-31,0,-9,-40,314832,2304,4013,321149,62.34%,63.59%,
106/06/02,-18,0,38,20,314863,2304,4022,321189,62.35%,63.60%,
106/06/01,-515,0,4,-511,314881,2304,3984,321169,62.35%,63.60%,
106/05/31,-1216,5,23,-1188,315396,2304,3980,321680,62.46%,63.70%,
106/05/26,-1564,-88,-99,-1751,317672,2299,3957,323928,62.91%,64.15%,
106/05/25,285,20,170,475,319425,2387,4056,325868,63.25%,64.53%,
106/05/24,-865,-108,26,-947,319056,2367,3886,325309,63.18%,64.42%,
106/05/23,-273,-190,-54,-517,319916,2475,3860,326251,63.35%,64.60%,
106/05/22,-605,-56,34,-627,320189,2665,3914,326768,63.40%,64.70%,
106/05/19,-1013,0,-10,-1023,320794,2721,3880,327395,63.52%,64.83%,
106/05/18,-1370,-35,-27,-1432,321757,2721,3890,328368,63.72%,65.03%,
106/05/17,-776,20,52,-704,323127,2756,3917,329800,63.99%,65.31%,
106/05/16,-412,-12,-20,-444,323853,2736,3865,330454,64.13%,65.44%,
106/05/15,-462,-272,58,-676,324221,2748,3885,330854,64.20%,65.51%,
106/05/12,-912,-119,4,-1027,324621,3020,3827,331468,64.28%,65.64%,
106/05/11,-465,0,-17,-482,325534,3139,3823,332496,64.46%,65.84%,
106/05/10,-591,-190,-19,-800,325999,3139,3840,332978,64.56%,65.94%,
106/05/09,-779,-114,-6,-899,326578,3329,3859,333766,64.67%,66.09%,
106/05/08,-399,-188,0,-587,327337,3443,3865,334645,64.82%,66.27%,
106/05/05,-601,-130,-23,-754,327682,3631,3865,335178,64.89%,66.37%,
106/05/04,-531,-2,4,-529,328233,3761,3888,335882,65.00%,66.51%,
106/05/03,-341,0,-1,-342,328662,3763,3884,336309,65.08%,66.59%,
106/05/02,-324,-38,14,-348,329188,3763,3885,336836,65.19%,66.70%,
106/04/28,-889,-38,-22,-949,329479,3801,3871,337151,65.24%,66.76%,
106/04/27,634,-262,-43,329,330368,3839,3893,338100,65.42%,66.95%,
106/04/26,-1432,-270,-26,-1728,329734,4101,3936,337771,65.30%,66.89%,
106/04/25,539,-200,-54,285,330951,4371,3962,339284,65.54%,67.19%,
106/04/24,-86,-13,5,-94,330412,4571,4016,338999,65.43%,67.13%,
106/04/21,261,25,7,293,330562,4584,4011,339157,65.46%,67.16%,
106/04/20,187,-635,22,-426,330301,4559,4004,338864,65.41%,67.11%,
106/04/19,-114,0,-48,-162,330114,5194,3982,339290,65.37%,67.19%,
106/04/18,51,-423,55,-317,330308,5194,4030,339532,65.41%,67.24%,
106/04/17,121,-251,-2,-132,330257,5617,3975,339849,65.40%,67.30%,
106/04/14,-130,-103,-14,-247,330136,5868,3977,339981,65.37%,67.32%,
106/04/13,56,0,-19,37,330421,5971,3991,340383,65.43%,67.40%,
106/04/12,-237,-38,-42,-317,330135,5971,4010,340116,65.37%,67.35%,
106/04/11,-294,-80,29,-345,330372,6009,4052,340433,65.42%,67.41%,
106/04/10,146,20,-9,157,330716,6089,4023,340828,65.49%,67.49%,
106/04/07,-306,-33,19,-320,330570,6069,4032,340671,65.46%,67.46%,
106/04/06,225,307,-53,479,330866,6102,4013,340981,65.52%,67.52%,
106/04/05,746,20,44,810,330591,5795,4066,340452,65.46%,67.41%,
106/03/31,180,0,18,198,329846,5775,4022,339643,65.32%,67.26%,
106/03/30,391,-376,18,33,329665,6050,4004,339719,65.28%,67.27%,
106/03/29,850,14,-7,857,329274,6426,3986,339686,65.20%,67.26%,
106/03/28,659,22,-256,425,328440,6412,3993,338845,65.04%,67.10%,
106/03/27,705,-2,-274,429,327781,6390,4249,338420,64.91%,67.02%,
106/03/24,363,-89,50,324,327076,6392,4523,337991,64.77%,66.93%,
106/03/23,734,-120,94,708,326713,6481,4473,337667,64.70%,66.87%,
106/03/22,-20,0,17,-3,325979,6601,4379,336959,64.55%,66.72%,
106/03/21,383,-246,13,150,325998,6601,4362,336961,64.56%,66.73%,
106/03/20,90,21,39,150,325615,6847,4349,336811,64.48%,66.70%,
106/03/17,-108,-377,15,-470,325525,6826,4310,336661,64.46%,66.67%,
106/03/16,344,-110,69,303,325623,7203,4295,337121,64.48%,66.76%,
106/03/15,-160,11,-8,-157,325279,7313,4226,336818,64.41%,66.70%,
106/03/14,38,100,414,552,325326,7302,4234,336862,64.42%,66.70%,
106/03/13,-257,200,2,-55,325288,7202,3820,336310,64.41%,66.59%,
106/03/10,93,3,18,114,325534,7002,3818,336354,64.46%,66.60%,
106/03/09,-496,-329,12,-813,325441,6999,3800,336240,64.44%,66.58%,
106/03/08,502,40,35,577,325937,7328,3788,337053,64.54%,66.74%,
106/03/07,418,0,23,441,325435,7288,3753,336476,64.44%,66.63%,
106/03/06,-103,-25,-15,-143,325017,7288,3730,336035,64.36%,66.54%,
106/03/03,-262,-20,7,-275,325120,7313,3745,336178,64.38%,66.57%,
106/03/02,-952,-196,-25,-1173,325382,7333,3738,336453,64.43%,66.62%,
106/03/01,-1129,-104,-2,-1235,326334,7529,3763,337626,64.62%,66.86%,
106/02/24,329,10,0,339,327463,7633,3765,338861,64.85%,67.11%,
106/02/23,227,-50,6,183,327435,7623,3765,338823,64.84%,67.10%,
106/02/22,-42,-97,-41,-180,327208,7673,3759,338640,64.79%,67.05%,
106/02/21,54,-115,-32,-93,327250,7770,3800,338820,64.80%,67.09%,
106/02/20,-491,0,-52,-543,327186,7885,3832,338903,64.79%,67.11%,
106/02/18,0,0,8,8,327677,7885,3884,339446,64.89%,67.22%,
106/02/17,1441,-112,75,1404,327677,7885,3876,339438,64.89%,67.22%,
106/02/16,89,-146,-109,-166,326236,7997,3801,338034,64.60%,66.94%,
106/02/15,115,-146,-99,-130,326231,8143,3910,338284,64.60%,66.99%,
106/02/14,123,-45,-292,-214,326116,8289,4009,338414,64.58%,67.02%,
106/02/13,433,-60,210,583,325993,8334,4301,338628,64.55%,67.05%,
106/02/10,2624,-199,-114,2311,325560,8394,4091,338045,64.47%,66.94%,
106/02/09,63,932,109,1104,322925,8593,4205,335723,63.95%,66.48%,
106/02/08,-861,-0,-59,-920,322863,7661,4096,334620,63.93%,66.26%,
106/02/07,-1054,0,39,-1015,323690,7662,4155,335507,64.10%,66.44%,
106/02/06,-132,-208,79,-261,324734,7662,4116,336512,64.31%,66.64%,
106/02/03,-110,-26,-26,-162,324847,7870,4037,336754,64.33%,66.69%,
106/02/02,-177,-53,-53,-283,324958,7896,4063,336917,64.35%,66.72%,
106/01/24,432,-89,-2,341,325134,7949,4116,337199,64.38%,66.77%,
106/01/23,-161,16,-12,-157,324702,8038,4118,336858,64.30%,66.71%,
106/01/20,685,-10,-8,667,324791,8022,4130,336943,64.32%,66.73%,
106/01/19,94,131,-4,221,324100,8032,4138,336270,64.18%,66.59%,
106/01/18,524,86,-34,576,324006,7901,4142,336049,64.16%,66.54%,
106/01/17,238,114,94,446,323404,7815,4176,335395,64.04%,66.41%,
106/01/16,199,-15,-138,46,323176,7701,4082,334959,64.00%,66.33%,
106/01/13,262,-28,91,325,322981,7716,4220,334917,63.96%,66.32%,
106/01/12,244,247,36,527,322799,7744,4129,334672,63.92%,66.27%,
106/01/11,655,29,32,716,322555,7497,4093,334145,63.87%,66.17%,
106/01/10,140,-340,1,-199,321900,7468,4061,333429,63.74%,66.02%,
106/01/09,317,-150,0,167,321746,7808,4060,333614,63.71%,66.06%,
106/01/06,-389,-66,0,-455,321410,7958,4060,333428,63.65%,66.03%,
106/01/05,-84,-247,179,-152,321799,8024,4060,333883,63.72%,66.11%,
106/01/04,-347,-219,-11,-577,321883,8271,3881,334035,63.74%,66.15%,
106/01/03,-67,0,0,-67,322058,8490,3892,334440,63.78%,66.23%,
105/12/30,171,10,21,202,322125,8490,3892,334507,63.79%,66.24%,
105/12/29,58,0,0,58,321944,8480,3871,334295,63.75%,66.20%,
105/12/28,94,0,55,149,321886,8480,3871,334237,63.74%,66.19%,
105/12/27,-109,34,1,-74,321782,8480,3816,334078,63.72%,66.16%,
105/12/26,11,6,-1,16,321881,8446,3815,334142,63.74%,66.17%,
105/12/23,236,8,-13,231,321860,8440,3816,334116,63.74%,66.17%,
105/12/22,-508,0,-2,-510,321624,8432,3829,333885,63.69%,66.12%,
105/12/21,-524,134,257,-133,322132,8432,3831,334395,63.79%,66.22%,
105/12/20,-599,0,-8,-607,322675,8298,3574,334547,63.90%,66.25%,
105/12/19,-739,0,-21,-760,323274,8298,3582,335154,64.02%,66.37%,
105/12/16,-510,-22,0,-532,324003,8298,3603,335904,64.16%,66.52%,
105/12/15,-306,0,6,-300,324513,8320,3603,336436,64.26%,66.62%,
105/12/14,-417,8,-5,-414,324809,8320,3597,336726,64.32%,66.68%,
105/12/13,-493,11,29,-453,325226,8312,3602,337140,64.40%,66.76%,
105/12/12,-48,60,1,13,325718,8301,3573,337592,64.50%,66.85%,
105/12/09,-4,0,12,8,325766,8241,3572,337579,64.51%,66.85%,
105/12/08,426,144,13,583,325770,8241,3560,337571,64.51%,66.85%,
105/12/07,-1132,-376,-18,-1526,325344,8097,3547,336988,64.43%,66.74%,
105/12/06,-363,-99,-12,-474,326466,8473,3565,338504,64.65%,67.03%,
105/12/05,-1153,-169,14,-1308,326819,8572,3577,338968,64.72%,67.13%,
105/12/02,-938,-205,-6,-1149,328064,8741,3563,340368,64.96%,67.40%,
105/12/01,-54,-448,-66,-568,329002,8946,3569,341517,65.15%,67.63%,
105/11/30,-1922,-5,-32,-1959,329056,9394,3635,342085,65.16%,67.74%,
105/11/29,-456,-532,-10,-998,330978,9399,3667,344044,65.54%,68.13%,
105/11/28,269,-372,31,-72,331435,9930,3677,345042,65.63%,68.32%,
105/11/25,-277,0,38,-239,331146,10302,3646,345094,65.57%,68.33%,
105/11/24,-374,0,0,-374,331423,10302,3608,345333,65.63%,68.38%,
105/11/23,-20,-72,62,-30,331797,10302,3608,345707,65.70%,68.45%,
105/11/22,112,76,28,216,331817,10374,3546,345737,65.71%,68.47%,
105/11/21,-42,166,29,153,331805,10298,3518,345621,65.71%,68.45%,
105/11/18,251,10,-86,175,331847,10132,3489,345468,65.71%,68.41%,
105/11/17,38,100,27,165,331596,10122,3575,345293,65.66%,68.37%,
105/11/16,667,0,122,789,331548,10022,3548,345118,65.65%,68.34%,
105/11/15,-988,118,0,-870,330872,10022,3426,344320,65.52%,68.18%,
105/11/14,298,50,51,399,331848,9904,3426,345178,65.71%,68.35%,
105/11/11,-845,109,1,-735,331540,9854,3375,344769,65.65%,68.27%,
105/11/10,15,230,-13,232,332385,9745,3374,345504,65.82%,68.42%,
105/11/09,-589,336,-73,-326,332369,9515,3387,345271,65.82%,68.38%,
105/11/08,150,0,-58,92,332958,9179,3460,345597,65.93%,68.43%,
105/11/07,-442,11,37,-394,332809,9179,3518,345506,65.90%,68.41%,
105/11/04,556,400,-8,948,333251,9168,3481,345900,65.99%,68.49%,
105/11/03,-301,124,4,-173,332585,8768,3489,344842,65.86%,68.29%,
105/11/02,1057,70,-10,1117,332876,8644,3485,345005,65.92%,68.32%,
105/11/01,-909,200,7,-702,331819,8574,3495,343888,65.71%,68.10%,
105/10/31,1366,88,-44,1410,332717,8374,3488,344579,65.89%,68.24%,
105/10/28,-60,0,-22,-82,331351,8286,3532,343169,65.62%,67.96%,
105/10/27,-856,-16,-74,-946,331411,8286,3554,343251,65.63%,67.97%,
105/10/26,344,0,-14,330,332257,8302,3628,344187,65.79%,68.15%,
105/10/25,275,49,-47,277,331903,8302,3642,343847,65.72%,68.09%,
105/10/24,361,0,-2,359,331778,8253,3689,343720,65.70%,68.06%,
105/10/21,-694,-34,-38,-766,331494,8253,3691,343438,65.64%,68.01%,
105/10/20,559,-405,-31,123,332242,8287,3729,344258,65.79%,68.17%,
105/10/19,751,-1012,45,-216,331683,8692,3760,344135,65.68%,68.15%,
105/10/18,-958,32,-9,-935,330882,9704,3715,344301,65.52%,68.18%,
105/10/17,735,-60,36,711,331840,9672,3724,345236,65.71%,68.36%,
105/10/14,633,0,-51,582,331105,9732,3688,344525,65.57%,68.23%,
105/10/13,383,177,-30,530,330472,9732,3739,343943,65.44%,68.11%,
105/10/12,-20,353,22,355,330079,9555,3769,343403,65.36%,68.00%,
105/10/11,2504,210,-107,2607,330085,9202,3747,343034,65.36%,67.92%,
105/10/07,793,32,-71,754,327422,8992,3854,340268,64.84%,67.38%,
105/10/06,463,-86,-20,357,326629,8960,3925,339514,64.68%,67.23%,
105/10/05,236,-181,-49,6,326156,9046,3945,339147,64.59%,67.16%,
105/10/04,515,413,-163,765,326167,9227,3994,339388,64.59%,67.21%,
105/10/03,459,463,78,1000,325652,8814,4157,338623,64.49%,67.06%,
105/09/30,-565,-356,-34,-955,325243,8351,4079,337673,64.41%,66.87%,
105/09/29,128,-598,334,-136,325751,9097,4113,338961,64.51%,67.13%,
105/09/26,272,-101,4,175,325623,9695,3779,339097,64.48%,67.15%,
105/09/23,448,-42,43,449,325372,9796,3775,338943,64.43%,67.12%,
105/09/22,603,-256,-10,337,325134,9838,3732,338704,64.38%,67.07%,
105/09/21,120,-1119,-24,-1023,324569,10094,3742,338405,64.27%,67.01%,
105/09/20,-1652,-24,39,-1637,323900,11213,3766,338879,64.14%,67.11%,
105/09/19,170,0,64,234,325551,11237,3727,340515,64.47%,67.43%,
105/09/14,555,-708,24,-129,325342,11237,3662,340241,64.43%,67.38%,
105/09/13,1044,-1201,-28,-185,324729,11945,3638,340312,64.30%,67.39%,
105/09/12,-645,-45,-8,-698,323685,13146,3666,340497,64.10%,67.43%,
105/09/10,-91,-9,-40,-140,324280,13191,3674,341145,64.22%,67.56%,
105/09/09,175,-30,-177,-32,324371,13200,3714,341285,64.23%,67.58%,
105/09/08,169,-160,148,157,324196,13230,3891,341317,64.20%,67.59%,
105/09/07,182,-451,-15,-284,324016,13390,3743,341149,64.16%,67.55%,
105/09/06,391,-449,-31,-89,323834,13841,3758,341433,64.13%,67.62%,
105/09/05,134,-92,-110,-68,323443,14290,3789,341522,64.05%,67.63%,
105/09/02,226,-77,-36,113,323309,14382,3899,341590,64.02%,67.64%,
105/09/01,193,-576,-172,-555,323083,14459,3935,341477,63.98%,67.62%,
105/08/31,205,0,70,275,322890,15035,4107,342032,63.94%,67.73%,
105/08/30,266,-145,-31,90,322685,15035,4037,341757,63.90%,67.68%,
105/08/29,94,-44,-35,15,322419,15180,4068,341667,63.85%,67.66%,
105/08/26,-188,-99,-2,-289,322325,15224,4103,341652,63.83%,67.66%,
105/08/25,1655,-129,7,1533,322713,15323,4105,342141,63.90%,67.75%,
105/08/24,776,-832,-140,-196,321058,15452,4098,340608,63.58%,67.45%,
105/08/23,211,-63,12,160,320292,16284,4238,340814,63.43%,67.49%,
105/08/22,797,-512,-118,167,320081,16347,4226,340654,63.38%,67.45%,
105/08/19,799,-21,-203,575,319284,16859,4344,340487,63.23%,67.43%,
105/08/18,856,-11,-146,699,318526,16880,4547,339953,63.08%,67.32%,
105/08/17,997,2,-298,701,317870,16891,4693,339454,62.95%,67.22%,
105/08/16,271,-72,-139,60,316872,16889,4991,338752,62.75%,67.08%,
105/08/15,843,157,-37,963,316551,16961,5130,338642,62.68%,67.05%,
105/08/12,128,6,-52,82,315708,16804,5167,337679,62.52%,66.87%,
105/08/11,118,0,-184,-66,315580,16798,5219,337597,62.49%,66.85%,
105/08/10,600,-55,44,589,315462,16798,5403,337663,62.47%,66.87%,
105/08/09,-87,-2,-91,-180,314882,16853,5359,337094,62.35%,66.75%,
105/08/08,1359,-20,-150,1189,314959,16855,5450,337264,62.37%,66.79%,
105/08/05,367,-11,-1,355,313600,16875,5600,336075,62.10%,66.55%,
105/08/04,2302,16,34,2352,313223,16886,5601,335710,62.03%,66.48%,
105/08/03,1175,-152,-50,973,310921,16870,5567,333358,61.57%,66.01%,
105/08/02,1435,-44,2,1393,309783,17022,5617,332422,61.34%,65.82%,
105/08/01,2005,-14,35,2026,308348,17066,5615,331029,61.06%,65.55%,
105/07/29,1563,-3,25,1585,306343,17080,5580,329003,60.66%,65.15%,
105/07/28,1834,125,7,1966,304780,17083,5555,327418,60.35%,64.83%,
105/07/27,5989,520,150,6659,302946,16958,5548,325452,59.99%,64.45%,
105/07/26,1967,9,470,2446,296957,16438,5398,318793,58.80%,63.12%,
105/07/25,784,24,-117,691,294990,16429,4928,316347,58.41%,62.64%,
105/07/22,671,-37,-128,506,294206,16405,5045,315656,58.26%,62.51%,
105/07/21,1043,-4,31,1070,293525,16442,5173,315140,58.12%,62.40%,
105/07/20,561,-49,-99,413,292481,16446,5142,314069,57.92%,62.20%,
105/07/19,1618,46,54,1718,291920,16495,5241,313656,57.81%,62.11%,
105/07/18,690,-58,-68,564,290292,16449,5187,311928,57.48%,61.76%,
105/07/15,923,20,-122,821,289602,16507,5255,311364,57.35%,61.66%,
105/07/14,2685,29,-87,2627,288679,16487,5377,310543,57.16%,61.49%,
105/07/13,989,-108,-6,875,286027,16458,5464,307949,56.64%,60.98%,
105/07/12,994,464,-42,1416,285038,16566,5470,307074,56.44%,60.80%,
105/07/11,1204,2464,77,3745,284044,16102,5512,305658,56.25%,60.53%,
105/07/07,2273,-41,164,2396,282840,13638,5435,301913,56.01%,59.79%,
105/07/06,221,-180,-72,-31,280567,13679,5271,299517,55.56%,59.31%,
105/07/05,564,-177,-90,297,280346,13859,5343,299548,55.51%,59.31%,
105/07/04,701,-370,-43,288,279812,14036,5433,299281,55.41%,59.27%,
105/07/01,818,-215,228,831,279111,14406,5476,298993,55.27%,59.21%,
105/06/30,-204,-78,30,-252,278293,14621,5248,298162,55.11%,59.04%,
105/06/29,-304,409,-95,10,278497,14659,5218,298374,55.15%,59.09%,
105/06/28,3947,211,484,4642,278802,14250,5313,298365,55.21%,59.08%,
105/06/27,140,-62,-77,1,274845,14039,4829,293713,54.42%,58.16%,
105/06/24,399,-210,-121,68,274705,14101,4906,293712,54.40%,58.16%,
105/06/23,1226,0,-11,1215,274306,14311,5027,293644,54.32%,58.15%,
105/06/22,700,-154,-15,531,273080,14311,5038,292429,54.08%,57.91%,
105/06/21,2153,0,309,2462,272379,14465,5053,291897,53.94%,57.81%,
105/06/20,504,10,-19,495,270216,14465,4744,289425,53.51%,57.31%,
105/06/17,-19,-54,-44,-117,269912,14455,4763,289130,53.45%,57.26%,
105/06/16,1819,0,-95,1724,269931,14509,4807,289247,53.45%,57.28%,
105/06/15,940,-230,31,741,268111,14509,4902,287522,53.09%,56.93%,
105/06/14,655,-97,90,648,267081,14739,4871,286691,52.89%,56.77%,
105/06/13,7022,-467,108,6663,266416,14836,4781,286033,52.76%,56.64%,
105/06/08,1077,-105,-61,911,259394,15303,4673,279370,51.37%,55.33%,
105/06/07,1481,-270,63,1274,258507,15408,4734,278649,51.19%,55.18%,
105/06/06,517,-190,46,373,257026,15678,4671,277375,50.90%,54.93%,
105/06/04,29,-489,-39,-499,256510,15868,4625,277003,50.79%,54.85%,
105/06/03,703,-462,-82,159,256481,16357,4664,277502,50.79%,54.95%,
105/06/02,916,-896,0,20,255821,16819,4746,277386,50.66%,54.93%,
105/06/01,2030,-223,-27,1780,254905,17715,4746,277366,50.48%,54.93%,
105/05/31,1189,-556,-163,470,253411,17938,4773,276122,50.18%,54.68%,
105/05/30,611,-596,-47,-32,252179,18494,4936,275609,49.94%,54.58%,
105/05/27,2529,-955,-50,1524,251558,19090,4983,275631,49.81%,54.58%,
105/05/26,389,-691,-286,-588,249029,20045,5033,274107,49.31%,54.28%,
105/05/25,3025,-6341,113,-3203,248640,20736,5319,274695,49.24%,54.40%,
105/05/24,647,-3185,-287,-2825,245215,27077,5206,277498,48.56%,54.95%,
105/05/23,1496,-30,72,1538,244367,30262,5493,280122,48.39%,55.47%,
105/05/20,-52,-82,-96,-230,243043,30292,5421,278756,48.13%,55.20%,
105/05/19,-535,-105,-13,-653,243084,30374,5517,278975,48.14%,55.25%,
105/05/18,1509,-55,-36,1418,243619,30479,5530,279628,48.24%,55.37%,
105/05/17,244,-48,35,231,241902,30534,5566,278002,47.90%,55.05%,
105/05/16,497,42,9,548,241647,30582,5531,277760,47.85%,55.00%,
105/05/13,-77,14,-162,-225,241150,30540,5522,277212,47.75%,54.89%,
105/05/12,1025,244,-312,957,241013,30526,5684,277223,47.72%,54.89%,
105/05/11,770,-43,65,792,239974,30282,5996,276252,47.52%,54.70%,
105/05/10,530,253,41,824,239188,30325,5931,275444,47.36%,54.54%,
105/05/09,281,20,-30,271,238648,30072,5890,274610,47.26%,54.38%,
105/05/06,45,-115,29,-41,238426,30052,5920,274398,47.21%,54.33%,
105/05/05,60,-88,-26,-54,238370,30167,5891,274428,47.20%,54.34%,
105/05/04,563,95,94,752,238298,30255,5917,274470,47.19%,54.35%,
105/05/03,1118,100,-52,1166,238152,30160,5823,274135,47.16%,54.29%,
105/04/29,1278,256,83,1617,236995,30060,5875,272930,46.93%,54.05%,
105/04/28,1817,556,-524,1849,236480,29804,5792,272076,46.83%,53.88%,
105/04/27,566,1978,742,3286,234579,29248,6316,270143,46.45%,53.49%,
105/04/26,882,-110,52,824,233940,27270,5574,266784,46.32%,52.82%,
105/04/25,1172,0,-451,721,233058,27380,5522,265960,46.15%,52.67%,
105/04/22,1070,0,-578,492,231885,27380,5973,265238,45.92%,52.53%,
105/04/21,197,0,-10,187,230815,27380,6551,264746,45.71%,52.43%,
105/04/20,860,85,-18,927,229775,27380,6561,263716,45.50%,52.22%,
105/04/19,926,268,-20,1174,228915,27295,6579,262789,45.33%,52.04%,
105/04/18,-87,0,-30,-117,227990,27027,6599,261616,45.15%,51.81%,
105/04/15,-3,307,-5,299,228067,27027,6629,261723,45.16%,51.83%,
105/04/14,389,288,103,780,227970,26720,6634,261324,45.14%,51.75%,
105/04/13,709,60,22,791,227719,26432,6531,260682,45.09%,51.62%,
105/04/12,45,444,-238,251,227094,26372,6509,259975,44.97%,51.48%,
105/04/11,913,70,-223,760,227049,25928,6747,259724,44.96%,51.43%,
105/04/08,802,0,67,869,226126,25858,6970,258954,44.78%,51.28%,
105/04/07,310,107,8,425,225325,25858,6903,258086,44.62%,51.11%,
105/04/06,1195,0,56,1251,225052,25751,6895,257698,44.56%,51.03%,
105/04/01,595,-75,-191,329,223857,25751,6839,256447,44.33%,50.78%,
105/03/31,949,50,-356,643,223315,25826,7030,256171,44.22%,50.73%,
105/03/30,926,-25,-308,593,222366,24895,7386,254647,44.03%,50.42%,
105/03/29,388,999,1259,2646,221388,24920,7694,254002,43.84%,50.30%,
105/03/28,1594,0,-262,1332,221000,23921,6435,251356,43.76%,49.77%,
105/03/25,526,0,-97,429,219406,23921,6697,250024,43.45%,49.51%,
105/03/24,959,155,-56,1058,218880,23921,6794,249595,43.34%,49.42%,
105/03/23,1176,252,-42,1386,217873,23766,6850,248489,43.14%,49.20%,
105/03/22,774,-27,-327,420,216812,23514,6892,247218,42.93%,48.95%,
105/03/21,19,748,-22,745,216069,23541,7219,246829,42.79%,48.88%,
105/03/18,379,-1611,334,-898,216303,22793,7241,246337,42.83%,48.78%,
105/03/17,-352,425,222,295,215777,24404,6907,247088,42.73%,48.93%,
105/03/16,-454,76,208,-170,216199,23979,6685,246863,42.81%,48.88%,
105/03/15,-407,-15,-245,-667,216536,23903,6477,246916,42.88%,48.90%,
105/03/14,708,150,392,1250,216914,23918,6722,247554,42.95%,49.02%,
105/03/11,538,-137,482,883,216148,23768,6330,246246,42.80%,48.76%,
105/03/10,243,-20,22,245,215621,23905,5848,245374,42.70%,48.59%,
105/03/09,-682,-128,271,-539,215331,23925,5826,245082,42.64%,48.53%,
105/03/08,-172,-182,278,-76,216003,24053,5555,245611,42.77%,48.63%,
105/03/07,-238,-49,-53,-340,216175,24235,5277,245687,42.81%,48.65%,
105/03/04,447,-274,-22,151,216403,24284,5330,246017,42.85%,48.71%,
105/03/03,677,-196,25,506,215949,24558,5352,245859,42.76%,48.68%,
105/03/02,10,-384,-37,-411,215268,24754,5327,245349,42.63%,48.59%,
105/03/01,-499,-30,41,-488,215258,25138,5364,245760,42.62%,48.66%,
105/02/26,727,380,152,1259,215757,25168,5323,246248,42.72%,48.76%,
105/02/25,-106,0,47,-59,214940,24788,5171,244899,42.56%,48.49%,
105/02/24,1078,-813,-31,234,215158,24788,5124,245070,42.60%,48.52%,
105/02/23,10,-688,35,-643,214080,25601,5155,244836,42.39%,48.48%,
105/02/22,787,-723,54,118,214301,26289,5120,245710,42.43%,48.65%,
105/02/19,-2772,-689,-141,-3602,213504,27012,5066,245582,42.28%,48.63%,
105/02/18,4325,-591,-309,3425,216233,27701,5207,249141,42.82%,49.34%,
105/02/17,33,-809,-109,-885,211933,28292,5516,245741,41.97%,48.67%,
105/02/16,352,-164,373,561,211863,29101,5625,246589,41.95%,48.83%,
105/02/15,2439,-226,61,2274,211474,29265,5252,245991,41.88%,48.72%,
105/02/03,1431,-290,-77,1064,209310,29491,5191,243992,41.45%,48.32%,
105/02/02,2769,-73,-505,2191,208229,29781,5268,243278,41.23%,48.17%,
105/02/01,4116,113,243,4472,206267,29854,5773,241894,40.84%,47.90%,
105/01/30,59,-577,-79,-597,202016,29741,5530,237287,40.00%,46.99%,
105/01/29,2953,70,-704,2319,201957,30318,5609,237884,39.99%,47.10%,
105/01/28,4856,-79,829,5606,198915,30248,6313,235476,39.39%,46.63%,
105/01/27,669,0,-2,667,194084,30327,5484,229895,38.43%,45.52%,
105/01/26,-239,247,-39,-31,193462,30327,5486,229275,38.31%,45.40%,
105/01/25,335,134,439,908,193563,30080,5525,229168,38.33%,45.38%,
105/01/22,738,-259,4,483,193150,29946,5086,228182,38.25%,45.19%,
105/01/21,40,-410,-28,-398,192607,30205,5082,227894,38.14%,45.13%,
105/01/20,-227,-47,-122,-396,192522,30615,5110,228247,38.12%,45.19%,
105/01/19,309,-51,11,269,192666,30662,5232,228560,38.15%,45.26%,
105/01/18,-219,-1023,176,-1066,192343,30713,5221,228277,38.09%,45.21%,
105/01/15,670,234,1,905,192461,31736,5045,229242,38.11%,45.39%,
105/01/14,650,0,-285,365,192107,31502,5044,228653,38.04%,45.28%,
105/01/13,999,-16,2,985,191676,31502,5329,228507,37.95%,45.24%,
105/01/12,-552,109,-137,-580,190667,31518,5327,227512,37.75%,45.05%,
105/01/11,-1985,136,46,-1803,191169,31409,5464,228042,37.85%,45.15%,
105/01/08,-184,817,248,881,193105,31273,5418,229796,38.24%,45.51%,
105/01/07,1720,700,55,2475,193565,30456,5170,229191,38.33%,45.39%,
105/01/06,-108,0,-82,-190,191845,29756,5115,226716,37.99%,44.90%,
105/01/05,2799,-95,6,2710,192236,29756,5197,227189,38.07%,44.99%,
105/01/04,-298,-95,-130,-523,189427,29851,5191,224469,37.51%,44.45%,
104/12/31,186,-40,19,165,189669,29946,5321,224936,37.56%,44.54%,
104/12/30,-142,86,-119,-175,189473,31336,5302,226111,37.52%,44.78%,
104/12/29,553,197,-29,721,189901,31250,5421,226572,37.60%,44.86%,
104/12/28,-153,48,16,-89,189577,31053,5450,226080,37.54%,44.77%,
104/12/25,589,186,-21,754,189720,31005,5434,226159,37.57%,44.79%,
104/12/24,1038,0,-139,899,189798,30819,5455,226072,37.58%,44.76%,
104/12/23,810,150,-410,550,188935,30819,5594,225348,37.41%,44.62%,
104/12/22,653,160,-30,783,188333,30669,6004,225006,37.29%,44.55%,
104/12/21,982,942,-766,1158,188056,30509,6034,224599,37.24%,44.48%,
104/12/18,2044,951,-651,2344,187073,29567,6800,223440,37.04%,44.24%,
104/12/17,3977,1207,1257,6441,187490,28616,7451,223557,37.13%,44.27%,
104/12/16,1103,408,-154,1357,184397,27409,6194,218000,36.51%,43.16%,
104/12/15,931,450,472,1853,183602,27001,6348,216951,36.36%,42.96%,
104/12/14,699,184,-106,777,182693,26551,5876,215120,36.18%,42.60%,
104/12/11,-346,286,-64,-124,181484,26367,5982,213833,35.94%,42.35%,
104/12/10,-1396,500,-110,-1006,181393,26081,6046,213520,35.92%,42.28%,
104/12/09,-276,462,-113,73,182960,25581,6156,214697,36.23%,42.52%,
104/12/08,624,1234,-77,1781,183177,25119,6269,214565,36.27%,42.49%,
104/12/07,-420,926,-540,-34,183639,23885,6346,213870,36.36%,42.35%,
104/12/04,-34,875,-615,226,183920,22959,6886,213765,36.42%,42.33%,
104/12/03,-72,723,1580,2231,183272,22084,7501,212857,36.29%,42.15%,
104/12/02,-371,128,123,-120,183313,21361,5921,210595,36.30%,41.70%,
104/12/01,750,-460,675,965,184067,21233,5798,211098,36.45%,41.80%,
104/11/30,-1961,168,-64,-1857,183307,21693,5123,210123,36.30%,41.61%,
104/11/27,-393,0,-69,-462,185258,21525,5187,211970,36.68%,41.97%,
104/11/26,-230,0,11,-219,185742,21525,5256,212523,36.78%,42.08%,
104/11/25,-999,-37,-159,-1195,185959,21525,5245,212729,36.82%,42.12%,
104/11/24,-540,-30,-137,-707,186946,21562,5404,213912,37.02%,42.36%,
104/11/23,-519,-117,36,-600,187368,21592,5541,214501,37.10%,42.47%,
104/11/20,201,0,-25,176,187893,21709,5505,215107,37.21%,42.60%,
104/11/19,-1768,227,2,-1539,187678,21709,5530,214917,37.16%,42.55%,
104/11/18,-287,30,-223,-480,189188,21482,5528,216198,37.46%,42.81%,
104/11/17,1033,47,99,1179,189351,21452,5751,216554,37.49%,42.88%,
104/11/16,-466,129,91,-246,188099,21405,5652,215156,37.25%,42.61%,
104/11/13,-369,85,126,-158,188313,21276,5561,215150,37.29%,42.60%,
104/11/12,-35,136,-522,-421,188332,21191,5435,214958,37.29%,42.56%,
104/11/11,-340,400,-174,-114,189546,21055,5957,216558,37.53%,42.88%,
104/11/10,-610,253,-75,-432,189866,20655,6131,216652,37.60%,42.90%,
104/11/09,-1359,-73,-946,-2378,190557,20402,6206,217165,37.73%,43.00%,
104/11/06,2116,1707,1324,5147,191901,20475,7152,219528,38.00%,43.47%,
104/11/05,2730,270,35,3035,190065,18768,5828,214661,37.64%,42.51%,
104/11/04,527,256,217,1000,187316,18498,5793,211607,37.09%,41.90%,
104/11/03,180,219,458,857,186614,18242,5576,210432,36.95%,41.67%,
104/11/02,128,318,312,758,186434,18023,5118,209575,36.92%,41.50%,
104/10/30,-804,581,-221,-444,186446,17705,4806,208957,36.92%,41.38%,
104/10/29,-1645,1284,-212,-573,186958,17124,5027,209109,37.02%,41.41%,
104/10/28,-743,108,-474,-1109,188303,15840,5239,209382,37.29%,41.46%,
104/10/27,-594,791,-190,7,189034,15732,5713,210479,37.43%,41.68%,
104/10/26,-45,1062,922,1939,189669,14941,5903,210513,37.56%,41.69%,
104/10/23,-205,1120,-80,835,190054,13879,4981,208914,37.63%,41.37%,
104/10/22,408,251,-343,316,190758,12759,5061,208578,37.77%,41.30%,
104/10/21,-443,200,-97,-340,190436,12508,5404,208348,37.71%,41.26%,
104/10/20,612,285,-186,711,190539,12308,5501,208348,37.73%,41.26%,
104/10/19,63,1310,448,1821,190298,12023,5687,208008,37.68%,41.19%,
104/10/16,1198,651,-202,1647,190545,10713,5239,206497,37.73%,40.89%,
104/10/15,-338,589,-105,146,189347,10062,5441,204850,37.49%,40.56%,
104/10/14,1736,416,-465,1687,189990,9473,5546,205009,37.62%,40.59%,
104/10/13,-2849,153,620,-2076,188254,9057,6011,203322,37.28%,40.26%,
104/10/12,363,0,-283,80,191003,8904,5391,205298,37.82%,40.65%,
104/10/08,-7520,680,-1154,-7994,190285,8904,5674,204863,37.68%,40.57%,
104/10/07,-1137,861,1514,1238,197534,8224,6828,212586,39.11%,42.09%,
104/10/06,-455,866,-344,67,197033,7363,5314,209710,39.02%,41.53%,
104/10/05,-722,362,841,481,197364,6497,5658,209519,39.08%,41.49%,
104/10/02,-686,3,11,-672,197782,6135,4817,208734,39.16%,41.33%,
104/10/01,-56,200,314,458,198410,6132,4806,209348,39.29%,41.46%,
104/09/30,-1413,0,55,-1358,198266,5932,4492,208690,39.26%,41.32%,
104/09/25,-1679,-29,103,-1605,199421,5184,4437,209042,39.49%,41.40%,
104/09/24,-2368,0,-69,-2437,200351,5213,4334,209898,39.67%,41.56%,
104/09/23,-1308,0,-25,-1333,202206,5213,4403,211822,40.04%,41.94%,
104/09/22,-3032,-1,-19,-3052,203333,5213,4428,212974,40.26%,42.17%,
104/09/21,-1428,61,-310,-1677,205185,5214,4447,214846,40.63%,42.54%,
104/09/18,-1438,1542,210,314,204821,5153,4757,214731,40.56%,42.52%,
104/09/17,2652,0,635,3287,205764,3611,4547,213922,40.74%,42.36%,
104/09/16,-1540,0,71,-1469,203112,3611,3912,210635,40.22%,41.71%,
104/09/15,126,0,-137,-11,204420,3611,3841,211872,40.48%,41.96%,
104/09/14,-4335,1,-224,-4558,204294,3611,3978,211883,40.45%,41.95%,
104/09/11,-2094,140,458,-1496,208593,3610,4202,216405,41.30%,42.85%,
104/09/10,-798,0,-56,-854,210274,3470,3744,217488,41.64%,43.07%,
104/09/09,575,35,28,638,211822,3470,3800,219092,41.94%,43.38%,
104/09/08,-1621,1,241,-1379,211139,3435,3772,218346,41.81%,43.24%,
104/09/07,-234,-160,-28,-422,212760,3434,3531,219725,42.13%,43.51%,
104/09/04,-456,50,-62,-468,212994,3594,3559,220147,42.18%,43.60%,
104/09/03,-961,23,-80,-1018,212149,3544,3621,219314,42.01%,43.43%,
104/09/02,-1177,-110,-669,-1956,213227,3521,3701,220449,42.22%,43.65%,
104/09/01,-933,10,631,-292,214360,3631,4370,222361,42.45%,44.03%,
104/08/31,-979,3,-5,-981,215263,3621,3739,222623,42.63%,44.09%,
104/08/28,410,69,103,582,216151,3618,3744,223513,42.80%,44.26%,
104/08/27,-1170,86,-3,-1087,215681,3549,3641,222871,42.71%,44.13%,
104/08/26,909,17,94,1020,216851,3463,3644,223958,42.94%,44.35%,
104/08/25,691,43,90,824,215892,3446,3550,222888,42.75%,44.14%,
104/08/24,24,96,43,163,215156,3403,3460,222019,42.60%,43.96%,
104/08/21,-266,0,20,-246,214954,3307,3417,221678,42.56%,43.89%,
104/08/20,-523,26,108,-389,215443,3307,3397,222147,42.66%,43.99%,
104/08/19,-125,0,22,-103,215966,3281,3289,222536,42.76%,44.06%,
104/08/18,66,0,77,143,215878,3281,3267,222426,42.75%,44.05%,
104/08/17,-304,1,43,-260,215813,3281,3190,222284,42.73%,44.01%,
104/08/14,-435,-144,41,-538,216138,3280,3147,222565,42.80%,44.07%,
104/08/13,-1017,117,-48,-948,216526,3424,3106,223056,42.88%,44.17%,
104/08/12,991,191,-21,1161,217532,3307,3154,223993,43.07%,44.35%,
104/08/11,-90,-29,-7,-126,216834,3116,3175,223125,42.94%,44.19%,
104/08/10,-275,-21,-113,-409,217191,3145,3182,223518,43.01%,44.26%,
104/08/07,33,12,96,141,217471,3166,3295,223932,43.06%,44.34%,
104/08/06,-659,2,135,-522,217734,3154,3199,224087,43.11%,44.37%,
104/08/05,229,-50,148,327,218393,3152,3064,224609,43.25%,44.48%,
104/08/04,95,-20,63,138,218164,3202,2916,224282,43.20%,44.41%,
104/08/03,-166,-18,6,-178,218290,3222,2853,224365,43.22%,44.42%,
104/07/31,679,0,6,685,218472,3240,2847,224559,43.26%,44.47%,
104/07/30,-549,-28,131,-446,217540,3240,2841,223621,43.08%,44.28%,
104/07/29,-1600,-432,-178,-2210,217819,3268,2710,223797,43.13%,44.31%,
104/07/28,-149,5,210,66,219122,3700,2888,225710,43.39%,44.69%,
104/07/27,60,0,162,222,219250,3695,2678,225623,43.42%,44.68%,
104/07/24,280,9,53,342,219180,3695,2516,225391,43.40%,44.63%,
104/07/23,-287,0,45,-242,218896,3686,2463,225045,43.34%,44.56%,
104/07/22,-383,0,41,-342,219137,3686,2418,225241,43.39%,44.60%,
104/07/21,186,-1,16,201,219520,3686,2377,225583,43.47%,44.67%,
104/07/20,60,0,44,104,219342,3687,2361,225390,43.43%,44.63%,
104/07/17,-399,14,24,-361,219282,3687,2317,225286,43.42%,44.61%,
104/07/16,-232,0,7,-225,219651,3673,2293,225617,43.49%,44.67%,
104/07/15,99,3,34,136,219807,3673,2286,225766,43.53%,44.71%,
104/07/14,101,0,-43,58,219679,3670,2252,225601,43.50%,44.67%,
104/07/13,223,-9,44,258,219476,3670,2295,225441,43.46%,44.64%,
104/07/09,-253,-1,72,-182,219154,3679,2251,225084,43.40%,44.57%,
104/07/08,-615,0,-125,-740,219407,3680,2179,225266,43.45%,44.61%,
104/07/07,562,0,-14,548,220021,3680,2304,226005,43.57%,44.76%,
104/07/06,-280,0,11,-269,219459,3680,2318,225457,43.46%,44.65%,
104/07/03,-980,0,-18,-998,219739,3680,2307,225726,43.51%,44.70%,
104/07/02,-960,3,18,-939,220716,3680,2325,226721,43.71%,44.90%,
104/07/01,653,0,62,715,221666,3677,2307,227650,43.89%,45.08%,
104/06/30,-446,50,-21,-417,221085,3677,2245,227007,43.78%,44.95%,
104/06/29,-179,0,-6,-185,221360,3112,2266,226738,43.83%,44.90%,
104/06/26,-47,85,-25,13,221584,3112,2272,226968,43.88%,44.95%,
104/06/25,-152,0,62,-90,221811,3027,2297,227135,43.92%,44.97%,
104/06/24,132,0,-8,124,222049,3027,2235,227311,43.97%,45.01%,
104/06/23,-307,0,-4,-311,221995,3027,2243,227265,43.96%,45.00%,
104/06/22,-1437,-4,13,-1428,222552,3027,2247,227826,44.07%,45.11%,
104/06/18,-84,35,10,-39,223979,3031,2234,229244,44.35%,45.39%,
104/06/17,-387,0,35,-352,224142,2996,2224,229362,44.38%,45.41%,
104/06/16,-47,0,54,7,224528,2996,2189,229713,44.46%,45.49%,
104/06/15,-241,0,35,-206,224627,2996,2135,229758,44.48%,45.50%,
104/06/12,-452,0,32,-420,225268,2996,2100,230364,44.61%,45.62%,
104/06/11,-2421,0,65,-2356,225888,2996,2068,230952,44.73%,45.73%,
104/06/10,-173,-217,20,-370,228340,2996,2003,233339,45.22%,46.21%,
104/06/09,-932,-425,-341,-1698,228513,3213,1983,233709,45.25%,46.28%,
104/06/08,-416,27,40,-349,229578,3638,2324,235540,45.46%,46.64%,
104/06/05,460,-1,-544,-85,230047,3611,2284,235942,45.55%,46.72%,
104/06/04,-596,-0,-54,-650,229436,3612,2828,235876,45.43%,46.71%,
104/06/03,-295,30,-62,-327,230044,3613,2882,236539,45.55%,46.84%,
104/06/02,-259,0,341,82,230337,3583,2944,236864,45.61%,46.90%,
104/06/01,-106,0,73,-33,230587,3583,2603,236773,45.66%,46.89%,
104/05/29,-386,0,34,-352,230650,3583,2530,236763,45.67%,46.88%,
104/05/28,-216,-32,7,-241,231024,3583,2496,237103,45.75%,46.95%,
104/05/27,24,0,-3,21,231240,3615,2489,237344,45.79%,47.00%,
104/05/26,-38,0,20,-18,231251,3615,2492,237358,45.79%,47.00%,
104/05/25,52,0,-3,49,231289,3615,2472,237376,45.80%,47.01%,
104/05/22,-117,0,-8,-125,231237,3615,2475,237327,45.79%,47.00%,
104/05/21,-602,0,-67,-669,231402,3615,2483,237500,45.82%,47.03%,
104/05/20,-690,0,-63,-753,231999,3615,2550,238164,45.94%,47.16%,
104/05/19,-122,0,50,-72,231240,3615,2613,237468,45.79%,47.02%,
104/05/18,-179,0,58,-121,231400,3615,2563,237578,45.82%,47.04%,
104/05/15,-385,0,35,-350,231477,3615,2505,237597,45.84%,47.05%,
104/05/14,-437,70,76,-291,231718,3615,2470,237803,45.88%,47.09%,
104/05/13,-346,-143,11,-478,232639,3545,2394,238578,46.07%,47.25%,
104/05/12,-477,-250,-4,-731,232964,3688,2383,239035,46.13%,47.33%,
104/05/11,-327,-235,0,-562,233590,3938,2387,239915,46.25%,47.50%,
104/05/08,-233,-1,-89,-323,233948,4173,2387,240508,46.33%,47.63%,
104/05/07,-516,-102,-41,-659,234179,4174,2476,240829,46.37%,47.69%,
104/05/06,-943,-107,-55,-1105,234694,4276,2517,241487,46.47%,47.82%,
104/05/05,-1163,0,97,-1066,235393,4383,2572,242348,46.61%,47.99%,
104/05/04,-1157,-112,-73,-1342,236762,4383,2475,243620,46.88%,48.24%,
104/04/30,-945,-203,34,-1114,237909,4495,2548,244952,47.11%,48.50%,
104/04/29,-543,82,-230,-691,238639,4698,2514,245851,47.25%,48.68%,
104/04/28,-192,100,172,80,239094,4616,2744,246454,47.34%,48.80%,
104/04/27,329,-550,-48,-269,239495,4516,2572,246583,47.42%,48.82%,
104/04/24,624,-202,-119,303,239166,5066,2620,246852,47.36%,48.88%,
104/04/23,378,0,-106,272,238542,5268,2739,246549,47.24%,48.83%,
104/04/22,-72,100,221,249,238120,5268,2845,246233,47.15%,48.76%,
104/04/21,-67,-24,-11,-102,238190,5168,2624,245982,47.17%,48.71%,
104/04/20,39,-622,-76,-659,238855,5192,2635,246682,47.30%,48.85%,
104/04/17,-231,0,3,-228,239192,5814,2711,247717,47.36%,49.05%,
104/04/16,-28,0,8,-20,239402,5814,2708,247924,47.41%,49.10%,
104/04/15,-414,-46,-104,-564,239186,5814,2700,247700,47.36%,49.05%,
104/04/14,-101,-413,3,-511,239509,5860,2804,248173,47.43%,49.15%,
104/04/13,-470,-254,-67,-791,239546,6273,2801,248620,47.43%,49.23%,
104/04/10,-603,-30,-45,-678,240368,6527,2868,249763,47.60%,49.46%,
104/04/09,-786,-391,36,-1141,240836,6557,2913,250306,47.69%,49.57%,
104/04/08,-675,-346,-16,-1037,241425,6948,2877,251250,47.81%,49.76%,
104/04/07,-509,0,33,-476,241993,7294,2893,252180,47.92%,49.94%,
104/04/02,678,0,41,719,242324,7294,2860,252478,47.98%,49.99%,
104/04/01,-399,0,-49,-448,241246,7294,2819,251359,47.77%,49.77%,
104/03/31,-197,-10,-59,-266,241645,7294,2868,251807,47.85%,49.86%,
104/03/30,199,0,2,201,241842,7528,2927,252297,47.89%,49.96%,
104/03/27,-410,-25,-171,-606,241683,7528,2925,252136,47.86%,49.93%,
104/03/26,14,0,-18,-4,242093,7553,3096,252742,47.94%,50.05%,
104/03/25,-365,0,-158,-523,242130,7553,3114,252797,47.95%,50.06%,
104/03/24,-109,34,189,114,242495,7553,3272,253320,48.02%,50.16%,
104/03/23,32,27,5,64,242604,7519,3083,253206,48.04%,50.14%,
104/03/20,-144,366,-2,220,242571,7492,3078,253141,48.03%,50.12%,
104/03/19,259,-11,-38,210,242715,7126,3080,252921,48.06%,50.08%,
104/03/18,-437,-45,-91,-573,242457,7137,3118,252712,48.01%,50.04%,
104/03/17,156,-34,-53,69,242946,7182,3209,253337,48.11%,50.17%,
104/03/16,661,29,7,697,242848,7216,3262,253326,48.09%,50.17%,
104/03/13,658,116,-295,479,242170,7187,3255,252612,47.95%,50.02%,
104/03/12,965,1,646,1612,241637,7071,3550,252258,47.85%,49.95%,
104/03/11,-217,-52,16,-253,240682,7071,2904,250657,47.66%,49.64%,
104/03/10,-255,-25,-15,-295,240899,7123,2888,250910,47.70%,49.68%,
104/03/09,-429,24,56,-349,241144,7148,2903,251195,47.75%,49.74%,
104/03/06,-37,-1,-8,-46,241583,7124,2847,251554,47.84%,49.81%,
104/03/05,-1255,-206,-77,-1538,241620,7125,2855,251600,47.85%,49.83%,
104/03/04,-83,-6,61,-28,242555,7330,2932,252817,48.03%,50.06%,
104/03/03,-287,0,-14,-301,242638,7336,2871,252845,48.05%,50.07%,
104/03/02,-333,0,25,-308,242964,7336,2885,253185,48.11%,50.13%,
104/02/26,-1253,-138,-91,-1482,243297,7336,2860,253493,48.18%,50.20%,
104/02/25,-301,-208,36,-473,244540,7474,2951,254965,48.42%,50.48%,
104/02/24,-1482,-144,-101,-1727,244841,7682,2915,255438,48.48%,50.58%,
104/02/13,-300,-46,-24,-370,246323,7826,3016,257165,48.78%,50.93%,
104/02/12,-533,-50,-11,-594,246633,7872,3040,257545,48.84%,51.00%,
104/02/11,-550,-540,-53,-1143,247136,7922,3051,258109,48.94%,51.11%,
104/02/10,-291,0,-178,-469,247661,8462,3104,259227,49.04%,51.33%,
104/02/09,-259,-7,-9,-275,248182,8462,3282,259926,49.14%,51.47%,
104/02/06,-564,0,-106,-670,248441,8469,3291,260201,49.20%,51.53%,
104/02/05,-430,-62,255,-237,249005,8469,3397,260871,49.31%,51.66%,
104/02/04,-1287,-160,28,-1419,249435,8531,3142,261108,49.39%,51.70%,
104/02/03,-803,20,44,-739,250862,8691,3114,262667,49.68%,52.02%,
104/02/02,-339,14,48,-277,251469,8671,3070,263210,49.80%,52.13%,
104/01/30,-1321,-334,74,-1581,251808,8657,3022,263487,49.86%,52.17%,
104/01/29,912,-2076,-390,-1554,253129,8991,2948,265068,50.12%,52.48%,
104/01/28,-1344,-7,71,-1280,252210,11067,3338,266615,49.94%,52.79%,
104/01/27,-760,10,63,-687,253525,11074,3267,267866,50.20%,53.04%,
104/01/26,-289,-138,-17,-444,254285,11064,3204,268553,50.35%,53.18%,
104/01/23,-428,-6,41,-393,254573,11202,3221,268996,50.41%,53.27%,
104/01/22,-1602,18,229,-1355,254996,11208,3180,269384,50.49%,53.34%,
104/01/21,-952,45,136,-771,256574,11190,2951,270715,50.81%,53.61%,
104/01/20,-76,-259,-5,-340,257868,11145,2815,271828,51.06%,53.82%,
104/01/19,-1146,0,-25,-1171,258029,11404,2820,272253,51.09%,53.91%,
104/01/16,-1010,-280,85,-1205,259179,11404,2845,273428,51.32%,54.14%,
104/01/15,-1202,-332,-345,-1879,260164,11684,2760,274608,51.52%,54.38%,
104/01/14,-264,-6,-3,-273,261165,12016,3105,276286,51.72%,54.71%,
104/01/13,-235,-2,-14,-251,261479,12022,3108,276609,51.78%,54.78%,
104/01/12,-6,-66,106,34,261718,12024,3122,276864,51.83%,54.83%,
104/01/09,-2807,-144,-116,-3067,261724,12090,3016,276830,51.83%,54.82%,
104/01/08,-230,0,46,-184,264342,12234,3132,279708,52.35%,55.39%,
104/01/07,-364,0,-122,-486,264468,12234,3086,279788,52.37%,55.40%,
104/01/06,-473,-56,208,-321,264882,12234,3208,280324,52.45%,55.51%,
104/01/05,-82,-214,-56,-352,265344,12290,3000,280634,52.54%,55.57%,
