日期,外資買賣超,投信買賣超,自營商買賣超,單日合計買賣超,外資估計持股,投信估計持股,自營商估計持股,單日合計估計持股,外資持股比重,三大法人持股比重,
107/03/31,-5,0,-208,-213,52639,1201,4128,57968,18.53%,20.39%,
107/03/30,-585,0,240,-345,52644,1201,4336,58181,18.53%,20.47%,
107/03/29,-616,0,-161,-777,53129,1201,4096,58426,18.70%,20.55%,
107/03/28,26,0,-402,-376,53735,1201,4257,59193,18.91%,20.82%,
107/03/27,-42,0,-221,-263,53709,1201,4659,59569,18.91%,20.96%,
107/03/26,-455,0,3,-452,53746,1201,4880,59827,18.92%,21.05%,
107/03/23,-191,0,-1410,-1601,54112,1201,4877,60190,19.05%,21.18%,
107/03/22,-1340,0,-2359,-3699,54310,1201,6287,61798,19.12%,21.74%,
107/03/21,-1312,0,3678,2366,55629,1201,8646,65476,19.58%,23.03%,
107/03/20,838,0,-255,583,56917,1201,4968,63086,20.03%,22.19%,
107/03/19,194,-2,-89,103,56079,1201,5223,62503,19.74%,21.99%,
107/03/16,462,0,-966,-504,55885,1203,5312,62400,19.67%,21.95%,
107/03/15,-458,0,120,-338,55417,1203,6278,62898,19.51%,22.13%,
107/03/14,744,0,29,773,55867,1203,6158,63228,19.66%,22.24%,
107/03/13,863,0,-83,780,55175,1203,6129,62507,19.42%,21.99%,
107/03/12,-465,0,11,-454,54299,1203,6212,61714,19.11%,21.70%,
107/03/09,752,0,715,1467,54749,1203,6201,62153,19.27%,21.86%,
107/03/08,866,50,431,1347,53982,1203,5486,60671,19.00%,21.34%,
107/03/07,-748,0,854,106,53043,1153,5055,59251,18.67%,20.84%,
107/03/06,369,200,1220,1789,53752,1153,4201,59106,18.92%,20.79%,
107/03/05,169,0,-84,85,53360,953,2981,57294,18.78%,20.16%,
107/03/02,62,0,-58,4,53391,953,3065,57409,18.79%,20.20%,
107/03/01,446,0,-66,380,53329,953,3123,57405,18.77%,20.20%,
107/02/27,-292,0,-202,-494,52875,953,3189,57017,18.61%,20.06%,
107/02/26,908,0,82,990,53155,953,3391,57499,18.71%,20.23%,
107/02/23,-171,0,249,78,52247,953,3309,56509,18.39%,19.88%,
107/02/22,280,0,-184,96,52418,953,3060,56431,18.45%,19.85%,
107/02/21,-25,0,230,205,52138,953,3244,56335,18.35%,19.82%,
107/02/12,-43,0,26,-17,51963,953,3014,55930,18.29%,19.68%,
107/02/09,236,0,-490,-254,51986,953,2988,55927,18.30%,19.68%,
107/02/08,182,0,-183,-1,51680,953,3478,56111,18.19%,19.74%,
107/02/07,226,0,103,329,51498,953,3661,56112,18.13%,19.74%,
107/02/06,1535,0,-875,660,51272,953,3558,55783,18.05%,19.63%,
107/02/05,-139,0,-450,-589,49722,953,4433,55108,17.50%,19.38%,
107/02/02,162,0,-214,-52,49836,953,4883,55672,17.54%,19.59%,
107/02/01,-144,0,-38,-182,49674,953,5097,55724,17.48%,19.61%,
107/01/31,848,0,-94,754,50228,953,5135,56316,17.68%,19.82%,
107/01/30,127,0,-706,-579,49380,953,5229,55562,17.38%,19.55%,
107/01/29,-638,0,392,-246,49241,953,5935,56129,17.33%,19.75%,
107/01/26,1006,0,-12,994,49845,953,5543,56341,17.54%,19.82%,
107/01/25,25,0,273,298,48839,953,5555,55347,17.19%,19.48%,
107/01/24,621,0,-518,103,48814,953,5282,55049,17.18%,19.37%,
107/01/23,-301,-80,-1019,-1400,48162,953,5800,54915,16.95%,19.32%,
107/01/22,1535,0,2148,3683,49251,1033,6819,57103,17.34%,20.10%,
107/01/19,628,0,-31,597,47716,1033,4671,53420,16.80%,18.80%,
107/01/18,164,0,-838,-674,47088,1033,4702,52823,16.57%,18.58%,
107/01/17,245,0,918,1163,47054,1033,5540,53627,16.56%,18.87%,
107/01/16,639,0,858,1497,46809,1033,4622,52464,16.48%,18.47%,
107/01/15,290,0,-219,71,46194,1033,3764,50991,16.26%,17.94%,
107/01/12,193,0,315,508,45904,1033,3983,50920,16.16%,17.92%,
107/01/11,652,0,-107,545,45780,1033,3668,50481,16.11%,17.76%,
107/01/10,-123,0,-289,-412,46429,1033,3775,51237,16.34%,18.03%,
107/01/09,941,0,-256,685,46472,1033,4064,51569,16.36%,18.15%,
107/01/08,309,0,-217,92,45531,1033,4320,50884,16.03%,17.91%,
107/01/05,571,0,99,670,45222,1033,4537,50792,15.92%,17.88%,
107/01/04,593,0,-273,320,44706,1033,4438,50177,15.74%,17.66%,
107/01/03,853,0,582,1435,44113,1033,4711,49857,15.53%,17.55%,
107/01/02,52,0,-509,-457,43260,1033,4129,48422,15.23%,17.04%,
106/12/29,370,0,243,613,43208,1033,4638,48879,15.21%,17.20%,
106/12/28,388,4,-95,297,43088,1053,4395,48536,15.17%,17.08%,
106/12/27,23,9,-9,23,42909,1049,4490,48448,15.10%,17.05%,
106/12/26,-146,7,-182,-321,42886,1040,4499,48425,15.09%,17.04%,
106/12/25,199,0,12,211,43032,1033,4681,48746,15.15%,17.16%,
106/12/22,-99,0,-162,-261,42833,1033,4669,48535,15.08%,17.08%,
106/12/21,137,0,-158,-21,42932,1033,4831,48796,15.11%,17.17%,
106/12/20,16,-288,152,-120,43061,1033,4989,49083,15.16%,17.28%,
106/12/19,932,0,-58,874,43045,1321,4837,49203,15.15%,17.31%,
106/12/18,346,-258,-465,-377,42113,1321,4895,48329,14.82%,17.00%,
106/12/15,-448,-168,-14,-630,41767,1579,5360,48706,14.70%,17.14%,
106/12/14,-150,0,236,86,42293,1747,5374,49414,14.89%,17.39%,
106/12/13,-30,0,-49,-79,42667,1747,5138,49552,15.02%,17.44%,
106/12/12,134,0,200,334,42697,1747,5187,49631,15.03%,17.47%,
106/12/11,-302,0,29,-273,42563,1747,4987,49297,14.98%,17.35%,
106/12/08,-544,0,692,148,42865,1747,4958,49570,15.09%,17.45%,
106/12/07,-847,0,-126,-973,43403,1747,4266,49416,15.28%,17.39%,
106/12/06,551,0,-281,270,44134,1747,4392,50273,15.53%,17.69%,
106/12/05,-171,0,-490,-661,43568,1747,4673,49988,15.33%,17.59%,
106/12/04,-136,0,154,18,43632,1747,5163,50542,15.36%,17.79%,
106/12/01,-5,0,25,20,43765,1747,5009,50521,15.40%,17.77%,
106/11/30,-118,-208,-477,-803,43789,1747,4984,50520,15.41%,17.77%,
106/11/29,-117,0,-445,-562,43906,1955,5461,51322,15.45%,18.05%,
106/11/28,-219,0,-258,-477,43962,1955,5906,51823,15.47%,18.23%,
106/11/27,-1272,0,-182,-1454,44181,1955,6164,52300,15.55%,18.40%,
106/11/24,-105,0,-47,-152,45173,1955,6346,53474,15.90%,18.82%,
106/11/23,-45,0,193,148,46478,1955,6393,54826,16.36%,19.29%,
106/11/22,-318,0,1410,1092,46492,1955,6200,54647,16.36%,19.22%,
106/11/21,103,0,51,154,46735,1955,4790,53480,16.45%,18.82%,
106/11/20,95,0,-122,-27,46676,1955,4739,53370,16.43%,18.78%,
106/11/17,-1450,0,-313,-1763,46554,1955,4861,53370,16.39%,18.78%,
106/11/16,-214,0,553,339,47744,1955,5174,54873,16.80%,19.30%,
106/11/15,161,0,-354,-193,47957,1955,4621,54533,16.88%,19.19%,
106/11/14,877,-519,-396,-38,47796,1955,4975,54726,16.82%,19.25%,
106/11/13,-108,-261,-436,-805,46919,2474,5371,54764,16.51%,19.27%,
106/11/10,228,0,2,230,46972,2735,5807,55514,16.53%,19.53%,
106/11/09,-150,0,-861,-1011,46744,2735,5805,55284,16.45%,19.45%,
106/11/08,-874,22,110,-742,46894,2735,6666,56295,16.51%,19.81%,
106/11/07,431,44,858,1333,47764,2713,6556,57033,16.81%,20.07%,
106/11/06,-104,-47,26,-125,47326,2669,5698,55693,16.66%,19.60%,
106/11/03,127,-1237,-160,-1270,47430,2716,5672,55818,16.69%,19.64%,
106/11/02,96,0,-49,47,47300,3953,5832,57085,16.65%,20.10%,
106/11/01,-2979,-239,-72,-3290,47037,3953,5881,56871,16.56%,20.02%,
106/10/31,-2108,-45,904,-1249,48572,4192,5953,58717,17.10%,20.67%,
106/10/30,1085,-90,-56,939,50752,4237,5049,60038,17.86%,21.13%,
106/10/27,747,-230,-658,-141,49607,4327,5105,59039,17.46%,20.78%,
106/10/26,1740,-24,-348,1368,48860,4557,5763,59180,17.20%,20.83%,
106/10/25,371,-339,-1006,-974,47120,4581,6111,57812,16.59%,20.35%,
106/10/24,1127,358,-108,1377,46749,4920,7117,58786,16.45%,20.69%,
106/10/23,-653,0,-1296,-1949,45752,4562,7225,57539,16.10%,20.25%,
106/10/20,960,-43,2006,2923,46385,4562,8521,59468,16.33%,20.94%,
106/10/19,526,457,-224,759,45376,4605,6515,56496,15.97%,19.89%,
106/10/18,1200,654,-474,1380,45550,4148,6739,56437,16.03%,19.86%,
106/10/17,1208,763,-1320,651,44350,3494,7213,55057,15.61%,19.38%,
106/10/16,2156,393,1024,3573,43007,2731,8533,54271,15.14%,19.11%,
106/10/13,628,0,1240,1868,40802,2338,7509,50649,14.36%,17.83%,
106/10/12,263,0,-160,103,40135,2338,6269,48742,14.13%,17.16%,
106/10/11,272,0,362,634,39872,2338,6429,48639,14.03%,17.12%,
106/10/06,-472,165,-415,-722,39600,2338,6067,48005,13.94%,16.90%,
106/10/05,299,714,671,1684,40072,2173,6482,48727,14.10%,17.15%,
106/10/03,-496,0,-290,-786,39773,1459,5811,47043,14.00%,16.56%,
106/10/02,-690,0,707,17,40169,1459,6101,47729,14.14%,16.80%,
106/09/30,2,0,223,225,40858,1459,5394,47711,14.38%,16.79%,
106/09/29,-30,0,-512,-542,40856,1537,5171,47564,14.38%,16.74%,
106/09/28,-634,110,440,-84,40886,1537,5683,48106,14.39%,16.93%,
106/09/27,427,0,46,473,41520,1427,5243,48190,14.61%,16.96%,
106/09/26,355,0,-434,-79,41093,1427,5197,47717,14.46%,16.79%,
106/09/25,157,0,-725,-568,40741,1427,5631,47799,14.34%,16.82%,
106/09/22,88,0,-619,-531,40584,1427,6356,48367,14.28%,17.02%,
106/09/21,-52,0,-528,-580,40496,1427,6975,48898,14.25%,17.21%,
106/09/20,-207,81,945,819,40548,1427,7503,49478,14.27%,17.41%,
106/09/19,-446,117,-1206,-1535,40749,1346,6558,48653,14.34%,17.12%,
106/09/18,-2437,117,1036,-1284,41195,1229,7764,50188,14.50%,17.67%,
106/09/15,-668,0,637,-31,44422,1112,6728,52262,15.64%,18.40%,
106/09/14,71,0,437,508,45066,1112,6091,52269,15.86%,18.40%,
106/09/13,663,0,-551,112,45138,1112,5654,51904,15.89%,18.27%,
106/09/12,-111,0,116,5,44474,1112,6205,51791,15.65%,18.23%,
106/09/11,-725,0,-156,-881,44549,1112,6089,51750,15.68%,18.22%,
106/09/08,672,-1,571,1242,44538,1112,6245,51895,15.68%,18.27%,
106/09/07,1437,0,-522,915,43866,1113,5674,50653,15.44%,17.83%,
106/09/06,619,0,-800,-181,42429,1113,6196,49738,14.93%,17.50%,
106/09/05,-348,-1274,178,-1444,41809,1113,6996,49918,14.72%,17.58%,
106/09/04,1161,-561,457,1057,42155,2387,6818,51360,14.84%,18.08%,
106/09/01,150,-351,-116,-317,40994,2948,6361,50303,14.43%,17.71%,
106/08/31,1138,0,-443,695,40844,3299,6477,50620,14.38%,17.82%,
106/08/30,-849,25,131,-693,39706,3299,6920,49925,13.97%,17.57%,
106/08/29,2475,31,-119,2387,40680,3274,6789,50743,14.32%,17.86%,
106/08/28,-815,610,-1441,-1646,38205,3243,6908,48356,13.45%,17.02%,
106/08/25,1487,605,1284,3376,39014,2633,8349,49996,13.73%,17.60%,
106/08/24,628,83,-1607,-896,37577,2028,7065,46670,13.23%,16.43%,
106/08/23,331,912,1258,2501,36949,1945,8672,47566,13.00%,16.74%,
106/08/22,-219,0,-934,-1153,36618,1033,7414,45065,12.89%,15.86%,
106/08/21,-429,0,3049,2620,36837,1033,8348,46218,12.96%,16.26%,
106/08/18,1657,0,-281,1376,37256,1033,5299,43588,13.11%,15.34%,
106/08/17,261,0,1211,1472,35895,1033,5580,42508,12.63%,14.96%,
106/08/16,520,0,-608,-88,35534,1033,4369,40936,12.51%,14.41%,
106/08/15,-306,0,225,-81,34894,1033,4977,40904,12.28%,14.40%,
106/08/14,1092,0,1584,2676,35206,1033,4752,40991,12.39%,14.43%,
106/08/11,-158,0,-152,-310,34122,1033,3168,38323,12.01%,13.49%,
106/08/10,-117,0,-222,-339,34288,1033,3320,38641,12.07%,13.60%,
106/08/09,-207,0,-33,-240,34415,1033,3542,38990,12.11%,13.72%,
106/08/08,-179,0,-540,-719,34632,1033,3575,39240,12.19%,13.81%,
106/08/07,136,0,867,1003,34820,1033,4115,39968,12.25%,14.06%,
106/08/04,-131,0,126,-5,34690,1033,3248,38971,12.21%,13.72%,
106/08/03,-130,0,-37,-167,34832,1033,3122,38987,12.26%,13.72%,
106/08/02,-62,0,-94,-156,34962,1033,3159,39154,12.30%,13.78%,
106/08/01,-57,-1,158,100,35024,1033,3253,39310,12.33%,13.84%,
106/07/31,-262,0,-45,-307,35081,1034,3095,39210,12.35%,13.81%,
106/07/28,-131,0,24,-107,35343,1034,3140,39517,12.44%,13.91%,
106/07/27,-10,0,-105,-115,35061,1034,3116,39211,12.34%,13.80%,
106/07/26,-5,0,43,38,35071,1034,3221,39326,12.34%,13.84%,
106/07/25,168,0,15,183,35076,1034,3178,39288,12.34%,13.83%,
106/07/24,55,-95,7,-33,34908,1034,3163,39105,12.29%,13.77%,
106/07/21,27,0,-135,-108,34853,1129,3156,39138,12.27%,13.78%,
106/07/20,-9,0,76,67,34826,1129,3291,39246,12.26%,13.82%,
106/07/19,-44,0,-251,-295,34835,1129,3215,39179,12.26%,13.79%,
106/07/18,103,0,389,492,34879,1129,3466,39474,12.28%,13.90%,
106/07/17,149,0,-69,80,34776,1129,3077,38982,12.24%,13.72%,
106/07/14,39,0,-78,-39,34627,1129,3146,38902,12.19%,13.70%,
106/07/13,539,0,167,706,34588,1129,3224,38941,12.17%,13.71%,
106/07/12,61,0,-40,21,34049,1129,3057,38235,11.98%,13.46%,
106/07/11,10,0,39,49,33988,1129,3097,38214,11.96%,13.45%,
106/07/10,11,0,9,20,33978,1129,3058,38165,11.96%,13.44%,
106/07/07,-141,0,-242,-383,33967,1129,3049,38145,11.95%,13.42%,
106/07/06,15,0,-182,-167,34108,1129,3291,38528,12.00%,13.56%,
106/07/05,-85,-62,-94,-241,30434,1129,3473,35036,10.71%,12.33%,
106/07/04,63,0,-442,-379,30971,1191,3567,35729,10.90%,12.58%,
106/07/03,209,0,410,619,30908,1191,4009,36108,10.88%,12.72%,
106/06/30,25,-3,-52,-30,30699,1191,3599,35489,10.80%,12.49%,
106/06/29,-383,0,202,-181,30674,1189,3651,35514,10.79%,12.50%,
106/06/28,-224,0,-114,-338,30657,1189,3449,35295,10.79%,12.43%,
106/06/27,-342,0,272,-70,31881,1189,3563,36633,11.22%,12.90%,
106/06/26,-223,0,86,-137,32223,1189,3291,36703,11.34%,12.92%,
106/06/23,-105,0,-34,-139,32446,1189,3205,36840,11.42%,12.97%,
106/06/22,-396,0,-14,-410,32501,1189,3239,36929,11.44%,13.00%,
106/06/21,-103,0,-126,-229,33124,1189,3253,37566,11.66%,13.23%,
106/06/20,-512,0,-83,-595,33104,1189,3379,37672,11.65%,13.26%,
106/06/19,-354,0,18,-336,33616,1189,3462,38267,11.83%,13.47%,
106/06/16,326,0,-12,314,34010,1189,3444,38643,11.97%,13.61%,
106/06/15,0,0,-276,-276,33684,1189,3456,38329,11.85%,13.49%,
106/06/14,-103,0,-300,-403,33684,1189,3732,38605,11.85%,13.59%,
106/06/13,-745,0,-6,-751,33687,1189,4032,38908,11.86%,13.70%,
106/06/12,81,0,-124,-43,34432,1189,4038,39659,12.12%,13.97%,
106/06/09,65,0,-192,-127,34399,1189,4162,39750,12.11%,14.00%,
106/06/08,-237,0,-24,-261,34334,1189,4354,39877,12.08%,14.04%,
106/06/07,-496,0,18,-478,34571,1189,4378,40138,12.17%,14.14%,
106/06/06,-263,-3,-185,-451,35084,1189,4360,40633,12.35%,14.31%,
106/06/05,-149,-1,256,106,35347,1192,4545,41084,12.44%,14.47%,
106/06/03,0,0,-34,-34,35496,1193,4289,40978,12.49%,14.43%,
106/06/02,-1783,0,-625,-2408,35496,1193,4323,41012,12.49%,14.44%,
106/06/01,795,0,1086,1881,37479,1193,4948,43620,13.19%,15.36%,
106/05/31,123,0,81,204,36934,1193,3862,41989,13.00%,14.78%,
106/05/26,-74,0,-410,-484,36792,1193,3781,41766,12.95%,14.71%,
106/05/25,-363,0,297,-66,36866,1193,4191,42250,12.97%,14.87%,
106/05/24,-402,0,19,-383,37229,1193,3894,42316,13.10%,14.90%,
106/05/23,-304,0,-9,-313,37664,1193,3875,42732,13.26%,15.05%,
106/05/22,-633,0,-131,-764,37996,1193,3884,43073,13.37%,15.16%,
106/05/19,-2195,0,-534,-2729,38629,1193,4015,43837,13.60%,15.44%,
106/05/18,225,0,665,890,40698,1193,4549,46440,14.32%,16.35%,
106/05/17,604,0,-533,71,40447,1193,3884,45524,14.24%,16.03%,
106/05/16,-123,0,-35,-158,39805,1193,4417,45415,14.01%,15.99%,
106/05/15,-44,0,237,193,40319,1193,4452,45964,14.19%,16.18%,
106/05/12,362,0,69,431,40387,1193,4215,45795,14.21%,16.12%,
106/05/11,-186,0,-210,-396,40364,1193,4146,45703,14.21%,16.09%,
106/05/10,508,0,190,698,40550,1193,4356,46099,14.27%,16.23%,
106/05/09,1503,0,-490,1013,40042,1193,4166,45401,14.09%,15.98%,
106/05/08,1382,0,-545,837,38539,1193,4656,44388,13.56%,15.62%,
106/05/05,106,57,-393,-230,37157,1193,5201,43551,13.08%,15.34%,
106/05/04,-6,0,41,35,37051,1136,5594,43781,13.04%,15.42%,
106/05/03,-516,0,-1377,-1893,36879,1136,5553,43568,12.98%,15.35%,
106/05/02,-838,0,1642,804,37395,1136,6930,45461,13.16%,16.01%,
106/04/28,423,0,-201,222,38183,1136,5288,44607,13.44%,15.71%,
106/04/27,-807,0,-391,-1198,37760,1136,5489,44385,13.29%,15.63%,
106/04/26,17,0,984,1001,38942,1136,5880,45958,13.71%,16.19%,
106/04/25,701,0,-80,621,38925,1136,4896,44957,13.70%,15.83%,
106/04/24,746,0,-17,729,38224,1136,4976,44336,13.45%,15.61%,
106/04/21,790,0,-539,251,37478,1136,4993,43607,13.19%,15.36%,
106/04/20,-1193,0,196,-997,36403,1136,5532,43071,12.93%,15.29%,
106/04/19,628,0,25,653,36496,1136,5336,42968,12.96%,15.25%,
106/04/18,-2655,0,-2232,-4887,35668,1136,5311,42115,12.66%,14.94%,
106/04/17,2510,0,1075,3585,38295,1136,7543,46974,13.60%,16.67%,
106/04/14,1068,-1,566,1633,35785,1136,6468,43389,12.71%,15.40%,
106/04/13,228,-43,-630,-445,34865,1137,5902,41904,12.38%,14.87%,
106/04/12,-554,0,1822,1268,34603,1180,6532,42315,12.29%,15.02%,
106/04/11,1853,0,-643,1210,35157,1180,4710,41047,12.48%,14.56%,
106/04/10,-573,0,-1265,-1838,33391,1180,5353,39924,11.86%,14.17%,
106/04/07,1824,0,1370,3194,33924,1180,6618,41722,12.05%,14.81%,
106/04/06,2401,0,2035,4436,32070,1180,5248,38498,11.39%,13.66%,
106/04/05,219,0,240,459,29653,1180,3213,34046,10.53%,12.08%,
106/03/31,352,0,-200,152,29434,1180,2973,33587,10.45%,11.92%,
106/03/30,36,0,383,419,29082,1182,3173,33437,10.33%,11.87%,
106/03/29,98,0,-58,40,28846,1182,2790,32818,10.24%,11.65%,
106/03/28,186,-424,-854,-1092,28748,1182,2848,32778,10.21%,11.64%,
106/03/27,496,-602,845,739,28562,1606,3702,33870,10.14%,12.02%,
106/03/24,-46,0,-738,-784,28066,2208,2857,33131,9.96%,11.75%,
106/03/23,188,-1000,1009,197,28112,2208,3595,33915,9.98%,12.03%,
106/03/22,189,0,-58,131,27924,3208,2586,33718,9.91%,11.96%,
106/03/21,88,11,-93,6,27735,3208,2644,33587,9.85%,11.92%,
106/03/20,-63,11,361,309,27647,3197,2737,33581,9.82%,11.92%,
106/03/17,520,0,0,520,27710,3186,2376,33272,9.84%,11.81%,
106/03/16,100,0,42,142,27190,3186,2376,32752,9.65%,11.62%,
106/03/15,-816,0,-186,-1002,27466,3186,2334,32986,9.75%,11.70%,
106/03/14,-244,0,-15,-259,28025,3186,2520,33731,9.95%,11.97%,
106/03/13,-142,0,211,69,28271,3186,2535,33992,10.04%,12.06%,
106/03/10,-275,0,-120,-395,28598,3186,2324,34108,10.15%,12.10%,
106/03/09,-186,0,-40,-226,28736,3186,2444,34366,10.20%,12.19%,
106/03/08,-38,0,-33,-71,29620,3186,2484,35290,10.52%,12.53%,
106/03/07,-163,0,-93,-256,29658,3186,2517,35361,10.53%,12.55%,
106/03/06,-170,0,48,-122,29871,3186,2610,35667,10.61%,12.66%,
106/03/03,-97,0,-27,-124,29948,3186,2562,35696,10.63%,12.66%,
106/03/02,-198,0,-362,-560,29955,3186,2589,35730,10.64%,12.68%,
106/03/01,-371,-668,17,-1022,30111,3186,2951,36248,10.69%,12.86%,
106/02/24,-227,0,-171,-398,30482,3854,2934,37270,10.82%,13.22%,
106/02/23,-1705,-252,-259,-2216,30909,3854,3105,37868,10.97%,13.43%,
106/02/22,-723,0,-720,-1443,32614,4106,3364,40084,11.58%,14.22%,
106/02/21,362,0,1057,1419,33337,4106,4084,41527,11.84%,14.74%,
106/02/20,180,0,326,506,32975,4106,3027,40108,11.71%,14.23%,
106/02/18,0,0,-87,-87,32795,4106,2701,39602,11.64%,14.05%,
106/02/17,241,-718,-74,-551,32795,4106,2788,39689,11.64%,14.08%,
106/02/16,36,0,509,545,33054,4824,2862,40740,11.74%,14.46%,
106/02/15,133,0,51,184,33018,4824,2353,40195,11.72%,14.26%,
106/02/14,135,63,-119,79,32785,4824,2302,39911,11.64%,14.16%,
106/02/13,142,0,-63,79,32650,4761,2421,39832,11.59%,14.13%,
106/02/10,118,0,-259,-141,32508,4761,2484,39753,11.54%,14.10%,
106/02/09,81,0,11,92,32390,4761,2743,39894,11.50%,14.16%,
106/02/08,126,0,-152,-26,32309,4761,2732,39802,11.47%,14.12%,
106/02/07,30,51,76,157,32183,4761,2884,39828,11.43%,14.14%,
106/02/06,38,0,182,220,32153,4710,2808,39671,11.42%,14.08%,
106/02/03,186,0,-58,128,32122,4710,2626,39458,11.41%,14.01%,
106/02/02,197,0,44,241,31936,4710,2684,39330,11.34%,13.96%,
106/01/24,10,0,-207,-197,31739,4710,2640,39089,11.27%,13.88%,
106/01/23,297,0,74,371,31704,4710,2847,39261,11.26%,13.94%,
106/01/20,-95,-143,-10,-248,31535,4710,2773,39018,11.20%,13.85%,
106/01/19,-195,0,-78,-273,31628,4853,2783,39264,11.23%,13.94%,
106/01/18,-46,0,49,3,31761,4853,2861,39475,11.28%,14.02%,
106/01/17,-47,0,-32,-79,31780,4853,2812,39445,11.28%,14.00%,
106/01/16,-157,0,34,-123,31621,4853,2844,39318,11.23%,13.96%,
106/01/13,-91,0,-74,-165,31778,4853,2810,39441,11.28%,14.00%,
106/01/12,72,0,-5,67,31850,4853,2884,39587,11.31%,14.05%,
106/01/11,-78,0,-97,-175,32778,4853,2889,40520,11.64%,14.39%,
106/01/10,38,0,-51,-13,32856,4853,2986,40695,11.67%,14.45%,
106/01/09,-528,0,-196,-724,32824,4853,3037,40714,11.65%,14.45%,
106/01/06,-536,-11,-742,-1289,33464,4853,3233,41550,11.88%,14.75%,
106/01/05,-175,-8,964,781,33600,4864,3975,42439,11.93%,15.07%,
106/01/04,-303,0,30,-273,33726,4872,3011,41609,11.98%,14.78%,
106/01/03,-63,0,-14,-77,34029,4872,2981,41882,12.08%,14.87%,
105/12/30,262,0,-173,89,34092,4872,2995,41959,12.11%,14.90%,
105/12/29,-24,0,52,28,33830,4872,3168,41870,12.01%,14.86%,
105/12/28,42,0,-83,-41,33854,4872,3116,41842,12.02%,14.85%,
105/12/27,-268,0,-56,-324,33812,4872,3199,41883,12.01%,14.87%,
105/12/26,-79,0,-57,-136,34080,4872,3255,42207,12.10%,14.98%,
105/12/23,215,0,-463,-248,34197,4872,3312,42381,12.14%,15.04%,
105/12/22,719,400,688,1807,33691,4872,3775,42338,11.96%,15.03%,
105/12/21,1105,800,-379,1526,32946,4472,3087,40505,11.70%,14.38%,
105/12/20,-58,0,185,127,31841,3672,3466,38979,11.31%,13.84%,
105/12/19,-10,0,-305,-315,31899,3672,3281,38852,11.33%,13.80%,
105/12/16,-251,0,-288,-539,31909,3672,3586,39167,11.33%,13.90%,
105/12/15,33,0,744,777,32160,3672,3874,39706,11.42%,14.10%,
105/12/14,109,0,-297,-188,32099,3672,3130,38901,11.40%,13.81%,
105/12/13,-19,0,-487,-506,31990,3672,3427,39089,11.36%,13.88%,
105/12/12,-152,0,1486,1334,32009,3672,3914,39595,11.37%,14.06%,
105/12/09,115,0,-130,-15,32161,3672,2428,38261,11.42%,13.58%,
105/12/08,100,0,41,141,32046,3672,2558,38276,11.38%,13.59%,
105/12/07,148,0,53,201,31946,3672,2517,38135,11.34%,13.54%,
105/12/06,79,0,-3,76,31798,3672,2464,37934,11.29%,13.47%,
105/12/05,-127,0,-1,-128,31669,3672,2467,37808,11.24%,13.42%,
105/12/02,13,0,-109,-96,31796,3672,2468,37936,11.29%,13.47%,
105/12/01,53,0,-37,16,31783,3672,2577,38032,11.28%,13.50%,
105/11/30,-80,0,-58,-138,31730,3672,2614,38016,11.27%,13.50%,
105/11/29,-104,0,-154,-258,31800,3672,2672,38144,11.29%,13.54%,
105/11/28,-5,0,-176,-181,32604,3672,2826,39102,11.58%,13.88%,
105/11/25,-95,0,-361,-456,32609,3672,3002,39283,11.58%,13.95%,
105/11/24,-69,0,1119,1050,32704,3672,3363,39739,11.61%,14.11%,
105/11/23,-325,0,-37,-362,32673,3672,2244,38589,11.60%,13.70%,
105/11/22,189,0,55,244,32998,3672,2281,38951,11.72%,13.83%,
105/11/21,-359,0,43,-316,32709,3672,2226,38607,11.61%,13.70%,
105/11/18,445,0,50,495,33068,3672,2183,38923,11.74%,13.82%,
105/11/17,-180,0,-55,-235,32573,3672,2133,38378,11.57%,13.63%,
105/11/16,22,0,-84,-62,32753,3672,2188,38613,11.63%,13.71%,
105/11/15,-47,-17,-4,-68,32731,3672,2272,38675,11.62%,13.73%,
105/11/14,8,-21,-94,-107,32778,3689,2276,38743,11.64%,13.76%,
105/11/11,76,-26,-26,24,32770,3710,2370,38850,11.64%,13.80%,
105/11/10,286,-21,109,374,32694,3736,2396,38826,11.61%,13.79%,
105/11/09,160,0,-327,-167,32408,3757,2287,38452,11.51%,13.65%,
105/11/08,86,0,28,114,32248,3757,2614,38619,11.45%,13.71%,
105/11/07,25,0,21,46,32162,3757,2586,38505,11.42%,13.67%,
105/11/04,-73,0,0,-73,32137,3757,2565,38459,11.41%,13.65%,
105/11/03,407,12,-168,251,32710,3757,2565,39032,11.61%,13.85%,
105/11/02,-207,0,-177,-384,32303,3745,2733,38781,11.47%,13.77%,
105/11/01,-71,0,-23,-94,32510,3745,2910,39165,11.54%,13.90%,
105/10/31,235,0,-175,60,32581,3745,2933,39259,11.57%,13.94%,
105/10/28,254,400,-182,472,32346,3745,3108,39199,11.48%,13.91%,
105/10/27,-89,0,-277,-366,32092,3345,3290,38727,11.39%,13.75%,
105/10/26,-943,0,-922,-1865,32181,3345,3567,39093,11.43%,13.89%,
105/10/25,-543,0,1466,923,33124,3345,4489,40958,11.76%,14.54%,
105/10/24,-89,0,-26,-115,33567,3345,3023,39935,11.92%,14.18%,
105/10/21,-350,439,-55,34,33656,3345,3049,40050,11.95%,14.22%,
105/10/20,-330,-2,168,-164,34006,2906,3104,40016,12.07%,14.20%,
105/10/19,156,300,-80,376,34326,2908,2936,40170,12.19%,14.27%,
105/10/18,-557,295,-48,-310,34070,2608,3016,39694,12.10%,14.10%,
105/10/17,-483,0,176,-307,34477,2313,3064,39854,12.24%,14.15%,
105/10/14,321,0,-268,53,34810,2313,2888,40011,12.36%,14.21%,
105/10/13,179,0,30,209,35111,2313,3156,40580,12.47%,14.41%,
105/10/12,207,0,-238,-31,35053,2313,3126,40492,12.45%,14.38%,
105/10/11,1263,0,-753,510,34880,2313,3364,40557,12.39%,14.41%,
105/10/07,189,0,256,445,33698,2313,4117,40128,11.97%,14.25%,
105/10/06,465,0,17,482,33593,2313,3861,39767,11.93%,14.12%,
105/10/05,-18,0,-166,-184,33293,2313,3844,39450,11.82%,14.01%,
105/10/04,1443,500,240,2183,33275,2313,4010,39598,11.81%,14.06%,
105/10/03,-292,0,-16,-308,31450,1813,3770,37033,11.17%,13.15%,
105/09/30,440,450,38,928,31610,1813,3786,37209,11.22%,13.21%,
105/09/29,-220,1350,-784,346,31170,1358,3748,36276,11.07%,12.88%,
105/09/26,-85,0,1316,1231,31403,8,4532,35943,11.15%,12.76%,
105/09/23,304,0,27,331,31488,8,3216,34712,11.18%,12.33%,
105/09/22,-325,0,10,-315,31184,8,3189,34381,11.07%,12.21%,
105/09/21,-100,0,33,-67,30509,8,3179,33696,10.83%,11.96%,
105/09/20,-123,0,-241,-364,30609,8,3146,33763,10.87%,11.99%,
105/09/19,-121,0,637,516,30732,8,3387,34127,10.91%,12.12%,
105/09/14,193,0,-151,42,30853,8,2750,33611,10.95%,11.93%,
105/09/13,330,0,-244,86,30626,8,2901,33535,10.87%,11.90%,
105/09/12,-2,0,-69,-71,30416,8,3145,33569,10.80%,11.92%,
105/09/10,0,0,-265,-265,30418,8,3214,33640,10.80%,11.94%,
105/09/09,-569,0,-30,-599,30418,8,3479,33905,10.80%,12.04%,
105/09/08,856,0,853,1709,30987,8,3509,34504,11.00%,12.25%,
105/09/07,210,0,73,283,30121,8,2656,32785,10.69%,11.64%,
105/09/06,-13,0,-46,-59,29911,8,2583,32502,10.62%,11.54%,
105/09/05,79,0,344,423,29924,8,2629,32561,10.62%,11.56%,
105/09/02,0,0,17,17,29922,8,2285,32215,10.62%,11.43%,
105/09/01,175,0,94,269,29922,8,2268,32198,10.62%,11.43%,
105/08/31,57,0,-21,36,29747,8,2174,31929,10.56%,11.34%,
105/08/30,163,0,-104,59,29709,8,2195,31912,10.55%,11.33%,
105/08/29,21,0,-18,3,29546,8,2299,31853,10.49%,11.31%,
105/08/26,82,0,76,158,29525,8,2317,31850,10.48%,11.31%,
105/08/25,171,2,-177,-4,29593,8,2241,31842,10.51%,11.31%,
105/08/24,-5,0,-29,-34,29414,6,2418,31838,10.44%,11.30%,
105/08/23,-13,0,-34,-47,29419,6,2447,31872,10.45%,11.32%,
105/08/22,12,0,-9,3,29432,6,2481,31919,10.45%,11.33%,
105/08/19,39,0,-19,20,29420,6,2490,31916,10.45%,11.34%,
105/08/18,42,0,-28,14,29305,6,2509,31820,10.40%,11.29%,
105/08/17,489,0,-137,352,29224,6,2537,31767,10.38%,11.28%,
105/08/16,360,0,-58,302,28676,6,2674,31356,10.18%,11.13%,
105/08/15,65,0,-149,-84,28294,6,2732,31032,10.05%,11.02%,
105/08/12,-899,0,-62,-961,28208,6,2881,31095,10.02%,11.05%,
105/08/11,255,0,32,287,29056,6,2943,32005,10.32%,11.37%,
105/08/10,-182,0,-447,-629,28801,6,2911,31718,10.23%,11.27%,
105/08/09,-332,0,566,234,28983,6,3358,32347,10.30%,11.50%,
105/08/08,-20,0,2,-18,29294,6,2792,32092,10.41%,11.40%,
105/08/05,-150,0,124,-26,29314,6,2790,32110,10.41%,11.40%,
105/08/04,-52,0,16,-36,29460,6,2666,32132,10.47%,11.42%,
105/08/03,-273,0,-26,-299,29494,6,2650,32150,10.48%,11.42%,
105/08/02,5,0,146,151,29762,6,2676,32444,10.57%,11.52%,
105/08/01,183,0,84,267,29757,6,2530,32293,10.57%,11.47%,
105/07/29,321,-1,32,352,29574,6,2446,32026,10.51%,11.38%,
105/07/28,85,0,-26,59,29253,7,2414,31674,10.39%,11.25%,
105/07/27,132,0,-64,68,29168,7,2440,31615,10.36%,11.23%,
105/07/26,330,0,54,384,29036,7,2504,31547,10.31%,11.20%,
105/07/25,13,0,-436,-423,28706,7,2450,31163,10.20%,11.07%,
105/07/22,-162,-1,-307,-470,28691,7,2886,31584,10.19%,11.22%,
105/07/21,-50,-1,688,637,28825,8,3193,32026,10.24%,11.38%,
105/07/20,374,-1,187,560,28837,9,2504,31350,10.24%,11.13%,
105/07/19,424,0,-54,370,28463,10,2317,30790,10.11%,10.94%,
105/07/18,268,0,78,346,27949,10,2371,30330,9.93%,10.78%,
105/07/15,399,0,112,511,27671,10,2293,29974,9.83%,10.65%,
105/07/14,119,0,-272,-153,27272,10,2181,29463,9.69%,10.47%,
105/07/13,858,0,267,1125,27143,10,2453,29606,9.64%,10.52%,
105/07/12,519,0,-144,375,26234,10,2186,28430,9.32%,10.10%,
105/07/11,379,0,102,481,23995,10,2330,26335,8.52%,9.35%,
105/07/07,75,0,-68,7,23583,10,2228,25821,8.38%,9.18%,
105/07/06,342,0,-74,268,23509,10,2296,25815,8.35%,9.17%,
105/07/05,-157,0,-839,-996,23167,10,2370,25547,8.23%,9.08%,
105/07/04,-41,0,660,619,23324,10,3209,26543,8.28%,9.42%,
105/07/01,179,0,219,398,23365,10,2549,25924,8.30%,9.21%,
105/06/30,397,0,125,522,23186,10,2330,25526,8.24%,9.07%,
105/06/29,183,0,135,318,22770,24,2205,24999,8.09%,8.88%,
105/06/28,266,0,181,447,23300,24,2070,25394,8.28%,9.02%,
105/06/27,-148,12,-29,-165,23282,24,1889,25195,8.27%,8.95%,
105/06/24,259,12,26,297,23742,12,1918,25672,8.43%,9.12%,
105/06/23,550,0,117,667,23491,0,1892,25383,8.34%,9.01%,
105/06/22,194,0,-67,127,22941,0,1775,24716,8.15%,8.78%,
105/06/21,24,0,-7,17,22747,0,1842,24589,8.08%,8.73%,
105/06/20,-12,0,193,181,22723,0,1849,24572,8.07%,8.73%,
105/06/17,21,0,34,55,22705,0,1656,24361,8.06%,8.65%,
105/06/16,212,0,0,212,22674,0,1622,24296,8.05%,8.63%,
105/06/15,54,0,-5,49,22462,0,1622,24084,7.98%,8.56%,
105/06/14,119,0,25,144,22408,0,1627,24035,7.96%,8.54%,
105/06/13,-18,0,2,-16,22289,0,1602,23891,7.92%,8.49%,
105/06/08,92,0,2,94,22307,0,1600,23907,7.92%,8.49%,
105/06/07,382,0,3,385,23007,0,1598,24605,8.17%,8.76%,
105/06/06,33,0,-5,28,22625,0,1595,24220,8.04%,8.62%,
105/06/04,0,0,-5,-5,22592,0,1600,24192,8.26%,8.85%,
105/06/03,322,0,8,330,22592,0,1605,24197,8.26%,8.85%,
105/06/02,355,0,-30,325,22154,0,1597,23751,8.10%,8.68%,
105/06/01,138,0,-33,105,21799,0,1627,23426,7.97%,8.57%,
105/05/31,185,0,-19,166,21769,0,1660,23429,7.96%,8.57%,
105/05/30,135,0,-1,134,22116,0,1679,23795,8.09%,8.70%,
105/05/27,287,0,51,338,21834,0,1680,23514,7.99%,8.61%,
105/05/26,78,0,7,85,21537,0,1629,23166,7.88%,8.48%,
105/05/25,253,0,-1,252,21459,0,1622,23081,7.85%,8.44%,
105/05/24,122,0,14,136,21206,0,1623,22829,7.76%,8.35%,
105/05/23,-67,0,22,-45,21084,0,1609,22693,7.71%,8.30%,
105/05/20,2,0,-16,-14,21141,0,1587,22728,7.73%,8.31%,
105/05/19,-152,0,-1,-153,21128,0,1603,22731,7.73%,8.32%,
105/05/18,-8,0,-3,-11,21268,0,1604,22872,7.78%,8.37%,
105/05/17,-6,0,-3,-9,21275,0,1607,22882,7.78%,8.37%,
105/05/16,-63,0,1,-62,21431,0,1610,23041,7.84%,8.43%,
105/05/13,-19,0,-7,-26,21311,0,1609,22920,7.79%,8.38%,
105/05/12,-63,0,-121,-184,21330,0,1616,22946,7.80%,8.39%,
105/05/11,-64,0,-43,-107,21393,0,1737,23130,7.82%,8.46%,
105/05/10,152,0,61,213,21459,0,1780,23239,7.85%,8.50%,
105/05/09,-79,0,-29,-108,21330,0,1719,23049,7.80%,8.43%,
105/05/06,-181,0,-2,-183,21399,0,1748,23147,7.83%,8.47%,
105/05/05,92,0,-8,84,21580,0,1750,23330,7.89%,8.53%,
105/05/04,-198,0,-5,-203,21651,0,1758,23409,7.92%,8.56%,
105/05/03,-217,0,-59,-276,21839,0,1763,23602,7.99%,8.64%,
105/04/29,-271,0,115,-156,21503,0,1822,23325,7.86%,8.53%,
105/04/28,-287,0,12,-275,21666,0,1707,23373,7.92%,8.55%,
105/04/27,-75,0,-13,-88,21974,0,1695,23669,8.04%,8.66%,
105/04/26,-73,0,-23,-96,21623,0,1708,23331,7.91%,8.54%,
105/04/25,153,0,-6,147,21667,0,1731,23398,7.92%,8.55%,
105/04/22,-557,0,-55,-612,20842,0,1737,22579,7.65%,8.29%,
105/04/21,-180,0,-39,-219,21193,0,1792,22985,7.77%,8.43%,
105/04/20,-130,0,50,-80,20910,0,1831,22741,7.67%,8.34%,
105/04/19,229,0,-234,-5,20925,0,1781,22706,7.68%,8.33%,
105/04/18,221,0,382,603,20624,0,2015,22639,7.57%,8.31%,
105/04/15,-23,-21,8,-36,20320,0,1633,21953,7.45%,8.05%,
105/04/14,-109,0,0,-109,20343,11,1625,21979,7.46%,8.06%,
105/04/13,33,0,-6,27,20424,11,1625,22060,7.49%,8.09%,
105/04/12,-271,0,-42,-313,20432,11,1631,22074,7.49%,8.09%,
105/04/11,-114,0,-5,-119,20702,11,1673,22386,7.59%,8.21%,
105/04/08,-234,0,-4,-238,20864,11,1678,22553,7.65%,8.27%,
105/04/07,-164,0,29,-135,21471,11,1682,23164,7.88%,8.50%,
105/04/06,92,0,-12,80,22312,11,1653,23976,8.19%,8.80%,
105/04/01,123,0,6,129,22331,11,1665,24007,8.19%,8.80%,
105/03/31,-18,0,1,-17,22368,11,1659,24038,8.21%,8.82%,
105/03/30,174,0,3,177,22439,9,1658,24106,8.23%,8.84%,
105/03/29,-291,0,-30,-321,23702,9,1655,25366,8.70%,9.31%,
105/03/28,-50,0,-32,-82,23856,9,1685,25550,8.75%,9.37%,
105/03/25,77,0,-58,19,25006,9,1717,26732,9.17%,9.80%,
105/03/24,103,0,-5,98,24899,9,1775,26683,9.13%,9.78%,
105/03/23,14,0,-8,6,24825,9,1780,26614,9.11%,9.77%,
105/03/22,75,0,-17,58,24838,9,1788,26635,9.11%,9.77%,
105/03/21,-37,0,-147,-184,25613,9,1805,27427,9.40%,10.06%,
105/03/18,298,0,-13,285,25650,9,1952,27611,9.41%,10.13%,
105/03/17,-543,0,-56,-599,25312,9,1965,27286,9.29%,10.01%,
105/03/16,-484,0,-42,-526,25871,9,2021,27901,9.49%,10.23%,
105/03/15,-976,0,-21,-997,26419,9,2063,28491,9.69%,10.45%,
105/03/14,-40,0,-198,-238,28000,9,2084,30093,10.27%,11.04%,
105/03/11,-77,0,-392,-469,28040,9,2282,30331,10.29%,11.13%,
105/03/10,728,0,901,1629,28077,9,2674,30760,10.30%,11.28%,
105/03/09,273,0,-57,216,27349,9,1773,29131,10.03%,10.68%,
105/03/08,263,0,91,354,27236,9,1830,29075,9.99%,10.66%,
105/03/07,101,0,-19,82,26973,9,1739,28721,9.90%,10.54%,
105/03/04,130,0,-36,94,26872,9,1758,28639,9.86%,10.51%,
105/03/03,382,0,26,408,26846,9,1794,28649,9.85%,10.51%,
105/03/02,387,0,44,431,26576,9,1768,28353,9.75%,10.40%,
105/03/01,305,0,81,386,26510,9,1724,28243,9.73%,10.37%,
105/02/26,301,0,-10,291,26100,9,1643,27752,9.58%,10.19%,
105/02/25,386,0,-12,374,25799,9,1653,27461,9.47%,10.08%,
105/02/24,363,0,-111,252,25790,9,1665,27464,9.46%,10.07%,
105/02/23,84,0,-17,67,25417,9,1776,27202,9.32%,9.97%,
105/02/22,-118,0,-56,-174,25525,9,1793,27327,9.36%,10.02%,
105/02/19,-309,0,71,-238,25803,9,1849,27661,9.47%,10.15%,
105/02/18,214,0,-51,163,26112,9,1778,27899,9.58%,10.23%,
105/02/17,69,0,-62,7,25898,9,1829,27736,9.50%,10.17%,
105/02/16,349,0,287,636,25825,9,1891,27725,9.47%,10.17%,
105/02/15,58,0,13,71,25487,9,1604,27100,9.35%,9.94%,
105/02/03,422,0,-15,407,25479,9,1591,27079,9.35%,9.94%,
105/02/02,900,0,1,901,25134,9,1606,26749,9.22%,9.81%,
105/02/01,111,0,-113,-2,24235,9,1605,25849,8.89%,9.48%,
105/01/30,0,2,36,38,24019,9,1718,25746,8.81%,9.44%,
105/01/29,144,0,-52,92,24025,7,1682,25714,8.81%,9.43%,
105/01/28,293,0,-18,275,24031,7,1734,25772,8.82%,9.46%,
105/01/27,39,0,102,141,23753,7,1752,25512,8.71%,9.36%,
105/01/26,-2,0,-29,-31,23659,7,1650,25316,8.68%,9.29%,
105/01/25,282,0,-61,221,24142,7,1679,25828,8.86%,9.48%,
105/01/22,99,0,-49,50,23860,7,1740,25607,8.75%,9.39%,
105/01/21,-48,0,-140,-188,23761,7,1789,25557,8.72%,9.38%,
105/01/20,-62,-2,21,-43,23840,7,1929,25776,8.75%,9.46%,
105/01/19,-120,-1,43,-78,23610,9,1908,25527,8.66%,9.36%,
105/01/18,211,0,18,229,24177,10,1865,26052,8.87%,9.56%,
105/01/15,8,-2,-100,-94,24106,10,1847,25963,8.84%,9.52%,
105/01/14,428,0,-19,409,24139,12,1947,26098,8.86%,9.58%,
105/01/13,420,0,-8,412,23728,12,1966,25706,8.70%,9.43%,
105/01/12,207,0,-34,173,23552,12,1974,25538,8.64%,9.37%,
105/01/11,-152,0,-190,-342,23890,12,2008,25910,8.76%,9.50%,
105/01/08,-63,0,-62,-125,23949,12,2198,26159,8.79%,9.60%,
105/01/07,402,0,-18,384,23930,12,2260,26202,8.78%,9.61%,
105/01/06,305,0,-139,166,23371,12,2278,25661,8.57%,9.41%,
105/01/05,606,0,-191,415,23055,12,2417,25484,8.46%,9.35%,
105/01/04,-163,0,27,-136,22409,12,2608,25029,8.22%,9.18%,
104/12/31,177,0,16,193,22572,12,2581,25165,8.28%,9.23%,
104/12/30,79,0,9,88,22385,27,2565,24977,8.21%,9.16%,
104/12/29,55,6,-59,2,22306,27,2556,24889,8.18%,9.13%,
104/12/28,-126,7,22,-97,22507,21,2615,25143,8.26%,9.23%,
104/12/25,453,0,-80,373,22633,14,2593,25240,8.30%,9.26%,
104/12/24,-135,0,21,-114,22180,14,2673,24867,8.14%,9.13%,
104/12/23,237,0,-193,44,22115,14,2652,24781,8.11%,9.09%,
104/12/22,-492,-4,168,-328,21928,14,2845,24787,8.04%,9.09%,
104/12/21,-117,0,-48,-165,22485,18,2677,25180,8.25%,9.24%,
104/12/18,180,0,3,183,22748,18,2725,25491,8.35%,9.36%,
104/12/17,427,0,-70,357,22558,18,2722,25298,8.28%,9.29%,
104/12/16,-85,0,-27,-112,22131,18,2792,24941,8.12%,9.15%,
104/12/15,2,0,-177,-175,22116,18,2819,24953,8.11%,9.15%,
104/12/14,66,0,-185,-119,22114,18,2996,25128,8.11%,9.22%,
104/12/11,-608,0,-114,-722,22038,18,3181,25237,8.08%,9.25%,
104/12/10,309,0,-26,283,22622,18,3295,25935,8.30%,9.52%,
104/12/09,-34,0,-141,-175,22179,18,3321,25518,8.14%,9.37%,
104/12/08,-86,0,106,20,22213,18,3462,25693,8.15%,9.43%,
104/12/07,-942,0,-272,-1214,22258,18,3356,25632,8.17%,9.41%,
104/12/04,-61,0,943,882,22683,18,3628,26329,8.32%,9.66%,
104/12/03,396,0,-307,89,22953,18,2685,25656,8.42%,9.41%,
104/12/02,-421,0,425,4,22539,18,2992,25549,8.27%,9.37%,
104/12/01,-38,0,-43,-81,22742,18,2567,25327,8.34%,9.29%,
104/11/30,-695,0,-253,-948,22565,18,2610,25193,8.28%,9.24%,
104/11/27,657,0,702,1359,23221,18,2863,26102,8.52%,9.58%,
104/11/26,-395,0,35,-360,22590,18,2161,24769,8.29%,9.09%,
104/11/25,1,0,-141,-140,22511,18,2126,24655,8.26%,9.05%,
104/11/24,-255,0,136,-119,22236,18,2267,24521,8.16%,9.00%,
104/11/23,60,0,25,85,22491,18,2131,24640,8.25%,9.04%,
104/11/20,-333,0,-185,-518,22431,18,2106,24555,8.23%,9.01%,
104/11/19,561,0,235,796,22764,18,2291,25073,8.35%,9.20%,
104/11/18,-287,0,-24,-311,22193,18,2056,24267,8.14%,8.90%,
104/11/17,-188,0,51,-137,22396,18,2080,24494,8.22%,8.99%,
104/11/16,58,0,22,80,22448,18,2029,24495,8.23%,8.98%,
104/11/13,-5,0,-17,-22,21776,18,2007,23801,7.99%,8.73%,
104/11/12,-189,0,-47,-236,21781,18,2024,23823,7.99%,8.74%,
104/11/11,-1124,0,-149,-1273,21690,18,2071,23779,7.96%,8.73%,
104/11/10,-725,0,-323,-1048,22506,18,2220,24744,8.26%,9.08%,
104/11/09,-374,0,155,-219,23076,18,2543,25637,8.47%,9.41%,
104/11/06,-585,0,44,-541,23355,18,2388,25761,8.57%,9.45%,
104/11/05,-681,0,-687,-1368,23940,18,2344,26302,8.78%,9.65%,
104/11/04,446,1,871,1318,24600,18,3031,27649,9.02%,10.14%,
104/11/03,-179,0,128,-51,24004,17,2160,26181,8.81%,9.61%,
104/11/02,-65,0,23,-42,24083,17,2032,26132,8.84%,9.59%,
104/10/30,-10,0,-96,-106,24258,17,2009,26284,8.90%,9.64%,
104/10/29,-672,0,-415,-1087,24505,17,2105,26627,8.99%,9.77%,
104/10/28,-577,0,-182,-759,25167,17,2520,27704,9.23%,10.16%,
104/10/27,-206,0,546,340,25614,17,2702,28333,9.40%,10.40%,
104/10/26,439,0,149,588,26059,17,2156,28232,9.56%,10.36%,
104/10/23,64,0,-214,-150,25364,17,2007,27388,9.31%,10.05%,
104/10/22,87,0,229,316,25516,17,2221,27754,9.36%,10.18%,
104/10/21,203,0,-50,153,25429,17,1992,27438,9.33%,10.07%,
104/10/20,-14,0,-1,-15,25076,17,2042,27135,9.20%,9.96%,
104/10/19,-374,0,-30,-404,25080,17,2043,27140,9.20%,9.96%,
104/10/16,337,0,-690,-353,25434,17,2073,27524,9.33%,10.10%,
104/10/15,-396,0,97,-299,24580,17,2763,27360,9.02%,10.04%,
104/10/14,-181,0,912,731,25032,17,2666,27715,9.18%,10.16%,
104/10/13,-13,0,19,6,25069,17,1754,26840,9.20%,9.85%,
104/10/12,-221,0,-1,-222,25482,17,1735,27234,9.35%,9.99%,
104/10/08,-454,0,-97,-551,25553,17,1736,27306,9.37%,10.01%,
104/10/07,519,0,22,541,25897,17,1833,27747,9.50%,10.18%,
104/10/06,-110,0,-137,-247,25709,17,1811,27537,9.43%,10.10%,
104/10/05,190,5,200,395,25805,17,1948,27770,9.47%,10.19%,
104/10/02,-279,1,30,-248,24457,12,1748,26217,8.97%,9.62%,
104/10/01,30,0,-20,10,24624,11,1718,26353,9.03%,9.66%,
104/09/30,-433,0,-99,-532,24075,11,1738,25824,8.83%,9.47%,
104/09/25,-75,0,29,-46,24313,21,1837,26171,8.92%,9.60%,
104/09/24,-726,0,-209,-935,24288,21,1808,26117,8.91%,9.58%,
104/09/23,-479,0,-1,-480,24857,21,2017,26895,9.12%,9.87%,
104/09/22,-154,0,112,-42,25136,21,2018,27175,9.22%,9.97%,
104/09/21,-869,0,-22,-891,25290,21,1906,27217,9.28%,9.99%,
104/09/18,-828,0,-69,-897,26160,21,1928,28109,9.60%,10.32%,
104/09/17,-773,0,204,-569,26884,21,1997,28902,9.86%,10.60%,
104/09/16,-15,0,-48,-63,27657,21,1793,29471,10.15%,10.82%,
104/09/15,-429,0,-38,-467,27672,21,1841,29534,10.15%,10.83%,
104/09/14,-488,0,-161,-649,27633,21,1879,29533,10.14%,10.84%,
104/09/11,-718,0,85,-633,28120,21,2040,30181,10.32%,11.08%,
104/09/10,-415,0,-251,-666,28838,21,1955,30814,10.58%,11.31%,
104/09/09,-192,0,431,239,29254,21,2206,31481,10.73%,11.55%,
104/09/08,-320,0,32,-288,29118,21,1775,30914,10.68%,11.34%,
104/09/07,43,1,-58,-14,29138,21,1743,30902,10.69%,11.34%,
104/09/04,-781,-3,-286,-1070,29063,20,1801,30884,10.66%,11.33%,
104/09/03,88,0,245,333,30087,23,2087,32197,11.04%,11.81%,
104/09/02,-168,0,286,118,30009,23,1842,31874,11.01%,11.69%,
104/09/01,-637,-1,-38,-676,30177,23,1556,31756,11.07%,11.65%,
104/08/31,-248,-1,-139,-388,30569,24,1594,32187,11.22%,11.81%,
104/08/28,-962,0,184,-778,30807,25,1733,32565,11.30%,11.95%,
104/08/27,70,0,-23,47,31445,25,1549,33019,11.54%,12.12%,
104/08/26,-327,0,21,-306,31375,25,1572,32972,11.51%,12.10%,
104/08/25,434,0,12,446,31702,25,1551,33278,11.63%,12.21%,
104/08/24,487,0,-7,480,31268,25,1539,32832,11.47%,12.04%,
104/08/21,-388,0,-54,-442,30781,25,1546,32352,11.29%,11.87%,
104/08/20,537,0,-7,530,31169,25,1600,32794,11.44%,12.04%,
104/08/19,-426,0,-34,-460,30694,25,1607,32326,11.26%,11.86%,
104/08/18,175,0,-45,130,31120,25,1641,32786,11.42%,12.03%,
104/08/17,-10,0,-48,-58,30971,25,1686,32682,11.36%,11.99%,
104/08/14,203,0,26,229,31054,25,1734,32813,11.39%,12.04%,
104/08/13,365,0,52,417,30843,25,1708,32576,11.32%,11.96%,
104/08/12,737,2,24,763,30723,25,1656,32404,11.27%,11.89%,
104/08/11,-1181,0,-215,-1396,29985,23,1632,31640,11.00%,11.61%,
104/08/10,-49,0,178,129,30798,23,1847,32668,11.30%,11.99%,
104/08/07,265,0,2,267,30847,23,1669,32539,11.32%,11.94%,
104/08/06,-220,0,1,-219,30680,23,1667,32370,11.26%,11.88%,
104/08/05,571,0,19,590,30900,23,1666,32589,11.34%,11.96%,
104/08/04,450,0,-27,423,30319,23,1647,31989,11.12%,11.73%,
104/08/03,62,0,-7,55,29896,23,1674,31593,10.97%,11.59%,
104/07/31,-211,0,-130,-341,29824,23,1681,31528,10.94%,11.57%,
104/07/30,-82,0,15,-67,29870,23,1811,31704,10.96%,11.63%,
104/07/29,239,0,17,256,29889,23,1796,31708,10.97%,11.64%,
104/07/28,-37,3,19,-15,29520,23,1779,31322,10.83%,11.49%,
104/07/27,-158,0,-103,-261,29258,20,1760,31038,10.73%,11.38%,
104/07/24,-74,0,-26,-100,29379,20,1863,31262,10.78%,11.47%,
104/07/23,-580,0,-71,-651,29508,20,1889,31417,10.83%,11.53%,
104/07/22,52,0,-33,19,29588,20,1960,31568,10.86%,11.59%,
104/07/21,56,0,10,66,29741,20,1993,31754,10.91%,11.65%,
104/07/20,9,0,-34,-25,29727,20,1983,31730,10.91%,11.65%,
104/07/17,-187,8,11,-168,29699,20,2017,31736,10.90%,11.65%,
104/07/16,-154,0,-14,-168,29810,12,2006,31828,10.94%,11.68%,
104/07/15,-626,2,-18,-642,29965,12,2020,31997,10.99%,11.74%,
104/07/14,-285,0,39,-246,30464,10,2038,32512,11.18%,11.93%,
104/07/13,214,-800,-6,-592,30749,10,1999,32758,11.28%,12.02%,
104/07/09,103,0,3,106,30529,