日期,外資買賣超,投信買賣超,自營商買賣超,單日合計買賣超,外資估計持股,投信估計持股,自營商估計持股,單日合計估計持股,外資持股比重,三大法人持股比重,
107/03/31,0,0,0,0,43496,330,8,43834,55.27%,55.70%,
107/03/30,5,0,0,5,43496,330,8,43834,55.27%,55.70%,
107/03/29,30,0,0,30,43491,330,8,43829,55.26%,55.69%,
107/03/28,59,0,0,59,43461,330,8,43799,55.23%,55.66%,
107/03/27,-2,-0,1,-1,43392,330,8,43730,55.14%,55.57%,
107/03/26,26,0,-1,25,43394,330,7,43731,55.14%,55.57%,
107/03/23,4,2,0,6,43367,330,8,43705,55.11%,55.54%,
107/03/22,32,0,0,32,43364,328,8,43700,55.10%,55.53%,
107/03/21,48,0,-1,47,43332,328,8,43668,55.06%,55.49%,
107/03/20,15,0,-1,14,43284,328,9,43621,55.00%,55.43%,
107/03/19,41,0,4,45,43270,328,10,43608,54.98%,55.41%,
107/03/16,-0,0,-5,-5,43229,328,6,43563,54.93%,55.35%,
107/03/15,32,0,4,36,43229,328,11,43568,54.93%,55.36%,
107/03/14,0,0,1,1,43197,328,7,43532,54.89%,55.32%,
107/03/13,41,0,0,41,43197,328,6,43531,54.89%,55.31%,
107/03/12,29,0,0,29,43155,328,6,43489,54.84%,55.26%,
107/03/09,27,0,0,27,43125,328,6,43459,54.80%,55.22%,
107/03/08,13,0,0,13,43098,328,6,43432,54.77%,55.19%,
107/03/07,-2,0,1,-1,43085,328,6,43419,54.75%,55.17%,
107/03/06,9,2,-2,9,43088,328,5,43421,54.75%,55.17%,
107/03/05,21,4,1,26,43094,326,7,43427,54.76%,55.18%,
107/03/02,-2,15,1,14,43073,322,6,43401,54.73%,55.15%,
107/03/01,90,0,3,93,43075,307,5,43387,54.74%,55.14%,
107/02/27,20,0,0,20,42985,307,2,43294,54.62%,55.01%,
107/02/26,-11,0,0,-11,42965,307,2,43274,54.60%,54.99%,
107/02/23,-28,4,0,-24,42977,307,2,43286,54.61%,55.00%,
107/02/22,-17,8,0,-9,43005,303,2,43310,54.65%,55.04%,
107/02/21,11,0,0,11,43022,295,2,43319,54.67%,55.05%,
107/02/12,-5,0,0,-5,43011,295,2,43308,54.65%,55.03%,
107/02/09,-2,0,0,-2,43016,295,2,43313,54.66%,55.04%,
107/02/08,0,0,1,1,43018,295,2,43315,54.66%,55.04%,
107/02/07,-9,-5,0,-14,43018,295,1,43314,54.66%,55.04%,
107/02/06,-7,0,0,-7,43027,300,1,43328,54.68%,55.06%,
107/02/05,3,0,0,3,43034,300,1,43335,54.68%,55.06%,
107/02/02,17,0,0,17,43031,300,1,43332,54.68%,55.06%,
107/02/01,17,0,-1,16,43014,300,1,43315,54.66%,55.04%,
107/01/31,-6,0,0,-6,42998,300,2,43300,54.64%,55.02%,
107/01/30,-3,2,0,-1,43034,300,2,43336,54.68%,55.06%,
107/01/29,2,0,-1,1,43037,298,2,43337,54.69%,55.07%,
107/01/26,-2,0,0,-2,43025,298,3,43326,54.67%,55.05%,
107/01/25,-5,0,1,-4,43027,298,3,43328,54.67%,55.05%,
107/01/24,2,0,0,2,43022,298,2,43322,54.67%,55.05%,
107/01/23,-13,0,0,-13,43018,298,2,43318,54.66%,55.04%,
107/01/22,2,0,0,2,43031,298,2,43331,54.68%,55.06%,
107/01/19,4,0,0,4,43029,298,2,43329,54.68%,55.06%,
107/01/18,9,0,-1,8,43025,298,2,43325,54.67%,55.05%,
107/01/17,9,0,1,10,43016,298,3,43317,54.66%,55.04%,
107/01/16,11,0,-1,10,43007,298,2,43307,54.65%,55.03%,
107/01/15,0,0,0,0,42996,298,3,43297,54.64%,55.02%,
107/01/12,11,0,0,11,42995,298,3,43296,54.63%,55.01%,
107/01/11,0,0,0,0,42983,298,3,43284,54.62%,55.00%,
107/01/10,6,2,0,8,42983,298,3,43284,54.62%,55.00%,
107/01/09,10,0,1,11,42977,296,3,43276,54.61%,54.99%,
107/01/08,9,0,0,9,42976,296,2,43274,54.61%,54.99%,
107/01/05,42,0,0,42,42984,296,2,43282,54.62%,55.00%,
107/01/04,37,0,-2,35,42944,296,2,43242,54.57%,54.95%,
107/01/03,22,0,0,22,42897,296,4,43197,54.51%,54.89%,
107/01/02,25,0,-2,23,42910,296,4,43210,54.53%,54.91%,
106/12/29,34,0,3,37,42885,296,6,43187,54.49%,54.87%,
106/12/28,3,0,0,3,42867,282,3,43152,54.47%,54.83%,
106/12/27,11,0,0,11,42844,282,3,43129,54.44%,54.80%,
106/12/26,12,0,-3,9,42833,282,3,43118,54.43%,54.79%,
106/12/25,2,0,0,2,42821,282,6,43109,54.41%,54.78%,
106/12/22,0,0,2,2,42819,282,6,43107,54.41%,54.78%,
106/12/21,-2,0,0,-2,42819,282,4,43105,54.41%,54.77%,
106/12/20,10,1,3,14,42826,282,4,43112,54.42%,54.78%,
106/12/19,5,0,0,5,42813,281,1,43095,54.40%,54.76%,
106/12/18,-4,1,0,-3,42809,281,1,43091,54.40%,54.76%,
106/12/15,15,-2,-1,12,42813,280,1,43094,54.40%,54.76%,
106/12/14,5,0,0,5,42798,282,2,43082,54.38%,54.74%,
106/12/13,-7,0,0,-7,42793,282,2,43077,54.38%,54.74%,
106/12/12,-8,0,0,-8,42799,282,2,43083,54.39%,54.75%,
106/12/11,-5,0,0,-5,42802,282,2,43086,54.39%,54.75%,
106/12/08,6,0,0,6,42807,282,2,43091,54.40%,54.76%,
106/12/07,2,0,0,2,42801,282,2,43085,54.39%,54.75%,
106/12/06,12,0,0,12,42804,282,2,43088,54.39%,54.75%,
106/12/05,12,0,0,12,42792,282,2,43076,54.38%,54.74%,
106/12/04,5,0,-1,4,42731,282,2,43015,54.30%,54.66%,
106/12/01,14,0,0,14,42711,282,3,42996,54.27%,54.63%,
106/11/30,11,0,0,11,42697,282,3,42982,54.26%,54.62%,
106/11/29,22,-1,0,21,42718,282,3,43003,54.28%,54.64%,
106/11/28,11,0,0,11,42696,283,3,42982,54.25%,54.61%,
106/11/27,10,0,0,10,42684,283,3,42970,54.24%,54.60%,
106/11/24,13,0,0,13,42664,283,3,42950,54.21%,54.57%,
106/11/23,10,0,-1,9,42641,283,3,42927,54.18%,54.54%,
106/11/22,29,0,0,29,42649,283,4,42936,54.19%,54.55%,
106/11/21,-27,0,-4,-31,42620,283,4,42907,54.16%,54.52%,
106/11/20,-5,0,3,-2,42641,283,8,42932,54.18%,54.55%,
106/11/17,6,-1,0,5,42638,283,5,42926,54.18%,54.55%,
106/11/16,29,0,0,29,42628,284,5,42917,54.17%,54.54%,
106/11/15,7,0,0,7,42603,284,5,42892,54.14%,54.51%,
106/11/14,7,0,0,7,42593,284,5,42882,54.12%,54.49%,
106/11/13,-2,0,-3,-5,42596,284,5,42885,54.13%,54.50%,
106/11/10,0,0,0,0,42593,284,8,42885,54.12%,54.49%,
106/11/09,-19,0,-1,-20,42603,284,8,42895,54.14%,54.51%,
106/11/08,-22,0,1,-21,42622,284,9,42915,54.16%,54.53%,
106/11/07,-9,0,0,-9,42644,284,8,42936,54.19%,54.56%,
106/11/06,2,0,0,2,42653,284,8,42945,54.20%,54.57%,
106/11/03,-2,-2,-9,-13,42651,284,8,42943,54.20%,54.57%,
106/11/02,-20,0,0,-20,42653,286,17,42956,54.20%,54.59%,
106/11/01,-0,0,0,0,42686,286,17,42989,54.24%,54.63%,
106/10/31,1,0,0,1,42686,286,17,42989,54.24%,54.63%,
106/10/30,-34,0,5,-29,42685,286,17,42988,54.24%,54.63%,
106/10/27,63,0,0,63,42720,286,12,43018,54.28%,54.66%,
106/10/26,51,0,2,53,42656,286,12,42954,54.20%,54.58%,
106/10/25,10,0,-1,9,42605,286,10,42901,54.14%,54.52%,
106/10/24,7,0,-4,3,42585,286,11,42882,54.11%,54.49%,
106/10/23,1,2,7,10,42577,286,15,42878,54.10%,54.48%,
106/10/20,6,0,0,6,42576,284,8,42868,54.10%,54.47%,
106/10/19,8,0,0,8,42570,284,8,42862,54.09%,54.46%,
106/10/18,8,0,-3,5,42562,284,8,42854,54.08%,54.45%,
106/10/17,23,-15,-2,6,42570,284,11,42865,54.09%,54.46%,
106/10/16,20,-1,-2,17,42547,299,13,42859,54.07%,54.47%,
106/10/13,9,0,0,9,42528,300,15,42843,54.04%,54.44%,
106/10/12,5,0,2,7,42519,300,15,42834,54.03%,54.43%,
106/10/11,44,0,-2,42,42512,300,13,42825,54.02%,54.42%,
106/10/06,4,0,2,6,42463,300,15,42778,53.96%,54.36%,
106/10/05,23,0,-3,20,42459,300,13,42772,53.95%,54.35%,
106/10/03,23,0,-1,22,42434,300,16,42750,53.92%,54.32%,
106/10/02,40,0,-2,38,42410,300,17,42727,53.89%,54.29%,
106/09/30,0,0,1,1,42360,300,19,42679,53.83%,54.24%,
106/09/29,-14,3,6,-5,42360,287,18,42665,53.83%,54.22%,
106/09/28,8,0,-7,1,42373,284,12,42669,53.84%,54.22%,
106/09/27,15,0,1,16,42365,284,19,42668,53.83%,54.22%,
106/09/26,63,-16,-3,44,42347,284,18,42649,53.81%,54.19%,
106/09/25,61,0,8,69,42278,300,21,42599,53.72%,54.13%,
106/09/22,98,0,9,107,42209,300,13,42522,53.64%,54.04%,
106/09/21,47,-2,0,45,42119,300,4,42423,53.52%,53.91%,
106/09/20,34,-2,0,32,42073,302,4,42379,53.46%,53.85%,
106/09/19,25,1,0,26,42028,304,4,42336,53.41%,53.80%,
106/09/18,0,0,0,0,41993,303,4,42300,53.36%,53.75%,
106/09/15,24,13,0,37,41992,303,4,42299,53.36%,53.75%,
106/09/14,20,0,0,20,41967,290,4,42261,53.33%,53.70%,
106/09/13,9,0,0,9,41946,290,4,42240,53.30%,53.67%,
106/09/12,-5,0,0,-5,41942,290,4,42236,53.30%,53.67%,
106/09/11,39,0,0,39,41950,290,4,42244,53.31%,53.68%,
106/09/08,58,-16,0,42,41911,290,4,42205,53.26%,53.63%,
106/09/07,10,-1,0,9,41851,306,4,42161,53.18%,53.57%,
106/09/06,10,-5,1,6,41841,307,4,42152,53.17%,53.57%,
106/09/05,-1,0,0,-1,41811,312,3,42126,53.13%,53.53%,
106/09/04,7,0,0,7,41869,312,3,42184,53.20%,53.60%,
106/09/01,43,2,0,45,41863,312,3,42178,53.20%,53.60%,
106/08/31,91,0,0,91,41820,310,3,42133,53.14%,53.54%,
106/08/30,30,0,0,30,41737,310,3,42050,53.04%,53.44%,
106/08/29,-19,0,0,-19,41707,310,3,42020,53.00%,53.40%,
106/08/28,8,0,-1,7,41726,310,3,42039,53.02%,53.42%,
106/08/25,4,-4,-2,-2,41718,310,4,42032,53.01%,53.41%,
106/08/24,1,-1,1,1,41714,314,6,42034,53.01%,53.42%,
106/08/23,14,-5,-2,7,41733,315,5,42053,53.03%,53.44%,
106/08/22,-6,0,0,-6,41720,320,7,42047,53.01%,53.43%,
106/08/21,0,0,0,0,41726,320,7,42053,53.02%,53.44%,
106/08/18,-19,4,1,-14,41700,320,7,42027,52.99%,53.41%,
106/08/17,-7,0,0,-7,41732,316,6,42054,53.03%,53.44%,
106/08/16,24,0,0,24,41739,316,6,42061,53.04%,53.45%,
106/08/15,9,0,0,9,41716,316,6,42038,53.01%,53.42%,
106/08/14,6,0,0,6,41707,316,6,42029,53.00%,53.41%,
106/08/11,31,3,-2,32,41686,316,6,42008,52.97%,53.38%,
106/08/10,39,0,0,39,41656,313,8,41977,52.93%,53.34%,
106/08/09,27,0,-3,24,41619,313,8,41940,52.89%,53.30%,
106/08/08,41,0,0,41,41593,313,11,41917,52.85%,53.26%,
106/08/07,3,-8,2,-3,41554,313,11,41878,52.80%,53.21%,
106/08/04,6,-2,-1,3,41551,321,9,41881,52.80%,53.22%,
106/08/03,10,0,0,10,41545,323,10,41878,52.79%,53.21%,
106/08/02,22,0,0,22,41565,323,10,41898,52.82%,53.24%,
106/08/01,50,0,0,50,41542,323,10,41875,52.79%,53.21%,
106/07/31,-4,0,0,-4,41491,323,10,41824,52.72%,53.14%,
106/07/28,8,0,1,9,41495,323,10,41828,52.73%,53.15%,
106/07/27,-1,0,0,-1,41487,323,9,41819,52.72%,53.14%,
106/07/26,8,0,0,8,41558,323,9,41890,52.81%,53.23%,
106/07/25,6,0,0,6,41470,323,9,41802,52.70%,53.12%,
106/07/24,18,0,-1,17,41364,323,9,41696,52.56%,52.98%,
106/07/21,29,2,1,32,41346,323,10,41679,52.54%,52.96%,
106/07/20,2,-1,0,1,41317,321,9,41647,52.50%,52.92%,
106/07/19,23,0,-1,22,41315,322,9,41646,52.50%,52.92%,
106/07/18,-16,10,-1,-7,41274,322,10,41606,52.45%,52.87%,
106/07/17,28,-0,-24,4,41324,312,11,41647,52.50%,52.91%,
106/07/14,49,0,20,69,41296,312,35,41643,52.46%,52.90%,
106/07/13,87,0,-2,85,41278,312,15,41605,52.44%,52.86%,
106/07/12,58,0,-2,56,41220,312,17,41549,52.37%,52.79%,
106/07/11,1,0,0,1,41166,312,19,41497,52.30%,52.72%,
106/07/10,-6,0,1,-5,41175,312,19,41506,52.31%,52.73%,
106/07/07,0,-1,-1,-2,41181,312,18,41511,52.32%,52.74%,
106/07/06,-1,0,0,-1,41180,313,19,41512,52.32%,52.74%,
106/07/05,-14,0,2,-12,41181,313,19,41513,52.32%,52.74%,
106/07/04,2,0,-3,-1,41195,313,17,41525,52.34%,52.76%,
106/07/03,2,0,0,2,41247,313,20,41580,52.40%,52.82%,
106/06/30,15,-3,0,12,41264,313,20,41597,52.42%,52.84%,
106/06/29,8,-1,0,7,41249,319,20,41588,52.40%,52.83%,
106/06/28,-25,-1,1,-25,41349,320,20,41689,52.53%,52.96%,
106/06/27,33,0,1,34,41374,321,19,41714,52.56%,52.99%,
106/06/26,-4,0,7,3,41340,321,18,41679,52.52%,52.95%,
106/06/23,12,0,0,12,41351,321,11,41683,52.53%,52.95%,
106/06/22,7,-1,1,7,41364,321,11,41696,52.55%,52.97%,
106/06/21,58,-4,2,56,41388,322,10,41720,52.58%,53.00%,
106/06/20,28,-1,1,28,41349,326,8,41683,52.53%,52.95%,
106/06/19,22,0,3,25,41341,327,7,41675,52.52%,52.94%,
106/06/16,18,0,1,19,41319,327,4,41650,52.49%,52.91%,
106/06/15,35,0,1,36,41335,327,3,41665,52.51%,52.93%,
106/06/14,42,0,0,42,41311,327,2,41640,52.48%,52.90%,
106/06/13,33,0,0,33,41296,327,2,41625,52.46%,52.88%,
106/06/12,20,0,1,21,41263,327,2,41592,52.42%,52.84%,
106/06/09,107,2,0,109,41233,327,1,41561,52.38%,52.80%,
106/06/08,96,13,1,110,43646,325,1,43972,55.45%,55.86%,
106/06/07,38,0,0,38,43580,312,0,43892,55.37%,55.77%,
106/06/06,60,-2,0,58,43643,312,0,43955,55.45%,55.85%,
106/06/05,33,-1,0,32,43604,314,0,43918,55.40%,55.80%,
106/06/03,0,0,0,0,43571,315,0,43886,55.35%,55.75%,
106/06/02,7,0,-1,6,43571,315,0,43886,55.35%,55.75%,
106/06/01,9,0,-1,8,43563,315,0,43878,55.34%,55.74%,
106/05/31,55,0,0,55,43555,315,1,43871,55.33%,55.73%,
106/05/26,13,2,0,15,43500,315,1,43816,55.26%,55.66%,
106/05/25,11,0,-6,5,43487,313,1,43801,55.25%,55.65%,
106/05/24,43,0,2,45,43475,313,7,43795,55.23%,55.64%,
106/05/23,49,5,3,57,43448,313,5,43766,55.20%,55.60%,
106/05/22,23,0,-2,21,43395,308,2,43705,55.13%,55.52%,
106/05/19,77,0,4,81,43366,308,4,43678,55.09%,55.49%,
106/05/18,55,8,0,63,43289,308,0,43597,55.00%,55.39%,
106/05/17,54,0,0,54,43234,300,0,43534,54.93%,55.31%,
106/05/16,33,0,0,33,43180,300,0,43480,54.86%,55.24%,
106/05/15,10,2,0,12,43147,300,0,43447,54.82%,55.20%,
106/05/12,11,0,0,11,43149,298,0,43447,54.82%,55.20%,
106/05/11,1,31,0,32,43138,298,0,43436,54.80%,55.18%,
106/05/10,11,14,0,25,43153,267,0,43420,54.82%,55.16%,
106/05/09,49,0,0,49,43150,253,0,43403,54.82%,55.14%,
106/05/08,16,0,0,16,43101,253,0,43354,54.76%,55.08%,
106/05/05,23,10,0,33,43085,253,0,43338,54.74%,55.06%,
106/05/04,7,0,0,7,43074,243,0,43317,54.72%,55.03%,
106/05/03,-8,0,0,-8,43067,243,0,43310,54.71%,55.02%,
106/05/02,14,0,0,14,43075,243,0,43318,54.72%,55.03%,
106/04/28,47,0,0,47,43041,243,0,43284,54.68%,54.99%,
106/04/27,11,0,0,11,42964,243,0,43207,54.58%,54.89%,
106/04/26,9,0,0,9,42903,243,0,43146,54.51%,54.82%,
106/04/25,27,-0,0,27,42894,243,0,43137,54.49%,54.80%,
106/04/24,14,0,0,14,42861,243,0,43104,54.45%,54.76%,
106/04/21,-12,0,0,-12,42846,243,0,43089,54.43%,54.74%,
106/04/20,11,0,-2,9,42858,243,0,43101,54.45%,54.76%,
106/04/19,-4,10,0,6,42847,243,2,43092,54.44%,54.75%,
106/04/18,10,5,0,15,42844,233,2,43079,54.43%,54.73%,
106/04/17,5,0,0,5,42834,228,2,43064,54.42%,54.71%,
106/04/14,11,0,0,11,42829,228,2,43059,54.41%,54.70%,
106/04/13,13,0,0,13,42808,228,2,43038,54.39%,54.68%,
106/04/12,50,0,0,50,42795,228,2,43025,54.37%,54.66%,
106/04/11,32,0,-1,31,42745,228,2,42975,54.31%,54.60%,
106/04/10,26,0,0,26,42713,228,3,42944,54.27%,54.56%,
106/04/07,32,0,2,34,42688,228,3,42919,54.23%,54.52%,
106/04/06,5,0,0,5,42652,228,1,42881,54.19%,54.48%,
106/04/05,24,0,0,24,42654,228,1,42883,54.19%,54.48%,
106/03/31,9,0,0,9,42650,228,1,42879,54.18%,54.47%,
106/03/30,-32,-1,0,-33,42641,153,1,42795,54.17%,54.37%,
106/03/29,-34,0,1,-33,42674,154,1,42829,54.21%,54.41%,
106/03/28,-30,0,-2,-32,42707,154,0,42861,54.26%,54.46%,
106/03/27,-16,-1,0,-17,42725,154,2,42881,54.28%,54.48%,
106/03/24,2,0,0,2,42741,155,2,42898,54.30%,54.50%,
106/03/23,-7,-37,0,-44,42748,155,2,42905,54.31%,54.51%,
106/03/22,-39,1,2,-36,42720,191,2,42913,54.27%,54.52%,
106/03/21,4,0,0,4,42774,190,0,42964,54.34%,54.58%,
106/03/20,7,0,0,7,42720,190,0,42910,54.27%,54.51%,
106/03/17,1,0,0,1,42713,190,0,42903,54.26%,54.50%,
106/03/16,-29,0,0,-29,42715,190,0,42905,54.27%,54.51%,
106/03/15,-4,-17,0,-21,42768,190,0,42958,54.33%,54.57%,
106/03/14,-100,-2,0,-102,42778,207,0,42985,54.35%,54.61%,
106/03/13,1835,-15,0,1820,43087,209,0,43296,54.74%,55.01%,
106/03/10,-8,-11,-1,-20,40990,224,0,41214,52.08%,52.36%,
106/03/09,-15,-11,0,-26,40998,235,1,41234,52.09%,52.39%,
106/03/08,0,0,0,0,40932,246,1,41179,52.00%,52.31%,
106/03/07,6,-10,0,-4,40902,246,1,41149,51.96%,52.27%,
106/03/06,-4,0,0,-4,40881,256,1,41138,51.94%,52.27%,
106/03/03,12,-15,0,-3,40835,256,1,41092,51.88%,52.21%,
106/03/02,39,-3,0,36,40823,271,1,41095,51.86%,52.21%,
106/03/01,42,0,1,43,40783,274,1,41058,51.81%,52.16%,
106/02/24,49,-14,0,35,40741,274,0,41015,51.76%,52.11%,
106/02/23,17,0,0,17,40692,288,0,40980,51.70%,52.07%,
106/02/22,7,0,0,7,40671,288,0,40959,51.67%,52.04%,
106/02/21,11,0,0,11,40665,288,0,40953,51.66%,52.03%,
106/02/20,2,-13,0,-11,40647,288,0,40935,51.64%,52.01%,
106/02/18,0,0,0,0,40645,301,0,40946,51.64%,52.02%,
106/02/17,23,-35,0,-12,40645,301,0,40946,51.64%,52.02%,
106/02/16,12,0,0,12,40622,336,0,40958,51.61%,52.04%,
106/02/15,34,-35,0,-1,40611,336,0,40947,51.59%,52.02%,
106/02/14,12,-10,0,2,40577,372,0,40949,51.55%,52.02%,
106/02/13,-2,-8,-1,-11,40565,382,0,40947,51.53%,52.02%,
106/02/10,-33,-10,0,-43,40537,390,1,40928,51.50%,52.00%,
106/02/09,-25,-2,0,-27,40570,400,1,40971,51.54%,52.05%,
106/02/08,11,1,0,12,40584,402,1,40987,51.56%,52.07%,
106/02/07,8,-8,1,1,40543,401,1,40945,51.51%,52.02%,
106/02/06,5,-10,0,-5,40532,409,0,40941,51.49%,52.01%,
106/02/03,10,-16,0,-6,40527,419,0,40946,51.49%,52.02%,
106/02/02,-2,-16,0,-18,40517,435,0,40952,51.47%,52.02%,
106/01/24,-20,-4,0,-24,40519,451,0,40970,51.48%,52.05%,
106/01/23,-2,0,-1,-3,40539,455,0,40994,51.50%,52.08%,
106/01/20,4,-8,1,-3,40551,455,1,41007,51.52%,52.10%,
106/01/19,1,0,0,1,40547,463,0,41010,51.51%,52.10%,
106/01/18,18,0,0,18,40336,463,0,40799,51.24%,51.83%,
106/01/17,-1,-8,0,-9,40277,463,0,40740,51.17%,51.76%,
106/01/16,-3,0,0,-3,40278,471,0,40749,51.17%,51.77%,
106/01/13,1,0,0,1,40282,471,0,40753,51.18%,51.78%,
106/01/12,-10,-4,0,-14,40281,471,0,40752,51.17%,51.77%,
106/01/11,-4,0,-1,-5,40289,475,0,40764,51.18%,51.78%,
106/01/10,-10,0,1,-9,40290,475,1,40766,51.19%,51.79%,
106/01/09,8,0,0,8,40300,475,0,40775,51.20%,51.80%,
106/01/06,33,0,0,33,40292,475,0,40767,51.19%,51.79%,
106/01/05,61,0,0,61,40259,475,0,40734,51.15%,51.75%,
106/01/04,22,0,0,22,40198,475,0,40673,51.07%,51.67%,
106/01/03,15,0,-1,14,40176,475,0,40651,51.04%,51.64%,
105/12/30,14,0,-1,13,40161,475,1,40637,51.02%,51.62%,
105/12/29,10,0,1,11,40148,475,2,40625,51.00%,51.61%,
105/12/28,11,-4,0,7,40137,475,1,40613,50.99%,51.59%,
105/12/27,9,-5,0,4,40126,479,1,40606,50.98%,51.59%,
105/12/26,-3,0,0,-3,40117,484,1,40602,50.97%,51.59%,
105/12/23,7,0,0,7,40120,484,1,40605,50.97%,51.59%,
105/12/22,6,0,0,6,40113,484,1,40598,50.96%,51.58%,
105/12/21,9,5,0,14,40107,484,1,40592,50.95%,51.57%,
105/12/20,5,0,0,5,40098,479,1,40578,50.94%,51.55%,
105/12/19,7,0,-1,6,40093,479,1,40573,50.94%,51.55%,
105/12/16,25,0,2,27,40086,479,2,40567,50.93%,51.54%,
105/12/15,-8,0,0,-8,40061,479,0,40540,50.89%,51.50%,
105/12/14,16,1,0,17,40068,479,0,40547,50.90%,51.51%,
105/12/13,20,0,0,20,40050,478,0,40528,50.88%,51.49%,
105/12/12,2,0,0,2,40030,478,0,40508,50.86%,51.47%,
105/12/09,10,5,0,15,40028,478,0,40506,50.85%,51.46%,
105/12/08,0,0,0,0,40017,473,0,40490,50.84%,51.44%,
105/12/07,-3,0,0,-3,40017,473,0,40490,50.84%,51.44%,
105/12/06,3,0,0,3,40020,473,0,40493,50.84%,51.44%,
105/12/05,16,0,0,16,40017,473,0,40490,50.84%,51.44%,
105/12/02,5,0,0,5,40001,473,0,40474,50.82%,51.42%,
105/12/01,28,0,-1,27,39996,473,0,40469,50.81%,51.41%,
105/11/30,10,0,0,10,39968,473,1,40442,50.78%,51.38%,
105/11/29,26,-17,0,9,39958,473,1,40432,50.76%,51.36%,
105/11/28,14,-15,0,-1,39932,490,1,40423,50.73%,51.35%,
105/11/25,8,0,0,8,39918,505,1,40424,50.71%,51.35%,
105/11/24,6,-17,0,-11,39910,505,1,40416,50.70%,51.34%,
105/11/23,-30,-3,0,-33,39905,522,1,40428,50.70%,51.36%,
105/11/22,2,-0,1,3,39935,525,1,40461,50.73%,51.40%,
105/11/21,-8,0,-1,-9,39933,525,0,40458,50.73%,51.40%,
105/11/18,2,-0,0,2,39941,525,1,40467,50.74%,51.41%,
105/11/17,-2,-4,1,-5,39939,526,1,40466,50.74%,51.41%,
105/11/16,4,0,0,4,39941,530,0,40471,50.74%,51.41%,
105/11/15,29,-24,0,5,39937,530,0,40467,50.74%,51.41%,
105/11/14,30,-23,-1,6,39908,554,0,40462,50.70%,51.40%,
105/11/11,27,-4,0,23,39878,577,1,40456,50.66%,51.39%,
105/11/10,-3,-3,1,-5,39851,581,1,40433,50.63%,51.37%,
105/11/09,-8,-19,0,-27,39854,584,0,40438,50.63%,51.37%,
105/11/08,4,-10,0,-6,39862,603,0,40465,50.64%,51.41%,
105/11/07,10,0,-2,8,39858,613,0,40471,50.64%,51.42%,
105/11/04,39,-3,0,36,39848,613,0,40461,50.62%,51.40%,
105/11/03,24,-22,0,2,39809,616,0,40425,50.58%,51.36%,
105/11/02,2,-0,-4,-2,39785,638,0,40423,50.54%,51.35%,
105/11/01,14,0,0,14,39783,638,4,40425,50.54%,51.36%,
105/10/31,2,0,0,2,39769,638,4,40411,50.52%,51.34%,
105/10/28,13,0,0,13,39767,638,4,40409,50.52%,51.34%,
105/10/27,-9,12,0,3,39754,638,4,40396,50.51%,51.33%,
105/10/26,8,0,0,8,39763,626,4,40393,50.52%,51.32%,
105/10/25,27,0,4,31,39755,626,4,40385,50.51%,51.31%,
105/10/24,25,0,-0,25,39729,626,0,40355,50.47%,51.27%,
105/10/21,26,-1,0,25,39704,626,0,40330,50.44%,51.24%,
105/10/20,41,9,0,50,39678,627,0,40305,50.41%,51.21%,
105/10/19,33,0,0,33,39636,618,0,40254,50.36%,51.15%,
105/10/18,27,3,-0,30,39603,618,0,40221,50.31%,51.10%,
105/10/17,-9,0,-2,-11,39577,615,0,40192,50.28%,51.06%,
105/10/14,14,0,0,14,39586,615,0,40201,50.29%,51.07%,
105/10/13,-1,0,0,-1,39572,615,0,40187,50.27%,51.06%,
105/10/12,-3,0,0,-3,39573,615,0,40188,50.27%,51.06%,
105/10/11,30,0,0,30,39576,615,0,40191,50.28%,51.07%,
105/10/07,27,14,0,41,39546,615,0,40161,50.24%,51.03%,
105/10/06,13,0,0,13,39518,601,0,40119,50.21%,50.98%,
105/10/05,-4,0,0,-4,37643,601,0,38244,50.63%,51.40%,
105/10/04,42,0,0,42,37645,601,0,38246,50.64%,51.41%,
105/10/03,29,0,-5,24,37603,601,0,38204,50.58%,51.35%,
105/09/30,38,0,0,38,37574,601,1,38176,50.54%,51.31%,
105/09/29,41,0,0,41,37535,575,1,38111,50.49%,51.23%,
105/09/26,13,-1,1,13,37494,575,1,38070,50.43%,51.17%,
105/09/23,-21,0,-1,-22,37481,576,0,38057,50.41%,51.15%,
105/09/22,8,24,-4,28,37502,576,0,38078,50.44%,51.18%,
105/09/21,41,0,0,41,37494,552,1,38047,50.43%,51.14%,
105/09/20,24,-7,0,17,37453,552,1,38006,50.38%,51.09%,
105/09/19,53,0,1,54,37429,559,1,37989,50.35%,51.07%,
105/09/14,37,0,-4,33,37376,559,0,37935,50.27%,50.99%,
105/09/13,17,0,0,17,37339,559,1,37899,50.22%,50.94%,
105/09/12,6,0,0,6,37323,559,1,37883,50.20%,50.92%,
105/09/10,0,0,-5,-5,37317,559,1,37877,50.19%,50.91%,
105/09/09,-18,-2,0,-20,37317,559,6,37882,50.19%,50.91%,
105/09/08,14,0,0,14,37335,561,6,37902,50.22%,50.95%,
105/09/07,52,11,0,63,37320,561,6,37887,50.20%,50.93%,
105/09/06,4,13,0,17,37269,550,6,37825,50.13%,50.84%,
105/09/05,-34,50,2,18,37265,537,6,37808,50.12%,50.82%,
105/09/02,-6,-1,-3,-10,37299,487,4,37790,50.17%,50.80%,
105/09/01,34,0,0,34,37305,488,7,37800,50.18%,50.81%,
105/08/31,3,0,-2,1,37270,488,7,37765,50.13%,50.76%,
105/08/30,27,-1,-2,24,37267,488,9,37764,50.13%,50.77%,
105/08/29,13,0,0,13,37240,489,11,37740,50.09%,50.73%,
105/08/26,36,0,0,36,37227,489,11,37727,50.07%,50.71%,
105/08/25,-21,30,0,9,37191,489,11,37691,50.02%,50.66%,
105/08/24,-17,-0,-17,-34,37211,459,11,37681,50.05%,50.65%,
105/08/23,-55,0,28,-27,37228,460,28,37716,50.08%,50.74%,
105/08/22,18,0,-15,3,37283,460,0,37743,50.15%,50.77%,
105/08/19,-4,0,2,-2,37265,460,13,37738,50.12%,50.76%,
105/08/18,16,0,-1,15,37270,460,11,37741,50.13%,50.76%,
105/08/17,12,0,0,12,37254,460,12,37726,50.11%,50.74%,
105/08/16,-34,37,0,3,37241,460,12,37713,50.09%,50.72%,
105/08/15,4,0,0,4,37275,423,12,37710,50.14%,50.73%,
105/08/12,18,0,4,22,37272,423,12,37707,50.13%,50.72%,
105/08/11,20,-6,0,14,37254,423,8,37685,50.11%,50.69%,
105/08/10,5,0,0,5,37234,429,8,37671,50.08%,50.67%,
105/08/09,-7,-12,1,-18,37228,429,8,37665,50.07%,50.66%,
105/08/08,46,4,2,52,37235,441,7,37683,50.08%,50.68%,
105/08/05,144,-13,-1,130,37189,437,5,37631,50.02%,50.61%,
105/08/04,25,-11,0,14,37045,450,6,37501,49.83%,50.44%,
105/08/03,18,0,0,18,37020,461,6,37487,49.80%,50.43%,
105/08/02,8,0,0,8,37002,461,6,37469,49.77%,50.40%,
105/08/01,10,0,0,10,36994,461,6,37461,49.76%,50.39%,
105/07/29,13,0,0,13,36984,461,6,37451,49.75%,50.38%,
105/07/28,30,-3,0,27,36971,461,6,37438,49.73%,50.36%,
105/07/27,33,-16,0,17,36941,464,6,37411,49.69%,50.32%,
105/07/26,21,-3,-1,17,36907,480,6,37393,49.64%,50.29%,
105/07/25,20,-1,1,20,36887,483,7,37377,49.62%,50.28%,
105/07/22,26,-10,0,16,36867,484,6,37357,49.59%,50.25%,
105/07/21,67,-10,0,57,36841,494,6,37341,49.55%,50.22%,
105/07/20,38,-10,0,28,36774,504,6,37284,49.46%,50.15%,
105/07/19,30,5,-1,34,36736,514,6,37256,49.41%,50.11%,
105/07/18,11,-2,0,9,36706,509,7,37222,49.37%,50.06%,
105/07/15,72,-5,3,70,36695,511,7,37213,49.36%,50.06%,
105/07/14,36,0,0,36,36623,516,4,37143,49.26%,49.96%,
105/07/13,66,0,0,66,36587,516,4,37107,49.21%,49.91%,
105/07/12,100,0,-11,89,36521,516,4,37041,49.12%,49.82%,
105/07/11,19,0,0,19,36421,516,15,36952,48.99%,49.70%,
105/07/07,-13,0,10,-3,36403,516,15,36934,48.96%,49.67%,
105/07/06,79,-6,5,78,36416,516,5,36937,48.98%,49.68%,
105/07/05,14,0,-1,13,36337,522,0,36859,48.88%,49.58%,
105/07/04,25,0,0,25,36323,522,0,36845,48.86%,49.56%,
105/07/01,3,-6,0,-3,36298,522,0,36820,48.82%,49.52%,
105/06/30,-16,-17,0,-33,36294,528,0,36822,48.82%,49.53%,
105/06/29,-1,-7,0,-8,36319,517,0,36836,48.85%,49.55%,
105/06/28,12,-8,0,4,36320,524,0,36844,48.85%,49.55%,
105/06/27,4,-2,-1,1,36308,532,0,36840,48.84%,49.56%,
105/06/24,-7,0,-2,-9,36304,534,0,36838,48.83%,49.55%,
105/06/23,39,-10,-17,12,36311,534,2,36847,48.84%,49.56%,
105/06/22,11,-20,-9,-18,36272,544,19,36835,48.79%,49.55%,
105/06/21,-0,-7,1,-6,36261,564,28,36853,48.77%,49.57%,
105/06/20,6,-3,2,5,36261,571,27,36859,48.77%,49.57%,
105/06/17,-34,4,1,-29,36255,573,25,36853,48.77%,49.57%,
105/06/16,38,-13,0,25,36289,569,24,36882,48.81%,49.61%,
105/06/15,-28,-9,2,-35,36251,582,24,36857,48.76%,49.58%,
105/06/14,-7,-3,0,-10,36279,591,22,36892,48.80%,49.62%,
105/06/13,16,-1,0,15,36286,594,22,36902,48.81%,49.64%,
105/06/08,23,0,9,32,36270,595,22,36887,48.79%,49.62%,
105/06/07,77,35,6,118,36247,595,13,36855,48.75%,49.57%,
105/06/06,67,23,0,90,36169,560,7,36736,48.65%,49.41%,
105/06/04,8,-10,1,-1,36102,537,7,36646,48.56%,49.29%,
105/06/03,15,0,-1,14,36094,547,6,36647,48.55%,49.29%,
105/06/02,16,0,2,18,36079,547,7,36633,48.53%,49.28%,
105/06/01,-30,7,3,-20,36063,547,5,36615,48.51%,49.25%,
105/05/31,13,-17,-1,-5,36092,540,2,36634,48.55%,49.28%,
105/05/30,15,-41,0,-26,36079,557,3,36639,48.53%,49.28%,
105/05/27,12,-37,0,-25,36064,597,3,36664,48.51%,49.32%,
105/05/26,-10,-20,-3,-33,36052,634,3,36689,48.49%,49.35%,
105/05/25,-8,-25,0,-33,36062,654,5,36721,48.51%,49.40%,
105/05/24,-20,10,2,-8,36069,679,5,36753,48.52%,49.44%,
105/05/23,-44,0,0,-44,36101,669,3,36773,48.56%,49.46%,
105/05/20,-1,0,0,-1,36145,669,3,36817,48.62%,49.52%,
105/05/19,35,0,1,36,36146,669,3,36818,48.62%,49.52%,
105/05/18,-44,0,0,-44,36111,669,2,36782,48.57%,49.47%,
105/05/17,-7,0,0,-7,36155,669,2,36826,48.63%,49.53%,
105/05/16,-36,12,-1,-25,36161,669,2,36832,48.64%,49.54%,
105/05/13,48,-34,0,14,36197,657,3,36857,48.69%,49.58%,
105/05/12,2,0,-2,0,36149,691,3,36843,48.62%,49.55%,
105/05/11,10,0,5,15,36147,691,5,36843,48.62%,49.56%,
105/05/10,-61,-75,-2,-138,36138,691,0,36829,48.61%,49.54%,
105/05/09,151,-149,-9,-7,37200,765,0,37965,50.04%,51.07%,
105/05/06,93,-75,-2,16,37049,914,7,37970,49.83%,51.07%,
105/05/05,43,-96,-11,-64,36956,989,9,37954,49.71%,51.05%,
105/05/04,43,-44,-5,-6,36913,1085,20,38018,49.65%,51.14%,
105/05/03,-34,0,3,-31,36869,1129,25,38023,49.59%,51.14%,
105/04/29,-12,0,2,-10,36903,1129,22,38054,49.64%,51.19%,
105/04/28,29,-6,0,23,36915,1129,20,38064,49.65%,51.20%,
105/04/27,150,-30,0,120,36886,1135,20,38041,49.62%,51.17%,
105/04/26,4,0,3,7,36737,1165,20,37922,49.41%,51.00%,
105/04/25,-51,0,-1,-52,36733,1165,17,37915,49.41%,51.00%,
105/04/22,9,0,1,10,36784,1165,18,37967,49.48%,51.07%,
105/04/21,-1,0,16,15,36775,1165,17,37957,49.47%,51.06%,
105/04/20,-34,0,-3,-37,36776,1165,1,37942,49.47%,51.04%,
105/04/19,5,-30,2,-23,36810,1165,4,37979,49.51%,51.08%,
105/04/18,-1,0,-2,-3,36805,1195,2,38002,49.51%,51.12%,
105/04/15,11,-3,0,8,36806,1195,4,38005,49.51%,51.12%,
105/04/14,20,-15,-2,3,36795,1198,4,37997,49.49%,51.11%,
105/04/13,66,-5,-2,59,36775,1213,6,37994,49.47%,51.11%,
105/04/12,16,0,-3,13,36709,1218,8,37935,49.38%,51.03%,
105/04/11,12,0,2,14,36693,1218,11,37922,49.35%,51.00%,
105/04/08,-25,0,2,-23,36681,1218,9,37908,49.34%,50.99%,
105/04/07,33,0,-6,27,36706,1218,7,37931,49.37%,51.02%,
105/04/06,129,0,9,138,36673,1218,13,37904,49.33%,50.99%,
105/04/01,181,0,0,181,36544,1218,4,37766,49.15%,50.79%,
105/03/31,60,0,0,60,36363,1218,4,37585,48.91%,50.55%,
105/03/30,9,0,0,9,36303,1262,4,37569,48.83%,50.53%,
105/03/29,17,-47,0,-30,36294,1262,4,37560,48.82%,50.52%,
105/03/28,41,0,-2,39,36278,1309,4,37591,48.80%,50.57%,
105/03/25,7,-4,0,3,36237,1309,6,37552,48.74%,50.51%,
105/03/24,7,-3,1,5,36230,1313,6,37549,48.73%,50.50%,
105/03/23,3,0,-1,2,36223,1316,5,37544,48.72%,50.50%,
105/03/22,2,0,-3,-1,36220,1316,6,37542,48.72%,50.50%,
105/03/21,-11,0,1,-10,36218,1316,9,37543,48.72%,50.50%,
105/03/18,20,0,-6,14,36229,1316,8,37553,48.73%,50.51%,
105/03/17,10,-4,1,7,36209,1316,14,37539,48.70%,50.49%,
105/03/16,-34,0,-17,-51,36199,1320,13,37532,48.69%,50.48%,
105/03/15,163,0,19,182,36233,1320,30,37583,48.74%,50.56%,
105/03/14,51,-14,0,37,36071,1320,11,37402,48.51%,50.30%,
105/03/11,12,1,-3,10,36019,1334,11,37364,48.44%,50.25%,
105/03/10,25,-19,-3,3,36007,1333,14,37354,48.42%,50.23%,
105/03/09,20,-10,-3,7,35982,1352,17,37351,48.39%,50.23%,
105/03/08,104,0,-13,91,35963,1362,20,37345,48.36%,50.22%,
105/03/07,-28,-5,0,-33,35858,1362,33,37253,48.22%,50.10%,
105/03/04,-48,0,0,-48,35886,1367,33,37286,48.26%,50.14%,
105/03/03,-145,6,20,-119,35934,1367,33,37334,48.32%,50.20%,
105/03/02,-228,19,0,-209,36079,1361,13,37453,48.52%,50.37%,
105/03/01,-22,-2,1,-23,36308,1342,13,37663,48.82%,50.64%,
105/02/26,-12,12,1,1,36329,1344,12,37685,48.85%,50.67%,
105/02/25,-82,18,-1,-65,36342,1332,11,37685,48.87%,50.68%,
105/02/24,-47,10,-23,-60,36423,1314,12,37749,48.98%,50.76%,
105/02/23,74,0,-6,68,36470,1304,35,37809,49.04%,50.84%,
105/02/22,-8,0,-10,-18,36396,1304,41,37741,48.94%,50.75%,
105/02/19,16,8,24,48,36403,1304,51,37758,48.95%,50.77%,
105/02/18,-13,0,3,-10,36387,1296,27,37710,48.93%,50.71%,
105/02/17,5,2,1,8,36400,1296,24,37720,48.95%,50.73%,
105/02/16,-113,29,12,-72,36396,1294,23,37713,48.94%,50.71%,
105/02/15,-48,3,4,-41,36509,1265,11,37785,49.10%,50.82%,
105/02/03,15,0,-3,12,36556,1262,7,37825,49.16%,50.87%,
105/02/02,22,0,-1,21,36542,1262,10,37814,49.14%,50.85%,
105/02/01,58,-2,1,57,36519,1262,11,37792,49.11%,50.82%,
105/01/30,0,1,4,5,36461,1264,10,37735,49.03%,50.74%,
105/01/29,-9,0,2,-7,36461,1263,6,37730,49.03%,50.74%,
105/01/28,10,-1,2,11,36470,1263,4,37737,49.04%,50.74%,
105/01/27,43,-1,0,42,36461,1264,2,37727,49.03%,50.73%,
105/01/26,-33,0,-10,-43,36418,1265,2,37685,48.97%,50.67%,
105/01/25,22,10,10,42,36451,1265,12,37728,49.02%,50.74%,
105/01/22,137,0,-19,118,36429,1255,2,37686,48.99%,50.68%,
105/01/21,99,0,10,109,36293,1255,21,37569,48.80%,50.52%,
105/01/20,83,-1,-5,77,36194,1255,11,37460,48.67%,50.37%,
105/01/19,21,0,-5,16,36111,1256,16,37383,48.56%,50.27%,
105/01/18,-14,0,10,-4,36090,1256,21,37367,48.53%,50.25%,
105/01/15,103,-14,2,91,36103,1256,11,37370,48.55%,50.25%,
105/01/14,-3,0,-3,-6,36000,1270,9,37279,48.41%,50.13%,
105/01/13,37,0,-5,32,36003,1270,12,37285,48.42%,50.14%,
105/01/12,82,-43,1,40,35966,1270,17,37253,48.37%,50.10%,
105/01/11,88,-84,5,9,35884,1313,16,37213,48.26%,50.05%,
105/01/08,14,-42,0,-28,35796,1397,11,37204,48.14%,50.03%,
105/01/07,69,-113,3,-41,35782,1439,11,37232,48.12%,50.07%,
105/01/06,-12,0,1,-11,35712,1552,8,37272,48.02%,50.12%,
105/01/05,22,0,3,25,35725,1552,7,37284,48.04%,50.14%,
105/01/04,21,-4,-5,12,35703,1552,4,37259,48.01%,50.10%,
104/12/31,47,0,-2,45,35682,1556,9,37247,47.98%,50.08%,
104/12/30,27,-6,1,22,35635,1378,11,37024,47.92%,49.79%,
104/12/29,2,-1,-1,0,35607,1384,10,37001,47.88%,49.75%,
104/12/28,13,6,0,19,35605,1385,11,37001,47.88%,49.76%,
104/12/25,-2,0,1,-1,35593,1379,11,36983,47.86%,49.73%,
104/12/24,17,-15,-4,-2,35595,1379,10,36984,47.87%,49.74%,
104/12/23,-6,0,-10,-16,35578,1394,14,36986,47.84%,49.73%,
104/12/22,5,0,12,17,35584,1394,24,37002,47.85%,49.76%,
104/12/21,-15,-12,3,-24,35579,1394,12,36985,47.84%,49.73%,
104/12/18,36,-4,-3,29,35594,1406,9,37009,47.87%,49.77%,
104/12/17,3,0,5,8,35558,1410,12,36980,47.82%,49.73%,
104/12/16,23,0,6,29,35555,1410,7,36972,47.81%,49.72%,
104/12/15,-15,0,1,-14,35533,1410,1,36944,47.78%,49.68%,
104/12/14,7,-5,-2,0,35548,1410,0,36958,47.80%,49.70%,
104/12/11,8,0,-4,4,35541,1415,0,36956,47.79%,49.69%,
104/12/10,27,0,-1,26,35533,1415,0,36948,47.78%,49.68%,
104/12/09,0,0,0,0,35506,1415,0,36921,47.75%,49.65%,
104/12/08,1,0,0,1,35506,1415,0,36921,47.75%,49.65%,
104/12/07,70,0,0,70,35505,1415,0,36920,47.74%,49.64%,
104/12/04,62,-43,-6,13,35435,1415,0,36850,47.65%,49.55%,
104/12/03,16,0,-1,15,35373,1458,0,36831,47.57%,49.53%,
104/12/02,68,0,-2,66,35356,1458,0,36814,47.55%,49.51%,
104/12/01,106,-20,-20,66,35288,1458,0,36746,47.45%,49.41%,
104/11/30,29,-46,-14,-31,35182,1478,11,36671,47.31%,49.31%,
104/11/27,40,-17,-8,15,35153,1524,25,36702,47.27%,49.35%,
104/11/26,18,0,7,25,35113,1541,33,36687,47.22%,49.34%,
104/11/25,67,0,-9,58,35095,1541,26,36662,47.19%,49.30%,
104/11/24,43,-6,1,38,35028,1541,35,36604,47.10%,49.22%,
104/11/23,75,-44,5,36,34985,1547,34,36566,47.05%,49.18%,
104/11/20,38,0,0,38,34912,1591,29,36532,46.95%,49.13%,
104/11/19,19,0,4,23,34873,1591,29,36493,46.90%,49.08%,
104/11/18,111,0,-1,110,34854,1591,25,36470,46.87%,49.04%,
104/11/17,112,0,-1,111,34743,1591,26,36360,46.72%,48.89%,
104/11/16,177,21,-25,173,34631,1591,27,36249,46.57%,48.75%,
104/11/13,347,29,21,397,34454,1570,52,36076,46.33%,48.51%,
104/11/12,43,11,-19,35,34108,1541,32,35681,45.87%,47.99%,
104/11/11,328,44,1,373,34065,1530,51,35646,45.81%,47.94%,
104/11/10,82,76,-37,121,33737,1486,50,35273,45.37%,47.44%,
104/11/09,63,-40,1,24,33655,1410,87,35152,45.26%,47.27%,
104/11/06,71,0,-4,67,33592,1450,86,35128,45.17%,47.24%,
104/11/05,89,-40,-8,41,33521,1450,90,35061,45.08%,47.15%,
104/11/04,-11,-80,4,-87,33432,1490,98,35020,44.96%,47.10%,
104/11/03,45,-120,6,-69,33443,1570,94,35107,44.97%,47.21%,
104/11/02,-29,0,-1,-30,33398,1691,88,35177,44.91%,47.30%,
104/10/30,123,0,-11,112,33427,1691,89,35207,44.95%,47.34%,
104/10/29,-74,-3,2,-75,33304,1691,100,35095,44.79%,47.20%,
104/10/28,-6,-12,-3,-21,33378,1694,98,35170,44.89%,47.30%,
104/10/27,-22,-18,-2,-42,33385,1706,101,35192,44.89%,47.32%,
104/10/26,13,0,-3,10,33407,1723,103,35233,44.92%,47.38%,
104/10/23,-44,7,-16,-53,33394,1723,106,35223,44.91%,47.37%,
104/10/22,128,0,25,153,33438,1716,122,35276,44.97%,47.44%,
104/10/21,229,-1,2,230,33310,1716,97,35123,44.79%,47.23%,
104/10/20,22,-31,3,-6,33082,1717,95,34894,44.49%,46.93%,
104/10/19,-10,-27,-1,-38,33059,1748,91,34898,44.46%,46.93%,
104/10/16,-71,4,4,-63,33069,1776,92,34937,44.47%,46.98%,
104/10/15,46,0,-11,35,33139,1772,88,34999,44.56%,47.06%,
104/10/14,45,0,8,53,33093,1772,99,34964,44.50%,47.02%,
104/10/13,-59,0,4,-55,33048,1772,91,34911,44.44%,46.95%,
104/10/12,2369,54,-9,2414,33107,1772,87,34966,44.52%,47.02%,
104/10/08,4,-27,1,-22,30738,1717,96,32551,41.33%,43.77%,
104/10/07,-22,-10,-1,-33,30735,1744,95,32574,41.33%,43.80%,
104/10/06,-4,-10,-9,-23,30757,1754,96,32607,41.36%,43.85%,
104/10/05,5,-10,14,9,30761,1764,105,32630,41.36%,43.87%,
104/10/02,-158,-44,12,-190,30756,1774,91,32621,41.36%,43.87%,
104/10/01,-85,75,-5,-15,30913,1818,79,32810,41.57%,44.12%,
104/09/30,120,0,3,123,30998,1743,84,32825,41.68%,44.14%,
104/09/25,-11,-11,1,-21,30878,1738,81,32697,41.52%,43.97%,
104/09/24,28,-14,-6,8,30889,1749,80,32718,41.54%,44.00%,
104/09/23,-32,-6,-2,-40,30861,1763,86,32710,41.50%,43.99%,
104/09/22,-19,-38,-9,-66,30893,1769,88,32750,41.54%,44.04%,
104/09/21,69,-8,1,62,30912,1808,97,32817,41.57%,44.13%,
104/09/18,103,-61,-9,33,29381,1816,96,31293,41.49%,44.06%,
104/09/17,1,-96,21,-74,29278,1877,105,31260,41.34%,44.01%,
104/09/16,9,-32,2,-21,29277,1973,84,31334,41.34%,44.11%,
104/09/15,16,-62,1,-45,29268,2005,82,31355,41.33%,44.14%,
104/09/14,-25,-23,-2,-50,29253,2067,81,31401,41.30%,44.19%,
104/09/11,-48,-7,5,-50,29278,2090,83,31451,41.34%,44.26%,
104/09/10,-21,0,-14,-35,29326,2097,78,31501,41.41%,44.34%,
104/09/09,249,40,3,292,29346,2097,92,31535,41.44%,44.38%,
104/09/08,-7,0,11,4,29097,2057,89,31243,41.09%,43.98%,
104/09/07,-35,0,9,-26,29105,2057,78,31240,41.10%,43.97%,
104/09/04,19,50,-37,32,29140,2057,69,31266,41.14%,44.00%,
104/09/03,-12,140,27,155,29121,2007,106,31234,41.12%,43.96%,
104/09/02,-33,0,7,-26,29133,1867,79,31079,41.14%,43.76%,
104/09/01,-29,34,-3,2,29166,1867,72,31105,41.18%,43.79%,
104/08/31,8,2,-1,9,29195,1833,75,31103,41.22%,43.79%,
104/08/28,-47,20,4,-23,29187,1831,76,31094,41.21%,43.77%,
104/08/27,115,-28,-16,71,29234,1811,72,31117,41.28%,43.81%,
104/08/26,-69,35,-16,-50,29119,1839,88,31046,41.12%,43.71%,
104/08/25,-40,65,-17,8,29188,1804,104,31096,41.21%,43.78%,
104/08/24,11,9,17,37,29228,1739,121,31088,41.27%,43.90%,
104/08/21,13,-2,2,13,29217,1730,104,31051,41.25%,43.84%,
104/08/20,-32,0,-7,-39,29204,1732,102,31038,41.24%,43.83%,
104/08/19,8,32,10,50,29236,1732,109,31077,41.28%,43.88%,
104/08/18,311,-37,-7,267,29228,1700,99,31027,41.27%,43.81%,
104/08/17,20,-21,8,7,28917,1737,106,30760,40.83%,43.43%,
104/08/14,-4,8,3,7,28897,1758,98,30753,40.80%,43.42%,
104/08/13,-41,57,15,31,28901,1750,95,30746,40.81%,43.42%,
104/08/12,-2,27,8,33,28941,1693,80,30714,40.86%,43.36%,
104/08/11,223,33,-27,229,28943,1666,72,30681,40.87%,43.32%,
104/08/10,258,13,17,288,28720,1633,99,30452,40.55%,43.00%,
104/08/07,4,-18,-16,-30,28463,1620,82,30165,40.19%,42.59%,
104/08/06,64,0,-6,58,28458,1638,98,30194,40.18%,42.63%,
104/08/05,-28,-11,6,-33,28394,1638,104,30136,40.09%,42.55%,
104/08/04,29,0,8,37,28422,1649,98,30169,40.13%,42.60%,
104/08/03,31,0,-8,23,28393,1649,90,30132,40.09%,42.54%,
104/07/31,-60,0,2,-58,28362,1649,98,30109,40.05%,42.52%,
104/07/30,54,16,-14,56,28422,1649,96,30167,40.13%,42.59%,
104/07/29,10,0,0,10,28368,1633,110,30111,40.06%,42.52%,
104/07/28,-25,1,8,-16,28358,1633,110,30101,40.04%,42.50%,
104/07/27,18,0,5,23,28383,1632,102,30117,40.08%,42.53%,
104/07/24,6,0,12,18,28365,1632,97,30094,40.05%,42.49%,
104/07/23,2,0,-1,1,28360,1632,85,30077,40.04%,42.46%,
104/07/22,-8,-3,12,1,28358,1632,86,30076,40.04%,42.47%,
104/07/21,-54,15,7,-32,28366,1635,74,30075,40.05%,42.46%,
104/07/20,159,103,-20,242,28420,1620,67,30107,40.11%,42.49%,
104/07/17,75,3,6,84,28261,1517,87,29865,39.89%,42.15%,
104/07/16,12,3,1,16,28186,1514,81,29781,39.78%,42.03%,
104/07/15,-5,17,-11,1,28174,1511,80,29765,39.76%,42.01%,
104/07/14,15,9,-14,10,28179,1494,91,29764,39.77%,42.01%,
104/07/13,108,3,-16,95,28164,1485,105,29754,39.75%,41.99%,
104/07/09,37,-5,4,36,28056,1482,121,29659,39.60%,41.86%,
104/07/08,87,-28,-5,54,28019,1487,117,29623,39.54%,41.80%,
104/07/07,44,-121,-4,-81,27932,1515,122,29569,39.42%,41.73%,
104/07/06,-107,-67,16,-158,27887,1636,126,29649,39.36%,41.85%,
104/07/03,-26,-34,0,-60,27994,1703,110,29807,39.51%,42.07%,
104/07/02,-1,-15,4,-12,28020,1737,110,29867,39.55%,42.16%,
104/07/01,-6,0,1,-5,28025,1752,106,29883,39.55%,42.17%,
104/06/30,1,0,-1,0,28037,1752,105,29894,39.57%,42.19%,
104/06/29,-22,0,3,-19,28036,1850,106,29992,39.57%,42.33%,
104/06/26,31,2,0,33,28058,1850,103,30011,39.60%,42.36%,
104/06/25,52,2,-11,43,28027,1848,103,29978,39.56%,42.31%,
104/06/24,-5,-20,-13,-38,27975,1846,114,29935,39.48%,42.25%,
104/06/23,-16,0,5,-11,27980,1866,127,29973,39.49%,42.30%,
104/06/22,50,1,-1,50,27996,1866,122,29984,39.51%,42.32%,
104/06/18,-7,51,-2,42,27946,1865,123,29934,39.44%,42.25%,
104/06/17,59,-14,8,53,27953,1814,125,29892,39.45%,42.19%,
104/06/16,-68,-4,-93,-165,27894,1828,117,29839,39.37%,42.12%,
104/06/15,-48,-9,19,-38,27962,1832,210,30004,39.47%,42.35%,
104/06/12,11,0,-4,7,28010,1841,191,30042,39.53%,42.40%,
104/06/11,3,0,11,14,27999,1841,195,30035,39.52%,42.39%,
104/06/10,12,7,-6,13,27986,1841,184,30011,39.50%,42.36%,
104/06/09,12,0,-4,8,27974,1834,190,29998,39.48%,42.34%,
104/06/08,86,0,2,88,27962,1834,194,29990,39.47%,42.33%,
104/06/05,-15,0,2,-13,27876,1834,192,29902,39.34%,42.20%,
104/06/04,33,-0,0,33,27891,1834,190,29915,39.37%,42.23%,
104/06/03,39,0,-3,36,27858,1834,190,29882,39.32%,42.18%,
104/06/02,8,-45,-1,-38,27819,1834,193,29846,39.26%,42.12%,
104/06/01,-11,-25,-15,-51,27811,1879,194,29884,39.25%,42.18%,
104/05/29,-20,-4,0,-24,27819,1904,209,29932,39.26%,42.24%,
104/05/28,-24,28,-10,-6,27839,1908,209,29956,39.29%,42.28%,
104/05/27,53,18,15,86,27863,1880,219,29962,39.33%,42.29%,
104/05/26,13,0,-1,12,27810,1862,204,29876,39.25%,42.17%,
104/05/25,-8,-6,9,-5,27797,1862,205,29864,39.23%,42.15%,
104/05/22,28,-5,1,24,27805,1868,196,29869,39.24%,42.15%,
104/05/21,-18,10,-4,-12,27778,1873,195,29846,39.20%,42.12%,
104/05/20,-53,53,19,19,27796,1863,199,29858,39.23%,42.14%,
104/05/19,100,19,2,121,27849,1810,180,29839,39.31%,42.12%,
104/05/18,30,11,15,56,27749,1791,178,29718,39.16%,41.94%,
104/05/15,9,0,-15,-6,27719,1780,163,29662,39.12%,41.86%,
104/05/14,21,0,8,29,27710,1780,178,29668,39.11%,41.87%,
104/05/13,-6,19,2,15,27689,1780,170,29639,39.08%,41.83%,
104/05/12,83,35,-31,87,27708,1761,168,29637,39.11%,41.83%,
104/05/11,69,17,16,102,27625,1726,199,29550,38.99%,41.71%,
104/05/08,18,0,5,23,27557,1709,183,29449,38.89%,41.56%,
104/05/07,-39,-14,-10,-63,27543,1709,178,29430,38.87%,41.53%,
104/05/06,-165,-22,45,-142,27582,1723,188,29493,38.93%,41.63%,
104/05/05,28,-56,22,-6,27747,1745,143,29635,39.16%,41.83%,
104/05/04,-104,-25,-9,-138,27703,1801,121,29625,39.10%,41.81%,
104/04/30,12,-145,-7,-140,27805,1826,130,29761,39.24%,42.00%,
104/04/29,241,16,-31,226,27793,1971,137,29901,39.23%,42.21%,
104/04/28,147,-38,0,109,27552,1955,168,29675,38.89%,41.89%,
104/04/27,163,-106,0,57,27405,1993,168,29566,38.68%,41.73%,
104/04/24,137,-1,11,147,27245,2099,168,29512,38.45%,41.65%,
104/04/23,52,0,-1,51,27108,2100,157,29365,38.26%,41.45%,
104/04/22,196,-82,-16,98,27056,2100,158,29314,38.19%,41.38%,
104/04/21,62,-16,-22,24,26860,2182,174,29216,37.91%,41.24%,
104/04/20,118,3,-12,109,26798,2198,196,29192,37.82%,41.20%,
104/04/17,105,131,-17,219,26680,2195,208,29083,37.66%,41.05%,
104/04/16,-18,-2,-10,-30,26575,2064,225,28864,37.51%,40.74%,
104/04/15,-30,24,5,-1,26593,2066,235,28894,37.53%,40.78%,
104/04/14,3,26,-20,9,26623,2042,231,28896,37.58%,40.79%,
104/04/13,-15,150,29,164,26620,2016,251,28887,37.57%,40.77%,
104/04/10,-126,126,15,15,26635,1866,222,28723,37.59%,40.54%,
104/04/09,-82,-5,-81,-168,26761,1740,207,28708,37.77%,40.52%,
104/04/08,-12,-8,-3,-23,26844,1745,288,28877,37.89%,40.76%,
104/04/07,-42,0,18,-24,26856,1753,291,28900,37.90%,40.79%,
104/04/02,-23,0,5,-18,26898,1753,273,28924,37.96%,40.82%,
104/04/01,-30,0,-8,-38,26921,1753,268,28942,38.00%,40.85%,
104/03/31,12,-11,12,13,26951,1753,276,28980,38.04%,40.90%,
104/03/30,66,-28,1,39,26939,1859,264,29062,38.02%,41.02%,
104/03/27,-19,-34,-4,-57,26873,1887,263,29023,37.93%,40.96%,
104/03/26,-4,-51,1,-54,26892,1920,267,29079,37.95%,41.04%,
104/03/25,122,-3,26,145,26896,1971,266,29133,37.96%,41.12%,
104/03/24,115,-18,2,99,26773,1974,240,28987,37.79%,40.92%,
104/03/23,159,-37,22,144,26658,1992,238,28888,37.62%,40.77%,
104/03/20,283,-31,40,292,26499,2029,216,28744,37.40%,40.57%,
104/03/19,29,-12,22,39,26216,2060,176,28452,37.00%,40.16%,
104/03/18,64,-30,8,42,26187,2072,154,28413,36.96%,40.10%,
104/03/17,152,-25,28,155,26123,2102,146,28371,36.87%,40.04%,
104/03/16,250,57,58,365,25971,2127,118,28216,36.65%,39.82%,
104/03/13,28,-1,-9,18,25721,2070,60,27851,36.30%,39.31%,
104/03/12,20,0,-4,16,25693,2071,69,27833,36.26%,39.28%,
104/03/11,39,-2,6,43,25674,2071,72,27817,36.24%,39.26%,
104/03/10,34,17,1,52,25635,2073,66,27774,36.18%,39.20%,
104/03/09,48,44,14,106,25601,2056,65,27722,36.13%,39.12%,
104/03/06,-5,-4,-4,-13,25553,2012,51,27616,36.06%,38.97%,
104/03/05,-11,0,-29,-40,25557,2016,55,27628,36.07%,38.99%,
104/03/04,146,-93,4,57,25568,2016,84,27668,36.09%,39.05%,
104/03/03,-15,0,7,-8,25422,2108,80,27610,35.88%,38.97%,
104/03/02,15,0,13,28,25437,2108,73,27618,35.90%,38.98%,
104/02/26,18,24,1,43,25422,2108,60,27590,35.88%,38.94%,
104/02/25,-4,0,-1,-5,25404,2084,59,27547,35.85%,38.87%,
104/02/24,-17,17,2,2,25409,2084,60,27553,35.86%,38.89%,
104/02/13,-1,-34,-1,-36,25426,2067,58,27551,35.89%,38.89%,
104/02/12,-17,0,0,-17,25427,2101,59,27587,35.89%,38.94%,
104/02/11,-88,0,25,-63,25444,2101,59,27604,35.91%,38.96%,
104/02/10,0,0,2,2,25532,2101,34,27667,36.03%,39.04%,
104/02/09,-47,-3,1,-49,25532,2101,32,27665,36.03%,39.04%,
104/02/06,9,-15,-1,-7,25579,2104,31,27714,36.10%,39.11%,
104/02/05,3,2,-0,5,25570,2119,32,27721,36.09%,39.13%,
104/02/04,2,-27,-2,-27,25567,2117,32,27716,36.08%,39.11%,
104/02/03,43,7,0,50,25565,2144,34,27743,36.08%,39.15%,
104/02/02,-62,-89,-31,-182,25522,2137,34,27693,36.02%,39.08%,
104/01/30,0,-32,5,-27,25584,2226,65,27875,36.11%,39.34%,
104/01/29,91,-48,-2,41,25584,2258,60,27902,36.11%,39.38%,
104/01/28,27,2,0,29,25493,2306,62,27861,35.98%,39.32%,
104/01/27,68,15,-3,80,25466,2304,62,27832,35.94%,39.28%,
104/01/26,-29,17,-2,-14,25398,2289,65,27752,35.85%,39.17%,
104/01/23,47,0,0,47,25427,2272,67,27766,35.89%,39.19%,
104/01/22,-18,34,13,29,25380,2272,67,27719,35.82%,39.12%,
104/01/21,-33,-96,4,-125,25398,2238,54,27690,35.85%,39.09%,
104/01/20,-36,-74,6,-104,25431,2334,50,27815,35.89%,39.26%,
104/01/19,-17,-13,0,-30,25467,2408,44,27919,35.94%,39.40%,
104/01/16,-172,25,-8,-155,25484,2421,44,27949,35.97%,39.45%,
104/01/15,-110,-59,-9,-178,25656,2396,52,28104,36.21%,39.67%,
104/01/14,-74,-5,-1,-80,25766,2455,61,28282,36.36%,39.91%,
104/01/13,-15,-14,0,-29,25840,2460,62,28362,36.47%,40.03%,
104/01/12,7,-2,-4,1,25855,2474,62,28391,36.49%,40.07%,
104/01/09,94,0,-20,74,25848,2476,66,28390,36.48%,40.07%,
104/01/08,-86,4,23,-59,25754,2476,86,28316,36.35%,39.97%,
104/01/07,-59,0,0,-59,25840,2472,63,28375,36.47%,40.05%,
104/01/06,2,0,-7,-5,25899,2472,63,28434,36.55%,40.13%,
104/01/05,-106,4,0,-102,25897,2472,70,28439,36.55%,40.14%,
