日期,外資買賣超,投信買賣超,自營商買賣超,單日合計買賣超,外資估計持股,投信估計持股,自營商估計持股,單日合計估計持股,外資持股比重,三大法人持股比重,
107/03/31,-489,0,-208,-697,1163151,20218,35621,1218990,42.31%,44.34%,
107/03/30,542,0,698,1240,1163640,20218,35829,1219687,42.33%,44.37%,
107/03/29,-3125,0,80,-3045,1162940,20218,35131,1218289,42.30%,44.31%,
107/03/28,-638,0,-312,-950,1166233,20218,35051,1221502,42.42%,44.43%,
107/03/27,1370,100,-1081,389,1166770,20218,35363,1222351,42.44%,44.46%,
107/03/26,3190,0,812,4002,1165266,20118,36444,1221828,42.39%,44.45%,
107/03/23,-8408,0,-420,-8828,1161926,20118,35632,1217676,42.27%,44.30%,
107/03/22,269,0,-1731,-1462,1169939,20118,36052,1226109,42.56%,44.60%,
107/03/21,4523,0,-899,3624,1169970,20118,37783,1227871,42.56%,44.67%,
107/03/20,8257,-2,1189,9444,1165042,20118,38682,1223842,42.38%,44.52%,
107/03/19,-2887,-2,-1217,-4106,1156160,20120,37493,1213773,42.06%,44.16%,
107/03/16,-8479,-279,-1168,-9926,1158346,20122,38710,1217178,42.14%,44.28%,
107/03/15,5477,-2047,-1330,2100,1167357,20401,39878,1227636,42.46%,44.65%,
107/03/14,-748,120,799,171,1159014,22448,41208,1222670,42.16%,44.48%,
107/03/13,8061,466,319,8846,1159567,22328,40409,1222304,42.18%,44.46%,
107/03/12,32323,655,-1396,31582,1151506,21862,40090,1213458,41.89%,44.14%,
107/03/09,5956,186,4350,10492,1118968,21207,41486,1181661,40.70%,42.98%,
107/03/08,-3575,0,724,-2851,1113503,21021,37136,1171660,40.51%,42.63%,
107/03/07,-2586,-1878,59,-4405,1117078,21021,36412,1174511,40.64%,42.73%,
107/03/06,-5777,0,93,-5684,1119664,22899,36353,1178916,40.73%,42.89%,
107/03/05,-1194,2698,697,2201,1126341,22899,36260,1185500,40.97%,43.12%,
107/03/02,-3249,101,-935,-4083,1128071,20201,35563,1183835,41.04%,43.07%,
107/03/01,2964,0,-1040,1924,1131290,20100,36498,1187888,41.15%,43.21%,
107/02/27,-3255,-1,1324,-1932,1128136,20100,37538,1185774,41.04%,43.14%,
107/02/26,-2983,1,-1759,-4741,1131391,20101,36214,1187706,41.16%,43.21%,
107/02/23,-5008,0,651,-4357,1134738,20100,37973,1192811,41.28%,43.39%,
107/02/22,1862,0,669,2531,1139381,20100,37322,1196803,41.45%,43.54%,
107/02/21,11564,0,2776,14340,1137704,20100,36653,1194457,41.39%,43.45%,
107/02/12,-4153,-6,-141,-4300,1126139,20100,33877,1180116,40.97%,42.93%,
107/02/09,-4707,119,-20,-4608,1130294,20106,34018,1184418,41.12%,43.09%,
107/02/08,-3266,1,123,-3142,1135001,19987,34038,1189026,41.29%,43.26%,
107/02/07,1228,12,-432,808,1138204,19986,33915,1192105,41.40%,43.36%,
107/02/06,-7422,484,-2096,-9034,1136976,19974,34347,1191297,41.36%,43.34%,
107/02/05,-2446,0,-1131,-3577,1143359,19490,36443,1199292,41.59%,43.62%,
107/02/02,-477,-417,442,-452,1145805,19490,37574,1202869,41.68%,43.76%,
107/02/01,-2718,-1450,-390,-4558,1146282,19907,37132,1203321,41.70%,43.78%,
107/01/31,-872,-12,-487,-1371,1148634,21357,37522,1207513,41.78%,43.92%,
107/01/30,631,2007,707,3345,1149506,21369,38009,1208884,41.82%,43.98%,
107/01/29,-2200,0,-165,-2365,1148875,19362,37302,1205539,41.79%,43.85%,
107/01/26,-4008,100,-158,-4066,1149650,19362,37467,1206479,41.82%,43.89%,
107/01/25,-2714,-240,-548,-3502,1153367,19262,37625,1210254,41.96%,44.03%,
107/01/24,-2163,1941,-994,-1216,1155824,19502,38173,1213499,42.05%,44.15%,
107/01/23,9658,1385,-536,10507,1150194,17561,39167,1206922,41.84%,43.90%,
107/01/22,4121,976,1457,6554,1144066,16176,39703,1199945,41.62%,43.65%,
107/01/19,-1297,130,-347,-1514,1139765,15200,38246,1193211,41.46%,43.40%,
107/01/18,-1835,930,360,-545,1139260,15070,38593,1192923,41.44%,43.39%,
107/01/17,-991,0,506,-485,1140520,14140,38233,1192893,41.49%,43.40%,
107/01/16,-867,0,253,-614,1141511,14140,37727,1193378,41.52%,43.41%,
107/01/15,-975,-2,386,-591,1142378,14140,37474,1193992,41.56%,43.44%,
107/01/12,-2635,0,744,-1891,1143353,14142,37088,1194583,41.59%,43.45%,
107/01/11,407,0,-186,221,1146002,14142,36344,1196488,41.69%,43.53%,
107/01/10,-474,0,-319,-793,1145295,14142,36530,1195967,41.66%,43.50%,
107/01/09,12,0,-34,-22,1145769,14142,36849,1196760,41.68%,43.54%,
107/01/08,-3060,220,-742,-3582,1145757,14142,36883,1196782,41.68%,43.54%,
107/01/05,-295,0,745,450,1147936,13922,37625,1199483,41.76%,43.64%,
107/01/04,-2799,0,-328,-3127,1148391,13922,36880,1199193,41.77%,43.62%,
107/01/03,-1893,175,-129,-1847,1151190,13922,37208,1202320,41.88%,43.74%,
107/01/02,-848,0,-274,-1122,1153083,13747,37337,1204167,41.95%,43.81%,
106/12/29,3125,2200,346,5671,1153931,13747,37611,1205289,41.98%,43.85%,
106/12/28,1500,3,-674,829,1151406,9732,37265,1198403,41.88%,43.59%,
106/12/27,1111,4,-710,405,1150253,9729,37939,1197921,41.84%,43.57%,
106/12/26,-2348,1,445,-1902,1149143,9725,38649,1197517,41.80%,43.56%,
106/12/25,-1200,0,1191,-9,1151491,9724,38204,1199419,41.89%,43.63%,
106/12/22,-749,0,1089,340,1151691,9724,37013,1198428,41.89%,43.59%,
106/12/21,-178,0,41,-137,1152440,9724,35924,1198088,41.92%,43.58%,
106/12/20,-5374,33,-111,-5452,1152618,9724,35883,1198225,41.93%,43.59%,
106/12/19,1862,0,-326,1536,1157993,9691,35994,1203678,42.12%,43.78%,
106/12/18,-1396,182,407,-807,1156131,9691,36320,1202142,42.06%,43.73%,
106/12/15,-6718,662,13,-6043,1157527,9509,35913,1202949,42.11%,43.76%,
106/12/14,-5797,0,-20,-5817,1164245,8847,35900,1208992,42.35%,43.98%,
106/12/13,-1392,0,-127,-1519,1170143,8847,35920,1214910,42.57%,44.20%,
106/12/12,-7465,2,-1088,-8551,1171535,8847,36047,1216429,42.62%,44.25%,
106/12/11,1584,0,1116,2700,1179000,8845,37135,1224980,42.89%,44.56%,
106/12/08,578,-2800,408,-1814,1177416,8845,36019,1222280,42.83%,44.46%,
106/12/07,-8469,0,50,-8419,1176858,11645,35611,1224114,42.81%,44.53%,
106/12/06,-16796,2,133,-16661,1185723,11645,35561,1232929,43.13%,44.85%,
106/12/05,-8138,0,435,-7703,1202519,11643,35428,1249590,43.74%,45.45%,
106/12/04,-9860,0,-37,-9897,1210657,11643,34993,1257293,44.04%,45.74%,
106/12/01,-15370,91,-720,-15999,1220517,11643,35030,1267190,44.40%,46.10%,
106/11/30,-20687,-3,272,-20418,1235886,11552,35750,1283188,44.96%,46.68%,
106/11/29,-6814,-15,-616,-7445,1256573,11555,35478,1303606,45.71%,47.42%,
106/11/28,-12398,-3,123,-12278,1263373,11570,36094,1311037,45.96%,47.69%,
106/11/27,-19885,0,-58,-19943,1275771,11573,35971,1323315,46.41%,48.14%,
106/11/24,-2900,0,-301,-3201,1295656,11573,36029,1343258,47.13%,48.86%,
106/11/23,-1779,0,172,-1607,1298555,11573,36330,1346458,47.22%,48.96%,
106/11/22,-25401,0,164,-25237,1300334,11573,36158,1348065,47.28%,49.02%,
106/11/21,-10273,0,510,-9763,1325795,11573,35994,1373362,48.21%,49.94%,
106/11/20,-9221,0,86,-9135,1336131,11573,35484,1383188,48.58%,50.29%,
106/11/17,-4012,-2,259,-3755,1345352,11573,35398,1392323,48.92%,50.63%,
106/11/16,-11870,0,-161,-12031,1349614,11575,35139,1396328,49.07%,50.77%,
106/11/15,-16053,0,-1666,-17719,1361485,11575,35300,1408360,49.51%,51.21%,
106/11/14,-5476,-4,-429,-5909,1377538,11575,36966,1426079,50.09%,51.86%,
106/11/13,3186,0,354,3540,1383114,11579,37395,1432088,50.29%,52.07%,
106/11/10,-567,0,126,-441,1379962,11579,37041,1428582,50.18%,51.95%,
106/11/09,1671,-5,-510,1156,1381837,11579,36915,1430331,50.25%,52.01%,
106/11/08,-9481,-564,45,-10000,1380113,11584,37425,1429122,50.18%,51.96%,
106/11/07,-1727,0,1574,-153,1389615,12148,37380,1439143,50.53%,52.33%,
106/11/06,-3351,0,-332,-3683,1391342,12148,35806,1439296,50.59%,52.33%,
106/11/03,23073,0,-221,22852,1394694,12148,36138,1442980,50.71%,52.47%,
106/11/02,8466,0,97,8563,1371621,12148,36359,1420128,49.87%,51.63%,
106/11/01,-3194,-4,152,-3046,1363404,12148,36262,1411814,49.58%,51.34%,
106/10/31,174,1,947,1122,1365814,12152,36110,1414076,49.66%,51.42%,
106/10/30,-2809,0,380,-2429,1365640,12151,35163,1412954,49.66%,51.38%,
106/10/27,868,-86,-202,580,1368449,12151,34783,1415383,49.76%,51.47%,
106/10/26,-1308,-2,67,-1243,1367432,12237,34985,1414654,49.72%,51.44%,
106/10/25,-3482,0,-418,-3900,1370065,12239,34918,1417222,49.82%,51.53%,
106/10/24,9073,-1,-475,8597,1373548,12239,35336,1421123,49.94%,51.67%,
106/10/23,2383,2800,406,5589,1364475,12240,35811,1412526,49.61%,51.36%,
106/10/20,752,0,-90,662,1362092,9440,35405,1406937,49.53%,51.16%,
106/10/19,-1321,-4,9,-1316,1360896,9440,35495,1405831,49.48%,51.11%,
106/10/18,-7075,-1,-699,-7775,1362067,9444,35486,1406997,49.53%,51.16%,
106/10/17,-9200,-1,-1204,-10405,1368229,9445,36185,1413859,49.75%,51.41%,
106/10/16,9927,-2,2571,12496,1377428,9446,37389,1424263,50.09%,51.79%,
106/10/13,5678,0,-152,5526,1367501,9448,34818,1411767,49.72%,51.33%,
106/10/12,-3394,0,82,-3312,1361813,9448,34970,1406231,49.52%,51.14%,
106/10/11,-5011,0,134,-4877,1365206,9448,34888,1409542,49.64%,51.25%,
106/10/06,-1919,0,-244,-2163,1370433,9448,34754,1414635,49.83%,51.44%,
106/10/05,2935,43,127,3105,1372616,9448,34998,1417062,49.91%,51.53%,
106/10/03,-1646,66,-555,-2135,1369645,9405,34871,1413921,49.80%,51.41%,
106/10/02,2107,0,26,2133,1371290,9339,35426,1416055,49.86%,51.49%,
106/09/30,0,0,-100,-100,1369183,9339,35400,1413922,49.79%,51.42%,
106/09/29,-925,0,346,-579,1369183,8385,35500,1413068,49.79%,51.39%,
106/09/28,-2520,0,22,-2498,1371208,8385,35154,1414747,49.86%,51.44%,
106/09/27,13,0,239,252,1373728,8385,35132,1417245,49.95%,51.53%,
106/09/26,-1108,0,705,-403,1373997,8385,34893,1417275,49.96%,51.53%,
106/09/25,1124,0,263,1387,1375142,8385,34188,1417715,50.00%,51.55%,
106/09/22,-3891,0,-9,-3900,1374018,8385,33925,1416328,49.96%,51.50%,
106/09/21,-16147,0,-324,-16471,1376899,8385,33934,1419218,50.07%,51.61%,
106/09/20,5715,0,388,6103,1393047,8385,34258,1435690,50.65%,52.20%,
106/09/19,-19091,2,-408,-19497,1387185,8385,33870,1429440,50.44%,51.98%,
106/09/18,-3533,63,261,-3209,1406196,8383,34278,1448857,51.13%,52.68%,
106/09/15,-6786,255,-2,-6533,1409730,8320,34017,1452067,51.26%,52.80%,
106/09/14,-4424,138,275,-4011,1416450,8065,34019,1458534,51.50%,53.03%,
106/09/13,-14364,0,-1007,-15371,1420875,7927,33744,1462546,51.67%,53.19%,
106/09/12,-1589,0,-158,-1747,1435239,7927,34751,1477917,52.19%,53.74%,
106/09/11,379,0,-183,196,1438479,7927,34909,1481315,52.31%,53.87%,
106/09/08,-5361,-3,278,-5086,1438091,7927,35092,1481110,52.29%,53.85%,
106/09/07,-4307,0,-415,-4722,1443483,7930,34814,1486227,52.49%,54.04%,
106/09/06,-5027,-1,-233,-5261,1450265,7930,35229,1493424,52.73%,54.30%,
106/09/05,-2867,1,-170,-3036,1454416,7931,35462,1497809,52.89%,54.47%,
106/09/04,-2006,0,-231,-2237,1456598,7930,35632,1500160,52.96%,54.54%,
106/09/01,-9328,-1,-1400,-10729,1458603,7930,35863,1502396,53.04%,54.63%,
106/08/31,1609,0,3501,5110,1468199,7931,37263,1513393,53.39%,55.03%,
106/08/30,3453,0,117,3570,1463517,7931,33762,1505210,53.22%,54.74%,
106/08/29,745,-2,-294,449,1460065,7931,33645,1501641,53.09%,54.60%,
106/08/28,-5358,-12,549,-4821,1459408,7933,33939,1501280,53.07%,54.59%,
106/08/25,-142,6,55,-81,1464776,7945,33390,1506111,53.26%,54.76%,
106/08/24,572,2,586,1160,1464913,7939,33335,1506187,53.27%,54.77%,
106/08/23,-2709,1,-290,-2998,1464341,7937,32749,1505027,53.25%,54.73%,
106/08/22,-2052,0,109,-1943,1467050,7936,33039,1508025,53.34%,54.83%,
106/08/21,599,0,150,749,1469071,7936,32930,1509937,53.42%,54.91%,
106/08/18,-7387,-1,-446,-7834,1468472,7936,32780,1509188,53.40%,54.88%,
106/08/17,-2413,0,277,-2136,1433297,7937,33226,1474460,53.60%,55.10%,
106/08/16,-2392,21,-21,-2392,1435710,7937,32949,1476596,53.69%,55.18%,
106/08/15,-923,-570,138,-1355,1437948,7916,32970,1478834,53.77%,55.26%,
106/08/14,-1759,0,-382,-2141,1437870,8486,32832,1479188,53.77%,55.27%,
106/08/11,-6867,0,-92,-6959,1439629,8486,33214,1481329,53.84%,55.36%,
106/08/10,1519,14,-652,881,1446496,8486,33306,1488288,54.09%,55.61%,
106/08/09,3435,23,-488,2970,1444177,8472,33958,1486607,54.01%,55.55%,
106/08/08,-5389,-3,101,-5291,1440741,8449,34446,1483636,53.88%,55.44%,
106/08/07,-2264,13,-89,-2340,1446130,8452,34345,1488927,54.08%,55.64%,
106/08/04,1467,-3,-943,521,1446394,8439,34434,1489267,54.09%,55.65%,
106/08/03,-577,0,-1150,-1727,1443627,8442,35377,1487446,53.99%,55.58%,
106/08/02,-4457,5,-3620,-8072,1444204,8442,36527,1489173,54.01%,55.65%,
106/08/01,-2911,-2,4587,1674,1449400,8437,40147,1497984,54.20%,56.02%,
106/07/31,-1285,0,1430,145,1452311,8439,35560,1496310,54.31%,55.96%,
106/07/28,-1030,0,-97,-1127,1453596,8439,34130,1496165,54.36%,55.95%,
106/07/27,3784,0,436,4220,1454627,8439,34227,1497293,54.40%,56.00%,
106/07/26,-2435,1,80,-2354,1450842,8439,33791,1493072,54.26%,55.84%,
106/07/25,842,-90,458,1210,1453277,8438,33711,1495426,54.35%,55.93%,
106/07/24,215,0,-234,-19,1452435,8528,33253,1494216,54.32%,55.88%,
106/07/21,517,0,329,846,1452220,8528,33487,1494235,54.31%,55.88%,
106/07/20,-2559,-858,-232,-3649,1451703,8528,33158,1493389,54.29%,55.85%,
106/07/19,-1243,0,177,-1066,1454342,9386,33390,1497118,54.39%,55.99%,
106/07/18,-1278,8,-242,-1512,1455584,9386,33213,1498183,54.43%,56.02%,
106/07/17,2037,0,-329,1708,1456862,9378,33455,1499695,54.48%,56.08%,
106/07/14,-2528,-145,-857,-3530,1454825,9378,33784,1497987,54.41%,56.02%,
106/07/13,-2625,-5,397,-2233,1457354,9523,34641,1501518,54.50%,56.15%,
106/07/12,803,565,-113,1255,1459979,9528,34244,1503751,54.60%,56.24%,
106/07/11,3656,0,38,3694,1459175,8963,34357,1502495,54.57%,56.19%,
106/07/10,-1069,-203,-322,-1594,1455520,8963,34319,1498802,54.43%,56.05%,
106/07/07,-3733,0,1447,-2286,1456589,9166,34641,1500396,54.47%,56.11%,
106/07/06,471,0,-11,460,1460321,9166,33194,1502681,54.61%,56.19%,
106/07/05,2019,-130,119,2008,1459850,9166,33205,1502221,54.59%,56.17%,
106/07/04,-4230,-2,-101,-4333,1457832,9296,33086,1500214,54.52%,56.11%,
106/07/03,1022,0,-182,840,1462099,9298,33187,1504584,54.68%,56.27%,
106/06/30,2950,6,-390,2566,1461077,9298,33369,1503744,54.64%,56.24%,
106/06/29,-774,-32,3368,2562,1458028,9569,33759,1501356,54.53%,56.15%,
106/06/28,-1254,-32,-165,-1451,1458802,9601,30391,1498794,54.55%,56.05%,
106/06/27,-397,-30,1943,1516,1460422,9633,30556,1500611,54.61%,56.13%,
106/06/26,4641,-4,268,4905,1460872,9663,28613,1499148,54.63%,56.07%,
106/06/23,6738,62,1257,8057,1456230,9667,28345,1494242,54.46%,55.89%,
106/06/22,1323,-36,-18,1269,1449492,9605,27088,1486185,54.21%,55.59%,
106/06/21,1845,-28,-225,1592,1448169,9641,27106,1484916,54.16%,55.55%,
106/06/20,3745,-6,-4554,-815,1446324,9669,27331,1483324,54.09%,55.49%,
106/06/19,581,86,1919,2586,1442579,9675,31885,1484139,53.95%,55.52%,
106/06/16,4888,-1766,-1009,2113,1441999,9589,29966,1481554,53.93%,55.42%,
106/06/15,6693,-733,1390,7350,1437910,11355,30975,1480240,53.77%,55.37%,
106/06/14,-506,0,1115,609,1431105,12088,29585,1472778,53.52%,55.09%,
106/06/13,-305,150,-955,-1110,1431542,12088,28470,1472100,53.53%,55.06%,
106/06/12,5833,150,1738,7721,1431740,11938,29425,1473103,53.54%,55.10%,
106/06/09,5587,887,3531,10005,1425874,11788,27687,1465349,53.32%,54.81%,
106/06/08,2213,0,193,2406,1420287,10901,24156,1455344,53.58%,54.90%,
106/06/07,1715,-4,-206,1505,1418074,10901,23963,1452938,53.50%,54.82%,
106/06/06,1741,-106,-89,1546,1416575,10905,24169,1451649,53.44%,54.76%,
106/06/05,2917,-73,-402,2442,1413697,11011,24257,1448965,53.34%,54.67%,
106/06/03,-97,-155,80,-172,1410748,11084,24659,1446491,53.22%,54.57%,
106/06/02,3447,-10,-430,3007,1410845,11239,24579,1446663,53.23%,54.58%,
106/06/01,2294,0,2499,4793,1407645,11249,25009,1443903,53.11%,54.48%,
106/05/31,1434,0,-175,1259,1405312,11249,22510,1439071,53.02%,54.29%,
106/05/26,1570,-14,-23,1533,1403878,11249,22685,1437812,52.97%,54.25%,
106/05/25,1833,-3,-172,1658,1402298,11263,22708,1436269,52.91%,54.19%,
106/05/24,4696,-181,157,4672,1400465,11266,22880,1434611,52.84%,54.13%,
106/05/23,-7804,0,508,-7296,1395268,11447,22723,1429438,52.64%,53.93%,
106/05/22,-748,-898,-401,-2047,1403072,11447,22215,1436734,52.93%,54.20%,
106/05/19,103,-304,-7,-208,1403821,12345,22616,1438782,52.96%,54.28%,
106/05/18,-363,-652,-119,-1134,1403718,12649,22623,1438990,52.96%,54.29%,
106/05/17,-2085,-550,187,-2448,1404081,13301,22742,1440124,52.97%,54.33%,
106/05/16,200,305,149,654,1406152,13851,22555,1442558,53.05%,54.42%,
106/05/15,1048,104,94,1246,1405953,13546,22406,1441905,53.04%,54.40%,
106/05/12,1685,0,14,1699,1404781,13442,22312,1440535,53.00%,54.35%,
106/05/11,1317,0,-404,913,1402950,13442,22298,1438690,52.93%,54.28%,
106/05/10,2336,0,1055,3391,1401633,13442,22702,1437777,52.88%,54.24%,
106/05/09,-5041,0,-1220,-6261,1399297,13442,21647,1434386,52.79%,54.11%,
106/05/08,-8105,-173,1263,-7015,1404338,13442,22867,1440647,52.98%,54.35%,
106/05/05,1440,-122,-758,560,1412443,13615,21604,1447662,53.29%,54.62%,
106/05/04,545,-78,-280,187,1411003,13737,22362,1447102,53.23%,54.59%,
106/05/03,2501,0,1055,3556,1410458,13815,22642,1446915,53.21%,54.59%,
106/05/02,6925,-4,209,7130,1407957,13815,21587,1443359,53.12%,54.46%,
106/04/28,5730,0,-349,5381,1401032,13819,21378,1436229,52.86%,54.19%,
106/04/27,755,0,-13,742,1395302,13819,21727,1430848,52.64%,53.98%,
106/04/26,318,0,-359,-41,1394547,13819,21740,1430106,52.61%,53.95%,
106/04/25,5928,-0,573,6501,1394229,13819,22099,1430147,52.60%,53.96%,
106/04/24,2420,39,-99,2360,1388303,13819,21526,1423648,52.38%,53.71%,
106/04/21,2873,0,54,2927,1385884,13780,21625,1421289,52.29%,53.63%,
106/04/20,1373,-592,-35,746,1383011,13780,21571,1418362,52.18%,53.51%,
106/04/19,4498,-1515,-243,2740,1383238,14372,21606,1419216,52.19%,53.55%,
106/04/18,-2837,-58,-41,-2936,1378502,15887,21849,1416238,52.01%,53.43%,
106/04/17,1748,-1146,-297,305,1379739,15945,21890,1417574,52.05%,53.48%,
106/04/14,1594,-7,-1095,492,1377559,17091,22187,1416837,51.97%,53.45%,
106/04/13,-5720,-79,262,-5537,1375965,17098,23282,1416345,51.91%,53.43%,
106/04/12,1134,-101,-959,74,1381685,17177,23020,1421882,52.13%,53.65%,
106/04/11,4999,57,1125,6181,1380551,17278,23979,1421808,52.09%,53.65%,
106/04/10,345,-120,-241,-16,1375552,17221,22854,1415627,51.90%,53.41%,
106/04/07,5576,39,-539,5076,1374506,17341,23095,1414942,51.86%,53.39%,
106/04/06,8172,182,-1812,6542,1370517,17302,23634,1411453,51.71%,53.25%,
106/04/05,14320,114,1060,15494,1362372,17120,25446,1404938,51.40%,53.01%,
106/03/31,2794,37,-278,2553,1348411,17006,24386,1389803,50.87%,52.43%,
106/03/30,5046,38,-287,4797,1346017,13728,24664,1384409,50.78%,52.23%,
106/03/29,-605,87,-97,-615,1340971,13690,24951,1379612,50.59%,52.05%,
106/03/28,2326,0,-1282,1044,1340576,13603,25048,1379227,50.58%,52.04%,
106/03/27,3099,189,1685,4973,1338250,13603,26330,1378183,50.49%,52.00%,
106/03/24,1428,0,-305,1123,1335151,13414,24645,1373210,50.37%,51.81%,
106/03/23,3052,0,-1388,1664,1333723,13414,24950,1372087,50.32%,51.77%,
106/03/22,8158,50,-4825,3383,1330671,13414,26338,1370423,50.20%,51.70%,
106/03/21,17861,115,5611,23587,1323113,13364,31163,1367640,49.92%,51.60%,
106/03/20,792,83,736,1611,1305252,13249,25552,1344053,49.24%,50.70%,
106/03/17,673,116,-420,369,1304460,13166,24816,1342442,49.21%,50.64%,
106/03/16,-815,101,-606,-1320,1303691,13050,25236,1341977,49.19%,50.63%,
106/03/15,-2410,0,2579,169,1304506,12949,25842,1343297,49.22%,50.68%,
106/03/14,758,0,95,853,1306216,12949,23263,1342428,49.28%,50.65%,
106/03/13,540,0,-312,228,1305458,12949,23168,1341575,49.25%,50.61%,
106/03/10,6894,0,-76,6818,1304994,12949,23480,1341423,49.23%,50.60%,
106/03/09,-412,0,-303,-715,1298672,12949,23556,1335177,49.00%,50.38%,
106/03/08,2975,0,-473,2502,1299083,12949,23859,1335891,49.01%,50.40%,
106/03/07,-76,0,-145,-221,1296108,12949,24332,1333389,48.90%,50.31%,
106/03/06,-1903,0,-713,-2616,1296175,12949,24477,1333601,48.90%,50.31%,
106/03/03,-698,-100,1242,444,1298066,12949,25190,1336205,48.97%,50.41%,
106/03/02,9,0,420,429,1298764,13049,23948,1335761,49.00%,50.40%,
106/03/01,-1066,0,23,-1043,1298755,13049,23528,1335332,49.00%,50.38%,
106/02/24,-987,1,-154,-1140,1299820,13049,23505,1336374,49.04%,50.42%,
106/02/23,-285,0,-291,-576,1300788,13048,23659,1337495,49.08%,50.47%,
106/02/22,3031,-386,-36,2609,1301073,13048,23950,1338071,49.09%,50.49%,
106/02/21,-1704,-765,9,-2460,1298043,13434,23986,1335463,48.97%,50.38%,
106/02/20,-48,-585,-298,-931,1299666,14199,23977,1337842,49.03%,50.47%,
106/02/18,402,-912,173,-337,1299713,14784,24275,1338772,49.03%,50.50%,
106/02/17,1063,-1103,-899,-939,1299311,15696,24102,1339109,49.02%,50.52%,
106/02/16,-169,-1554,-1500,-3223,1298248,16799,25001,1340048,48.98%,50.56%,
106/02/15,-105,-363,-633,-1101,1297917,18353,26501,1342771,48.97%,50.66%,
106/02/14,-2632,0,-1018,-3650,1298022,18716,27134,1343872,48.97%,50.70%,
106/02/13,98,-478,155,-225,1300655,18716,28152,1347523,49.07%,50.84%,
106/02/10,74,-344,143,-127,1300556,19194,27997,1347747,49.07%,50.85%,
106/02/09,659,-149,404,914,1300484,19538,27854,1347876,49.06%,50.85%,
106/02/08,-1269,0,243,-1026,1299825,19687,27450,1346962,49.04%,50.82%,
106/02/07,1688,0,-991,697,1301091,19687,27207,1347985,49.09%,50.86%,
106/02/06,-3972,0,-1482,-5454,1299403,19687,28198,1347288,49.02%,50.83%,
106/02/03,1163,-462,-305,396,1303375,19687,29680,1352742,49.17%,51.03%,
106/02/02,3044,306,1007,4357,1302163,20149,29985,1352297,49.13%,51.02%,
106/01/24,6143,0,-715,5428,1298988,19843,28978,1347809,49.01%,50.85%,
106/01/23,4214,230,-676,3768,1294173,19843,29693,1343709,48.83%,50.70%,
106/01/20,4949,0,1990,6939,1289929,19613,30369,1339911,48.67%,50.56%,
106/01/19,2056,0,-393,1663,1284980,19613,28379,1332972,48.48%,50.29%,
106/01/18,1493,34,-420,1107,1282924,19613,28772,1331309,48.40%,50.23%,
106/01/17,6812,0,-3952,2860,1281233,19579,29192,1330004,48.34%,50.18%,
106/01/16,1359,0,-568,791,1274286,19579,33144,1327009,48.08%,50.07%,
106/01/13,5388,33,2248,7669,1272787,19579,33712,1326078,48.02%,50.03%,
106/01/12,2828,792,-1787,1833,1267121,19546,31464,1318131,47.81%,49.73%,
106/01/11,28710,70,3996,32776,1264277,18754,33251,1316282,47.70%,49.66%,
106/01/10,1688,650,-554,1784,1235557,18684,29255,1283496,46.61%,48.42%,
106/01/09,2807,0,969,3776,1233816,18034,29809,1281659,46.55%,48.36%,
106/01/06,8177,460,366,9003,1231244,18034,28840,1278118,46.45%,48.22%,
106/01/05,1517,-602,177,1092,1223032,17574,28474,1269080,46.14%,47.88%,
106/01/04,-1245,0,142,-1103,1221505,18176,28297,1267978,46.08%,47.83%,
106/01/03,5099,294,599,5992,1222693,18176,28155,1269024,46.13%,47.88%,
105/12/30,4328,950,-3070,2208,1218650,17882,27556,1264088,45.98%,47.69%,
105/12/29,12227,0,3249,15476,1216052,16932,30626,1263610,45.88%,47.67%,
105/12/28,3448,0,-1824,1624,1204319,16932,27377,1248628,45.44%,47.11%,
105/12/27,172,0,36,208,1200824,16932,29201,1246957,45.30%,47.04%,
105/12/26,-621,0,-1798,-2419,1200652,16932,29165,1246749,45.30%,47.04%,
105/12/23,1422,0,104,1526,1201246,16932,30963,1249141,45.32%,47.13%,
105/12/22,-19,0,-63,-82,1199803,16932,30859,1247594,45.27%,47.07%,
105/12/21,455,0,-1769,-1314,1199770,16932,30922,1247624,45.26%,47.07%,
105/12/20,179,0,-1696,-1517,1199231,16932,32691,1248854,45.24%,47.11%,
105/12/19,2125,0,-1764,361,1198997,16932,34387,1250316,45.23%,47.17%,
105/12/16,126,-507,88,-293,1196534,16932,36151,1249617,45.14%,47.14%,
105/12/15,1796,0,0,1796,1196355,17439,36063,1249857,45.14%,47.16%,
105/12/14,1699,0,-63,1636,1194509,17439,36063,1248011,45.07%,47.09%,
105/12/13,296,0,102,398,1192885,17439,36126,1246450,45.00%,47.02%,
105/12/12,1211,0,-175,1036,1192508,17439,36024,1245971,44.99%,47.01%,
105/12/09,5875,0,122,5997,1191185,17439,36199,1244823,44.94%,46.96%,
105/12/08,-1648,0,341,-1307,1185282,17439,36077,1238798,44.72%,46.74%,
105/12/07,1061,-780,-237,44,1186878,17439,35736,1240053,44.78%,46.79%,
105/12/06,2017,0,214,2231,1185782,18219,35973,1239974,44.74%,46.78%,
105/12/05,-615,-300,-211,-1126,1183998,18219,35759,1237976,44.67%,46.71%,
105/12/02,-1880,0,-195,-2075,1184613,18519,35970,1239102,44.69%,46.74%,
105/12/01,2369,4,0,2373,1186699,18519,36165,1241383,44.77%,46.83%,
105/11/30,154,-2,-172,-20,1184330,18515,36165,1239010,44.68%,46.74%,
105/11/29,-1199,-987,145,-2041,1184180,18517,36337,1239034,44.68%,46.75%,
105/11/28,-428,0,-98,-526,1185306,19504,36192,1241002,44.72%,46.82%,
105/11/25,-1266,0,-161,-1427,1185734,19504,36290,1241528,44.73%,46.83%,
105/11/24,-880,0,-150,-1030,1187000,19504,36451,1242955,44.78%,46.89%,
105/11/23,654,0,-127,527,1187880,19504,36601,1243985,44.78%,46.90%,
105/11/22,1082,54,230,1366,1187226,19504,36728,1243458,44.76%,46.88%,
105/11/21,1118,0,-37,1081,1186144,19450,36498,1242092,44.72%,46.83%,
105/11/18,1354,367,-1,1720,1184859,19450,36535,1240844,44.67%,46.78%,
105/11/17,172,120,-80,212,1183407,19083,36536,1239026,44.62%,46.72%,
105/11/16,695,599,-491,803,1183125,18963,36616,1238704,44.61%,46.71%,
105/11/15,5927,0,690,6617,1182268,18364,37107,1237739,44.57%,46.66%,
105/11/14,-6448,500,29,-5919,1176125,18364,36417,1230906,44.34%,46.41%,
105/11/11,-7146,0,177,-6969,1182903,17864,36388,1237155,44.60%,46.65%,
105/11/10,8037,763,775,9575,1190711,17864,36211,1244786,44.89%,46.93%,
105/11/09,482,0,178,660,1183429,17101,35436,1235966,44.62%,46.60%,
105/11/08,1598,0,-50,1548,1182871,17101,35258,1235230,44.60%,46.57%,
105/11/07,607,0,-21,586,1181272,17101,35308,1233681,44.54%,46.52%,
105/11/04,-1602,0,101,-1501,1180666,17101,35329,1233096,44.51%,46.49%,
105/11/03,-1919,-1,-429,-2349,1182258,17101,35228,1234587,44.57%,46.54%,
105/11/02,-2038,-0,-103,-2141,1183692,17102,35657,1236451,44.63%,46.62%,
105/11/01,2821,0,959,3780,1185592,17102,35760,1238454,44.70%,46.69%,
105/10/31,4580,0,70,4650,1182689,17102,34801,1234592,44.59%,46.55%,
105/10/28,2646,0,-40,2606,1178057,17102,34731,1229890,44.41%,46.36%,
105/10/27,-794,0,-26,-820,1175911,17102,34771,1227784,44.33%,46.29%,
105/10/26,-989,0,249,-740,1176705,17102,34797,1228604,44.36%,46.32%,
105/10/25,855,-68,74,861,1178229,17102,34548,1229879,44.42%,46.37%,
105/10/24,1382,0,34,1416,1177357,17170,34474,1229001,44.39%,46.34%,
105/10/21,-945,26,-14,-933,1175965,17170,34440,1227575,44.34%,46.29%,
105/10/20,958,26,12,996,1176898,17144,34454,1228496,44.37%,46.32%,
105/10/19,1288,0,-98,1190,1176810,17118,34442,1228370,44.37%,46.31%,
105/10/18,-34,0,14,-20,1175510,17118,34540,1227168,44.32%,46.27%,
105/10/17,-935,0,-379,-1314,1175528,17118,34526,1227172,44.32%,46.27%,
105/10/14,2788,0,-255,2533,1175930,17118,34905,1227953,44.33%,46.29%,
105/10/13,1546,1,-61,1486,1173465,17118,35160,1225743,44.24%,46.21%,
105/10/12,275,400,745,1420,1172265,17117,35221,1224603,44.20%,46.17%,
105/10/11,3695,401,-231,3865,1171980,16717,34476,1223173,44.19%,46.12%,
105/10/07,4477,0,-575,3902,1168129,16316,34707,1219152,44.04%,45.96%,
105/10/06,3173,1389,-1104,3458,1163641,16316,35282,1215239,43.87%,45.82%,
105/10/05,78,2665,1136,3879,1160459,14927,36386,1211772,43.75%,45.68%,
105/10/04,949,383,954,2286,1159074,12262,35250,1206586,43.70%,45.49%,
105/10/03,-1904,0,216,-1688,1158007,11879,34296,1204182,43.66%,45.40%,
105/09/30,-3529,1116,-339,-2752,1159726,11879,34080,1205685,43.72%,45.45%,
105/09/29,5798,1033,427,7258,1162878,15425,34419,1212722,43.84%,45.72%,
105/09/26,-1460,713,-291,-1038,1157026,14392,33993,1205411,43.62%,45.44%,
105/09/23,4497,1400,655,6552,1158388,13679,34284,1206351,43.67%,45.48%,
105/09/22,2066,800,157,3023,1153842,12279,33629,1199750,43.50%,45.23%,
105/09/21,2212,0,-138,2074,1152476,11479,33472,1197427,43.45%,45.14%,
105/09/20,1331,0,-129,1202,1152354,11479,33610,1197443,43.45%,45.15%,
105/09/19,4693,0,512,5205,1150540,11479,33739,1195758,43.38%,45.08%,
105/09/14,37,-131,-107,-201,1147174,11479,33227,1191880,43.25%,44.94%,
105/09/13,-4207,-9,-441,-4657,1147137,11610,33334,1192081,43.25%,44.94%,
105/09/12,-8783,-2,-203,-8988,1151345,11619,33775,1196739,43.41%,45.12%,
105/09/10,-1318,0,-326,-1644,1160237,11621,33978,1205836,43.74%,45.46%,
105/09/09,-3625,0,69,-3556,1160728,11621,34304,1206653,43.76%,45.49%,
105/09/08,-1919,0,-83,-2002,1164053,11621,34235,1209909,43.89%,45.62%,
105/09/07,524,0,-1034,-510,1165967,11621,34318,1211906,43.96%,45.69%,
105/09/06,10098,0,1083,11181,1165415,11621,35352,1212388,43.94%,45.71%,
105/09/05,2703,0,-140,2563,1155307,11621,34269,1201197,43.56%,45.29%,
105/09/02,1190,3,-108,1085,1153268,11621,34409,1199298,43.48%,45.22%,
105/09/01,-4262,-95,30,-4327,1151553,11618,34517,1197688,43.41%,45.15%,
105/08/31,6273,0,470,6743,1154695,11712,34487,1200894,43.53%,45.27%,
105/08/30,1081,23,-28,1076,1147453,11712,34017,1193182,43.26%,44.98%,
105/08/29,862,16,-123,755,1146341,11689,34045,1192075,43.22%,44.94%,
105/08/26,1831,1,-40,1792,1145647,11673,34168,1191488,43.19%,44.92%,
105/08/25,1151,6,97,1254,1145946,11672,34208,1191826,43.20%,44.93%,
105/08/24,-395,-1,-220,-616,1145473,11666,34111,1191250,43.19%,44.92%,
105/08/23,1691,13,59,1763,1143949,11667,34331,1189947,43.13%,44.86%,
105/08/22,-294,0,-74,-368,1142258,11654,34272,1188184,43.06%,44.79%,
105/08/19,903,6,-250,659,1142515,11654,34346,1188515,43.07%,44.80%,
105/08/18,1143,0,-2211,-1068,1141586,11648,34596,1187830,43.04%,44.78%,
105/08/17,8905,10,2040,10955,1140161,11648,36807,1188616,42.99%,44.82%,
105/08/16,6495,-1,473,6967,1129806,11638,34767,1176211,42.59%,44.34%,
105/08/15,-9547,33,-138,-9652,1092834,11639,34294,1138767,42.36%,44.09%,
105/08/12,6210,33,-239,6004,1099881,11606,34432,1145919,42.63%,44.37%,
105/08/11,3471,-3200,27,298,1093501,11573,34671,1139745,42.39%,44.13%,
105/08/10,583,0,-372,211,1090030,14773,34644,1139447,42.25%,44.11%,
105/08/09,13239,20,-5862,7397,1089427,14773,35016,1139216,42.23%,44.11%,
105/08/08,-2285,9,5351,3075,1077283,14753,40878,1132914,41.76%,43.92%,
105/08/05,-6444,-7,595,-5856,1079568,14744,35527,1129839,41.85%,43.80%,
105/08/04,543,-519,-132,-108,1086012,14751,34932,1135695,42.10%,44.03%,
105/08/03,-1718,-252,10,-1960,1085469,15270,35064,1135803,42.08%,44.03%,
105/08/02,1745,-328,-21,1396,1086772,15522,35054,1137348,42.13%,44.09%,
105/08/01,-8131,0,-59,-8190,1089621,15850,35075,1140546,42.24%,44.21%,
105/07/29,6815,-3,65,6877,1098968,15850,35134,1149952,42.60%,44.58%,
105/07/28,4125,0,-165,3960,1092153,15853,35069,1143075,42.33%,44.30%,
105/07/27,4234,0,-96,4138,1089651,15853,35234,1140738,42.24%,44.24%,
105/07/26,3603,11,-134,3480,1085417,15853,35330,1136600,42.07%,44.07%,
105/07/25,1077,30,-377,730,1083716,15842,35464,1135022,42.01%,44.02%,
105/07/22,4665,0,17,4682,1082638,15812,35841,1134291,42.36%,44.38%,
105/07/21,3468,-3,-99,3366,1076868,15812,35824,1128504,42.13%,44.15%,
105/07/20,3926,-2,-784,3140,1075207,15815,35923,1126945,42.07%,44.09%,
105/07/19,12796,28,364,13188,1070340,15817,36707,1122864,41.88%,43.94%,
105/07/18,4683,0,-581,4102,1057402,15789,36343,1109534,41.37%,43.41%,
105/07/15,258,0,-183,75,1052582,15789,36924,1105295,41.18%,43.24%,
105/07/14,13408,-1,-330,13077,1053872,15789,37107,1106768,41.23%,43.30%,
105/07/13,17509,0,148,17657,1039471,15790,37437,1092698,40.67%,42.75%,
105/07/12,2470,0,-300,2170,1021829,15790,37289,1074908,39.98%,42.06%,
105/07/11,9956,0,-141,9815,1018597,15790,37589,1071976,39.85%,41.94%,
105/07/07,10727,0,-301,10426,1007448,15790,37730,1060968,39.42%,41.51%,
105/07/06,6085,-1,196,6280,996721,15790,38031,1050542,39.00%,41.11%,
105/07/05,696,0,-217,479,991068,15791,37835,1044694,38.78%,40.88%,
105/07/04,6220,0,1509,7729,990377,15791,38052,1044220,38.75%,40.86%,
105/07/01,3729,0,1418,5147,983739,15791,36543,1036073,38.49%,40.54%,
105/06/30,5069,0,-132,4937,979259,15791,35125,1030175,38.31%,40.30%,
105/06/29,5429,-1501,3439,7367,974357,12175,35257,1021789,38.12%,39.98%,
105/06/28,-1528,-499,2185,158,968906,13676,31818,1014400,37.91%,39.69%,
105/06/27,1450,0,1980,3430,970310,14175,29633,1014118,37.96%,39.67%,
105/06/24,1540,-62,-598,880,968764,14175,27653,1010592,37.90%,39.54%,
105/06/23,830,1600,-59,2371,967185,14237,28251,1009673,37.84%,39.50%,
105/06/22,4908,0,-352,4556,966355,12637,28310,1007302,37.81%,39.41%,
105/06/21,7017,392,412,7821,961916,12637,28662,1003215,37.64%,39.26%,
105/06/20,433,-450,-263,-280,954770,12245,28250,995265,37.36%,38.94%,
105/06/17,1993,155,5,2153,953556,12695,28513,994764,37.31%,38.92%,
105/06/16,1308,0,-472,836,951420,12540,28508,992468,37.23%,38.84%,
105/06/15,-748,1500,-490,262,950217,12540,28980,991737,37.18%,38.80%,
105/06/14,6971,0,1146,8117,950915,11040,29470,991425,37.21%,38.80%,
105/06/13,3876,0,-103,3773,943609,11040,28324,982973,36.92%,38.46%,
105/06/08,5781,0,-703,5078,937578,11040,28427,977045,36.68%,38.22%,
105/06/07,6014,0,604,6618,932341,11040,29130,972511,36.48%,38.05%,
105/06/06,2612,-200,-86,2326,926425,11040,28526,965991,36.25%,37.80%,
105/06/04,156,0,5,161,923861,11240,28612,963713,36.15%,37.71%,
105/06/03,8911,-1,-356,8554,923705,11240,28607,963552,36.14%,37.70%,
105/06/02,1409,0,-392,1017,913295,11241,28963,953499,35.73%,37.30%,
105/06/01,4531,0,-367,4164,911875,11241,29355,952471,35.68%,37.27%,
105/05/31,7026,-151,-52,6823,907300,11241,29722,948263,35.50%,37.10%,
105/05/30,7530,0,530,8060,900274,11392,29774,941440,35.22%,36.83%,
105/05/27,3868,-175,-717,2976,892871,11392,29244,933507,34.93%,36.52%,
105/05/26,11156,-214,1002,11944,887004,11567,29961,928532,34.70%,36.33%,
105/05/25,6265,0,-130,6135,876574,11781,28959,917314,34.30%,35.89%,
105/05/24,5007,0,-88,4919,869950,11781,29089,910820,34.04%,35.64%,
105/05/23,16854,0,297,17151,866735,11781,29177,907693,33.91%,35.51%,
105/05/20,11429,-2,739,12166,849808,11781,28880,890469,33.25%,34.84%,
105/05/19,666,0,-24,642,838750,11783,28141,878674,32.82%,34.38%,
105/05/18,-881,0,-557,-1438,837945,11783,28165,877893,32.79%,34.35%,
105/05/17,4611,0,293,4904,838650,11783,28722,879155,32.81%,34.40%,
105/05/16,2167,0,1051,3218,834002,11783,28429,874214,32.63%,34.20%,
105/05/13,-2869,0,350,-2519,832137,11783,27378,871298,32.56%,34.09%,
105/05/12,-1076,0,62,-1014,834256,11783,27028,873067,32.64%,34.16%,
105/05/11,-6976,0,-134,-7110,835322,11783,26966,874071,32.68%,34.20%,
105/05/10,2132,-1,-153,1978,842106,11783,27100,880989,32.95%,34.47%,
105/05/09,2317,0,475,2792,838956,11784,27253,877993,32.82%,34.35%,
105/05/06,-2714,0,214,-2500,836639,11784,26778,875201,32.73%,34.24%,
105/05/05,-1833,0,437,-1396,838759,11784,26564,877107,32.82%,34.32%,
105/05/04,-2567,0,163,-2404,839738,11784,26127,877649,32.86%,34.34%,
105/05/03,-1445,-9,85,-1369,842700,11784,25964,880448,32.97%,34.45%,
105/04/29,815,0,-181,634,843630,11793,25879,881302,33.01%,34.48%,
105/04/28,9189,0,430,9619,842557,11793,26060,880410,32.97%,34.45%,
105/04/27,-3717,0,-36,-3753,833157,11793,25630,870580,32.60%,34.06%,
105/04/26,943,0,-22,921,838162,11793,25666,875621,32.79%,34.26%,
105/04/25,2432,-1,-47,2384,837195,11793,25688,874676,32.76%,34.23%,
105/04/22,-49,0,-293,-342,836475,11794,25735,874004,32.73%,34.20%,
105/04/21,-1528,-74,-322,-1924,836560,11794,26028,874382,32.73%,34.21%,
105/04/20,-4146,-2,-803,-4951,838273,11868,26350,876491,32.80%,34.30%,
105/04/19,63,0,32,95,841500,11870,27153,880523,32.92%,34.45%,
105/04/18,-430,0,-163,-593,841349,11870,27121,880340,32.92%,34.45%,
105/04/15,1242,-206,-69,967,841724,11870,27284,880878,32.93%,34.46%,
105/04/14,-5076,0,-108,-5184,839223,12076,27353,878652,32.84%,34.38%,
105/04/13,-376,0,355,-21,844929,12076,27461,884466,33.06%,34.61%,
105/04/12,-4796,0,-946,-5742,845305,12076,27106,884487,33.07%,34.60%,
105/04/11,-2065,0,1019,-1046,850101,12076,28052,890229,33.26%,34.83%,
105/04/08,-3429,0,3,-3426,852289,12076,27033,891398,33.35%,34.88%,
105/04/07,-1748,-2,35,-1715,855628,12076,27030,894734,33.48%,35.01%,
105/04/06,-3717,0,-116,-3833,857120,12078,26995,896193,33.54%,35.07%,
105/04/01,-4595,0,-1173,-5768,864104,12078,27111,903293,33.81%,35.34%,
105/03/31,-9309,-870,-197,-10376,865165,12078,28284,905527,33.85%,35.43%,
105/03/30,7200,-686,1506,8020,874474,12451,28481,915406,34.21%,35.81%,
105/03/29,-3659,-1220,-484,-5363,867130,13137,26975,907242,33.93%,35.50%,
105/03/28,-17195,-410,58,-17547,870632,14357,27459,912448,34.06%,35.70%,
105/03/25,-1455,0,-432,-1887,887827,14767,27401,929995,34.74%,36.39%,
105/03/24,-4342,0,-2560,-6902,889266,14767,27833,931866,34.79%,36.46%,
105/03/23,4937,-1000,-1008,2929,893608,14767,30393,938768,34.96%,36.73%,
105/03/22,-2414,34,-1542,-3922,887529,15767,31401,934697,34.73%,36.58%,
105/03/21,8761,697,57,9515,889802,15733,32943,938478,34.81%,36.71%,
105/03/18,18020,-7031,4801,15790,880832,15036,32886,928754,34.46%,36.34%,
105/03/17,5124,0,-1143,3981,862801,22067,28085,912953,33.76%,35.72%,
105/03/16,2018,0,482,2500,857677,22067,29228,908972,33.56%,35.57%,
105/03/15,5062,0,-2133,2929,855877,22067,28746,906690,33.49%,35.48%,
105/03/14,7379,-175,1565,8769,850804,22067,30879,903750,33.29%,35.36%,
105/03/11,5219,0,-714,4505,843406,22242,29314,894962,33.00%,35.02%,
105/03/10,5448,0,22,5470,838142,22242,30028,890412,32.79%,34.84%,
105/03/09,4274,0,-155,4119,834631,22242,30006,886879,32.66%,34.70%,
105/03/08,1899,-689,-1393,-183,830875,22242,30161,883278,32.51%,34.56%,
105/03/07,17812,0,1706,19518,828958,22931,31554,883443,32.43%,34.56%,
105/03/04,1870,40,-275,1635,811101,22931,29848,863880,31.73%,33.80%,
105/03/03,5736,0,-511,5225,809228,22891,30123,862242,31.66%,33.73%,
105/03/02,6805,-2,122,6925,803556,22891,30634,857081,31.44%,33.53%,
105/03/01,2649,0,-270,2379,798631,22893,30512,852036,31.25%,33.34%,
105/02/26,3935,0,-620,3315,796057,22893,30782,849732,31.15%,33.25%,
105/02/25,5185,0,-577,4608,792064,22893,31402,846359,30.99%,33.11%,
105/02/24,10354,0,726,11080,790079,22893,31979,844951,30.91%,33.06%,
105/02/23,1255,0,-588,667,779749,22893,31253,833895,30.51%,32.63%,
105/02/22,1135,0,-1145,-10,778697,22893,31841,833431,30.47%,32.61%,
105/02/19,2595,-1,342,2936,777223,22893,32986,833102,30.41%,32.60%,
105/02/18,4392,100,-1020,3472,774488,22894,32644,830026,30.30%,32.47%,
105/02/17,10875,1,1043,11919,770448,22794,33664,826906,30.14%,32.35%,
105/02/16,1183,0,-264,919,759724,22793,32621,815138,29.72%,31.89%,
105/02/15,1967,-497,-26,1444,758390,22793,32885,814068,29.67%,31.85%,
105/02/03,2559,-265,-616,1678,756510,23290,32911,812711,29.60%,31.80%,
105/02/02,1365,0,-487,878,754566,23555,33527,811648,29.52%,31.75%,
105/02/01,5499,100,-678,4921,753293,23555,34014,810862,29.47%,31.72%,
105/01/30,219,20,-1594,-1355,747510,23455,34692,805657,29.25%,31.53%,
105/01/29,6419,1,3667,10087,747291,23435,36286,807012,29.24%,31.58%,
105/01/28,2366,0,-90,2276,740533,23434,32619,796586,28.97%,31.16%,
105/01/27,165,0,451,616,738849,23434,32709,794992,28.91%,31.11%,
105/01/26,5311,80,190,5581,740050,23434,32258,795742,28.95%,31.13%,
105/01/25,-2158,250,236,-1672,734948,23354,32068,790370,28.75%,30.92%,
105/01/22,2256,-396,1058,2918,737089,23104,31832,792025,28.84%,30.99%,
105/01/21,-4124,-19,-1700,-5843,734596,23500,30774,788870,28.74%,30.86%,
105/01/20,6236,483,3550,10269,738455,23519,32474,794448,28.89%,31.08%,
105/01/19,923,-272,-22,629,732081,23036,28924,784041,28.64%,30.67%,
105/01/18,-2185,-965,122,-3028,730995,23308,28946,783249,28.60%,30.64%,
105/01/15,-2101,-17,525,-1593,732707,24273,28824,785804,28.67%,30.75%,
105/01/14,1146,-408,-131,607,737822,24290,28299,790411,28.87%,30.93%,
105/01/13,-631,-912,-981,-2524,736650,24698,28430,789778,28.82%,30.90%,
105/01/12,793,-1,-245,547,736904,25610,29411,791925,28.83%,30.98%,
105/01/11,-4628,0,-449,-5077,737202,25611,29656,792469,28.84%,31.00%,
105/01/08,-2879,400,535,-1944,741639,25611,30105,797355,29.02%,31.20%,
105/01/07,7750,0,149,7899,743985,25211,29570,798766,29.11%,31.25%,
105/01/06,938,-2354,-1020,-2436,735898,25211,29421,790530,28.79%,30.93%,
105/01/05,3401,20,-286,3135,736242,27565,30441,794248,28.81%,31.08%,
105/01/04,-958,0,-195,-1153,732747,27545,30727,791019,28.67%,30.95%,
104/12/31,3245,0,-630,2615,733468,27545,30922,791935,28.70%,30.99%,
104/12/30,-3242,-150,-943,-4335,730173,31024,31552,792749,28.57%,31.02%,
104/12/29,-985,77,-1979,-2887,733289,31174,32495,796958,28.69%,31.18%,
104/12/28,675,603,2856,4134,735085,31097,34474,800656,28.76%,31.33%,
104/12/25,3269,0,50,3319,734131,30494,31618,796243,28.72%,31.15%,
104/12/24,2463,0,-252,2211,730709,30494,31568,792771,28.59%,31.02%,
104/12/23,4470,300,621,5391,729892,30494,31820,792206,28.56%,31.00%,
104/12/22,-3351,-200,-805,-4356,725292,30194,31199,786685,28.38%,30.78%,
104/12/21,-2647,349,-3858,-6156,735915,30394,32004,798313,28.79%,31.23%,
104/12/18,5693,3363,5406,14462,738489,30045,35862,804396,28.89%,31.47%,
104/12/17,9695,147,-299,9543,732296,26682,30456,789434,28.65%,30.89%,
104/12/16,-1524,151,439,-934,722653,26535,30755,779943,28.27%,30.51%,
104/12/15,1577,248,-85,1740,728119,26384,30316,784819,28.49%,30.71%,
104/12/14,5074,-2,-560,4512,728324,26136,30401,784861,28.50%,30.71%,
104/12/11,4085,1217,325,5627,723250,26138,30961,780349,28.30%,30.53%,
104/12/10,7561,1597,296,9454,718405,24921,30636,773962,28.11%,30.28%,
104/12/09,8216,2490,727,11433,710613,23324,30340,764277,27.80%,29.90%,
104/12/08,11792,1184,3100,16076,705706,20834,29613,756153,27.61%,29.58%,
104/12/07,3212,0,854,4066,694885,19650,26513,741048,27.19%,29.00%,
104/12/04,518,0,-411,107,691581,19650,25659,736890,27.06%,28.83%,
104/12/03,1805,0,-250,1555,690972,19650,26070,736692,27.03%,28.82%,
104/12/02,1345,0,316,1661,691107,19650,26320,737077,27.04%,28.84%,
104/12/01,-3181,0,262,-2919,689752,19650,26004,735406,26.99%,28.78%,
104/11/30,2754,1,-41,2714,693031,19650,25742,738423,27.11%,28.89%,
104/11/27,3272,0,-682,2590,690248,19649,25783,735680,27.01%,28.79%,
104/11/26,8164,0,852,9016,687422,19649,26465,733536,26.89%,28.69%,
104/11/25,-230,0,-680,-910,679248,19649,25613,724510,26.58%,28.35%,
104/11/24,3903,878,517,5298,680667,19649,26293,726609,26.63%,28.43%,
104/11/23,4244,-1,98,4341,675397,18771,25776,719944,26.42%,28.16%,
104/11/20,1796,-4,-544,1248,671261,18772,25678,715711,26.26%,28.00%,
104/11/19,1799,0,687,2486,670930,18776,26222,715928,26.25%,28.01%,
104/11/18,661,1,-690,-28,668103,18776,25535,712414,26.14%,27.87%,
104/11/17,-182,0,321,139,667947,18775,26225,712947,26.13%,27.89%,
104/11/16,238,0,245,483,666971,18775,25904,711650,26.09%,27.84%,
104/11/13,-2351,-600,70,-2881,667218,18775,25659,711652,26.10%,27.84%,
104/11/12,-3661,0,605,-3056,669247,19375,25589,714211,26.18%,27.94%,
104/11/11,-2867,0,-1105,-3972,672573,19375,24984,716932,26.31%,28.05%,
104/11/10,-6111,-1510,-38,-7659,674983,19375,26089,720447,26.41%,28.19%,
104/11/09,-2209,93,-195,-2311,680281,20885,26127,727293,26.62%,28.46%,
104/11/06,-6190,0,-824,-7014,682430,20792,26322,729544,26.70%,28.54%,
104/11/05,621,0,559,1180,688949,20792,27146,736887,26.95%,28.83%,
104/11/04,2212,14,1202,3428,688828,20792,26587,736207,26.95%,28.80%,
104/11/03,-611,5,17,-589,686432,20778,25385,732595,26.86%,28.67%,
104/11/02,-2465,-292,356,-2401,687015,20773,25368,733156,26.88%,28.69%,
104/10/30,-11253,0,-527,-11780,689393,21065,25012,735470,26.97%,28.77%,
104/10/29,-2236,0,-743,-2979,700747,21065,25539,747351,27.42%,29.24%,
104/10/28,-1557,0,41,-1516,701141,21065,26283,748489,27.43%,29.28%,
104/10/27,1527,0,-85,1442,702888,21065,26242,750195,27.50%,29.35%,
104/10/26,1727,0,-186,1541,701179,21065,26327,748571,27.43%,29.28%,
104/10/23,252,-192,-634,-574,699597,21065,26513,747175,27.37%,29.23%,
104/10/22,-877,0,1307,430,699035,21257,27147,747439,27.35%,29.24%,
104/10/21,1183,0,-62,1121,699734,21257,25840,746831,27.38%,29.22%,
104/10/20,473,0,2,475,698551,21257,25902,745710,27.33%,29.18%,
104/10/19,-497,0,29,-468,697604,21257,25900,744761,27.29%,29.14%,
104/10/16,-854,6,-272,-1120,698087,21257,25871,745215,27.31%,29.15%,
104/10/15,-288,0,-643,-931,698467,21251,26143,745861,27.33%,29.18%,
104/10/14,-1070,294,708,-68,695748,21251,26786,743785,27.22%,29.10%,
104/10/13,-64,0,-1334,-1398,696349,20957,26078,743384,27.24%,29.08%,
104/10/12,-149,0,1648,1499,693464,20957,27412,741833,27.13%,29.02%,
104/10/08,1317,0,-525,792,692233,20957,25764,738954,27.08%,28.91%,
104/10/07,-494,2,-139,-631,691358,20957,26289,738604,27.05%,28.90%,
104/10/06,1515,1,319,1835,692158,20955,26428,739541,27.08%,28.93%,
104/10/05,-1742,2,-23,-1763,690358,20954,26109,737421,27.01%,28.85%,
104/10/02,-1589,13,-11,-1587,692053,20952,26132,739137,27.08%,28.91%,
104/10/01,2440,5,122,2567,693590,20939,26143,740672,27.14%,28.97%,
104/09/30,-1506,0,232,-1274,691128,20934,26021,738083,27.04%,28.86%,
104/09/25,1197,0,15,1212,693019,17675,25789,736483,27.11%,28.80%,
104/09/24,-5855,0,-653,-6508,691288,17675,25774,734737,27.05%,28.74%,
104/09/23,-5118,250,-675,-5543,698925,17675,26427,743027,27.35%,29.06%,
104/09/22,3122,0,503,3625,703937,17425,27102,748464,27.54%,29.27%,
104/09/21,-3398,23,-189,-3564,698958,17424,26599,742981,27.35%,29.06%,
104/09/18,-2724,5817,975,4068,701584,17401,26788,745773,27.45%,29.17%,
104/09/17,2486,0,-90,2396,703572,11584,25813,740969,27.53%,28.98%,
104/09/16,469,-150,-7,312,699419,11584,25903,736906,27.36%,28.82%,
104/09/15,2343,4,-228,2119,699354,11734,25910,736998,27.36%,28.82%,
104/09/14,1238,-205,-1144,-111,695438,11730,26138,733306,27.21%,28.68%,
104/09/11,-2486,2419,73,6,691247,11936,27282,730465,27.04%,28.56%,
104/09/10,12937,0,1575,14512,694423,9517,27209,731149,27.17%,28.60%,
104/09/09,107,0,-446,-339,683240,9517,25634,718391,26.73%,28.09%,
104/09/08,-12228,9,105,-12114,683553,9517,26080,719150,26.74%,28.12%,
104/09/07,-15245,19,19,-15207,696051,9508,25975,731534,27.23%,28.61%,
104/09/04,-8788,3,-335,-9120,710388,9489,25956,745833,27.79%,29.17%,
104/09/03,-774,-908,-536,-2218,717916,9486,26291,753693,28.09%,29.48%,
104/09/02,-1905,0,211,-1694,719351,10394,26827,756572,28.14%,29.59%,
104/09/01,-5408,27,-265,-5646,720843,10394,26615,757852,27.98%,29.42%,
104/08/31,869,-42,-33,794,725766,10367,26880,763013,28.18%,29.63%,
104/08/28,2310,6,250,2566,724586,10409,26914,761909,28.13%,29.58%,
104/08/27,1412,-780,28,660,723311,10403,26663,760377,28.08%,29.54%,
104/08/26,-4158,-764,245,-4677,721560,11183,26635,759378,28.01%,29.50%,
104/08/25,2818,1,368,3187,727665,11947,26390,766002,28.25%,29.76%,
104/08/24,3166,0,855,4021,725810,11946,26022,763778,28.18%,29.67%,
104/08/21,-537,2,-651,-1186,697846,11946,25167,734959,28.27%,29.73%,
104/08/20,-3474,1,518,-2955,694992,11944,25818,732754,28.15%,29.64%,
104/08/19,-2939,0,-224,-3163,695756,11943,25300,732999,28.18%,29.64%,
104/08/18,-2746,-280,-248,-3274,697204,11943,25524,734671,28.24%,29.71%,
104/08/17,-1228,-1909,215,-2922,697064,12223,25772,735059,28.24%,29.73%,
104/08/14,-4856,-2140,87,-6909,695827,14132,25557,735516,28.19%,29.75%,
104/08/13,-5406,-693,-750,-6849,696525,16272,25470,738267,28.21%,29.85%,
104/08/12,-1926,-5,315,-1616,702286,16965,26220,745471,28.45%,30.15%,
104/08/11,-3067,3,-7,-3071,703017,16970,25905,745892,28.48%,30.17%,
104/08/10,-140,3,175,38,702489,16967,25912,745368,28.46%,30.15%,
104/08/07,-1947,335,-144,-1756,702312,16964,25737,745013,28.45%,30.13%,
104/08/06,-5577,9,-1150,-6718,703761,16629,25881,746271,28.51%,30.18%,
104/08/05,-6273,0,2493,-3780,709338,16620,27031,752989,28.73%,30.50%,
104/08/04,723,403,66,1192,718511,16620,24538,759669,29.10%,30.77%,
104/08/03,-1784,9,-48,-1823,717537,16217,24472,758226,29.07%,30.72%,
104/07/31,-76,3,-98,-171,719062,16208,24520,759790,29.13%,30.78%,
104/07/30,1708,4,70,1782,718950,16205,24618,759773,29.12%,30.77%,
104/07/29,-2531,435,305,-1791,717274,16201,24548,758023,29.05%,30.70%,
104/07/28,-968,23,1138,193,719715,15766,24243,759724,29.15%,30.77%,
104/07/27,74,-128,-740,-794,721721,15743,23105,760569,29.23%,30.80%,
104/07/24,-2674,48,349,-2277,721437,15871,23845,761153,29.22%,30.83%,
104/07/23,-1349,1,-14,-1362,722978,15823,23496,762297,29.29%,30.88%,
104/07/22,-2492,-0,72,-2420,726879,15822,23510,766211,29.44%,31.03%,
104/07/21,-2221,1,73,-2147,729986,15822,23438,769246,29.57%,31.16%,
104/07/20,205,1000,-127,1078,732141,15821,23365,771327,29.66%,31.25%,
104/07/17,-2073,43,-542,-2572,731999,14821,23492,770312,29.65%,31.20%,
104/07/16,-3674,0,798,-2876,734128,14778,24034,772940,29.74%,31.31%,
104/07/15,-1199,12,-420,-1607,738274,14778,23236,776288,29.91%,31.45%,
104/07/14,-1272,0,27,-1245,739488,14766,23656,777910,29.95%,31.51%,
104/07/13,-4178,-30,-416,-4624,740502,14766,23629,778897,30.00%,31.56%,
104/07/09,-4423,-6,2055,-2374,744258,14796,24045,783099,30.15%,31.72%,
104/07/08,-7204,0,-1249,-8453,746458,14802,21990,783250,30.24%,31.73%,
104/07/07,-4217,0,515,-3702,753672,14802,23239,791713,30.53%,32.07%,
104/07/06,-1914,0,109,-1805,757889,14802,22724,795415,30.70%,32.22%,
104/07/03,-6352,108,-968,-7212,759803,14802,22615,797220,30.78%,32.30%,
104/07/02,-1930,91,-94,-1933,766392,14694,23583,804669,31.04%,32.59%,
104/07/01,-4629,-300,621,-4308,767677,14603,23677,805957,31.10%,32.65%,
104/06/30,-1722,-120,687,-1155,772030,14903,23056,809989,31.27%,32.81%,
104/06/29,-3039,-1,-335,-3375,773372,13156,22369,808897,31.33%,32.77%,
104/06/26,-1496,0,-313,-1809,776370,13157,22704,812231,31.45%,32.90%,
104/06/25,-5224,1000,826,-3398,778720,13157,23017,814894,31.54%,33.01%,
104/06/24,-632,-1,-18,-651,784171,12157,22191,818519,31.77%,33.16%,
104/06/23,-3802,0,69,-3733,785339,12158,22209,819706,31.81%,33.20%,
104/06/22,-2266,981,26,-1259,790487,12158,22140,824785,32.02%,33.41%,
104/06/18,-2842,105,108,-2629,792864,11177,22114,826155,32.12%,33.47%,
104/06/17,-2858,0,696,-2162,794995,11072,22006,828073,32.20%,33.54%,
104/06/16,-5219,0,-1022,-6241,801618,11072,21310,834000,32.47%,33.78%,
104/06/15,-3252,0,264,-2988,807015,11072,22332,840419,32.69%,34.04%,
104/06/12,-7770,-4,521,-7253,811835,11072,22068,844975,32.89%,34.23%,
104/06/11,-7784,0,-466,-8250,820575,11076,21547,853198,33.24%,34.56%,
104/06/10,-3888,-5,841,-3052,828962,11076,22013,862051,33.58%,34.92%,
104/06/09,-6231,-200,102,-6329,834257,11081,21172,866510,34.08%,35.39%,
104/06/08,-3092,-284,-880,-4256,839988,11281,21070,872339,34.31%,35.62%,
104/06/05,-5039,1,729,-4309,843477,11565,21950,876992,34.46%,35.82%,
104/06/04,-8790,2,-1218,-10006,848469,11564,21221,881254,34.66%,35.99%,
104/06/03,-2653,-300,-1180,-4133,857309,11562,22439,891310,35.02%,36.40%,
104/06/02,-4089,0,625,-3464,859789,11862,23619,895270,35.12%,36.56%,
104/06/01,-4371,0,-158,-4529,863729,11862,22994,898585,35.28%,36.69%,
104/05/29,-2995,0,33,-2962,867973,11862,23152,902987,35.46%,36.88%,
104/05/28,-3250,-31,1052,-2229,870921,11862,23119,905902,35.58%,37.00%,
104/05/27,-2531,0,238,-2293,873944,11893,22067,907904,35.70%,37.08%,
104/05/26,65,120,-685,-500,875595,11893,21829,909317,35.77%,37.14%,
104/05/25,133,0,1367,1500,875436,11773,22514,909723,35.76%,37.15%,
104/05/22,-4961,0,95,-4866,875094,11773,21147,908014,35.75%,37.08%,
104/05/21,-2400,0,165,-2235,879991,11773,21052,912816,35.95%,37.28%,
104/05/20,-5092,2,-588,-5678,882328,11773,20887,914988,36.04%,37.36%,
104/05/19,-774,0,1198,424,887062,11771,21475,920308,36.24%,37.59%,
104/05/18,-4590,0,49,-4541,887830,11771,20277,919878,36.27%,37.57%,
104/05/15,9345,480,968,10793,891588,11771,20228,923587,36.42%,37.72%,
104/05/14,-2562,1,-594,-3155,882132,11291,19260,912683,36.04%,37.28%,
104/05/13,3012,0,1251,4263,885001,11290,19854,916145,36.15%,37.41%,
104/05/12,-3762,0,-1287,-5049,881962,11290,18603,911855,36.03%,37.24%,
104/05/11,-4871,-51,-432,-5354,885557,11290,19890,916737,36.18%,37.44%,
104/05/08,-2875,0,-109,-2984,890419,11341,20322,922082,36.37%,37.65%,
104/05/07,-2737,-510,960,-2287,893869,11341,20431,925641,36.52%,37.81%,
104/05/06,-10769,0,-366,-11135,896910,11851,19471,928232,36.64%,37.91%,
104/05/05,-8969,-1,-253,-9223,908314,11851,19837,940002,37.11%,38.39%,
104/05/04,-7726,-88,364,-7450,917283,11852,20090,949225,37.47%,38.76%,
104/04/30,-8811,0,177,-8634,925009,11940,19726,956675,37.79%,39.07%,
104/04/29,-5717,-3,-28,-5748,933751,11940,19549,965240,38.14%,39.42%,
104/04/28,-3061,0,-587,-3648,939577,11943,19577,971097,38.38%,39.66%,
104/04/27,122,0,663,785,943104,11943,20164,975211,38.53%,39.83%,
104/04/24,7234,-509,-523,6202,943486,11943,19501,974930,38.54%,39.81%,
104/04/23,1061,-1531,252,-218,937434,12452,20024,969910,38.30%,39.62%,
104/04/22,1435,0,96,1531,937391,13983,19772,971146,38.29%,39.66%,
104/04/21,-2280,-1763,-121,-4164,935957,13983,19676,969616,38.23%,39.59%,
104/04/20,-3832,-688,-215,-4735,938313,15746,19797,973856,38.33%,39.77%,
104/04/17,-4059,-1160,-45,-5264,943990,16434,20012,980436,38.56%,40.04%,
104/04/16,-2220,0,401,-1819,948005,17594,20057,985656,38.73%,40.26%,
104/04/15,-5982,-10,-997,-6989,950285,17594,19656,987535,38.82%,40.33%,
104/04/14,-439,-747,401,-785,956257,17604,20653,994514,39.06%,40.61%,
104/04/13,-4540,0,173,-4367,956683,18351,20252,995286,39.08%,40.64%,
104/04/10,-1433,0,-134,-1567,961264,18351,20079,999694,39.27%,40.83%,
104/04/09,-1774,0,-102,-1876,962741,18351,20213,1001305,39.33%,40.89%,
104/04/08,-6004,-135,-10,-6149,964515,18351,20315,1003181,39.40%,40.97%,
104/04/07,-532,0,-121,-653,971312,18486,20325,1010123,39.68%,41.25%,
104/04/02,-5702,0,220,-5482,971598,18486,20446,1010530,39.69%,41.27%,
104/04/01,-2974,0,100,-2874,979439,18486,20226,1018151,40.01%,41.58%,
104/03/31,-8470,-28,-745,-9243,982750,18486,20126,1021362,40.15%,41.71%,
104/03/30,-5912,0,-185,-6097,991862,18756,20871,1031489,40.52%,42.13%,
104/03/27,-3361,-84,-103,-3548,994205,18756,21056,1034017,40.61%,42.22%,
104/03/26,-4687,-398,508,-4577,999329,18840,21159,1039328,40.82%,42.44%,
104/03/25,-6987,0,-542,-7529,1004848,19238,20651,1044737,41.05%,42.67%,
104/03/24,-2475,0,-567,-3042,1011678,19238,21193,1052109,41.33%,42.97%,
104/03/23,-4060,91,675,-3294,1014375,19238,21760,1055373,41.44%,43.10%,
104/03/20,-15366,671,-635,-15330,1018438,19147,21085,1058670,41.60%,43.23%,
104/03/19,-11401,-0,1542,-9859,1034956,18476,21720,1075152,42.28%,43.91%,
104/03/18,-7375,100,159,-7116,1046107,18476,20178,1084761,42.74%,44.31%,
104/03/17,-3285,-138,-313,-3736,1049415,18376,20019,1087810,42.87%,44.43%,
104/03/16,-8147,-1540,-774,-10461,1056105,18514,20332,1094951,43.14%,44.71%,
104/03/13,-11456,-769,-1366,-13591,1062019,20054,21106,1103179,43.39%,45.06%,
104/03/12,-2737,-918,683,-2972,1074026,20823,22472,1117321,43.88%,45.63%,
104/03/11,-15856,-458,632,-15682,1075451,21741,21789,1118981,43.93%,45.69%,
104/03/10,-6199,0,-132,-6331,1089857,22199,21157,1133213,44.52%,46.28%,
104/03/09,-4221,198,481,-3542,1096176,22199,21289,1139664,44.78%,46.54%,
104/03/06,-7477,-542,-34,-8053,1100622,22001,20808,1143431,44.96%,46.69%,
104/03/05,-18255,-539,-79,-18873,1106989,22543,20842,1150374,45.22%,46.98%,
104/03/04,-3216,-727,125,-3818,1122979,23082,20921,1166982,45.88%,47.66%,
104/03/03,-3542,-1,-1879,-5422,1125732,23809,20796,1170337,45.99%,47.80%,
104/03/02,-5645,384,1232,-4029,1129142,23810,22675,1175627,46.13%,48.01%,
104/02/26,-1203,-831,549,-1485,1134481,23426,21443,1179350,46.35%,48.17%,
104/02/25,-3945,0,-342,-4287,1135629,24257,20894,1180780,46.39%,48.22%,
104/02/24,-1421,0,403,-1018,1139765,24257,21236,1185258,46.56%,48.40%,
104/02/13,-1019,-1422,-379,-2820,1141386,24257,20833,1186476,46.63%,48.46%,
104/02/12,-1352,-1,223,-1130,1142386,25679,21212,1189277,46.67%,48.57%,
104/02/11,-344,0,-495,-839,1143487,25680,20989,1190156,46.71%,48.60%,
104/02/10,-655,0,10,-645,1144019,25680,21484,1191183,46.74%,48.65%,
104/02/09,-1020,5,-485,-1500,1144454,25680,21474,1191608,46.75%,48.66%,
104/02/06,-1344,0,-2121,-3465,1145853,25675,21959,1193487,46.81%,48.74%,
104/02/05,-2345,0,2558,213,1147244,25675,24080,1196999,46.87%,48.89%,
104/02/04,1503,0,47,1550,1149621,25675,21522,1196818,46.96%,48.87%,
104/02/03,-159,78,-188,-269,1148136,25675,21476,1195287,46.90%,48.81%,
104/02/02,-1094,0,-192,-1286,1148294,25597,21664,1195555,46.91%,48.82%,
104/01/30,-664,-5,-234,-903,1149333,25597,21856,1196786,46.95%,48.87%,
104/01/29,-3311,-510,77,-3744,1149955,25602,22090,1197647,46.98%,48.91%,
104/01/28,-469,0,304,-165,1153482,26112,22013,1201607,47.12%,49.07%,
104/01/27,1138,0,346,1484,1153902,26112,21709,1201723,47.14%,49.08%,
104/01/26,-4294,0,779,-3515,1152764,26112,21363,1200239,47.09%,49.01%,
104/01/23,-6579,-274,-1631,-8484,1157163,26112,20584,1203859,47.27%,49.16%,
104/01/22,-7937,-73,2695,-5315,1163525,26386,22215,1212126,47.53%,49.50%,
104/01/21,-1895,-1133,-986,-4014,1171900,26459,19520,1217879,47.87%,49.73%,
104/01/20,-2069,196,1097,-776,1173490,27592,20506,1221588,47.94%,49.89%,
104/01/19,1806,40,-528,1318,1175633,27396,19409,1222438,48.03%,49.93%,
104/01/16,-1996,0,-722,-2718,1173712,27356,19937,1221005,47.95%,49.87%,
104/01/15,-6346,0,-745,-7091,1175607,27356,20659,1223622,48.03%,49.98%,
104/01/14,-5153,384,-2394,-7163,1181640,27356,21404,1230400,48.27%,50.25%,
104/01/13,1698,-6,4821,6513,1185645,26972,23798,1236415,48.44%,50.50%,
104/01/12,-2978,348,45,-2585,1183550,26978,18977,1229505,48.35%,50.21%,
104/01/09,-1434,0,-637,-2071,1186058,26630,18932,1231620,48.45%,50.30%,
104/01/08,3040,0,938,3978,1187494,26630,19569,1233693,48.51%,50.38%,
104/01/07,-4362,-2,109,-4255,1184449,26630,18631,1229710,48.39%,50.22%,
104/01/06,-1068,-720,-726,-2514,1188963,26632,18522,1234117,48.57%,50.40%,
104/01/05,-1336,0,47,-1289,1190271,27352,19248,1236871,48.63%,50.52%,
