日期,外資買賣超,投信買賣超,自營商買賣超,單日合計買賣超,外資估計持股,投信估計持股,自營商估計持股,單日合計估計持股,外資持股比重,三大法人持股比重,
107/03/31,0,-2,-2,-4,89292,74,389,89755,28.82%,28.97%,
107/03/30,115,0,-2,113,89292,76,391,89759,28.82%,28.97%,
107/03/29,80,0,-2,78,89177,76,393,89646,28.78%,28.93%,
107/03/28,-32,0,-1,-33,89097,76,395,89568,28.76%,28.91%,
107/03/27,149,0,-8,141,89157,76,396,89629,28.78%,28.93%,
107/03/26,-117,0,-10,-127,89008,76,404,89488,28.73%,28.88%,
107/03/23,-1,0,-9,-10,89135,76,414,89625,28.77%,28.93%,
107/03/22,-59,0,3,-56,89126,76,423,89625,28.77%,28.93%,
107/03/21,-77,0,42,-35,89175,76,420,89671,28.78%,28.94%,
107/03/20,-89,0,3,-86,89172,76,378,89626,28.78%,28.93%,
107/03/19,-149,-1,-2,-152,89222,76,375,89673,28.80%,28.95%,
107/03/16,-111,-40,-3,-154,89371,77,377,89825,28.85%,29.00%,
107/03/15,25,-30,3,-2,89482,117,380,89979,28.88%,29.04%,
107/03/14,62,-30,0,32,89457,147,377,89981,28.87%,29.04%,
107/03/13,119,-40,-1,78,89677,177,377,90231,28.95%,29.13%,
107/03/12,46,-30,-5,11,89558,217,378,90153,28.91%,29.10%,
107/03/09,4,-30,-29,-55,89512,247,383,90142,28.89%,29.09%,
107/03/08,-46,0,-6,-52,89586,277,412,90275,28.92%,29.14%,
107/03/07,-264,0,1,-263,89632,277,418,90327,28.93%,29.15%,
107/03/06,-164,0,0,-164,89826,277,417,90520,28.99%,29.21%,
107/03/05,-293,0,-3,-296,90017,277,417,90711,29.06%,29.28%,
107/03/02,-126,0,-4,-130,90310,277,420,91007,29.15%,29.38%,
107/03/01,-214,0,-2,-216,90236,277,424,90937,29.13%,29.36%,
107/02/27,-31,0,0,-31,90400,277,426,91103,29.18%,29.41%,
107/02/26,14,0,1,15,90431,277,426,91134,29.19%,29.42%,
107/02/23,-57,0,0,-57,90417,277,425,91119,29.18%,29.41%,
107/02/22,-234,0,0,-234,90490,277,425,91192,29.21%,29.44%,
107/02/21,167,0,17,184,90724,277,425,91426,29.28%,29.51%,
107/02/12,-130,-180,-22,-332,90537,277,408,91222,29.22%,29.44%,
107/02/09,-185,-145,0,-330,90627,457,430,91514,29.25%,29.54%,
107/02/08,71,0,-10,61,90687,602,430,91719,29.27%,29.60%,
107/02/07,-761,1,-32,-792,90596,602,440,91638,29.24%,29.58%,
107/02/06,55,0,-78,-23,91392,601,472,92465,29.50%,29.85%,
107/02/05,-48,0,-26,-74,91336,601,550,92487,29.48%,29.85%,
107/02/02,-889,0,0,-889,91084,601,576,92261,29.40%,29.78%,
107/02/01,-86,0,-27,-113,92306,601,576,93483,29.79%,30.17%,
107/01/31,-296,0,-5,-301,92352,601,603,93556,29.81%,30.20%,
107/01/30,-142,0,-46,-188,92668,601,608,93877,29.91%,30.30%,
107/01/29,-361,0,-17,-378,92810,601,654,94065,29.96%,30.37%,
107/01/26,-193,0,-9,-202,93080,601,671,94352,30.04%,30.45%,
107/01/25,-99,0,-9,-108,93153,601,680,94434,30.07%,30.48%,
107/01/24,139,0,-10,129,93092,601,689,94382,30.05%,30.47%,
107/01/23,206,0,-14,192,92953,601,699,94253,30.00%,30.42%,
107/01/22,110,-35,-20,55,92747,601,713,94061,29.94%,30.36%,
107/01/19,151,0,-121,30,92637,636,733,94006,29.90%,30.34%,
107/01/18,-434,-45,277,-202,92486,636,854,93976,29.85%,30.33%,
107/01/17,936,0,168,1104,92920,681,577,94178,29.99%,30.40%,
107/01/16,665,0,20,685,91984,681,409,93074,29.69%,30.04%,
107/01/15,46,0,0,46,91319,681,389,92389,29.48%,29.83%,
107/01/12,100,0,0,100,91273,681,389,92343,29.46%,29.81%,
107/01/11,5,0,-8,-3,91173,681,389,92243,29.43%,29.78%,
107/01/10,-43,-1,10,-34,91174,681,397,92252,29.43%,29.78%,
107/01/09,-3,0,2,-1,91217,682,387,92286,29.44%,29.79%,
107/01/08,11,0,-5,6,91220,682,385,92287,29.44%,29.78%,
107/01/05,42,-1,-36,5,91209,682,390,92281,29.44%,29.79%,
107/01/04,191,0,43,234,91167,683,426,92276,29.43%,29.79%,
107/01/03,29,0,-3,26,90976,683,383,92042,29.37%,29.71%,
107/01/02,9,0,-24,-15,90947,683,386,92016,29.36%,29.71%,
106/12/29,23,-1,-4,18,90938,683,410,92031,29.35%,29.70%,
106/12/28,-10,-1,0,-11,90915,57,414,91386,29.35%,29.50%,
106/12/27,1,1,0,2,90925,58,414,91397,29.35%,29.50%,
106/12/26,-4,-1,0,-5,90924,57,414,91395,29.35%,29.50%,
106/12/25,6,0,-16,-10,90928,58,414,91400,29.35%,29.50%,
106/12/22,35,0,-1,34,91062,58,430,91550,29.39%,29.55%,
106/12/21,35,-58,0,-23,91027,58,431,91516,29.38%,29.54%,
106/12/20,-162,-59,33,-188,91052,116,431,91599,29.39%,29.57%,
106/12/19,70,-176,-1,-107,91214,175,398,91787,29.44%,29.62%,
106/12/18,-31,-145,0,-176,91143,351,399,91893,29.42%,29.66%,
106/12/15,354,-146,-6,202,91173,496,399,92068,29.43%,29.72%,
106/12/14,-134,-320,-3,-457,90819,642,405,91866,29.31%,29.65%,
106/12/13,-46,-138,-5,-189,90953,962,408,92323,29.36%,29.80%,
106/12/12,96,-162,0,-66,90999,1100,413,92512,29.37%,29.86%,
106/12/11,24,0,0,24,90903,1262,413,92578,29.34%,29.88%,
106/12/08,-79,0,-7,-86,90879,1262,413,92554,29.33%,29.87%,
106/12/07,-3,0,-1,-4,91098,1262,420,92780,29.40%,29.94%,
106/12/06,45,0,-10,35,91101,1262,421,92784,29.41%,29.95%,
106/12/05,49,0,-44,5,91056,1262,431,92749,29.39%,29.94%,
106/12/04,8,0,14,22,91007,1262,475,92744,29.38%,29.94%,
106/12/01,56,0,-68,-12,91079,1262,461,92802,29.40%,29.96%,
106/11/30,-1233,3,-38,-1268,91023,1262,529,92814,29.38%,29.96%,
106/11/29,7,-2,-20,-15,92056,1259,567,93882,29.71%,30.30%,
106/11/28,-415,0,118,-297,92049,1261,587,93897,29.71%,30.31%,
106/11/27,26,0,19,45,92464,1261,469,94194,29.85%,30.41%,
106/11/24,58,0,2,60,92438,1261,450,94149,29.84%,30.39%,
106/11/23,59,47,1,107,92395,1261,448,94104,29.82%,30.37%,
106/11/22,-25,99,1,75,92350,1214,447,94011,29.81%,30.35%,
106/11/21,-59,0,-9,-68,92387,1115,446,93948,29.82%,30.32%,
106/11/20,9,0,-21,-12,92456,1115,455,94026,29.84%,30.35%,
106/11/17,-24,0,-8,-32,92543,1115,476,94134,29.87%,30.38%,
106/11/16,-29,59,8,38,92578,1115,484,94177,29.88%,30.40%,
106/11/15,-33,102,62,131,92618,1056,476,94150,29.90%,30.39%,
106/11/14,-48,0,-18,-66,92662,954,414,94030,29.91%,30.35%,
106/11/13,81,0,2,83,92710,954,432,94096,29.93%,30.38%,
106/11/10,-110,0,-29,-139,92644,954,430,94028,29.90%,30.35%,
106/11/09,-216,-1,-128,-345,92754,954,459,94167,29.94%,30.40%,
106/11/08,2,0,-10,-8,92970,955,587,94512,30.01%,30.51%,
106/11/07,-67,0,-19,-86,92968,955,597,94520,30.01%,30.51%,
106/11/06,-59,0,0,-59,93035,955,616,94606,30.03%,30.54%,
106/11/03,21,3,-25,-1,93014,955,616,94585,30.02%,30.53%,
106/11/02,-71,0,80,9,92993,952,641,94586,30.02%,30.53%,
106/11/01,57,-1,38,94,93303,952,561,94816,30.12%,30.61%,
106/10/31,107,0,4,111,93246,953,523,94722,30.10%,30.58%,
106/10/30,83,0,-9,74,93139,953,519,94611,30.06%,30.54%,
106/10/27,-274,31,-12,-255,93056,953,528,94537,30.04%,30.52%,
106/10/26,-36,0,12,-24,93330,922,540,94792,30.13%,30.60%,
106/10/25,-12,180,2,170,93361,922,528,94811,30.14%,30.61%,
106/10/24,-84,1,-12,-95,93373,742,526,94641,30.14%,30.55%,
106/10/23,-347,10,28,-309,93420,741,538,94699,30.15%,30.56%,
106/10/20,227,96,32,355,93718,731,510,94959,30.25%,30.65%,
106/10/19,120,39,2,161,93413,635,478,94526,30.15%,30.51%,
106/10/18,96,61,16,173,93293,596,476,94365,30.11%,30.46%,
106/10/17,-189,30,7,-152,93197,535,460,94192,30.08%,30.40%,
106/10/16,101,3,1,105,93319,505,453,94277,30.12%,30.43%,
106/10/13,243,9,-8,244,93218,502,452,94172,30.09%,30.40%,
106/10/12,234,12,-11,235,92835,493,460,93788,29.97%,30.28%,
106/10/11,414,10,-21,403,92573,481,471,93525,29.88%,30.19%,
106/10/06,558,20,81,659,92159,471,492,93122,29.75%,30.06%,
106/10/05,59,37,0,96,91601,451,411,92463,29.57%,29.85%,
106/10/03,-131,-41,30,-142,91542,414,411,92367,29.55%,29.82%,
106/10/02,201,43,-2,242,91617,455,381,92453,29.57%,29.84%,
106/09/30,0,0,0,0,91403,412,383,92198,29.50%,29.76%,
106/09/29,83,0,0,83,91403,891,383,92677,29.50%,29.91%,
106/09/28,-116,0,0,-116,91320,891,383,92594,29.48%,29.89%,
106/09/27,-11,14,-4,-1,91424,891,383,92698,29.51%,29.92%,
106/09/26,-184,169,-17,-32,91532,877,387,92796,29.54%,29.95%,
106/09/25,-372,165,-46,-253,91706,708,404,92818,29.60%,29.96%,
106/09/22,-301,165,-16,-152,92077,543,450,93070,29.72%,30.04%,
106/09/21,-64,0,-1,-65,92378,378,466,93222,29.82%,30.09%,
106/09/20,-153,0,110,-43,92442,378,467,93287,29.84%,30.11%,
106/09/19,-201,0,0,-201,92595,378,357,93330,29.89%,30.13%,
106/09/18,49,16,21,86,92796,378,357,93531,29.95%,30.19%,
106/09/15,-323,64,66,-193,92747,362,336,93445,29.94%,30.17%,
106/09/14,33,34,-2,65,93100,298,270,93668,30.05%,30.23%,
106/09/13,-123,0,0,-123,93064,264,272,93600,30.04%,30.21%,
106/09/12,-111,0,0,-111,93087,264,272,93623,30.05%,30.22%,
106/09/11,9,0,-3,6,93198,264,272,93734,30.08%,30.25%,
106/09/08,-194,-1,-3,-198,93189,264,275,93728,30.08%,30.25%,
106/09/07,109,0,3,112,93383,265,278,93926,30.14%,30.32%,
106/09/06,-244,0,0,-244,93273,265,275,93813,30.11%,30.28%,
106/09/05,65,0,-4,61,93496,265,275,94036,30.18%,30.35%,
106/09/04,175,0,-14,161,93431,265,279,93975,30.16%,30.34%,
106/09/01,-580,0,-10,-590,93256,265,293,93814,30.10%,30.28%,
106/08/31,-333,0,-42,-375,93836,265,303,94404,30.29%,30.47%,
106/08/30,-684,0,0,-684,94169,265,345,94779,30.40%,30.60%,
106/08/29,-220,0,-5,-225,94853,265,345,95463,30.62%,30.82%,
106/08/28,-361,0,0,-361,95065,265,350,95680,30.69%,30.89%,
106/08/25,-427,0,0,-427,95326,265,350,95941,30.77%,30.97%,
106/08/24,-152,1,-18,-169,95752,265,350,96367,30.91%,31.11%,
106/08/23,-246,4,-8,-250,95904,264,368,96536,30.96%,31.16%,
106/08/22,-53,0,73,20,96126,260,376,96762,31.03%,31.24%,
106/08/21,-15,2,-55,-68,96179,260,303,96742,31.04%,31.22%,
106/08/18,-470,0,-57,-527,96194,258,358,96810,31.05%,31.25%,
106/08/17,-462,0,-22,-484,96610,258,415,97283,31.18%,31.40%,
106/08/16,-218,23,51,-144,96466,258,437,97161,31.14%,31.36%,
106/08/15,-283,7,-270,-546,97542,235,386,98163,31.48%,31.68%,
106/08/14,-592,0,313,-279,97867,228,656,98751,31.59%,31.88%,
106/08/11,-1053,0,-18,-1071,98459,228,343,99030,31.78%,31.96%,
106/08/10,-1685,0,-69,-1754,99512,228,361,100101,32.12%,32.31%,
106/08/09,-14,0,-16,-30,101213,228,430,101871,32.67%,32.88%,
106/08/08,-40,0,-54,-94,101227,228,446,101901,32.67%,32.89%,
106/08/07,-173,-50,11,-212,101267,228,500,101995,32.69%,32.93%,
106/08/04,112,1,8,121,101440,278,489,102207,32.74%,32.99%,
106/08/03,9,0,-9,0,101328,277,481,102086,32.71%,32.95%,
106/08/02,-142,-1,119,-24,101319,277,490,102086,32.70%,32.95%,
106/08/01,88,-1,12,99,101419,278,371,102068,32.74%,32.95%,
106/07/31,-148,0,-44,-192,101376,279,359,102014,32.72%,32.93%,
106/07/28,-37,-120,39,-118,101484,279,403,102166,32.76%,32.98%,
106/07/27,-78,-97,-4,-179,101390,399,364,102153,32.73%,32.98%,
106/07/26,-166,0,-41,-207,101558,496,368,102422,32.78%,33.06%,
106/07/25,-402,0,-2,-404,101724,496,409,102629,32.83%,33.12%,
106/07/24,-98,0,-103,-201,102036,496,411,102943,32.94%,33.23%,
106/07/21,-393,0,-35,-428,102134,496,514,103144,32.97%,33.30%,
106/07/20,-418,0,0,-418,102537,496,549,103582,33.10%,33.44%,
106/07/19,-108,0,90,-18,102957,496,549,104002,33.23%,33.57%,
106/07/18,92,39,-14,117,103065,496,459,104020,33.27%,33.58%,
106/07/17,3,-0,-14,-11,102980,457,473,103910,33.24%,33.54%,
106/07/14,-1,-160,-7,-168,102977,457,487,103921,33.24%,33.54%,
106/07/13,635,-335,-24,276,102985,617,494,104096,33.24%,33.60%,
106/07/12,-609,-5,-43,-657,102357,952,518,103827,33.04%,33.51%,
106/07/11,196,-200,-46,-50,102973,957,561,104491,33.24%,33.73%,
106/07/10,185,0,-50,135,102778,1157,607,104542,33.18%,33.75%,
106/07/07,-241,0,-10,-251,102593,1157,657,104407,33.12%,33.71%,
106/07/06,-152,-208,10,-350,102843,1157,667,104667,33.20%,33.79%,
106/07/05,222,-146,-6,70,102995,1365,657,105017,33.25%,33.90%,
106/07/04,160,-149,-8,3,102773,1511,663,104947,33.17%,33.87%,
106/07/03,-88,194,-11,95,102613,1660,671,104944,33.12%,33.87%,
106/06/30,544,1,-20,525,102701,1466,682,104849,33.15%,33.84%,
106/06/29,67,0,-6,61,102157,1457,702,104316,32.97%,33.67%,
106/06/28,-96,120,24,48,102090,1457,708,104255,32.95%,33.65%,
106/06/27,162,0,50,212,102356,1337,684,104377,33.04%,33.69%,
106/06/26,95,0,6,101,102194,1337,634,104165,32.99%,33.63%,
106/06/23,245,0,-8,237,102099,1337,628,104064,32.96%,33.59%,
106/06/22,-150,0,3,-147,101854,1337,636,103827,32.88%,33.52%,
106/06/21,795,0,-49,746,102004,1337,633,103974,32.93%,33.57%,
106/06/20,-190,0,69,-121,101209,1337,682,103228,32.67%,33.32%,
106/06/19,100,0,107,207,101413,1337,613,103363,32.73%,33.36%,
106/06/16,470,0,7,477,101223,1337,506,103066,32.67%,33.26%,
106/06/15,292,0,22,314,100753,1337,499,102589,32.52%,33.11%,
106/06/14,554,0,-50,504,100456,1337,477,102270,32.43%,33.02%,
106/06/13,213,0,116,329,99737,1337,527,101601,32.19%,32.79%,
106/06/12,349,0,-2,347,99514,1337,411,101262,32.12%,32.68%,
106/06/09,143,0,-2,141,99165,1337,413,100915,32.01%,32.57%,
106/06/08,281,0,7,288,99022,1337,415,100774,31.96%,32.53%,
106/06/07,106,0,10,116,98741,1337,408,100486,31.87%,32.43%,
106/06/06,150,-5,35,180,98635,1337,398,100370,31.84%,32.40%,
106/06/05,304,-3,-9,292,98380,1342,363,100085,31.76%,32.31%,
106/06/03,0,0,2,2,98076,1345,372,99793,31.66%,32.21%,
106/06/02,-162,0,-9,-171,98076,1345,370,99791,31.66%,32.21%,
106/06/01,-212,0,-6,-218,98238,1345,379,99962,31.71%,32.27%,
106/05/31,-159,0,-9,-168,98450,1345,385,100180,31.78%,32.34%,
106/05/26,-106,0,-27,-133,98609,1345,394,100348,31.83%,32.39%,
106/05/25,-216,-161,52,-325,98715,1345,421,100481,31.86%,32.43%,
106/05/24,-65,-160,1,-224,98931,1506,369,100806,31.93%,32.54%,
106/05/23,-89,0,-18,-107,98996,1666,368,101030,31.95%,32.61%,
106/05/22,5,-188,-15,-198,99085,1666,386,101137,31.98%,32.64%,
106/05/19,-114,0,0,-114,99080,1854,401,101335,31.98%,32.71%,
106/05/18,-85,0,7,-78,99194,1854,401,101449,32.02%,32.75%,
106/05/17,-121,0,-22,-143,99279,1854,394,101527,32.05%,32.78%,
106/05/16,-117,0,-24,-141,99400,1854,416,101670,32.08%,32.81%,
106/05/15,-249,0,27,-222,99231,1854,440,101525,32.03%,32.77%,
106/05/12,-339,0,-11,-350,99430,1854,413,101697,32.09%,32.82%,
106/05/11,-12,0,17,5,99769,1854,424,102047,32.20%,32.94%,
106/05/10,185,0,8,193,99781,1854,407,102042,32.21%,32.94%,
106/05/09,7,-174,-34,-201,99596,1854,399,101849,32.15%,32.88%,
106/05/08,-325,0,-6,-331,99589,2028,433,102050,32.15%,32.94%,
106/05/05,-1382,0,6,-1376,99714,2028,439,102181,32.19%,32.99%,
106/05/04,114,-300,-10,-196,100996,2028,433,103457,32.60%,33.39%,
106/05/03,-1,-100,3,-98,100882,2328,443,103653,32.56%,33.45%,
106/05/02,-42,-100,-7,-149,100883,2428,440,103751,32.56%,33.49%,
106/04/28,-174,-100,-93,-367,100925,2528,447,103900,32.58%,33.54%,
106/04/27,-831,0,65,-766,101099,2628,540,104267,32.63%,33.65%,
106/04/26,-624,0,12,-612,101930,2628,475,105033,32.90%,33.90%,
106/04/25,-405,-0,189,-216,102554,2628,463,105645,33.10%,34.10%,
106/04/24,-154,0,-27,-181,102949,2628,274,105851,33.23%,34.17%,
106/04/21,-703,0,4,-699,103103,2628,301,106032,33.28%,34.23%,
106/04/20,-229,0,0,-229,103806,2628,297,106731,33.51%,34.45%,
106/04/19,-361,0,-53,-414,104035,2628,297,106960,33.58%,34.52%,
106/04/18,-43,0,-230,-273,104396,2628,350,107374,33.70%,34.66%,
106/04/17,-133,0,186,53,104439,2628,580,107647,33.71%,34.75%,
106/04/14,-49,-1,-2,-52,104572,2628,394,107594,33.75%,34.73%,
106/04/13,-2,0,8,6,104621,2629,396,107646,33.77%,34.75%,
106/04/12,77,0,0,77,104623,2629,388,107640,33.77%,34.74%,
106/04/11,-238,0,0,-238,104546,2629,388,107563,33.75%,34.72%,
106/04/10,-159,0,-10,-169,104784,2629,388,107801,33.82%,34.79%,
106/04/07,25,0,0,25,104943,2629,398,107970,33.87%,34.85%,
106/04/06,-295,0,-1,-296,104918,2629,398,107945,33.87%,34.85%,
106/04/05,-474,0,-4,-478,105213,2629,399,108241,33.96%,34.94%,
106/03/31,-426,0,-19,-445,105687,2629,403,108719,34.11%,35.09%,
106/03/30,-261,-50,-46,-357,106113,1912,422,108447,34.25%,35.00%,
106/03/29,-993,-230,23,-1200,106374,1962,468,108804,34.34%,35.12%,
106/03/28,-718,0,-128,-846,107367,2192,445,110004,34.66%,35.51%,
106/03/27,-327,-100,-10,-437,108085,2192,573,110850,34.89%,35.78%,
106/03/24,-188,-180,-3,-371,108412,2292,583,111287,34.99%,35.92%,
106/03/23,-97,0,4,-93,109050,2472,586,112108,35.20%,36.19%,
106/03/22,162,0,19,181,109147,2472,582,112201,35.23%,36.22%,
106/03/21,100,-38,15,77,108985,2472,563,112020,35.18%,36.16%,
106/03/20,-185,-225,8,-402,108885,2510,548,111943,35.15%,36.14%,
106/03/17,492,-209,0,283,109070,2735,540,112345,35.21%,36.27%,
106/03/16,141,-40,-8,93,108578,2944,540,112062,35.05%,36.17%,
106/03/15,-75,0,11,-64,108437,2984,548,111969,35.00%,36.14%,
106/03/14,547,-200,-18,329,108512,2984,537,112033,35.03%,36.17%,
106/03/13,31,0,-2,29,107801,3184,555,111540,34.80%,36.01%,
106/03/10,120,0,3,123,107920,3184,557,111661,34.84%,36.05%,
106/03/09,-131,50,-24,-105,107800,3184,554,111538,34.80%,36.01%,
106/03/08,542,-77,-35,430,107931,3134,578,111643,34.84%,36.04%,
106/03/07,161,0,-47,114,107389,3211,613,111213,34.66%,35.89%,
106/03/06,99,50,-27,122,107228,3211,660,111099,34.61%,35.86%,
106/03/03,463,90,-127,426,107129,3161,687,110977,34.58%,35.82%,
106/03/02,772,-68,-44,660,106666,3071,814,110551,34.43%,35.68%,
106/03/01,778,-32,16,762,105894,3139,858,109891,34.18%,35.47%,
106/02/24,6,-36,-101,-131,105116,3171,842,109129,33.93%,35.23%,
106/02/23,444,0,-32,412,105110,3207,943,109260,33.93%,35.27%,
106/02/22,451,0,109,560,104666,3207,975,108848,33.78%,35.13%,
106/02/21,309,0,-114,195,104215,3207,866,108288,33.64%,34.95%,
106/02/20,196,0,-10,186,103906,3207,980,108093,33.54%,34.89%,
106/02/18,0,0,25,25,103710,3207,990,107907,33.48%,34.83%,
106/02/17,688,0,236,924,103710,3207,965,107882,33.48%,34.83%,
106/02/16,430,0,-106,324,103022,3207,729,106958,33.25%,34.52%,
106/02/15,1246,140,-191,1195,102592,3207,835,106634,33.12%,34.42%,
106/02/14,1385,0,206,1591,101346,3067,1026,105439,32.71%,34.03%,
106/02/13,1065,0,49,1114,99961,3067,820,103848,32.27%,33.52%,
106/02/10,380,0,-48,332,98896,3067,771,102734,31.92%,33.16%,
106/02/09,236,0,-1,235,98516,3067,819,102402,31.80%,33.05%,
106/02/08,117,0,-145,-28,98280,3067,820,102167,31.72%,32.97%,
106/02/07,356,-30,-55,271,98163,3067,965,102195,31.69%,32.99%,
106/02/06,60,0,57,117,97807,3097,1020,101924,31.57%,32.90%,
106/02/03,328,2,326,656,97747,3097,963,101807,31.55%,32.86%,
106/02/02,666,0,169,835,97419,3095,637,101151,31.45%,32.65%,
106/01/24,260,0,6,266,96753,3095,468,100316,31.23%,32.38%,
106/01/23,105,-1,22,126,96493,3095,462,100050,31.15%,32.30%,
106/01/20,192,-100,51,143,96388,3096,440,99924,31.11%,32.25%,
106/01/19,581,-18,30,593,96196,3196,389,99781,31.05%,32.21%,
106/01/18,-124,50,31,-43,95616,3214,359,99189,30.86%,32.01%,
106/01/17,-96,-100,-2,-198,95739,3164,328,99231,30.90%,32.03%,
106/01/16,-127,0,-11,-138,95835,3264,330,99429,30.93%,32.09%,
106/01/13,-45,0,2,-43,95962,3264,341,99567,30.97%,32.13%,
106/01/12,-77,0,1,-76,96007,3264,339,99610,30.99%,32.15%,
106/01/11,24,0,0,24,96085,3264,338,99687,31.01%,32.17%,
106/01/10,-31,0,0,-31,96061,3264,338,99663,31.01%,32.17%,
106/01/09,-254,0,-33,-287,96092,3264,338,99694,31.02%,32.18%,
106/01/06,-196,-2,-45,-243,96346,3264,371,99981,31.10%,32.27%,
106/01/05,-262,1,31,-230,96542,3266,416,100224,31.16%,32.35%,
106/01/04,-337,0,0,-337,96804,3265,385,100454,31.25%,32.43%,
106/01/03,-218,0,-7,-225,97141,3265,385,100791,31.36%,32.54%,
105/12/30,-111,0,-4,-115,97359,3265,392,101016,31.43%,32.61%,
105/12/29,-130,0,0,-130,97470,3265,396,101131,31.46%,32.64%,
105/12/28,-123,0,-3,-126,97600,3265,396,101261,31.50%,32.68%,
105/12/27,-100,0,0,-100,97723,3265,399,101387,31.54%,32.72%,
105/12/26,-260,0,0,-260,97823,3265,399,101487,31.58%,32.76%,
105/12/23,-134,0,-10,-144,98083,3265,399,101747,31.66%,32.84%,
105/12/22,-93,0,-25,-118,98217,3265,409,101891,31.70%,32.89%,
105/12/21,-111,0,3,-108,98314,3265,434,102013,31.73%,32.92%,
105/12/20,-19,-57,10,-66,98425,3265,431,102121,31.77%,32.96%,
105/12/19,57,0,-2,55,98444,3322,421,102187,31.78%,32.99%,
105/12/16,-120,15,-109,-214,98387,3322,423,102132,31.76%,32.97%,
105/12/15,78,0,10,88,98507,3307,532,102346,31.80%,33.04%,
105/12/14,-11,5,-5,-11,98429,3307,522,102258,31.77%,33.01%,
105/12/13,-189,0,4,-185,98440,3302,527,102269,31.77%,33.01%,
105/12/12,-170,0,100,-70,98628,3302,523,102453,31.84%,33.07%,
105/12/09,-34,0,65,31,98798,3302,423,102523,31.89%,33.09%,
105/12/08,38,10,14,62,98832,3302,358,102492,31.90%,33.08%,
105/12/07,178,0,39,217,98794,3292,344,102430,31.89%,33.06%,
105/12/06,103,0,9,112,98616,3292,305,102213,31.83%,32.99%,
105/12/05,11,0,-5,6,98513,3292,296,102101,31.80%,32.96%,
105/12/02,222,0,-48,174,98502,3292,301,102095,31.79%,32.95%,
105/12/01,-10,0,29,19,98371,3292,349,102012,31.75%,32.93%,
105/11/30,43,0,13,56,98381,3292,320,101993,31.76%,32.93%,
105/11/29,7,0,-14,-7,98338,3292,307,101937,31.74%,32.90%,
105/11/28,-13,0,5,-8,98331,3292,321,101944,31.74%,32.91%,
105/11/25,-3,0,-28,-31,98343,3292,316,101951,31.74%,32.90%,
105/11/24,-6,0,-24,-30,98346,3292,344,101982,31.74%,32.91%,
105/11/23,-36,0,-54,-90,98352,3292,368,102012,31.75%,32.93%,
105/11/22,-69,0,33,-36,98388,3292,422,102102,31.76%,32.96%,
105/11/21,70,0,-18,52,98457,3292,389,102138,31.78%,32.97%,
105/11/18,28,0,24,52,98387,3292,407,102086,31.76%,32.95%,
105/11/17,-579,0,-7,-586,98359,3292,383,102034,31.75%,32.94%,
105/11/16,-411,0,-16,-427,98938,3292,390,102620,31.94%,33.13%,
105/11/15,-273,-42,3,-312,99348,3292,406,103046,32.07%,33.26%,
105/11/14,-332,-51,6,-377,99621,3334,403,103358,32.16%,33.37%,
105/11/11,-269,-65,-407,-741,99953,3385,397,103735,32.26%,33.48%,
105/11/10,-130,-51,25,-156,100223,3450,804,104477,32.35%,33.72%,
105/11/09,-692,0,-204,-896,100353,3501,779,104633,32.39%,33.77%,
105/11/08,-20,0,39,19,101045,3501,983,105529,32.62%,34.07%,
105/11/07,-87,0,42,-45,101065,3501,944,105510,32.62%,34.05%,
105/11/04,-131,0,64,-67,101151,3501,902,105554,32.65%,34.07%,
105/11/03,-82,0,0,-82,101282,3501,838,105621,32.69%,34.09%,
105/11/02,-197,0,-78,-275,101364,3501,838,105703,32.72%,34.12%,
105/11/01,243,0,45,288,101661,3501,916,106078,32.81%,34.24%,
105/10/31,153,0,42,195,101418,3501,871,105790,32.74%,34.15%,
105/10/28,215,0,1,216,101265,3501,829,105595,32.69%,34.09%,
105/10/27,394,0,1,395,101050,3501,828,105379,32.62%,34.02%,
105/10/26,700,0,-7,693,100657,3501,827,104985,32.49%,33.89%,
105/10/25,210,0,-29,181,99957,3501,834,104292,32.26%,33.66%,
105/10/24,203,0,12,215,99747,3501,863,104111,32.20%,33.61%,
105/10/21,551,-17,-23,511,99544,3501,851,103896,32.13%,33.53%,
105/10/20,56,19,-124,-49,98983,3518,874,103375,31.95%,33.37%,
105/10/19,298,116,186,600,98927,3499,998,103424,31.93%,33.38%,
105/10/18,72,0,-31,41,98629,3383,812,102824,31.84%,33.19%,
105/10/17,12,0,-45,-33,98752,3383,843,102978,31.88%,33.24%,
105/10/14,-37,-7,-65,-109,98740,3383,888,103011,31.87%,33.25%,
105/10/13,-73,0,-13,-86,98777,3390,953,103120,31.88%,33.28%,
105/10/12,47,60,-48,59,98850,3390,966,103206,31.91%,33.32%,
105/10/11,109,40,-28,121,99003,3330,1014,103347,31.96%,33.36%,
105/10/07,201,0,-74,127,98956,3290,1042,103288,31.94%,33.34%,
105/10/06,-170,0,-268,-438,99302,3290,1116,103708,32.05%,33.47%,
105/10/05,269,0,420,689,99477,3290,1384,104151,32.11%,33.62%,
105/10/04,585,0,-167,418,99205,3290,964,103459,32.02%,33.39%,
105/10/03,594,0,430,1024,98620,3290,1131,103041,31.83%,33.26%,
105/09/30,147,-2,29,174,98026,3290,701,102017,31.64%,32.93%,
105/09/29,150,0,89,239,98028,3981,672,102681,31.64%,33.14%,
105/09/26,319,0,12,331,97878,3981,583,102442,31.59%,33.06%,
105/09/23,126,0,-226,-100,97559,3981,571,102111,31.49%,32.96%,
105/09/22,1551,0,294,1845,97434,3981,797,102212,31.45%,32.99%,
105/09/21,68,0,209,277,95883,3981,503,100367,30.95%,32.40%,
105/09/20,-425,-100,-11,-536,95705,3981,294,99980,30.89%,32.27%,
105/09/19,-191,0,46,-145,96130,4081,305,100516,31.03%,32.45%,
105/09/14,131,0,-33,98,96321,4081,259,100661,31.09%,32.49%,
105/09/13,-450,0,-32,-482,96190,4081,292,100563,31.05%,32.46%,
105/09/12,-44,0,20,-24,96640,4081,324,101045,31.19%,32.61%,
105/09/10,0,0,-9,-9,96684,4081,304,101069,31.21%,32.63%,
105/09/09,-208,0,-30,-238,96684,4081,313,101078,31.21%,32.63%,
105/09/08,-47,0,-10,-57,96892,4081,343,101316,31.27%,32.70%,
105/09/07,-74,0,36,-38,96939,4081,353,101373,31.29%,32.72%,
105/09/06,-122,0,-10,-132,97013,4081,317,101411,31.31%,32.73%,
105/09/05,110,0,-43,67,97134,4081,327,101542,31.35%,32.77%,
105/09/02,-209,0,16,-193,97024,4081,370,101475,31.32%,32.76%,
105/09/01,-77,0,-56,-133,95722,4081,354,100157,30.90%,32.33%,
105/08/31,100,0,-51,49,95783,4081,410,100274,30.92%,32.37%,
105/08/30,-132,0,2,-130,95553,4081,461,100095,30.84%,32.31%,
105/08/29,-102,0,20,-82,95675,4081,459,100215,30.88%,32.35%,
105/08/26,-43,0,-39,-82,95702,4081,439,100222,30.89%,32.35%,
105/08/25,-116,0,0,-116,95745,4081,478,100304,30.90%,32.37%,
105/08/24,-34,0,-57,-91,95862,4081,478,100421,30.94%,32.41%,
105/08/23,18,0,22,40,95886,4081,535,100502,30.95%,32.44%,
105/08/22,96,0,-107,-11,95858,4081,513,100452,30.94%,32.42%,
105/08/19,-512,-172,-63,-747,95567,4081,620,100268,30.85%,32.37%,
105/08/18,259,-200,106,165,96069,4253,683,101005,31.01%,32.60%,
105/08/17,28,0,-36,-8,95799,4453,577,100829,30.92%,32.54%,
105/08/16,-50,0,-46,-96,95771,4453,613,100837,30.91%,32.55%,
105/08/15,239,0,-19,220,95821,4453,659,100933,30.93%,32.58%,
105/08/12,456,0,7,463,95582,4453,678,100713,30.85%,32.51%,
105/08/11,312,0,-273,39,95192,4453,671,100316,30.73%,32.38%,
105/08/10,-1003,-150,187,-966,94880,4453,944,100277,30.63%,32.37%,
105/08/09,-344,-221,17,-548,95883,4603,757,101243,30.95%,32.68%,
105/08/08,-418,-153,-67,-638,96227,4824,740,101791,31.06%,32.86%,
105/08/05,-318,0,57,-261,96645,4977,807,102429,31.20%,33.07%,
105/08/04,-717,-194,154,-757,97067,4977,750,102794,31.33%,33.18%,
105/08/03,242,-474,-6,-238,97797,5171,596,103564,31.57%,33.43%,
105/08/02,-102,-56,3,-155,97690,5645,602,103937,31.53%,33.55%,
105/08/01,713,-688,3,28,97792,5701,599,104092,31.57%,33.60%,
105/07/29,49,-115,-83,-149,97079,6389,596,104064,31.34%,33.59%,
105/07/28,-74,-250,-104,-428,97030,6504,679,104213,31.32%,33.64%,
105/07/27,-210,-48,-20,-278,97027,6754,783,104564,31.32%,33.75%,
105/07/26,47,0,-26,21,97315,6802,803,104920,31.41%,33.87%,
105/07/25,-138,-141,-28,-307,97197,6802,829,104828,31.37%,33.83%,
105/07/22,218,-106,-179,-67,97301,6943,857,105101,31.41%,33.93%,
105/07/21,-131,-330,-37,-498,97038,7049,1036,105123,31.32%,33.93%,
105/07/20,-316,-116,-107,-539,97169,7379,1073,105621,31.36%,34.09%,
105/07/19,-1618,607,-36,-1047,97501,7495,1180,106176,31.47%,34.27%,
105/07/18,-34,-200,-56,-290,99119,6888,1216,107223,31.99%,34.61%,
105/07/15,156,0,-51,105,99153,7088,1272,107513,32.01%,34.71%,
105/07/14,-25,30,-140,-135,98927,7088,1323,107338,31.93%,34.65%,
105/07/13,-326,288,36,-2,98952,7058,1463,107473,31.94%,34.69%,
105/07/12,534,150,699,1383,99278,6770,1427,107475,32.05%,34.70%,
105/07/11,40,38,8,86,99584,6620,728,106932,32.14%,34.51%,
105/07/07,204,71,-18,257,99544,6582,720,106846,32.13%,34.49%,
105/07/06,-323,0,1,-322,99340,6511,738,106589,32.07%,34.41%,
105/07/05,-96,11,-81,-166,99663,6511,737,106911,32.17%,34.51%,
105/07/04,133,11,130,274,99759,6500,818,107077,32.20%,34.56%,
105/07/01,-20,0,12,-8,99626,6489,688,106803,32.16%,34.48%,
105/06/30,252,-294,-227,-269,99646,6489,676,106811,32.16%,34.47%,
105/06/29,-350,-10,57,-303,99394,7991,903,108288,32.08%,34.95%,
105/06/28,8,-19,-3,-14,99744,8001,846,108591,32.20%,35.06%,
105/06/27,-141,12,39,-90,99736,8020,849,108605,32.19%,35.05%,
105/06/24,-129,83,-98,-144,99877,8008,810,108695,32.24%,35.09%,
105/06/23,475,0,5,480,100006,7925,908,108839,32.28%,35.13%,
105/06/22,382,0,39,421,99531,7925,903,108359,32.13%,34.98%,
105/06/21,299,0,43,342,99149,7925,864,107938,32.00%,34.84%,
105/06/20,500,-496,-21,-17,98850,7925,821,107596,31.91%,34.73%,
105/06/17,-448,-450,33,-865,98350,8420,842,107612,31.75%,34.74%,
105/06/16,-143,-504,-1,-648,98798,8870,809,108477,31.89%,35.01%,
105/06/15,892,-138,-77,677,98941,9374,810,109125,31.94%,35.23%,
105/06/14,-603,0,55,-548,98049,9512,887,108448,31.65%,35.01%,
105/06/13,697,-18,-72,607,98652,9512,832,108996,31.84%,35.18%,
105/06/08,1179,-50,-245,884,97955,9530,904,108389,31.62%,34.99%,
105/06/07,983,74,279,1336,96786,9580,1149,107515,31.24%,34.70%,
105/06/06,489,-90,-46,353,95803,9506,870,106179,30.92%,34.27%,
105/06/04,0,-76,-24,-100,95304,9596,916,105816,30.76%,34.15%,
105/06/03,177,-273,-133,-229,95304,9672,940,105916,30.76%,34.19%,
105/06/02,90,0,7,97,95137,9945,1073,106155,30.71%,34.27%,
105/06/01,1203,-133,-114,956,95047,9945,1066,106058,30.68%,34.23%,
105/05/31,-71,-194,-89,-354,93844,10078,1180,105102,30.29%,33.92%,
105/05/30,787,-227,74,634,93915,10272,1269,105456,30.31%,34.04%,
105/05/27,357,-366,72,63,93118,10499,1195,104812,30.06%,33.84%,
105/05/26,-53,0,-15,-68,92761,10865,1123,104749,29.94%,33.81%,
105/05/25,638,-517,-83,38,92814,10865,1138,104817,29.96%,33.83%,
105/05/24,806,-19,-122,665,92176,11382,1221,104779,29.75%,33.82%,
105/05/23,-176,-60,490,254,91370,11401,1343,104114,29.49%,33.60%,
105/05/20,1122,0,94,1216,91546,11461,853,103860,29.55%,33.53%,
105/05/19,-60,0,-31,-91,90424,11461,759,102644,29.19%,33.14%,
105/05/18,259,0,-53,206,90484,11461,790,102735,29.21%,33.17%,
105/05/17,309,0,13,322,90225,11461,843,102529,29.12%,33.09%,
105/05/16,282,50,-3,329,90234,11461,830,102525,29.13%,33.10%,
105/05/13,661,-70,-177,414,89952,11411,833,102196,29.03%,32.98%,
105/05/12,67,-100,-150,-183,89291,11481,1010,101782,28.82%,32.85%,
105/05/11,609,238,79,926,89224,11581,1160,101965,28.80%,32.91%,
105/05/10,204,24,-145,83,88615,11343,1081,101039,28.60%,32.61%,
105/05/09,342,200,201,743,88411,11319,1226,100956,28.54%,32.59%,
105/05/06,-14,200,-41,145,88069,11119,1025,100213,28.43%,32.35%,
105/05/05,306,73,301,680,88083,10919,1066,100068,28.43%,32.30%,
105/05/04,201,-104,42,139,87777,10846,765,99388,28.33%,32.08%,
105/05/03,95,85,-24,156,87576,10950,723,99249,28.27%,32.04%,
105/04/29,127,-91,-32,4,87481,10865,747,99093,28.24%,31.99%,
105/04/28,129,0,-57,72,87354,10956,779,99089,28.20%,31.99%,
105/04/27,12,0,-36,-24,87225,10956,836,99017,28.15%,31.96%,
105/04/26,616,0,-513,103,87203,10956,872,99031,28.15%,31.97%,
105/04/25,18,231,-370,-121,86587,10956,1385,98928,27.95%,31.93%,
105/04/22,582,-253,-111,218,86569,10725,1755,99049,27.94%,31.97%,
105/04/21,62,-414,68,-284,85987,10978,1866,98831,27.75%,31.90%,
105/04/20,1582,-2017,-600,-1035,85925,11392,1798,99115,27.73%,31.99%,
105/04/19,-393,-74,-179,-646,84343,13409,2398,100150,27.22%,32.32%,
105/04/18,214,157,176,547,84736,13483,2577,100796,27.35%,32.53%,
105/04/15,183,-76,134,241,84522,13326,2401,100249,27.28%,32.36%,
105/04/14,180,224,186,590,84339,13402,2267,100008,27.22%,32.28%,
105/04/13,-73,-20,39,-54,84159,13178,2081,99418,27.16%,32.09%,
105/04/12,285,-260,-5,20,83232,13198,2042,98472,26.87%,31.79%,
105/04/11,32,-233,15,-186,82947,13458,2047,98452,26.77%,31.78%,
105/04/08,1087,-222,-65,800,82915,13691,2032,98638,26.76%,31.84%,
105/04/07,328,36,-182,182,82188,13913,2097,98198,26.53%,31.70%,
105/04/06,1737,-953,-590,194,81860,13877,2279,98016,26.42%,31.64%,
105/04/01,1116,-100,53,1069,80123,14830,2869,97822,25.86%,31.57%,
105/03/31,751,0,-303,448,79007,14930,2816,96753,25.50%,31.23%,
105/03/30,797,-165,486,1118,78256,15490,3119,96865,25.26%,31.27%,
105/03/29,853,-183,-142,528,77816,15655,2633,96104,25.12%,31.02%,
105/03/28,-56,1675,112,1731,76963,15838,2775,95576,24.84%,30.85%,
105/03/25,359,224,-60,523,77019,14163,2663,93845,24.86%,30.29%,
105/03/24,326,123,-118,331,76660,13939,2723,93322,24.74%,30.12%,
105/03/23,2237,-185,-38,2014,76334,13816,2841,92991,24.64%,30.02%,
105/03/22,3732,0,366,4098,74097,14001,2879,90977,23.92%,29.37%,
105/03/21,456,210,204,870,70365,14001,2513,86879,22.71%,28.04%,
105/03/18,461,33,-121,373,69969,13791,2309,86069,22.58%,27.78%,
105/03/17,6,231,-187,50,69548,13758,2430,85736,22.45%,27.68%,
105/03/16,1805,1117,535,3457,69657,13527,2617,85801,22.48%,27.69%,
105/03/15,1064,135,-152,1047,68000,12410,2082,82492,21.95%,26.63%,
105/03/14,149,1052,-81,1120,66936,12275,2234,81445,21.60%,26.28%,
105/03/11,2059,1500,662,4221,66758,11223,2315,80296,21.55%,25.92%,
105/03/10,313,150,-147,316,64699,9723,1653,76075,20.88%,24.55%,
105/03/09,-561,613,-212,-160,64386,9573,1800,75759,20.78%,24.45%,
105/03/08,1117,96,525,1738,64870,8960,2012,75842,20.94%,24.48%,
105/03/07,-22,743,171,892,63753,8864,1487,74104,20.58%,23.92%,
105/03/04,374,280,-62,592,63775,8121,1316,73212,20.58%,23.63%,
105/03/03,607,284,-386,505,63401,7841,1378,72620,20.46%,23.44%,
105/03/02,23,230,-91,162,62794,7557,1764,72115,20.27%,23.28%,
105/03/01,99,490,601,1190,62671,7327,1855,71853,20.23%,23.19%,
105/02/26,1353,592,-155,1790,62412,6837,1254,70503,20.14%,22.75%,
105/02/25,130,130,293,553,61059,6245,1409,68713,19.71%,22.18%,
105/02/24,202,-60,-1,141,60916,6115,1116,68147,19.66%,21.99%,
105/02/23,-48,80,-191,-159,60714,6175,1117,68006,19.60%,21.95%,
105/02/22,21,190,452,663,60762,6095,1308,68165,19.61%,22.00%,
105/02/19,294,198,96,588,60741,5905,856,67502,19.60%,21.78%,
105/02/18,-401,275,151,25,60447,5707,760,66914,19.51%,21.60%,
105/02/17,66,-121,55,0,60844,5432,609,66885,19.64%,21.59%,
105/02/16,224,0,374,598,60772,5553,554,66879,19.61%,21.58%,
105/02/15,-34,-15,27,-22,60548,5553,180,66281,19.54%,21.39%,
105/02/03,-171,-200,-12,-383,60582,5568,153,66303,19.55%,21.40%,
105/02/02,85,-196,0,-111,60753,5768,165,66686,19.61%,21.53%,
105/02/01,-13,-146,-8,-167,60668,5964,165,66797,19.58%,21.56%,
105/01/30,0,-42,5,-37,60681,6110,173,66964,19.58%,21.61%,
105/01/29,334,-45,-11,278,60681,6152,168,67001,19.58%,21.62%,
105/01/28,110,-44,-29,37,60448,6197,179,66824,19.51%,21.57%,
105/01/27,-18,-130,-28,-176,60338,6241,208,66787,19.47%,21.55%,
105/01/26,-23,-132,-22,-177,60356,6371,236,66963,19.48%,21.61%,
105/01/25,15,-240,76,-149,60366,6503,258,67127,19.48%,21.66%,
105/01/22,-58,0,-8,-66,60351,6743,182,67276,19.48%,21.72%,
105/01/21,-57,0,0,-57,60409,6743,190,67342,19.50%,21.74%,
105/01/20,46,-2,-24,20,60406,6743,190,67339,19.50%,21.74%,
105/01/19,-149,-1,-44,-194,60360,6745,214,67319,19.48%,21.73%,
105/01/18,127,0,116,243,60565,6746,258,67569,19.55%,21.81%,
105/01/15,-60,-2,-58,-120,60412,6746,142,67300,19.50%,21.72%,
105/01/14,-7,-140,15,-132,60455,6748,200,67403,19.51%,21.75%,
105/01/13,-126,0,13,-113,60483,6888,185,67556,19.52%,21.80%,
105/01/12,134,-170,-95,-131,60609,6888,172,67669,19.56%,21.84%,
105/01/11,-222,-100,-108,-430,60475,7058,267,67800,19.52%,21.88%,
105/01/08,-19,0,18,-1,60697,7158,375,68230,19.59%,22.02%,
105/01/07,-225,0,-36,-261,60706,7158,357,68221,19.59%,22.02%,
105/01/06,-77,0,4,-73,60930,7158,393,68481,19.67%,22.11%,
105/01/05,-186,0,-4,-190,61007,7158,389,68554,19.69%,22.13%,
105/01/04,33,-60,-29,-56,61119,7158,393,68670,19.73%,22.17%,
104/12/31,140,0,-205,-65,61076,7218,422,68716,19.71%,22.18%,
104/12/30,45,0,-43,2,61008,5912,627,67547,19.69%,21.80%,
104/12/29,193,-11,-12,170,60963,5912,670,67545,19.68%,21.80%,
104/12/28,32,-9,-33,-10,60770,5923,682,67375,19.61%,21.74%,
104/12/25,47,0,24,71,60738,5932,715,67385,19.60%,21.75%,
104/12/24,84,0,-1,83,60691,5932,691,67314,19.59%,21.73%,
104/12/23,157,0,-2,155,60607,5932,692,67231,19.56%,21.70%,
104/12/22,376,101,-43,434,60572,5932,694,67198,19.55%,21.69%,
104/12/21,227,0,41,268,60196,5831,737,66764,19.43%,21.55%,
104/12/18,411,-149,-38,224,59969,5831,696,66496,19.36%,21.47%,
104/12/17,216,-99,-19,98,59558,5980,734,66272,19.22%,21.39%,
104/12/16,0,-35,5,-30,59342,6079,753,66174,19.15%,21.36%,
104/12/15,37,-238,7,-194,59342,6114,748,66204,19.15%,21.37%,
104/12/14,270,-217,-5,48,59337,6352,741,66430,19.15%,21.44%,
104/12/11,-234,0,-112,-346,59067,6569,746,66382,19.06%,21.42%,
104/12/10,3,80,-52,31,59311,6569,858,66738,19.14%,21.54%,
104/12/09,-76,100,-183,-159,59308,6489,910,66707,19.14%,21.53%,
104/12/08,215,0,234,449,59384,6389,1093,66866,19.17%,21.59%,
104/12/07,38,0,37,75,59169,6389,859,66417,19.10%,21.44%,
104/12/04,-24,0,-94,-118,59131,6389,822,66342,19.08%,21.41%,
104/12/03,-158,0,-15,-173,59373,6389,916,66678,19.16%,21.52%,
104/12/02,-116,0,37,-79,59733,6389,931,67053,19.28%,21.64%,
104/12/01,169,0,-13,156,59849,6389,894,67132,19.32%,21.67%,
104/11/30,3,0,-22,-19,59929,6389,907,67225,19.34%,21.70%,
104/11/27,330,-200,-18,112,59926,6389,929,67244,19.34%,21.70%,
104/11/26,-50,0,-6,-56,59622,6589,947,67158,19.24%,21.67%,
104/11/25,-128,0,-16,-144,59672,6589,953,67214,19.26%,21.69%,
104/11/24,-173,0,-10,-183,59800,6589,969,67358,19.30%,21.74%,
104/11/23,-131,0,91,-40,59792,6589,979,67360,19.30%,21.74%,
104/11/20,125,0,-39,86,59788,6589,888,67265,19.30%,21.71%,
104/11/19,164,0,21,185,59653,6589,927,67169,19.25%,21.68%,
104/11/18,-52,0,-76,-128,59489,6589,906,66984,19.20%,21.62%,
104/11/17,127,0,50,177,59541,6589,982,67112,19.22%,21.66%,
104/11/16,-167,0,11,-156,59342,6589,932,66863,19.15%,21.58%,
104/11/13,192,0,-46,146,59509,6589,921,67019,19.21%,21.63%,
104/11/12,-93,0,1,-92,59317,6589,967,66873,19.14%,21.58%,
104/11/11,70,-150,63,-17,59634,6589,966,67189,19.25%,21.69%,
104/11/10,-80,0,-36,-116,59433,6739,903,67075,19.18%,21.65%,
104/11/09,15,0,-114,-99,59503,6739,939,67181,19.20%,21.68%,
104/11/06,-105,0,-77,-182,59500,6739,1053,67292,19.20%,21.72%,
104/11/05,783,0,82,865,59655,6739,1130,67524,19.25%,21.79%,
104/11/04,413,5,5,423,58872,6739,1048,66659,19.00%,21.51%,
104/11/03,732,0,111,843,58459,6734,1043,66236,18.87%,21.38%,
104/11/02,193,0,290,483,57655,6734,932,65321,18.61%,21.08%,
104/10/30,567,0,-110,457,57784,6734,642,65160,18.65%,21.03%,
104/10/29,-621,0,-456,-1077,57217,6734,752,64703,18.47%,20.89%,
104/10/28,1162,200,643,2005,57718,6734,1208,65660,18.63%,21.19%,
104/10/27,742,0,-128,614,56556,6534,565,63655,18.25%,20.54%,
104/10/26,650,200,-1,849,55814,6534,693,63041,18.01%,20.34%,
104/10/23,300,100,-57,343,55164,6334,694,62192,17.80%,20.07%,
104/10/22,795,100,-61,834,54864,6234,751,61849,17.71%,19.96%,
104/10/21,740,80,73,893,54367,6134,812,61313,17.55%,19.79%,
104/10/20,796,0,-27,769,53627,6054,739,60420,17.31%,19.50%,
104/10/19,1009,0,-96,913,52831,6054,766,59651,17.05%,19.25%,
104/10/16,-138,-150,-146,-434,51822,6054,862,58738,16.72%,18.95%,
104/10/15,425,0,179,604,51960,6204,1008,59172,16.77%,19.10%,
104/10/14,544,223,66,833,51535,6204,829,58568,16.63%,18.90%,
104/10/13,285,118,0,403,51172,5981,763,57916,16.51%,18.69%,
104/10/12,209,0,6,215,50887,5863,763,57513,16.42%,18.56%,
104/10/08,350,384,-405,329,50612,5863,757,57232,16.33%,18.47%,
104/10/07,-836,455,399,18,50262,5479,1162,56903,16.22%,18.36%,
104/10/06,250,420,-16,654,51098,5024,763,56885,16.49%,18.36%,
104/10/05,158,66,-6,218,50457,4604,779,55840,16.28%,18.02%,
104/10/02,245,70,123,438,50299,4538,785,55622,16.23%,17.95%,
104/10/01,117,-269,149,-3,50033,4468,662,55163,16.15%,17.81%,
104/09/30,144,0,-1,143,49916,4737,513,55166,16.11%,17.80%,
104/09/25,-253,0,1,-252,49700,5858,514,56072,16.04%,18.10%,
104/09/24,-248,132,1,-115,49927,5858,513,56298,16.11%,18.17%,
104/09/23,-96,0,59,-37,50127,5726,512,56365,16.18%,18.19%,
104/09/22,194,0,6,200,50213,5726,453,56392,16.21%,18.20%,
104/09/21,-115,11,-9,-113,51047,5726,447,57220,16.47%,18.46%,
104/09/18,-8,0,-51,-59,51162,5715,456,57333,16.51%,18.50%,
104/09/17,-80,0,-110,-190,51211,5715,507,57433,16.53%,18.54%,
104/09/16,1183,0,77,1260,51291,5715,617,57623,16.55%,18.59%,
104/09/15,212,0,265,477,50028,5715,540,56283,16.15%,18.17%,
104/09/14,63,0,19,82,49883,5715,275,55873,16.10%,18.03%,
104/09/11,87,0,-16,71,49820,5715,256,55791,16.08%,18.01%,
104/09/10,117,0,26,143,49666,5715,272,55653,16.03%,17.96%,
104/09/09,192,0,-1,191,49549,5715,246,55510,15.99%,17.91%,
104/09/08,-125,0,-4,-129,49257,5715,247,55219,15.90%,17.82%,
104/09/07,-92,0,-8,-100,49282,5715,251,55248,15.90%,17.83%,
104/09/04,127,-6,-12,109,49374,5715,259,55348,15.93%,17.86%,
104/09/03,-256,0,3,-253,48887,5721,271,54879,15.78%,17.71%,
104/09/02,7,0,-42,-35,48993,5721,268,54982,15.81%,17.74%,
104/09/01,249,-4,89,334,48986,5721,310,55017,15.81%,17.76%,
104/08/31,452,-2,-7,443,48696,5725,221,54642,15.72%,17.64%,
104/08/28,6,1,-13,-6,48244,5727,228,54199,15.57%,17.49%,
104/08/27,78,0,-21,57,48238,5726,241,54205,15.57%,17.50%,
104/08/26,-171,0,18,-153,48160,5726,262,54148,15.54%,17.47%,
104/08/25,-448,-5,10,-443,48331,5726,244,54301,15.60%,17.53%,
104/08/24,-328,0,-150,-478,48779,5731,234,54744,15.74%,17.67%,
104/08/21,-309,0,-128,-437,49107,5731,384,55222,15.85%,17.82%,
104/08/20,-444,0,-188,-632,49416,5731,512,55659,15.95%,17.97%,
104/08/19,-577,0,40,-537,49860,5731,700,56291,16.09%,18.17%,
104/08/18,-9,0,119,110,50437,5731,660,56828,16.28%,18.34%,
104/08/17,196,0,15,211,50446,5731,541,56718,16.28%,18.30%,
104/08/14,281,0,-2,279,50250,5731,526,56507,16.22%,18.24%,
104/08/13,-216,0,31,-185,49969,5731,528,56228,16.13%,18.15%,
104/08/12,-177,1,-3,-179,50253,5731,497,56481,16.22%,18.23%,
104/08/11,-236,0,-39,-275,50430,5730,500,56660,16.28%,18.29%,
104/08/10,-53,0,25,-28,50666,5730,539,56935,16.35%,18.37%,
104/08/07,-44,0,3,-41,50719,5730,514,56963,16.37%,18.39%,
104/08/06,-36,0,3,-33,50763,5730,511,57004,16.38%,18.39%,
104/08/05,44,0,0,44,50799,5730,508,57037,16.39%,18.40%,
104/08/04,407,0,-25,382,50755,5730,508,56993,16.38%,18.39%,
104/08/03,-173,-133,-24,-330,50348,5730,533,56611,16.25%,18.27%,
104/07/31,-236,0,3,-233,50521,5863,557,56941,16.30%,18.37%,
104/07/30,-139,0,26,-113,50977,5863,554,57394,16.45%,18.52%,
104/07/29,-474,0,35,-439,51116,5863,528,57507,16.50%,18.56%,
104/07/28,-500,4,-100,-596,51590,5863,493,57946,16.65%,18.70%,
104/07/27,117,0,-130,-13,52089,5859,593,58541,16.81%,18.89%,
104/07/24,-74,0,-60,-134,51953,5859,723,58535,16.77%,18.89%,
104/07/23,-264,0,-80,-344,52027,5859,783,58669,16.79%,18.93%,
104/07/22,-28,0,-112,-140,52186,5859,863,58908,16.84%,19.01%,
104/07/21,-42,-70,-1,-113,52102,5859,975,58936,16.82%,19.03%,
104/07/20,-144,0,-13,-157,52131,5929,976,59036,16.82%,19.05%,
104/07/17,747,6,-2,751,52275,5929,989,59193,16.87%,19.10%,
104/07/16,304,0,4,308,51556,5923,991,58470,16.64%,18.87%,
104/07/15,719,2,-93,628,51251,5923,987,58161,16.54%,18.77%,
104/07/14,-6,0,-38,-44,50600,5921,1080,57601,16.33%,18.59%,
104/07/13,-107,0,-86,-193,50606,5921,1118,57645,16.33%,18.60%,
104/07/09,169,0,-54,115,50761,5921,1204,57886,16.38%,18.68%,
104/07/08,-164,0,-313,-477,50592,5921,1258,57771,16.33%,18.65%,
104/07/07,-190,0,-174,-364,50756,5921,1571,58248,16.38%,18.80%,
104/07/06,170,0,-20,150,51050,5921,1745,58716,16.48%,18.95%,
104/07/03,728,0,-26,702,50914,5921,1765,58600,16.43%,18.91%,
104/07/02,-209,0,-11,-220,50540,5921,1791,58252,16.31%,18.80%,
104/07/01,-136,0,-169,-305,51008,5921,1802,58731,16.46%,18.95%,
104/06/30,-754,100,-71,-725,50855,5921,1971,58747,16.41%,18.96%,
104/06/29,-690,100,-229,-819,51620,6064,2042,59726,16.66%,19.28%,
104/06/26,29,250,386,665,52051,5964,2271,60286,16.80%,19.46%,
104/06/25,-279,0,-51,-330,52022,5714,1885,59621,16.79%,19.24%,
104/06/24,63,0,-79,-16,52301,5714,1936,59951,16.88%,19.35%,
104/06/23,-406,0,-113,-519,52493,5714,2015,60222,16.94%,19.44%,
104/06/22,415,0,393,808,52938,5714,2128,60780,17.09%,19.62%,
104/06/18,89,0,-45,44,52313,5714,1735,59762,16.88%,19.28%,
104/06/17,-152,0,-9,-161,51024,5714,1780,58518,16.47%,18.89%,
104/06/16,133,0,-13,120,50600,5714,1789,58103,16.33%,18.75%,
104/06/15,-27,0,-298,-325,50423,5714,1802,57939,16.27%,18.70%,
104/06/12,-6,0,-180,-186,50452,5714,2100,58266,16.28%,18.80%,
104/06/11,-275,0,-180,-455,50448,5714,2280,58442,16.28%,18.86%,
104/06/10,-121,480,-268,91,50719,5714,2460,58893,16.37%,19.01%,
104/06/09,296,0,-392,-96,50774,5234,2728,58736,16.39%,18.96%,
104/06/08,-260,0,967,707,50498,5234,3120,58852,16.30%,19.00%,
104/06/05,8,-1,-446,-439,50948,5234,2153,58335,16.44%,18.82%,
104/06/04,-142,5,-563,-700,50940,5235,2599,58774,16.44%,18.97%,
104/06/03,166,0,-262,-96,51082,5230,3162,59474,16.49%,19.20%,
104/06/02,-466,0,431,-35,50916,5230,3424,59570,16.43%,19.22%,
104/06/01,717,0,523,1240,51382,5230,2993,59605,16.58%,19.23%,
104/05/29,-420,0,-46,-466,50655,5230,2470,58355,16.35%,18.84%,
104/05/28,232,20,-285,-33,51075,5230,2516,58821,16.48%,18.98%,
104/05/27,-262,0,1329,1067,50855,5210,2801,58866,16.41%,19.00%,
104/05/26,191,0,127,318,51117,5210,1472,57799,16.50%,18.66%,
104/05/25,-22,0,-162,-184,50938,5210,1345,57493,16.44%,18.56%,
104/05/22,-329,0,239,-90,50954,5210,1507,57671,16.44%,18.61%,
104/05/21,-79,0,-113,-192,51246,5210,1268,57724,16.54%,18.63%,
104/05/20,372,0,-251,121,51352,5210,1381,57943,16.57%,18.70%,
104/05/19,876,0,592,1468,50991,5210,1632,57833,16.46%,18.67%,
104/05/18,669,0,16,685,50145,5210,1040,56395,16.18%,18.20%,
104/05/15,715,0,-104,611,49088,5210,1024,55322,15.84%,17.85%,
104/05/14,207,0,-31,176,48217,5210,1128,54555,15.56%,17.61%,
104/05/13,-19,-216,70,-165,47981,5210,1159,54350,15.48%,17.54%,
104/05/12,-175,325,34,184,47982,5426,1089,54497,15.49%,17.59%,
104/05/11,522,-24,11,509,48139,5101,1055,54295,15.54%,17.53%,
104/05/08,853,0,79,932,47576,5125,1044,53745,15.35%,17.34%,
104/05/07,457,0,-113,344,46573,5125,965,52663,15.03%,17.00%,
104/05/06,723,0,133,856,46116,5125,1078,52319,14.88%,16.88%,
104/05/05,111,0,-45,66,45393,5125,945,51463,14.65%,16.61%,
104/05/04,-322,0,-73,-395,45642,5125,990,51757,14.73%,16.70%,
104/04/30,94,0,94,188,45954,5125,1063,52142,14.83%,16.83%,
104/04/29,-274,-1,-93,-368,45860,5125,969,51954,14.80%,16.77%,
104/04/28,210,0,-32,178,46124,5126,1062,52312,14.89%,16.89%,
104/04/27,403,0,-22,381,45914,5126,1094,52134,14.82%,16.83%,
104/04/24,137,0,-407,-270,45511,5126,1116,51753,14.69%,16.71%,
104/04/23,153,0,114,267,45374,5126,1523,52023,14.64%,16.79%,
104/04/22,708,400,691,1799,45196,5126,1409,51731,14.59%,16.70%,
104/04/21,-220,680,-119,341,44488,4726,718,49932,14.36%,16.12%,
104/04/20,-172,-200,-91,-463,44683,4046,837,49566,14.42%,16.00%,
104/04/17,608,0,209,817,44855,4246,928,50029,14.48%,16.15%,
104/04/16,39,0,-104,-65,44247,4246,719,49212,14.28%,15.88%,
104/04/15,353,-173,-101,79,44208,4246,823,49277,14.27%,15.91%,
104/04/14,-456,-1,14,-443,43855,4419,924,49198,14.15%,15.87%,
104/04/13,-256,-120,8,-368,44311,4420,910,49641,14.30%,16.02%,
104/04/10,385,-190,-108,87,44567,4540,902,50009,14.38%,16.14%,
104/04/09,1044,-153,-60,831,43882,4730,1010,49622,14.16%,16.01%,
104/04/08,236,-300,-8,-72,42838,4883,1070,48791,13.82%,15.74%,
104/04/07,131,-350,-28,-247,42602,5183,1078,48863,13.75%,15.77%,
104/04/02,-160,-300,97,-363,42471,5533,1106,49110,13.71%,15.85%,
104/04/01,169,-300,-64,-195,42631,5833,1009,49473,13.76%,15.97%,
104/03/31,761,0,-7,754,42462,6133,1073,49668,13.70%,16.03%,
104/03/30,700,0,-156,544,41701,6227,1080,49008,13.46%,15.82%,
104/03/27,289,48,80,417,41001,6227,1236,48464,13.23%,15.64%,
104/03/26,466,0,-10,456,40727,6179,1156,48062,13.14%,15.51%,
104/03/25,1474,40,-60,1454,40261,6179,1166,47606,12.99%,15.36%,
104/03/24,-26,0,-585,-611,38793,6139,1226,46158,12.52%,14.90%,
104/03/23,301,81,583,965,38819,6139,1811,46769,12.53%,15.10%,
104/03/20,-361,-2,6,-357,38497,6058,1228,45783,12.42%,14.77%,
104/03/19,402,-315,232,319,38858,6060,1222,46140,12.54%,14.89%,
104/03/18,754,0,-327,427,38471,6375,990,45836,12.41%,14.79%,
104/03/17,281,-40,-71,170,37717,6375,1317,45409,12.17%,14.65%,
104/03/16,130,0,-74,56,37421,6415,1388,45224,12.08%,14.60%,
104/03/13,308,0,-358,-50,37291,6415,1462,45168,12.03%,14.57%,
104/03/12,583,0,596,1179,36983,6415,1820,45218,11.93%,14.59%,
104/03/11,-136,0,-364,-500,36400,6415,1224,44039,11.75%,14.22%,
104/03/10,-39,0,331,292,36536,6415,1588,44539,11.79%,14.37%,
104/03/09,90,0,8,98,36645,6415,1257,44317,11.83%,14.31%,
104/03/06,217,-123,64,158,36555,6415,1249,44219,11.80%,14.27%,
104/03/05,163,0,-54,109,36338,6538,1185,44061,11.73%,14.22%,
104/03/04,54,-50,22,26,36175,6538,1239,43952,11.67%,14.18%,
104/03/03,40,0,-51,-11,36121,6588,1217,43926,11.66%,14.18%,
104/03/02,269,0,16,285,36117,6588,1268,43973,11.65%,14.19%,
104/02/26,105,-125,-200,-220,35848,6588,1252,43688,11.57%,14.10%,
104/02/25,200,-2,224,422,35743,6713,1452,43908,11.53%,14.17%,
104/02/24,-367,0,209,-158,35501,6715,1228,43444,11.46%,14.02%,
104/02/13,-10,0,-38,-48,35854,6715,1019,43588,11.57%,14.07%,
104/02/12,5,0,-12,-7,35894,6715,1057,43666,11.58%,14.09%,
104/02/11,93,0,13,106,35875,6715,1069,43659,11.58%,14.09%,
104/02/10,247,0,-24,223,35946,6715,1056,43717,11.60%,14.11%,
104/02/09,-29,-1,-59,-89,35699,6715,1080,43494,11.52%,14.04%,
104/02/06,-28,0,25,-3,35756,6716,1139,43611,11.54%,14.08%,
104/02/05,5,0,13,18,35764,6716,1114,43594,11.54%,14.07%,
104/02/04,-199,-77,-60,-336,35759,6716,1101,43576,11.54%,14.06%,
104/02/03,-8,-89,-159,-256,35958,6793,1161,43912,11.60%,14.17%,
104/02/02,-81,-261,-39,-381,35966,6882,1320,44168,11.61%,14.26%,
104/01/30,-97,0,-174,-271,36047,7143,1359,44549,11.63%,14.37%,
104/01/29,63,-20,219,262,36478,7143,1533,45154,11.77%,14.57%,
104/01/28,43,0,-65,-22,36415,7163,1314,44892,11.75%,14.49%,
104/01/27,-80,0,-569,-649,36372,7163,1379,44914,11.74%,14.50%,
104/01/26,10,0,761,771,36491,7163,1948,45602,11.78%,14.72%,
104/01/23,-61,0,-53,-114,36481,7163,1187,44831,11.77%,14.47%,
104/01/22,117,-6,22,133,36587,7163,1240,44990,11.81%,14.52%,
104/01/21,-109,-55,-66,-230,36470,7169,1218,44857,11.77%,14.48%,
104/01/20,109,-173,80,16,36556,7224,1284,45064,11.80%,14.55%,
104/01/19,-163,-20,-28,-211,36267,7397,1204,44868,11.70%,14.48%,
104/01/16,-330,-25,-152,-507,36376,7417,1232,45025,11.74%,14.53%,
104/01/15,-253,0,-88,-341,36660,7442,1384,45486,11.83%,14.68%,
104/01/14,-29,0,304,275,36905,7442,1472,45819,11.91%,14.79%,
104/01/13,174,0,36,210,36934,7442,1168,45544,11.92%,14.70%,
104/01/12,-189,-236,-4,-429,36760,7442,1132,45334,11.86%,14.63%,
104/01/09,69,-274,-15,-220,36949,7678,1136,45763,11.92%,14.77%,
104/01/08,-46,-274,-27,-347,36928,7952,1151,46031,11.92%,14.86%,
104/01/07,281,-306,1,-24,37031,8226,1178,46435,11.95%,14.99%,
104/01/06,17,-83,-26,-92,36750,8532,1177,46459,11.86%,14.99%,
104/01/05,-237,-193,34,-396,36737,8615,1203,46555,11.85%,15.02%,
