日期,外資買賣超,投信買賣超,自營商買賣超,單日合計買賣超,外資估計持股,投信估計持股,自營商估計持股,單日合計估計持股,外資持股比重,三大法人持股比重,
107/03/31,0,0,0,0,5400,3431,537,9368,6.49%,11.26%,
107/03/30,0,0,0,0,5400,3431,537,9368,6.49%,11.26%,
107/03/29,0,0,-14,-14,5400,3431,537,9368,6.49%,11.26%,
107/03/28,-1,0,0,-1,5400,3431,551,9382,6.49%,11.28%,
107/03/27,-1,-5,0,-6,5401,3431,551,9383,6.49%,11.28%,
107/03/26,-8,-25,-10,-43,5402,3436,551,9389,6.49%,11.28%,
107/03/23,-1,-23,-9,-33,5410,3461,561,9432,6.50%,11.34%,
107/03/22,-5,-4,0,-9,5411,3484,570,9465,6.50%,11.37%,
107/03/21,-3,-24,0,-27,5416,3488,570,9474,6.51%,11.39%,
107/03/20,1,0,0,1,5419,3512,570,9501,6.51%,11.42%,
107/03/19,-5,-1,0,-6,5418,3512,570,9500,6.51%,11.42%,
107/03/16,0,0,0,0,5423,3513,570,9506,6.52%,11.43%,
107/03/15,0,-9,0,-9,5423,3513,570,9506,6.52%,11.43%,
107/03/14,5,-20,0,-15,5423,3522,570,9515,6.52%,11.44%,
107/03/13,15,-21,0,-6,5418,3542,570,9530,6.51%,11.45%,
107/03/12,-3,0,-2,-5,5403,3563,570,9536,6.49%,11.46%,
107/03/09,0,0,0,0,5406,3563,572,9541,6.50%,11.47%,
107/03/08,12,0,0,12,5406,3563,572,9541,6.50%,11.47%,
107/03/07,0,0,12,12,5394,3563,572,9529,6.48%,11.45%,
107/03/06,-10,0,0,-10,5394,3563,560,9517,6.48%,11.44%,
107/03/05,-14,-3,4,-13,5404,3563,560,9527,6.49%,11.45%,
107/03/02,-19,0,0,-19,5418,3566,556,9540,6.51%,11.47%,
107/03/01,0,0,1,1,5437,3566,556,9559,6.53%,11.49%,
107/02/27,-10,0,0,-10,5437,3566,555,9558,6.53%,11.49%,
107/02/26,-10,-3,0,-13,5447,3566,555,9568,6.54%,11.50%,
107/02/23,-18,0,0,-18,5457,3569,555,9581,6.56%,11.52%,
107/02/22,-12,0,0,-12,5475,3569,555,9599,6.58%,11.54%,
107/02/21,-1,0,1,0,5487,3569,555,9611,6.59%,11.55%,
107/02/12,-9,0,9,0,5488,3569,554,9611,6.59%,11.55%,
107/02/09,73,0,-1,72,5497,3569,545,9611,6.60%,11.55%,
107/02/08,17,0,0,17,5424,3569,546,9539,6.52%,11.47%,
107/02/07,-14,0,-7,-21,5407,3569,546,9522,6.50%,11.45%,
107/02/06,55,0,0,55,5421,3569,553,9543,6.51%,11.47%,
107/02/05,7,0,1,8,5366,3569,553,9488,6.45%,11.41%,
107/02/02,-1,0,0,-1,5359,3569,552,9480,6.44%,11.40%,
107/02/01,-1,0,0,-1,5360,3569,552,9481,6.44%,11.40%,
107/01/31,4,0,0,4,5361,3569,552,9482,6.44%,11.40%,
107/01/30,10,0,0,10,5357,3569,552,9478,6.44%,11.40%,
107/01/29,3,0,0,3,5347,3569,552,9468,6.42%,11.38%,
107/01/26,37,0,0,37,5344,3569,552,9465,6.42%,11.38%,
107/01/25,13,0,0,13,5307,3569,552,9428,6.38%,11.34%,
107/01/24,8,0,0,8,5294,3569,552,9415,6.36%,11.32%,
107/01/23,12,0,0,12,5286,3569,552,9407,6.35%,11.31%,
107/01/22,26,0,-28,-2,5274,3569,552,9395,6.34%,11.30%,
107/01/19,46,3,20,69,5248,3569,580,9397,6.31%,11.30%,
107/01/18,4,2,0,6,5202,3566,560,9328,6.25%,11.21%,
107/01/17,21,1,0,22,5198,3564,560,9322,6.25%,11.21%,
107/01/16,8,5,0,13,5177,3563,560,9300,6.22%,11.18%,
107/01/15,15,3,0,18,5169,3558,560,9287,6.21%,11.16%,
107/01/12,0,30,0,30,5153,3555,560,9268,6.19%,11.14%,
107/01/11,2,3,0,5,5153,3525,560,9238,6.19%,11.10%,
107/01/10,4,10,0,14,5152,3522,560,9234,6.19%,11.10%,
107/01/09,0,0,0,0,5148,3512,560,9220,6.19%,11.09%,
107/01/08,38,-3,-2,33,5148,3512,560,9220,6.19%,11.09%,
107/01/05,11,-2,0,9,5110,3515,562,9187,6.14%,11.04%,
107/01/04,4,-7,0,-3,5099,3517,562,9178,6.13%,11.03%,
107/01/03,9,-10,-1,-2,5095,3524,562,9181,6.12%,11.03%,
107/01/02,1,0,0,1,5086,3534,563,9183,6.11%,11.04%,
106/12/29,8,-3,0,5,5085,3534,563,9182,6.11%,11.04%,
106/12/28,1,-18,0,-17,5077,3490,563,9130,6.10%,10.97%,
106/12/27,-1,-16,0,-17,5076,3508,563,9147,6.10%,11.00%,
106/12/26,0,-13,0,-13,5077,3524,563,9164,6.10%,11.01%,
106/12/25,-1,0,0,-1,5077,3537,563,9177,6.10%,11.03%,
106/12/22,1,0,0,1,5078,3537,563,9178,6.10%,11.03%,
106/12/21,1,-3,0,-2,5077,3537,563,9177,6.10%,11.03%,
106/12/20,1,0,0,1,5076,3540,563,9179,6.10%,11.03%,
106/12/19,0,0,0,0,5075,3540,563,9178,6.10%,11.03%,
106/12/18,5,0,0,5,5075,3540,563,9178,6.10%,11.03%,
106/12/15,8,0,0,8,5070,3540,563,9173,6.09%,11.02%,
106/12/14,4,0,0,4,5062,3540,563,9165,6.08%,11.01%,
106/12/13,8,0,0,8,5058,3540,563,9161,6.08%,11.01%,
106/12/12,10,-12,0,-2,5050,3540,563,9153,6.07%,11.00%,
106/12/11,1,-10,0,-9,5040,3552,563,9155,6.06%,11.01%,
106/12/08,0,0,0,0,5039,3562,563,9164,6.05%,11.01%,
106/12/07,-4,0,0,-4,5039,3562,563,9164,6.05%,11.01%,
106/12/06,-6,0,0,-6,5043,3562,563,9168,6.06%,11.02%,
106/12/05,9,-10,0,-1,5049,3562,563,9174,6.07%,11.03%,
106/12/04,6,0,3,9,5040,3572,563,9175,6.06%,11.03%,
106/12/01,14,0,1,15,5034,3572,560,9166,6.05%,11.02%,
106/11/30,15,0,0,15,5020,3572,559,9151,6.03%,11.00%,
106/11/29,2,0,6,8,5005,3572,559,9136,6.01%,10.98%,
106/11/28,7,0,5,12,5003,3572,553,9128,6.01%,10.97%,
106/11/27,-5,0,-27,-32,4996,3572,548,9116,6.00%,10.95%,
106/11/24,-6,0,0,-6,5001,3572,575,9148,6.01%,11.00%,
106/11/23,-33,0,0,-33,5007,3572,575,9154,6.02%,11.01%,
106/11/22,43,-5,-20,18,5040,3572,575,9187,6.06%,11.05%,
106/11/21,16,0,2,18,4997,3577,595,9169,6.00%,11.02%,
106/11/20,5,-5,0,0,4981,3577,593,9151,5.98%,10.99%,
106/11/17,-3,0,5,2,4976,3582,593,9151,5.98%,11.00%,
106/11/16,10,0,0,10,4979,3582,588,9149,5.98%,10.99%,
106/11/15,2,0,-2,0,4969,3582,588,9139,5.97%,10.98%,
106/11/14,1,0,34,35,4967,3582,590,9139,5.97%,10.99%,
106/11/13,-5,-5,-40,-50,4966,3582,556,9104,5.97%,10.95%,
106/11/10,-1,0,1,0,4974,3587,596,9157,5.98%,11.01%,
106/11/09,3,0,0,3,4975,3587,595,9157,5.98%,11.01%,
106/11/08,0,0,0,0,4972,3587,595,9154,5.97%,11.00%,
106/11/07,-9,0,0,-9,4972,3587,595,9154,5.97%,11.00%,
106/11/06,2,-7,0,-5,4981,3587,595,9163,5.98%,11.01%,
106/11/03,8,0,-1,7,4979,3594,595,9168,5.98%,11.02%,
106/11/02,-4,-6,0,-10,4971,3594,596,9161,5.97%,11.01%,
106/11/01,0,0,0,0,4975,3600,596,9171,5.98%,11.03%,
106/10/31,-1,0,0,-1,4975,3600,596,9171,5.98%,11.03%,
106/10/30,-3,0,-3,-6,4976,3600,596,9172,5.98%,11.03%,
106/10/27,-3,0,0,-3,4979,3600,599,9178,5.98%,11.03%,
106/10/26,0,0,6,6,4982,3600,599,9181,5.99%,11.04%,
106/10/25,2,0,0,2,4982,3600,593,9175,5.99%,11.03%,
106/10/24,3,0,-12,-9,4980,3600,593,9173,5.98%,11.02%,
106/10/23,-1,0,0,-1,4977,3600,605,9182,5.98%,11.04%,
106/10/20,0,0,0,0,4978,3600,605,9183,5.98%,11.04%,
106/10/19,1,-4,2,-1,4978,3600,605,9183,5.98%,11.04%,
106/10/18,6,0,-13,-7,4977,3604,603,9184,5.98%,11.04%,
106/10/17,-9,0,11,2,4971,3604,616,9191,5.97%,11.04%,
106/10/16,-3,2,-26,-27,4980,3604,605,9189,5.98%,11.04%,
106/10/13,2,0,-8,-6,4983,3602,631,9216,5.99%,11.08%,
106/10/12,-1,0,14,13,4981,3602,639,9222,5.98%,11.08%,
106/10/11,0,0,0,0,4982,3602,625,9209,5.99%,11.07%,
106/10/06,0,0,0,0,4982,3602,625,9209,5.99%,11.07%,
106/10/05,0,0,0,0,4982,3602,625,9209,5.99%,11.07%,
106/10/03,0,0,0,0,4982,3602,625,9209,5.99%,11.07%,
106/10/02,-1,0,0,-1,4982,3602,625,9209,5.99%,11.07%,
106/09/30,0,0,0,0,4983,3602,625,9210,5.99%,11.07%,
106/09/29,0,0,0,0,4983,3751,625,9359,5.99%,11.25%,
106/09/28,-14,0,10,-4,4983,3751,625,9359,5.99%,11.25%,
106/09/27,0,0,0,0,4997,3751,615,9363,6.00%,11.25%,
106/09/26,-2,0,0,-2,4997,3751,615,9363,6.00%,11.25%,
106/09/25,-2,0,0,-2,4999,3751,615,9365,6.01%,11.26%,
106/09/22,2,0,2,4,5001,3751,615,9367,6.01%,11.26%,
106/09/21,3,0,0,3,4999,3751,613,9363,6.01%,11.26%,
106/09/20,-3,0,0,-3,4996,3751,613,9360,6.00%,11.25%,
106/09/19,1,0,1,2,4999,3751,613,9363,6.01%,11.26%,
106/09/18,0,0,0,0,4998,3751,612,9361,6.00%,11.25%,
106/09/15,-2,0,0,-2,4998,3751,612,9361,6.00%,11.25%,
106/09/14,4,-10,0,-6,5000,3751,612,9363,6.01%,11.26%,
106/09/13,-1,-10,0,-11,4996,3761,612,9369,6.00%,11.26%,
106/09/12,0,0,0,0,4997,3771,612,9380,6.00%,11.27%,
106/09/11,-2,-10,0,-12,4997,3771,612,9380,6.00%,11.27%,
106/09/08,-3,-4,0,-7,4999,3781,612,9392,6.01%,11.29%,
106/09/07,-2,0,-2,-4,5002,3785,612,9399,6.01%,11.30%,
106/09/06,-1,-10,0,-11,5004,3785,614,9403,6.01%,11.30%,
106/09/05,-32,0,1,-31,5005,3795,614,9414,6.01%,11.31%,
106/09/04,-23,0,1,-22,5047,3795,613,9455,6.06%,11.36%,
106/09/01,0,0,0,0,5070,3795,612,9477,6.09%,11.39%,
106/08/31,0,0,0,0,5070,3795,612,9477,6.09%,11.39%,
106/08/30,-1,0,0,-1,5070,3795,612,9477,6.09%,11.39%,
106/08/29,-8,0,0,-8,5071,3795,612,9478,6.09%,11.39%,
106/08/28,-3,0,0,-3,5079,3795,612,9486,6.10%,11.40%,
106/08/25,-2,0,0,-2,5082,3795,612,9489,6.11%,11.41%,
106/08/24,-3,33,0,30,5084,3795,612,9491,6.11%,11.41%,
106/08/23,-2,24,0,22,5087,3762,612,9461,6.11%,11.37%,
106/08/22,-31,0,0,-31,5089,3738,612,9439,6.11%,11.34%,
106/08/21,-7,0,0,-7,5110,3738,612,9460,6.14%,11.37%,
106/08/18,-12,0,0,-12,5117,3738,612,9467,6.15%,11.38%,
106/08/17,0,-14,-2,-16,5129,3738,612,9479,6.16%,11.39%,
106/08/16,-16,0,0,-16,5129,3752,614,9495,6.16%,11.41%,
106/08/15,1,-14,-7,-20,5115,3752,614,9481,6.15%,11.40%,
106/08/14,-12,0,0,-12,5114,3766,621,9501,6.14%,11.42%,
106/08/11,8,-25,1,-16,5126,3766,621,9513,6.16%,11.44%,
106/08/10,3,0,0,3,5118,3791,620,9529,6.15%,11.45%,
106/08/09,9,0,0,9,5115,3791,620,9526,6.15%,11.45%,
106/08/08,3,0,-2,1,5106,3791,620,9517,6.13%,11.43%,
106/08/07,3,0,0,3,5103,3791,622,9516,6.13%,11.44%,
106/08/04,2,28,-1,29,5100,3791,622,9513,6.13%,11.44%,
106/08/03,-2,0,0,-2,5098,3763,623,9484,6.13%,11.40%,
106/08/02,-1,0,6,5,5100,3763,623,9486,6.13%,11.40%,
106/08/01,-2,3,0,1,5101,3763,617,9481,6.13%,11.40%,
106/07/31,-6,18,0,12,5103,3760,617,9480,6.13%,11.39%,
106/07/28,5,12,0,17,5109,3742,617,9468,6.14%,11.38%,
106/07/27,-11,38,16,43,5104,3730,617,9451,6.13%,11.36%,
106/07/26,-13,20,10,17,5115,3692,601,9408,6.15%,11.31%,
106/07/25,-4,0,0,-4,5128,3672,591,9391,6.16%,11.29%,
106/07/24,-37,0,0,-37,5132,3672,591,9395,6.17%,11.30%,
106/07/21,-10,0,0,-10,5169,3672,591,9432,6.21%,11.34%,
106/07/20,-27,0,0,-27,5179,3672,591,9442,6.22%,11.35%,
106/07/19,-50,0,-3,-53,5222,3672,591,9485,6.27%,11.40%,
106/07/18,-63,0,2,-61,5272,3672,594,9538,6.33%,11.46%,
106/07/17,-14,0,-1,-15,5334,3672,592,9598,6.41%,11.54%,
106/07/14,-6,-23,-1,-30,5348,3672,593,9613,6.43%,11.56%,
106/07/13,-1,-20,0,-21,5354,3695,594,9643,6.43%,11.59%,
106/07/12,-43,0,-2,-45,5355,3715,594,9664,6.43%,11.61%,
106/07/11,-3,0,2,-1,5398,3715,596,9709,6.49%,11.67%,
106/07/10,-11,0,0,-11,5401,3715,594,9710,6.49%,11.67%,
106/07/07,-29,0,0,-29,5412,3715,594,9721,6.50%,11.68%,
106/07/06,1,-6,0,-5,5441,3715,594,9750,6.54%,11.72%,
106/07/05,-13,0,0,-13,5440,3721,594,9755,6.54%,11.73%,
106/07/04,-16,-25,0,-41,5453,3721,594,9768,6.55%,11.74%,
106/07/03,2,-25,2,-21,5492,3746,594,9832,6.60%,11.82%,
106/06/30,-22,-27,0,-49,5490,3771,592,9853,6.60%,11.85%,
106/06/29,-10,-27,0,-37,5512,3789,592,9893,6.62%,11.89%,
106/06/28,-6,-26,1,-31,5522,3816,592,9930,6.64%,11.94%,
106/06/27,-25,-4,0,-29,5528,3842,591,9961,6.64%,11.97%,
106/06/26,-1,-24,4,-21,5553,3846,591,9990,6.67%,12.01%,
106/06/23,-48,-23,0,-71,5554,3870,587,10011,6.67%,12.03%,
106/06/22,9,0,0,9,5602,3893,587,10082,6.73%,12.12%,
106/06/21,-6,0,3,-3,5593,3893,587,10073,6.72%,12.11%,
106/06/20,-13,0,2,-11,5599,3893,584,10076,6.73%,12.11%,
106/06/19,-80,0,22,-58,5612,3893,582,10087,6.74%,12.12%,
106/06/16,-19,0,0,-19,5692,3893,560,10145,6.84%,12.19%,
106/06/15,-13,0,0,-13,5711,3893,560,10164,6.86%,12.21%,
106/06/14,-34,0,0,-34,5724,3893,560,10177,6.88%,12.23%,
106/06/13,-74,0,-2,-76,5758,3893,560,10211,6.92%,12.27%,
106/06/12,-5,0,0,-5,5832,3893,562,10287,7.01%,12.37%,
106/06/09,-42,0,0,-42,5837,3893,562,10292,7.01%,12.37%,
106/06/08,-17,0,0,-17,5879,3893,562,10334,7.06%,12.42%,
106/06/07,-2,0,0,-2,5896,3893,562,10351,7.09%,12.45%,
106/06/06,-13,-7,0,-20,5898,3893,562,10353,7.09%,12.45%,
106/06/05,-19,-4,0,-23,5911,3900,562,10373,7.10%,12.47%,
106/06/03,0,0,0,0,5930,3904,562,10396,7.13%,12.50%,
106/06/02,-3,0,0,-3,5930,3904,562,10396,7.13%,12.50%,
106/06/01,1,0,0,1,5933,3904,562,10399,7.13%,12.50%,
106/05/31,-2,0,0,-2,5932,3904,562,10398,7.13%,12.50%,
106/05/26,7,0,0,7,5934,3904,562,10400,7.13%,12.50%,
106/05/25,0,0,0,0,5927,3904,562,10393,7.12%,12.49%,
106/05/24,0,0,0,0,5926,3904,562,10392,7.12%,12.49%,
106/05/23,0,0,0,0,5926,3904,562,10392,7.12%,12.49%,
106/05/22,-1,0,4,3,5926,3904,562,10392,7.12%,12.49%,
106/05/19,10,0,0,10,5927,3904,558,10389,7.12%,12.49%,
106/05/18,4,0,5,9,5917,3904,558,10379,7.11%,12.48%,
106/05/17,-1,0,7,6,5913,3904,553,10370,7.11%,12.47%,
106/05/16,0,0,0,0,5914,3904,546,10364,7.11%,12.46%,
106/05/15,0,0,0,0,5914,3904,546,10364,7.11%,12.46%,
106/05/12,-25,0,0,-25,5914,3904,546,10364,7.11%,12.46%,
106/05/11,-60,0,0,-60,5939,3904,546,10389,7.14%,12.49%,
106/05/10,-4,0,0,-4,5999,3904,546,10449,7.21%,12.56%,
106/05/09,-1,0,0,-1,6003,3904,546,10453,7.21%,12.56%,
106/05/08,-1,0,0,-1,6004,3904,546,10454,7.21%,12.56%,
106/05/05,-2,0,0,-2,6005,3904,546,10455,7.22%,12.57%,
106/05/04,6,0,0,6,6007,3904,546,10457,7.22%,12.57%,
106/05/03,0,0,0,0,6001,3904,546,10451,7.21%,12.56%,
106/05/02,-2,0,0,-2,6001,3904,546,10451,7.21%,12.56%,
106/04/28,3,0,0,3,6003,3904,546,10453,7.21%,12.56%,
106/04/27,-1,0,-1,-2,6000,3904,546,10450,7.21%,12.56%,
106/04/26,0,0,1,1,5999,3904,547,10450,7.21%,12.56%,
106/04/25,-38,0,0,-38,5999,3904,546,10449,7.21%,12.56%,
106/04/24,-2,0,0,-2,6037,3904,546,10487,7.25%,12.60%,
106/04/21,-1,0,0,-1,6039,3904,546,10489,7.26%,12.61%,
106/04/20,-1,0,0,-1,6040,3904,546,10490,7.26%,12.61%,
106/04/19,-1,0,-2,-3,6041,3904,546,10491,7.26%,12.61%,
106/04/18,-29,15,27,13,6042,3904,548,10494,7.26%,12.61%,
106/04/17,-9,15,16,22,6071,3889,521,10481,7.30%,12.60%,
106/04/14,-8,20,35,47,6080,3874,505,10459,7.31%,12.58%,
106/04/13,-2,15,-1,12,6088,3854,470,10412,7.32%,12.52%,
106/04/12,-2,0,0,-2,6090,3839,471,10400,7.32%,12.50%,
106/04/11,-17,0,0,-17,6092,3839,471,10402,7.32%,12.50%,
106/04/10,-88,0,0,-88,6109,3839,471,10419,7.34%,12.52%,
106/04/07,1,0,0,1,6197,3839,471,10507,7.45%,12.63%,
106/04/06,-26,0,1,-25,6196,3839,471,10506,7.45%,12.63%,
106/04/05,-3,0,0,-3,6222,3839,470,10531,7.48%,12.66%,
106/03/31,-32,0,0,-32,6225,3839,470,10534,7.48%,12.66%,
106/03/30,-17,0,0,-17,6257,3766,470,10493,7.52%,12.61%,
106/03/29,-2,0,0,-2,6274,3766,470,10510,7.54%,12.63%,
106/03/28,-17,0,0,-17,6276,3766,470,10512,7.54%,12.63%,
106/03/27,-34,0,0,-34,6293,3766,470,10529,7.56%,12.65%,
106/03/24,-26,0,0,-26,6327,3766,470,10563,7.60%,12.69%,
106/03/23,-53,0,0,-53,6353,3766,470,10589,7.63%,12.72%,
106/03/22,-27,0,0,-27,6406,3766,470,10642,7.70%,12.79%,
106/03/21,-2,0,0,-2,6433,3766,470,10669,7.73%,12.82%,
106/03/20,0,0,0,0,6435,3766,470,10671,7.73%,12.82%,
106/03/17,0,0,0,0,6435,3766,470,10671,7.73%,12.82%,
106/03/16,2,0,1,3,6435,3766,470,10671,7.73%,12.82%,
106/03/15,-11,0,0,-11,6459,3766,469,10694,7.76%,12.85%,
106/03/14,-10,0,0,-10,6470,3766,469,10705,7.78%,12.87%,
106/03/13,-3,0,0,-3,6480,3766,469,10715,7.79%,12.88%,
106/03/10,-3,0,0,-3,6483,3766,469,10718,7.79%,12.88%,
106/03/09,-7,0,0,-7,6486,3766,469,10721,7.79%,12.88%,
106/03/08,-7,0,0,-7,6493,3766,469,10728,7.80%,12.89%,
106/03/07,-8,0,0,-8,6500,3766,469,10735,7.81%,12.90%,
106/03/06,-4,0,0,-4,6508,3766,469,10743,7.82%,12.91%,
106/03/03,-29,0,0,-29,6512,3766,469,10747,7.83%,12.92%,
106/03/02,-18,0,0,-18,6541,3766,469,10776,7.86%,12.95%,
106/03/01,-37,0,0,-37,6559,3766,469,10794,7.88%,12.97%,
106/02/24,-31,0,0,-31,6596,3766,469,10831,7.93%,13.02%,
106/02/23,0,0,0,0,6627,3766,469,10862,7.96%,13.05%,
106/02/22,0,0,1,1,6627,3766,469,10862,7.96%,13.05%,
106/02/21,1,0,0,1,6627,3766,468,10861,7.96%,13.05%,
106/02/20,3,0,0,3,6626,3766,468,10860,7.96%,13.05%,
106/02/18,0,0,0,0,6623,3766,468,10857,7.96%,13.05%,
106/02/17,2,0,0,2,6623,3766,468,10857,7.96%,13.05%,
106/02/16,-11,-30,0,-41,6621,3766,468,10855,7.96%,13.05%,
106/02/15,-63,-30,0,-93,6632,3796,468,10896,7.97%,13.10%,
106/02/14,-184,-21,0,-205,6695,3826,468,10989,8.05%,13.21%,
106/02/13,-11,-20,0,-31,6879,3847,468,11194,8.27%,13.46%,
106/02/10,-40,-11,0,-51,6890,3867,468,11225,8.28%,13.49%,
106/02/09,-31,0,0,-31,6930,3878,468,11276,8.33%,13.56%,
106/02/08,-6,0,0,-6,6961,3878,468,11307,8.37%,13.60%,
106/02/07,0,0,0,0,6967,3878,468,11313,8.37%,13.60%,
106/02/06,-16,5,0,-11,6967,3878,468,11313,8.37%,13.60%,
106/02/03,-24,6,8,-10,6983,3873,468,11324,8.39%,13.61%,
106/02/02,-29,-4,1,-32,7007,3867,460,11334,8.42%,13.62%,
106/01/24,0,0,0,0,7036,3871,459,11366,8.46%,13.67%,
106/01/23,-8,0,0,-8,7036,3871,459,11366,8.46%,13.67%,
106/01/20,-12,-8,0,-20,7044,3871,459,11374,8.47%,13.68%,
106/01/19,-31,-8,-1,-40,7056,3879,459,11394,8.48%,13.70%,
106/01/18,-10,0,-1,-11,7087,3887,460,11434,8.52%,13.75%,
106/01/17,-2,0,0,-2,7097,3887,461,11445,8.53%,13.76%,
106/01/16,-13,0,2,-11,7099,3887,461,11447,8.53%,13.76%,
106/01/13,-6,-5,0,-11,7112,3887,459,11458,8.55%,13.78%,
106/01/12,16,-10,0,6,7118,3892,459,11469,8.55%,13.78%,
106/01/11,-3,0,0,-3,7102,3902,459,11463,8.54%,13.78%,
106/01/10,-6,5,-2,-3,7105,3902,459,11466,8.54%,13.78%,
106/01/09,-9,-15,0,-24,7111,3897,461,11469,8.55%,13.79%,
106/01/06,0,-6,0,-6,7120,3912,461,11493,8.56%,13.82%,
106/01/05,-16,-9,0,-25,7120,3918,461,11499,8.56%,13.83%,
106/01/04,0,-9,0,-9,7136,3927,461,11524,8.58%,13.86%,
106/01/03,3,0,0,3,7136,3936,461,11533,8.58%,13.87%,
105/12/30,5,0,1,6,7133,3936,461,11530,8.57%,13.86%,
105/12/29,-2,0,0,-2,7128,3936,460,11524,8.57%,13.86%,
105/12/28,0,0,3,3,7130,3936,460,11526,8.57%,13.86%,
105/12/27,0,0,0,0,7130,3936,457,11523,8.57%,13.85%,
105/12/26,-1,0,1,0,7130,3936,457,11523,8.57%,13.85%,
105/12/23,0,0,0,0,7092,3936,456,11484,8.52%,13.80%,
105/12/22,0,0,2,2,7092,3936,456,11484,8.52%,13.80%,
105/12/21,-1,0,0,-1,7092,3936,454,11482,8.52%,13.80%,
105/12/20,1,0,1,2,7099,3936,454,11489,8.53%,13.81%,
105/12/19,1,0,0,1,7098,3936,453,11487,8.53%,13.81%,
105/12/16,0,0,1,1,7097,3936,453,11486,8.53%,13.81%,
105/12/15,1,0,0,1,7097,3936,452,11485,8.53%,13.81%,
105/12/14,0,5,-4,1,7096,3936,452,11484,8.53%,13.81%,
105/12/13,10,4,2,16,7096,3931,456,11483,8.53%,13.81%,
105/12/12,2,3,-8,-3,7086,3927,454,11467,8.52%,13.79%,
105/12/09,1,3,1,5,7084,3924,462,11470,8.51%,13.78%,
105/12/08,1,3,1,5,7083,3921,461,11465,8.51%,13.78%,
105/12/07,2,3,-1,4,7082,3918,460,11460,8.51%,13.77%,
105/12/06,2,3,2,7,7080,3915,461,11456,8.51%,13.77%,
105/12/05,1,3,-1,3,7078,3912,459,11449,8.51%,13.77%,
105/12/02,0,3,-1,2,7077,3909,460,11446,8.51%,13.76%,
105/12/01,0,3,-2,1,7077,3906,461,11444,8.51%,13.76%,
105/11/30,0,3,0,3,7077,3903,463,11443,8.51%,13.76%,
105/11/29,0,3,2,5,7077,3900,463,11440,8.51%,13.76%,
105/11/28,0,1,1,2,7077,3897,461,11435,8.51%,13.75%,
105/11/25,0,3,0,3,7077,3896,460,11433,8.51%,13.75%,
105/11/24,0,0,0,0,7077,3893,460,11430,8.51%,13.74%,
105/11/23,1,0,-5,-4,7077,3893,460,11430,8.51%,13.74%,
105/11/22,2,0,-2,0,7076,3893,465,11434,8.50%,13.74%,
105/11/21,0,0,-3,-3,7074,3893,467,11434,8.50%,13.74%,
105/11/18,-2,0,3,1,7074,3893,470,11437,8.50%,13.75%,
105/11/17,-2,0,0,-2,7076,3893,467,11436,8.50%,13.74%,
105/11/16,-2,0,0,-2,7078,3893,467,11438,8.51%,13.75%,
105/11/15,-1,-3,16,12,7080,3893,467,11440,8.51%,13.75%,
105/11/14,-2,2,0,0,7081,3896,451,11428,8.51%,13.74%,
105/11/11,0,13,0,13,7076,3894,451,11421,8.50%,13.72%,
105/11/10,0,0,0,0,7076,3881,451,11408,8.50%,13.71%,
105/11/09,-6,0,-5,-11,7076,3881,451,11408,8.50%,13.71%,
105/11/08,-2,0,0,-2,7082,3881,456,11419,8.51%,13.73%,
105/11/07,-2,0,0,-2,7084,3881,456,11421,8.51%,13.73%,
105/11/04,0,0,0,0,7086,3881,456,11423,8.52%,13.74%,
105/11/03,-7,0,1,-6,7086,3881,456,11423,8.52%,13.74%,
105/11/02,-10,-5,4,-11,7093,3881,455,11429,8.52%,13.73%,
105/11/01,0,-5,0,-5,7103,3886,451,11440,8.54%,13.76%,
105/10/31,-5,-5,0,-10,7103,3891,451,11445,8.54%,13.76%,
105/10/28,-2,-5,0,-7,7108,3896,451,11455,8.54%,13.77%,
105/10/27,-3,0,0,-3,7110,3901,451,11462,8.54%,13.77%,
105/10/26,-1,-10,0,-11,7113,3901,451,11465,8.55%,13.78%,
105/10/25,-2,-10,0,-12,7114,3911,451,11476,8.55%,13.80%,
105/10/24,-2,0,0,-2,7116,3921,451,11488,8.55%,13.81%,
105/10/21,-11,-9,-3,-23,7118,3921,451,11490,8.55%,13.81%,
105/10/20,6,2,-5,3,7129,3930,454,11513,8.57%,13.84%,
105/10/19,0,-14,-2,-16,7138,3928,459,11525,8.58%,13.86%,
105/10/18,-3,0,0,-3,7138,3942,461,11541,8.58%,13.87%,
105/10/17,12,0,0,12,7141,3942,461,11544,8.58%,13.87%,
105/10/14,-12,0,1,-11,7129,3942,461,11532,8.57%,13.86%,
105/10/13,-3,0,0,-3,7126,3942,460,11528,8.56%,13.85%,
105/10/12,11,0,0,11,7129,3942,460,11531,8.57%,13.86%,
105/10/11,31,0,0,31,7118,3942,460,11520,8.55%,13.84%,
105/10/07,0,0,0,0,7087,3942,460,11489,8.52%,13.81%,
105/10/06,1,0,0,1,7087,3942,460,11489,8.52%,13.81%,
105/10/05,-1,0,0,-1,7086,3942,460,11488,8.52%,13.81%,
105/10/04,7,0,0,7,7087,3942,460,11489,8.52%,13.81%,
105/10/03,7,0,0,7,7080,3942,460,11482,8.51%,13.80%,
105/09/30,3,0,1,4,7073,3942,460,11475,8.50%,13.79%,
105/09/29,-4,0,0,-4,7070,3945,459,11474,8.50%,13.80%,
105/09/26,-1,0,0,-1,7074,3945,459,11478,8.50%,13.80%,
105/09/23,0,0,0,0,7075,3945,459,11479,8.50%,13.80%,
105/09/22,2,0,0,2,7075,3945,459,11479,8.50%,13.80%,
105/09/21,17,0,0,17,7073,3945,459,11477,8.50%,13.80%,
105/09/20,-2,0,0,-2,7056,3945,459,11460,8.48%,13.78%,
105/09/19,-2,0,0,-2,7058,3945,459,11462,8.48%,13.78%,
105/09/14,-7,0,0,-7,7060,3945,459,11464,8.48%,13.78%,
105/09/13,-5,0,-2,-7,7067,3945,459,11471,8.49%,13.79%,
105/09/12,5,0,2,7,7072,3945,461,11478,8.50%,13.80%,
105/09/10,0,0,0,0,7067,3945,459,11471,8.49%,13.79%,
105/09/09,3,0,0,3,7067,3945,459,11471,8.49%,13.79%,
105/09/08,14,0,0,14,7064,3945,459,11468,8.49%,13.79%,
105/09/07,-1,0,0,-1,7050,3945,459,11454,8.47%,13.77%,
105/09/06,-2,0,0,-2,7051,3945,459,11455,8.47%,13.77%,
105/09/05,-3,0,0,-3,7053,3945,459,11457,8.48%,13.78%,
105/09/02,7,0,0,7,7056,3945,459,11460,8.48%,13.78%,
105/09/01,-2,0,0,-2,7049,3945,459,11453,8.47%,13.77%,
105/08/31,-5,0,0,-5,7051,3945,459,11455,8.47%,13.77%,
105/08/30,0,0,0,0,7056,3945,459,11460,8.48%,13.78%,
105/08/29,-5,0,-3,-8,7056,3945,459,11460,8.48%,13.78%,
105/08/26,-1,0,-7,-8,7061,3945,462,11468,8.49%,13.79%,
105/08/25,5,0,-5,0,7062,3945,469,11476,8.49%,13.80%,
105/08/24,-3,0,0,-3,7057,3945,474,11476,8.48%,13.79%,
105/08/23,-2,0,0,-2,7060,3945,474,11479,8.48%,13.79%,
105/08/22,5,0,0,5,7062,3945,474,11481,8.49%,13.80%,
105/08/19,-6,0,0,-6,7057,3945,474,11476,8.48%,13.79%,
105/08/18,-9,0,0,-9,7063,3945,474,11482,8.49%,13.80%,
105/08/17,-1,0,0,-1,7072,3945,474,11491,8.50%,13.81%,
105/08/16,-5,0,10,5,7073,3945,474,11492,8.50%,13.81%,
105/08/15,37,0,0,37,7078,3945,464,11487,8.51%,13.81%,
105/08/12,18,0,0,18,7041,3945,464,11450,8.46%,13.76%,
105/08/11,-24,0,-2,-26,7023,3945,464,11432,8.44%,13.74%,
105/08/10,5,0,0,5,7047,3945,466,11458,8.47%,13.77%,
105/08/09,1,0,0,1,7042,3945,466,11453,8.46%,13.76%,
105/08/08,2,0,0,2,7041,3945,466,11452,8.46%,13.76%,
105/08/05,4,0,0,4,7039,3945,466,11450,8.46%,13.76%,
105/08/04,1,0,-2,-1,7035,3945,466,11446,8.45%,13.75%,
105/08/03,9,0,0,9,7034,3945,468,11447,8.45%,13.76%,
105/08/02,5,0,1,6,7025,3945,468,11438,8.44%,13.75%,
105/08/01,3,0,0,3,7020,3945,467,11432,8.44%,13.75%,
105/07/29,-16,0,0,-16,7017,3945,467,11429,8.43%,13.74%,
105/07/28,25,0,1,26,7033,3945,467,11445,8.45%,13.76%,
105/07/27,34,0,0,34,7008,3945,466,11419,8.42%,13.72%,
105/07/26,16,0,0,16,6974,3945,466,11385,8.38%,13.68%,
105/07/25,24,0,0,24,6958,3945,466,11369,8.36%,13.66%,
105/07/22,-4,40,1,37,6984,3945,466,11395,8.39%,13.69%,
105/07/21,22,45,0,67,6988,3905,465,11358,8.40%,13.65%,
105/07/20,-1,-28,0,-29,6966,3860,465,11291,8.37%,13.57%,
105/07/19,9,10,0,19,6967,3888,465,11320,8.37%,13.60%,
105/07/18,30,0,1,31,6958,3878,465,11301,8.36%,13.58%,
105/07/15,-4,0,0,-4,6928,3878,464,11270,8.33%,13.55%,
105/07/14,2,0,0,2,6932,3878,464,11274,8.33%,13.55%,
105/07/13,18,0,0,18,6930,3878,464,11272,8.33%,13.55%,
105/07/12,1,0,0,1,6912,3878,464,11254,8.31%,13.53%,
105/07/11,-71,30,0,-41,6911,3878,464,11253,8.31%,13.53%,
105/07/07,-24,30,0,6,6982,3848,464,11294,8.39%,13.58%,
105/07/06,-19,30,0,11,7006,3818,464,11288,8.42%,13.57%,
105/07/05,-62,30,0,-32,7025,3788,464,11277,8.44%,13.55%,
105/07/04,-54,10,0,-44,7087,3758,464,11309,8.52%,13.60%,
105/07/01,8,22,0,30,7141,3748,464,11353,8.58%,13.64%,
105/06/30,-27,18,0,-9,7133,3726,464,11323,8.57%,13.61%,
105/06/29,15,22,2,39,7160,3637,464,11261,8.60%,13.53%,
105/06/28,-18,22,0,4,7145,3615,462,11222,8.59%,13.49%,
105/06/27,2,-11,0,-9,7163,3593,462,11218,8.61%,13.49%,
105/06/24,-6,7,0,1,7161,3604,462,11227,8.61%,13.50%,
105/06/23,11,0,0,11,7167,3597,462,11226,8.61%,13.49%,
105/06/22,7,0,0,7,7156,3597,462,11215,8.60%,13.48%,
105/06/21,-15,0,0,-15,7149,3597,462,11208,8.59%,13.47%,
105/06/20,8,0,0,8,7164,3597,462,11223,8.61%,13.49%,
105/06/17,9,0,-20,-11,7156,3597,462,11215,8.60%,13.48%,
105/06/16,-11,0,0,-11,7147,3597,482,11226,8.59%,13.49%,
105/06/15,5,0,0,5,7158,3597,482,11237,8.60%,13.50%,
105/06/14,-3,0,0,-3,7153,3597,482,11232,8.60%,13.50%,
105/06/13,8,0,0,8,7156,3597,482,11235,8.60%,13.50%,
105/06/08,-8,0,0,-8,7148,3597,482,11227,8.59%,13.49%,
105/06/07,-4,0,0,-4,7156,3597,482,11235,8.60%,13.50%,
105/06/06,10,0,0,10,7160,3597,482,11239,8.60%,13.50%,
105/06/04,0,0,0,0,7150,3597,482,11229,8.59%,13.49%,
105/06/03,-1,0,0,-1,7153,3597,482,11232,8.60%,13.50%,
105/06/02,2,0,0,2,7154,3597,482,11233,8.60%,13.50%,
105/06/01,-3,0,0,-3,7152,3597,482,11231,8.60%,13.50%,
105/05/31,-3,0,0,-3,7155,3597,482,11234,8.60%,13.50%,
105/05/30,26,0,2,28,7158,3597,482,11237,8.60%,13.50%,
105/05/27,-7,0,2,-5,7132,3597,480,11209,8.57%,13.47%,
105/05/26,-12,0,16,4,7139,3597,478,11214,8.58%,13.48%,
105/05/25,2,0,0,2,7151,3597,462,11210,8.59%,13.47%,
105/05/24,-2,0,0,-2,7149,3597,462,11208,8.59%,13.47%,
105/05/23,21,0,0,21,7151,3597,462,11210,8.59%,13.47%,
105/05/20,5,0,0,5,7130,3597,462,11189,8.57%,13.45%,
105/05/19,-9,0,0,-9,7125,3597,462,11184,8.56%,13.44%,
105/05/18,2,0,-1,1,7134,3597,462,11193,8.57%,13.45%,
105/05/17,1,0,0,1,7132,3597,463,11192,8.57%,13.45%,
105/05/16,1,0,0,1,7131,3597,463,11191,8.57%,13.45%,
105/05/13,-4,0,0,-4,7130,3597,463,11190,8.57%,13.45%,
105/05/12,-6,0,0,-6,7134,3597,463,11194,8.57%,13.45%,
105/05/11,-19,0,5,-14,7140,3597,463,11200,8.58%,13.46%,
105/05/10,7,0,0,7,7159,3597,458,11214,8.60%,13.48%,
105/05/09,0,0,1,1,7152,3597,458,11207,8.60%,13.48%,
105/05/06,-45,0,6,-39,7152,3597,457,11206,8.60%,13.47%,
105/05/05,-30,0,2,-28,7197,3597,451,11245,8.65%,13.52%,
105/05/04,-22,0,3,-19,7227,3597,449,11273,8.69%,13.56%,
105/05/03,-12,0,0,-12,7249,3597,446,11292,8.71%,13.57%,
105/04/29,-20,0,3,-17,7261,3597,446,11304,8.73%,13.59%,
105/04/28,-32,0,3,-29,7281,3597,443,11321,8.75%,13.61%,
105/04/27,-25,0,8,-17,7313,3597,440,11350,8.79%,13.64%,
105/04/26,-124,0,16,-108,7338,3597,432,11367,8.82%,13.66%,
105/04/25,-4,0,0,-4,7462,3597,416,11475,8.97%,13.80%,
105/04/22,-43,0,0,-43,7466,3597,416,11479,8.97%,13.80%,
105/04/21,-9,0,0,-9,7509,3597,416,11522,9.02%,13.85%,
105/04/20,-15,0,2,-13,7518,3597,416,11531,9.04%,13.87%,
105/04/19,-13,0,0,-13,7533,3597,414,11544,9.05%,13.87%,
105/04/18,-1,0,-3,-4,7546,3597,414,11557,9.07%,13.89%,
105/04/15,-22,-12,1,-33,7547,3597,417,11561,9.07%,13.90%,
105/04/14,-24,0,0,-24,7569,3609,416,11594,9.10%,13.94%,
105/04/13,-22,10,-1,-13,7593,3609,416,11618,9.13%,13.97%,
105/04/12,-45,0,-1,-46,7615,3599,417,11631,9.15%,13.98%,
105/04/11,-30,0,0,-30,7580,3599,418,11597,9.11%,13.94%,
105/04/08,-11,0,0,-11,7610,3599,418,11627,9.15%,13.98%,
105/04/07,-40,0,0,-40,7621,3599,418,11638,9.16%,13.99%,
105/04/06,9,0,0,9,7661,3599,418,11678,9.21%,14.04%,
105/04/01,2,0,-1,1,7652,3599,418,11669,9.20%,14.03%,
105/03/31,-13,0,0,-13,7650,3599,419,11668,9.19%,14.02%,
105/03/30,20,0,0,20,7663,3473,419,11555,9.21%,13.89%,
105/03/29,6,-32,-2,-28,7643,3473,419,11535,9.19%,13.87%,
105/03/28,-14,0,-1,-15,7637,3505,421,11563,9.18%,13.90%,
105/03/25,-8,0,-12,-20,7651,3505,422,11578,9.20%,13.92%,
105/03/24,-9,33,0,24,7659,3505,434,11598,9.20%,13.94%,
105/03/23,6,0,0,6,7649,3472,434,11555,9.19%,13.89%,
105/03/22,3,63,0,66,7643,3472,434,11549,9.19%,13.89%,
105/03/21,1,60,3,64,7640,3409,434,11483,9.18%,13.80%,
105/03/18,6,59,0,65,7639,3349,431,11419,9.18%,13.73%,
105/03/17,-19,44,-2,23,7633,3290,431,11354,9.17%,13.64%,
105/03/16,22,20,-4,38,7652,3246,433,11331,9.20%,13.62%,
105/03/15,-11,40,-1,28,7643,3226,437,11306,9.19%,13.59%,
105/03/14,-11,42,0,31,7654,3186,438,11278,9.20%,13.56%,
105/03/11,-18,0,0,-18,7665,3144,438,11247,9.21%,13.52%,
105/03/10,30,0,-31,-1,7683,3144,438,11265,9.23%,13.54%,
105/03/09,15,0,-26,-11,7653,3144,469,11266,9.20%,13.54%,
105/03/08,-7,0,-9,-16,7638,3144,495,11277,9.18%,13.56%,
105/03/07,-12,51,-8,31,7645,3144,504,11293,9.19%,13.58%,
105/03/04,-61,0,-2,-63,7649,3093,512,11254,9.19%,13.52%,
105/03/03,-41,73,-14,18,7720,3093,514,11327,9.28%,13.62%,
105/03/02,-68,70,-24,-22,7761,3020,528,11309,9.33%,13.60%,
105/03/01,-13,88,-11,64,7829,2950,552,11331,9.41%,13.62%,
105/02/26,-24,19,-2,-7,7842,2862,563,11267,9.42%,13.54%,
105/02/25,-50,96,3,49,7866,2843,565,11274,9.45%,13.55%,
105/02/24,-48,78,8,38,7916,2747,562,11225,9.51%,13.49%,
105/02/23,-72,71,6,5,7964,2669,554,11187,9.57%,13.45%,
105/02/22,19,72,-3,88,8036,2598,548,11182,9.66%,13.44%,
105/02/19,5,34,0,39,8017,2526,551,11094,9.64%,13.34%,
105/02/18,36,65,-12,89,8012,2492,551,11055,9.63%,13.29%,
105/02/17,14,103,1,118,7976,2427,563,10966,9.59%,13.19%,
105/02/16,31,73,6,110,7962,2324,562,10848,9.57%,13.04%,
105/02/15,46,51,19,116,7931,2251,556,10738,9.53%,12.91%,
105/02/03,-6,130,12,136,7885,2200,537,10622,9.48%,12.77%,
105/02/02,29,152,0,181,7886,2070,525,10481,9.48%,12.60%,
105/02/01,-1,171,-28,142,7857,1918,525,10300,9.44%,12.38%,
105/01/30,0,3,1,4,7858,1747,553,10158,9.44%,12.21%,
105/01/29,0,0,0,0,7858,1744,552,10154,9.44%,12.20%,
105/01/28,-9,15,8,14,7858,1744,552,10154,9.44%,12.20%,
105/01/27,6,54,36,96,7867,1729,544,10140,9.46%,12.19%,
105/01/26,-16,0,2,-14,7861,1675,508,10044,9.45%,12.08%,
105/01/25,11,12,16,39,7877,1675,506,10058,9.47%,12.09%,
105/01/22,3,0,0,3,7866,1663,490,10019,9.45%,12.04%,
105/01/21,7,0,-1,6,7863,1663,490,10016,9.45%,12.04%,
105/01/20,-48,-3,20,-31,7856,1663,491,10010,9.44%,12.03%,
105/01/19,26,0,34,60,7904,1666,471,10041,9.50%,12.07%,
105/01/18,22,0,0,22,7878,1666,437,9981,9.47%,12.00%,
105/01/15,-17,-26,6,-37,7856,1666,437,9959,9.44%,11.97%,
105/01/14,0,-35,0,-35,7873,1692,431,9996,9.46%,12.01%,
105/01/13,-22,-58,8,-72,7873,1727,431,10031,9.46%,12.05%,
105/01/12,-8,-27,12,-23,7895,1785,423,10103,9.49%,12.15%,
105/01/11,6,0,12,18,7903,1812,411,10126,9.50%,12.17%,
105/01/08,-8,0,-2,-10,7897,1812,399,10108,9.49%,12.15%,
105/01/07,-12,-2,-1,-15,7905,1812,401,10118,9.50%,12.16%,
105/01/06,-6,-10,11,-5,7917,1814,402,10133,9.52%,12.18%,
105/01/05,1,0,14,15,7913,1824,391,10128,9.51%,12.17%,
105/01/04,-6,0,0,-6,7912,1824,377,10113,9.51%,12.16%,
104/12/31,0,0,3,3,7918,1824,377,10119,9.52%,12.17%,
104/12/30,-3,-16,15,-4,7918,1939,374,10231,9.52%,12.30%,
104/12/29,0,10,10,20,7921,1955,359,10235,9.52%,12.30%,
104/12/28,1,12,29,42,7921,1945,349,10215,9.52%,12.28%,
104/12/25,1,0,0,1,7920,1933,320,10173,9.52%,12.23%,
104/12/24,0,0,0,0,7919,1933,320,10172,9.52%,12.23%,
104/12/23,-3,0,0,-3,7919,1933,320,10172,9.52%,12.23%,
104/12/22,-1,0,0,-1,7922,1933,320,10175,9.52%,12.23%,
104/12/21,1,0,-1,0,7923,1933,320,10176,9.52%,12.23%,
104/12/18,-4,0,0,-4,7922,1933,321,10176,9.52%,12.23%,
104/12/17,-4,0,0,-4,7926,1933,321,10180,9.53%,12.24%,
104/12/16,-8,0,0,-8,7930,1933,321,10184,9.53%,12.24%,
104/12/15,-40,0,1,-39,7938,1933,321,10192,9.54%,12.25%,
104/12/14,2,0,0,2,7978,1933,320,10231,9.59%,12.30%,
104/12/11,-19,0,0,-19,7976,1933,320,10229,9.59%,12.30%,
104/12/10,-11,0,2,-9,7995,1933,320,10248,9.61%,12.32%,
104/12/09,-14,0,0,-14,8006,1933,318,10257,9.62%,12.33%,
104/12/08,-4,0,0,-4,8020,1933,318,10271,9.64%,12.35%,
104/12/07,-4,0,-1,-5,8024,1933,318,10275,9.64%,12.35%,
104/12/04,-6,0,-1,-7,8028,1933,319,10280,9.65%,12.36%,
104/12/03,0,0,0,0,8075,1933,320,10328,9.71%,12.42%,
104/12/02,1,0,-2,-1,8109,1933,320,10362,9.75%,12.46%,
104/12/01,-12,0,1,-11,8108,1933,322,10363,9.74%,12.45%,
104/11/30,-68,0,0,-68,8120,1933,321,10374,9.76%,12.47%,
104/11/27,-16,0,0,-16,8188,1933,321,10442,9.84%,12.55%,
104/11/26,-42,0,0,-42,8204,1933,321,10458,9.86%,12.57%,
104/11/25,-59,0,0,-59,8228,1933,321,10482,9.89%,12.60%,
104/11/24,-75,0,-30,-105,8287,1933,321,10541,9.96%,12.67%,
104/11/23,-6,0,0,-6,8362,1933,351,10646,10.05%,12.80%,
104/11/20,-12,0,0,-12,8366,1933,351,10650,10.06%,12.81%,
104/11/19,5,0,0,5,8378,1933,351,10662,10.07%,12.82%,
104/11/18,-12,0,0,-12,8404,1933,351,10688,10.10%,12.85%,
104/11/17,5,0,0,5,8416,1933,351,10700,10.12%,12.87%,
104/11/16,-8,0,0,-8,8400,1933,351,10684,10.10%,12.85%,
104/11/13,-12,0,0,-12,8408,1933,351,10692,10.11%,12.86%,
104/11/12,-9,0,0,-9,8354,1933,351,10638,10.04%,12.79%,
104/11/11,-8,0,0,-8,8363,1933,351,10647,10.05%,12.80%,
104/11/10,-7,0,0,-7,8371,1933,351,10655,10.06%,12.81%,
104/11/09,5,0,4,9,8378,1933,351,10662,10.07%,12.82%,
104/11/06,-19,0,11,-8,8373,1933,347,10653,10.06%,12.80%,
104/11/05,5,0,15,20,8392,1933,336,10661,10.09%,12.82%,
104/11/04,43,2,0,45,8387,1933,321,10641,10.08%,12.79%,
104/11/03,15,0,0,15,8344,1931,321,10596,10.03%,12.74%,
104/11/02,90,0,0,90,8329,1931,321,10581,10.01%,12.72%,
104/10/30,2,0,0,2,8239,1931,321,10491,9.90%,12.61%,
104/10/29,-29,0,0,-29,8237,1931,321,10489,9.90%,12.61%,
104/10/28,-22,0,0,-22,8266,1931,321,10518,9.93%,12.64%,
104/10/27,-20,0,0,-20,8288,1931,321,10540,9.96%,12.67%,
104/10/26,-14,0,0,-14,8308,1931,321,10560,9.99%,12.70%,
104/10/23,-14,0,-5,-19,8322,1931,321,10574,10.00%,12.71%,
104/10/22,-7,0,-5,-12,8336,1931,326,10593,10.02%,12.73%,
104/10/21,-24,0,-5,-29,8343,1931,331,10605,10.03%,12.75%,
104/10/20,-6,0,0,-6,8367,1931,336,10634,10.06%,12.79%,
104/10/19,-5,0,0,-5,8373,1931,336,10640,10.06%,12.79%,
104/10/16,10,0,-3,7,8378,1931,336,10645,10.07%,12.80%,
104/10/15,-3,0,0,-3,8368,1931,339,10638,10.06%,12.79%,
104/10/14,2,0,0,2,8371,1931,339,10641,10.06%,12.79%,
104/10/13,-1,0,0,-1,8369,1931,339,10639,10.06%,12.79%,
104/10/12,-1,0,0,-1,8370,1931,339,10640,10.06%,12.79%,
104/10/08,-11,0,18,7,8371,1931,339,10641,10.06%,12.79%,
104/10/07,-3,0,0,-3,8382,1931,321,10634,10.07%,12.78%,
104/10/06,0,0,0,0,8385,1931,321,10637,10.08%,12.79%,
104/10/05,-3,0,2,-1,8385,1931,321,10637,10.08%,12.79%,
104/10/02,-1,2,0,1,8383,1931,319,10633,10.08%,12.79%,
104/10/01,-1,0,0,-1,8384,1929,319,10632,10.08%,12.78%,
104/09/30,-22,0,0,-22,8385,1929,319,10633,10.08%,12.78%,
104/09/25,-4,0,0,-4,8403,1631,319,10353,10.10%,12.44%,
104/09/24,-10,-1,-44,-55,8407,1631,319,10357,10.10%,12.44%,
104/09/23,-6,0,-28,-34,8417,1632,363,10412,10.12%,12.52%,
104/09/22,50,39,0,89,8423,1632,391,10446,10.12%,12.55%,
104/09/21,22,36,0,58,8373,1593,391,10357,10.06%,12.45%,
104/09/18,49,0,-5,44,8351,1557,391,10299,10.04%,12.38%,
104/09/17,2,0,-1,1,8302,1557,396,10255,9.98%,12.33%,
104/09/16,2,0,0,2,8300,1557,397,10254,9.98%,12.33%,
104/09/15,-3,0,-7,-10,8298,1557,397,10252,9.97%,12.32%,
104/09/14,-7,0,-17,-24,8301,1557,404,10262,9.98%,12.34%,
104/09/11,-7,0,-7,-14,8308,1557,421,10286,9.99%,12.37%,
104/09/10,14,0,-6,8,8315,1557,428,10300,9.99%,12.38%,
104/09/09,21,0,-16,5,8301,1557,434,10292,9.98%,12.37%,
104/09/08,0,0,-2,-2,8280,1557,450,10287,9.95%,12.36%,
104/09/07,-2,0,0,-2,8280,1557,452,10289,9.95%,12.37%,
104/09/04,1,0,0,1,8282,1557,452,10291,9.95%,12.37%,
104/09/03,3,0,0,3,8281,1557,452,10290,9.95%,12.37%,
104/09/02,4,0,-7,-3,8278,1557,452,10287,9.95%,12.37%,
104/09/01,4,-3,0,1,8274,1557,459,10290,9.94%,12.36%,
104/08/31,9,-1,-5,3,8270,1560,459,10289,9.94%,12.37%,
104/08/28,-14,0,-4,-18,8261,1561,464,10286,9.93%,12.37%,
104/08/27,-5,0,-16,-21,8275,1561,468,10304,9.95%,12.39%,
104/08/26,-8,0,0,-8,8280,1561,484,10325,9.95%,12.41%,
104/08/25,4,0,0,4,8288,1561,484,10333,9.96%,12.42%,
104/08/24,-50,0,0,-50,8284,1561,484,10329,9.96%,12.42%,
104/08/21,-14,0,-1,-15,8334,1561,484,10379,10.02%,12.48%,
104/08/20,-13,0,-5,-18,8351,1561,485,10397,10.04%,12.50%,
104/08/19,-15,0,-5,-20,8364,1561,490,10415,10.05%,12.52%,
104/08/18,-5,0,-9,-14,8379,1561,495,10435,10.07%,12.54%,
104/08/17,-18,0,-8,-26,8384,1561,504,10449,10.08%,12.56%,
104/08/14,38,0,-7,31,8402,1561,512,10475,10.10%,12.59%,
104/08/13,25,-30,-2,-7,8362,1561,519,10442,10.05%,12.55%,
104/08/12,33,-30,3,6,8337,1591,521,10449,10.02%,12.56%,
104/08/11,37,-30,-10,-3,8304,1621,518,10443,9.98%,12.55%,
104/08/10,-1,0,-5,-6,8269,1651,528,10448,9.94%,12.56%,
104/08/07,-21,0,-1,-22,8270,1651,533,10454,9.94%,12.57%,
104/08/06,-37,0,-7,-44,8288,1651,534,10473,9.96%,12.59%,
104/08/05,23,0,-17,6,8325,1651,541,10517,10.01%,12.65%,
104/08/04,-16,0,-4,-20,8302,1651,558,10511,9.98%,12.64%,
104/08/03,25,2,-3,24,8318,1651,562,10531,10.00%,12.66%,
104/07/31,14,-233,-14,-233,8293,1649,565,10507,9.97%,12.63%,
104/07/30,29,-131,-7,-109,8279,1882,579,10740,9.95%,12.91%,
104/07/29,8,-15,0,-7,8250,2013,586,10849,9.92%,13.05%,
104/07/28,-58,-302,-48,-408,8242,2028,586,10856,9.91%,13.05%,
104/07/27,-16,-96,22,-90,8300,2330,634,11264,9.98%,13.54%,
104/07/24,-2,-12,-2,-16,8316,2426,612,11354,9.99%,13.64%,
104/07/23,-10,1,0,-9,8318,2438,614,11370,10.00%,13.67%,
104/07/22,-15,0,-9,-24,8328,2437,614,11379,10.01%,13.68%,
104/07/21,-17,0,6,-11,8343,2437,623,11403,10.03%,13.71%,
104/07/20,5,-31,14,-12,8360,2437,617,11414,10.05%,13.72%,
104/07/17,2,-46,0,-44,8355,2468,603,11426,10.04%,13.73%,
104/07/16,10,-70,0,-60,8353,2514,603,11470,10.04%,13.79%,
104/07/15,9,-145,0,-136,8343,2584,603,11530,10.03%,13.86%,
104/07/14,-13,-123,-1,-137,8334,2729,603,11666,10.02%,14.03%,
104/07/13,-47,-105,1,-151,8347,2852,604,11803,10.03%,14.19%,
104/07/09,-19,0,3,-16,8394,2957,603,11954,10.09%,14.37%,
104/07/08,-57,0,-1,-58,8413,2957,600,11970,10.11%,14.39%,
104/07/07,-127,-21,-6,-154,8470,2957,601,12028,10.18%,14.46%,
104/07/06,-25,-22,0,-47,8597,2978,607,12182,10.33%,14.64%,
104/07/03,-33,-21,-13,-67,8622,3000,607,12229,10.36%,14.70%,
104/07/02,-7,-10,-5,-22,8655,3021,620,12296,10.40%,14.78%,
104/07/01,0,-25,5,-20,8662,3031,625,12318,10.41%,14.81%,
104/06/30,8,-25,-5,-22,8662,3056,620,12338,10.41%,14.83%,
104/06/29,-12,-25,-1,-38,8654,3417,625,12696,10.40%,15.26%,
104/06/26,-4,-75,0,-79,8666,3442,626,12734,10.42%,15.31%,
104/06/25,25,-65,-2,-42,8670,3517,626,12813,10.42%,15.40%,
104/06/24,-99,-10,71,-38,8645,3582,628,12855,10.39%,15.45%,
104/06/23,-127,-30,8,-149,8745,3592,557,12894,10.51%,15.50%,
104/06/22,-5,-39,3,-41,8872,3622,549,13043,10.66%,15.68%,
104/06/18,1,-10,4,-5,8878,3661,546,13085,10.67%,15.73%,
104/06/17,-25,-20,0,-45,8877,3671,542,13090,10.67%,15.74%,
104/06/16,-26,-20,1,-45,8902,3691,542,13135,10.70%,15.79%,
104/06/15,-10,-30,1,-39,8928,3711,541,13180,10.73%,15.84%,
104/06/12,0,0,-3,-3,8938,3741,540,13219,10.74%,15.89%,
104/06/11,-20,-8,4,-24,8938,3741,543,13222,10.74%,15.89%,
104/06/10,18,0,0,18,8958,3749,539,13246,10.77%,15.93%,
104/06/09,5,-35,-3,-33,8940,3749,539,13228,10.75%,15.91%,
104/06/08,0,-20,28,8,8935,3784,542,13261,10.74%,15.94%,
104/06/05,5,-30,4,-21,8935,3804,514,13253,10.74%,15.93%,
104/06/04,-30,-9,-65,-104,8924,3834,510,13268,10.73%,15.95%,
104/06/03,-5,-40,-1,-46,8954,3843,575,13372,10.76%,16.07%,
104/06/02,4,-64,1,-59,8959,3883,576,13418,10.77%,16.13%,
104/06/01,5,13,0,18,8954,3947,575,13476,10.76%,16.20%,
104/05/29,24,0,0,24,8949,3934,575,13458,10.76%,16.18%,
104/05/28,-12,0,0,-12,8925,3934,575,13434,10.73%,16.15%,
104/05/27,-9,-35,9,-35,8938,3934,575,13447,10.74%,16.16%,
104/05/26,6,62,0,68,8947,3969,566,13482,10.75%,16.20%,
104/05/25,-12,-15,-2,-29,8941,3907,566,13414,10.75%,16.13%,
104/05/22,-5,0,18,13,8953,3922,568,13443,10.76%,16.16%,
104/05/21,-6,0,6,0,8957,3922,550,13429,10.77%,16.15%,
104/05/20,-5,0,-1,-6,8963,3922,544,13429,10.77%,16.14%,
104/05/19,5,0,-1,4,8968,3922,545,13435,10.78%,16.15%,
104/05/18,1,-29,1,-27,8963,3922,546,13431,10.77%,16.14%,
104/05/15,-9,0,0,-9,8966,3951,545,13462,10.78%,16.19%,
104/05/14,-9,67,0,58,8975,3951,545,13471,10.79%,16.20%,
104/05/13,-9,49,-3,37,8984,3884,545,13413,10.80%,16.13%,
104/05/12,7,41,1,49,8993,3835,548,13376,10.81%,16.08%,
104/05/11,28,1,-50,-21,8986,3794,547,13327,10.80%,16.02%,
104/05/08,6,0,-49,-43,8958,3793,597,13348,10.77%,16.05%,
104/05/07,7,10,-20,-3,8952,3793,646,13391,10.76%,16.10%,
104/05/06,12,0,0,12,8945,3783,666,13394,10.75%,16.10%,
104/05/05,-6,0,0,-6,8933,3783,666,13382,10.74%,16.09%,
104/05/04,-2,0,0,-2,8939,3783,666,13388,10.74%,16.09%,
104/04/30,22,20,0,42,8945,3783,666,13394,10.75%,16.10%,
104/04/29,11,-17,4,-2,8923,3763,666,13352,10.72%,16.05%,
104/04/28,1,-1,-1,-1,8902,3780,662,13344,10.70%,16.04%,
104/04/27,4,0,-4,0,8901,3781,663,13345,10.70%,16.04%,
104/04/24,20,47,3,70,8897,3781,667,13345,10.69%,16.04%,
104/04/23,11,0,-6,5,8877,3734,665,13276,10.67%,15.96%,
104/04/22,22,0,-44,-22,8866,3734,671,13271,10.66%,15.96%,
104/04/21,23,10,11,44,8844,3734,715,13293,10.63%,15.98%,
104/04/20,4,15,1,20,8821,3724,704,13249,10.60%,15.92%,
104/04/17,39,15,-13,41,8817,3709,703,13229,10.60%,15.91%,
104/04/16,-2,0,21,19,8778,3694,716,13188,10.55%,15.85%,
104/04/15,-2,-4,56,50,8780,3694,695,13169,10.55%,15.83%,
104/04/14,14,0,6,20,8782,3698,639,13119,10.56%,15.78%,
104/04/13,-4,20,0,16,8768,3698,633,13099,10.54%,15.75%,
104/04/10,-7,10,6,9,8772,3678,633,13083,10.54%,15.72%,
104/04/09,-26,90,17,81,8779,3668,627,13074,10.55%,15.71%,
104/04/08,-9,135,-14,112,8805,3578,610,12993,10.58%,15.62%,
104/04/07,10,110,45,165,8814,3443,624,12881,10.59%,15.48%,
104/04/02,-8,35,5,32,8804,3333,579,12716,10.58%,15.28%,
104/04/01,-4,15,5,16,8812,3298,574,12684,10.59%,15.25%,
104/03/31,11,7,3,21,8816,3283,569,12668,10.60%,15.23%,
104/03/30,-8,0,-7,-15,8805,3421,566,12792,10.58%,15.37%,
104/03/27,17,0,0,17,8813,3421,573,12807,10.59%,15.39%,
104/03/26,11,-108,2,-95,8796,3421,573,12790,10.57%,15.37%,
104/03/25,0,24,6,30,8785,3529,571,12885,10.56%,15.49%,
104/03/24,-15,-73,3,-85,8785,3505,565,12855,10.56%,15.45%,
104/03/23,14,-60,16,-30,8800,3578,562,12940,10.58%,15.56%,
104/03/20,-27,15,5,-7,8786,3638,546,12970,10.56%,15.59%,
104/03/19,21,-30,8,-1,8813,3623,541,12977,10.59%,15.60%,
104/03/18,-9,-28,-13,-50,8792,3653,533,12978,10.57%,15.60%,
104/03/17,-9,-30,1,-38,8802,3681,546,13029,10.58%,15.66%,
104/03/16,-12,-18,-22,-52,8811,3711,545,13067,10.59%,15.71%,
104/03/13,-16,6,-3,-13,8823,3729,567,13119,10.60%,15.77%,
104/03/12,-9,0,-5,-14,8839,3723,570,13132,10.62%,15.78%,
104/03/11,-26,60,10,44,8848,3723,575,13146,10.63%,15.80%,
104/03/10,-37,20,-22,-39,8874,3663,565,13102,10.67%,15.75%,
104/03/09,25,45,-18,52,8911,3643,587,13141,10.71%,15.80%,
104/03/06,97,-42,-24,31,8886,3598,605,13089,10.68%,15.73%,
104/03/05,19,0,-1,18,8789,3640,629,13058,10.56%,15.69%,
104/03/04,4,-25,13,-8,8769,3640,630,13039,10.54%,15.67%,
104/03/03,-5,-694,107,-592,8765,3665,617,13047,10.53%,15.68%,
104/03/02,-16,-26,-33,-75,8770,4359,510,13639,10.54%,16.39%,
104/02/26,-19,-66,42,-43,8786,4385,543,13714,10.56%,16.49%,
104/02/25,10,-25,6,-9,8805,4451,501,13757,10.58%,16.53%,
104/02/24,-8,-22,24,-6,8795,4476,495,13766,10.57%,16.55%,
104/02/13,-5,-13,-1,-19,8803,4498,471,13772,10.58%,16.56%,
104/02/12,-31,0,6,-25,8808,4511,472,13791,10.59%,16.58%,
104/02/11,-137,0,114,-23,8839,4511,466,13816,10.62%,16.60%,
104/02/10,-1,-89,44,-46,8976,4511,352,13839,10.79%,16.64%,
104/02/09,-9,-52,7,-54,8977,4600,308,13885,10.79%,16.69%,
104/02/06,-67,-60,15,-112,8986,4652,301,13939,10.80%,16.76%,
104/02/05,-48,0,21,-27,9053,4712,286,14051,10.88%,16.89%,
104/02/04,-33,0,8,-25,9101,4712,265,14078,10.94%,16.92%,
104/02/03,-10,0,7,-3,9134,4712,257,14103,10.98%,16.96%,
104/02/02,-2,-10,5,-7,9144,4712,250,14106,10.99%,16.96%,
104/01/30,-31,-2,0,-33,9146,4722,245,14113,10.99%,16.96%,
104/01/29,-1,-25,32,6,9177,4724,245,14146,11.03%,17.01%,
104/01/28,-98,10,6,-82,9178,4749,213,14140,11.03%,17.00%,
104/01/27,-11,18,-1,6,9276,4739,207,14222,11.15%,17.10%,
104/01/26,-73,23,0,-50,9287,4721,208,14216,11.16%,17.09%,
104/01/23,-45,-75,13,-107,9360,4698,208,14266,11.25%,17.15%,
104/01/22,-2,-22,0,-24,9405,4773,195,14373,11.30%,17.27%,
104/01/21,1,-24,0,-23,9407,4795,195,14397,11.31%,17.31%,
104/01/20,7,-10,0,-3,9406,4819,195,14420,11.31%,17.34%,
104/01/19,-3,0,0,-3,9399,4829,195,14423,11.30%,17.34%,
104/01/16,-10,0,0,-10,9402,4829,195,14426,11.30%,17.34%,
104/01/15,-5,0,5,0,9412,4829,195,14436,11.31%,17.35%,
104/01/14,-8,-29,-3,-40,9417,4829,190,14436,11.32%,17.36%,
104/01/13,-14,-22,-1,-37,9425,4858,193,14476,11.33%,17.40%,
104/01/12,12,-58,0,-46,9439,4880,194,14513,11.35%,17.45%,
104/01/09,13,-96,2,-81,9427,4938,194,14559,11.33%,17.50%,
104/01/08,12,-27,0,-15,9414,5034,192,14640,11.32%,17.60%,
104/01/07,-37,-64,0,-101,9402,5061,192,14655,11.30%,17.62%,
104/01/06,24,-58,-2,-36,9439,5125,192,14756,11.35%,17.74%,
104/01/05,-85,-10,21,-74,9415,5183,194,14792,11.32%,17.79%,
