日期,外資買賣超,投信買賣超,自營商買賣超,單日合計買賣超,外資估計持股,投信估計持股,自營商估計持股,單日合計估計持股,外資持股比重,三大法人持股比重,
107/03/31,278,-976,-1071,-1769,390949,15501,2286,408736,50.39%,52.68%,
107/03/30,-78,-104,-162,-344,390701,16477,3357,410535,50.36%,52.92%,
107/03/29,245,-45,-112,88,390779,16581,3519,410879,50.37%,52.96%,
107/03/28,50,-548,-324,-822,390546,16626,3631,410803,50.34%,52.95%,
107/03/27,-495,-98,-104,-697,390496,17174,3955,411625,50.34%,53.06%,
107/03/26,712,-140,254,826,391002,17272,4059,412333,50.40%,53.15%,
107/03/23,278,-593,-182,-497,390252,17412,3805,411469,50.30%,53.04%,
107/03/22,137,17,-106,48,389974,18005,3987,411966,50.27%,53.11%,
107/03/21,-195,-434,-453,-1082,389837,17988,4093,411918,50.25%,53.10%,
107/03/20,4,0,-105,-101,390032,18422,4546,413000,50.28%,53.24%,
107/03/19,689,85,3,777,390028,18422,4651,413101,50.28%,53.25%,
107/03/16,81,379,-23,437,389339,18337,4648,412324,50.19%,53.15%,
107/03/15,133,-98,-43,-8,389258,17958,4671,411887,50.18%,53.10%,
107/03/14,-601,-89,-237,-927,389110,18056,4714,411880,50.16%,53.10%,
107/03/13,-819,150,-170,-839,389711,18145,4951,412807,50.24%,53.22%,
107/03/12,573,563,515,1651,390530,17995,5121,413646,50.34%,53.32%,
107/03/09,51,438,341,830,389957,17432,4606,411995,50.27%,53.11%,
107/03/08,-660,233,-134,-561,389906,16994,4265,411165,50.26%,53.00%,
107/03/07,-1545,128,395,-1022,390566,16761,4399,411726,50.35%,53.08%,
107/03/06,302,36,727,1065,392106,16633,4004,412743,50.54%,53.20%,
107/03/05,-327,12,-71,-386,391804,16597,3277,411678,50.50%,53.06%,
107/03/02,-166,-23,-188,-377,392097,16585,3348,412030,50.54%,53.11%,
107/03/01,62,-59,18,21,392269,16608,3536,412413,50.56%,53.16%,
107/02/27,-216,0,-141,-357,392172,16667,3518,412357,50.55%,53.15%,
107/02/26,-361,114,-112,-359,392359,16667,3659,412685,50.58%,53.20%,
107/02/23,-334,333,-143,-144,392720,16553,3771,413044,50.62%,53.24%,
107/02/22,-323,25,100,-198,393054,16220,3914,413188,50.67%,53.27%,
107/02/21,1309,439,-33,1715,393377,16195,3814,413386,50.71%,53.29%,
107/02/12,-802,120,88,-594,392067,15756,3847,411670,50.54%,53.07%,
107/02/09,144,409,-394,159,392869,15636,3759,412264,50.64%,53.14%,
107/02/08,-654,4,138,-512,392725,15227,4153,412105,50.62%,53.12%,
107/02/07,670,170,167,1007,393380,15223,4015,412618,50.71%,53.19%,
107/02/06,-949,-206,-541,-1696,392709,15053,3848,411610,50.62%,53.06%,
107/02/05,131,-29,-683,-581,393638,15259,4389,413286,50.74%,53.27%,
107/02/02,-51,38,-31,-44,393561,15288,5072,413921,50.73%,53.35%,
107/02/01,-340,-260,-56,-656,393612,15250,5103,413965,50.74%,53.36%,
107/01/31,471,44,-270,245,393916,15510,5159,414585,50.78%,53.44%,
107/01/30,54,309,249,612,393445,15466,5429,414340,50.72%,53.41%,
107/01/29,64,532,204,800,393374,15157,5180,413711,50.71%,53.33%,
107/01/26,341,398,-309,430,393281,14625,4976,412882,50.70%,53.23%,
107/01/25,10,-96,-267,-353,392940,14227,5285,412452,50.65%,53.17%,
107/01/24,-130,168,300,338,392930,14323,5552,412805,50.65%,53.21%,
107/01/23,-1204,865,-290,-629,393060,14155,5252,412467,50.67%,53.17%,
107/01/22,528,252,77,857,394264,13290,5542,413096,50.82%,53.25%,
107/01/19,381,515,572,1468,393736,13038,5465,412239,50.75%,53.14%,
107/01/18,376,214,620,1210,393324,12523,4893,410740,50.70%,52.95%,
107/01/17,234,86,357,677,392988,12309,4273,409570,50.66%,52.80%,
107/01/16,-250,278,-75,-47,392754,12223,3916,408893,50.63%,52.71%,
107/01/15,192,253,494,939,392954,11945,3991,408890,50.65%,52.70%,
107/01/12,37,363,-203,197,392762,11692,3497,407951,50.63%,52.59%,
107/01/11,8,410,-300,118,392809,11329,3700,407838,50.63%,52.57%,
107/01/10,194,1788,704,2686,392791,10919,4000,407710,50.63%,52.55%,
107/01/09,-394,536,-291,-149,392597,9131,3296,405024,50.61%,52.21%,
107/01/08,-249,889,663,1303,393038,8595,3587,405220,50.66%,52.23%,
107/01/05,226,1153,425,1804,393264,7706,2924,403894,50.69%,52.06%,
107/01/04,-375,539,173,337,393104,6553,2499,402156,50.67%,51.84%,
107/01/03,1127,77,817,2021,393479,6014,2326,401819,50.72%,51.80%,
107/01/02,308,-742,-53,-487,392353,5937,1509,399799,50.58%,51.54%,
106/12/29,209,94,155,458,392045,6679,1562,400286,50.54%,51.60%,
106/12/28,954,845,206,2005,391836,6462,1407,399705,50.51%,51.52%,
106/12/27,-305,-461,-130,-896,390882,5617,1201,397700,50.39%,51.27%,
106/12/26,557,-947,-122,-512,391187,6078,1331,398596,50.43%,51.39%,
106/12/25,81,-90,-256,-265,390630,7026,1453,399109,50.35%,51.44%,
106/12/22,163,-11,-348,-196,390549,7116,1709,399374,50.34%,51.48%,
106/12/21,-152,0,260,108,390386,7127,2057,399570,50.32%,51.50%,
106/12/20,62,-346,134,-150,390501,7127,1797,399425,50.34%,51.49%,
106/12/19,204,-245,-122,-163,390429,7473,1663,399565,50.33%,51.51%,
106/12/18,-11,0,36,25,390225,7718,1785,399728,50.30%,51.53%,
106/12/15,92,-119,-57,-84,390206,7718,1749,399673,50.30%,51.52%,
106/12/14,-80,-129,-293,-502,390135,7837,1806,399778,50.29%,51.53%,
106/12/13,98,-69,47,76,390215,7966,2099,400280,50.30%,51.60%,
106/12/12,-62,-185,-73,-320,390117,8035,2052,400204,50.29%,51.59%,
106/12/11,103,-250,71,-76,390179,8220,2125,400524,50.30%,51.63%,
106/12/08,-58,-281,-181,-520,390076,8470,2054,400600,50.28%,51.64%,
106/12/07,-126,-122,62,-186,390109,8751,2235,401095,50.29%,51.71%,
106/12/06,162,0,-198,-36,390235,8873,2173,401281,50.30%,51.72%,
106/12/05,48,-663,-760,-1375,390073,8873,2371,401317,50.28%,51.73%,
106/12/04,847,-126,835,1556,390015,9536,3131,402682,50.27%,51.90%,
106/12/01,886,-426,-133,327,389175,9662,2296,401133,50.17%,51.71%,
106/11/30,28,-387,-419,-778,388292,10088,2429,400809,50.05%,51.66%,
106/11/29,86,26,-106,6,388264,10475,2848,401587,50.05%,51.77%,
106/11/28,454,-344,-173,-63,388178,10449,2954,401581,50.04%,51.77%,
106/11/27,323,-949,-38,-664,387724,10793,3127,401644,49.98%,51.77%,
106/11/24,44,-472,-259,-687,387385,11742,3165,402292,49.94%,51.86%,
106/11/23,14,-205,185,-6,387342,12214,3424,402980,49.93%,51.95%,
106/11/22,581,54,-747,-112,387328,12419,3239,402986,49.93%,51.95%,
106/11/21,992,452,498,1942,386747,12365,3986,403098,49.85%,51.96%,
106/11/20,137,194,291,622,385740,11913,3488,401141,49.72%,51.71%,
106/11/17,250,613,-150,713,385650,11719,3197,400566,49.71%,51.63%,
106/11/16,75,696,100,871,385420,11106,3347,399873,49.68%,51.54%,
106/11/15,733,212,87,1032,385317,10410,3247,398974,49.67%,51.43%,
106/11/14,-442,824,-194,188,384596,10198,3160,397954,49.58%,51.30%,
106/11/13,236,1146,367,1749,385208,9374,3354,397936,49.65%,51.29%,
106/11/10,369,0,579,948,384920,8228,2987,396135,49.62%,51.07%,
106/11/09,625,-1,-51,573,384551,8228,2408,395187,49.57%,50.94%,
106/11/08,-23,0,-110,-133,383571,8229,2459,394259,49.44%,50.82%,
106/11/07,-1,0,479,478,383594,8229,2569,394392,49.45%,50.84%,
106/11/06,211,-107,-87,17,383595,8229,2090,393914,49.45%,50.78%,
106/11/03,309,0,-211,98,383384,8336,2177,393897,49.42%,50.78%,
106/11/02,240,0,-30,210,382907,8336,2388,393631,49.36%,50.74%,
106/11/01,9,57,-276,-210,382667,8336,2418,393421,49.33%,50.72%,
106/10/31,21,162,284,467,382608,8279,2694,393581,49.32%,50.73%,
106/10/30,94,60,-312,-158,382587,8117,2410,393114,49.32%,50.68%,
106/10/27,-20,83,-220,-157,382493,8057,2722,393272,49.30%,50.69%,
106/10/26,76,19,90,185,382513,7974,2942,393429,49.31%,50.72%,
106/10/25,-9,0,320,311,382437,7955,2852,393244,49.30%,50.69%,
106/10/24,82,0,-17,65,382446,7955,2532,392933,49.30%,50.65%,
106/10/23,-287,80,-101,-308,382364,7955,2549,392868,49.29%,50.64%,
106/10/20,-141,25,-67,-183,382651,7875,2650,393176,49.32%,50.68%,
106/10/19,113,-17,376,472,382792,7850,2717,393359,49.34%,50.70%,
106/10/18,40,-300,2,-258,382679,7867,2341,392887,49.33%,50.65%,
106/10/17,-216,-71,-284,-571,382639,8167,2339,393145,49.32%,50.67%,
106/10/16,-147,162,299,314,382855,8238,2623,393716,49.35%,50.75%,
106/10/13,-287,-108,-453,-848,383002,8076,2324,393402,49.37%,50.71%,
106/10/12,-235,18,641,424,383281,8184,2777,394242,49.41%,50.82%,
106/10/11,-409,0,87,-322,383516,8166,2136,393818,49.44%,50.77%,
106/10/06,-217,0,30,-187,383925,8166,2049,394140,49.49%,50.81%,
106/10/05,108,65,-162,11,384142,8166,2019,394327,49.52%,50.83%,
106/10/03,-34,31,282,279,384024,8101,2181,394306,49.50%,50.83%,
106/10/02,-3,10,41,48,384058,8070,1899,394027,49.51%,50.80%,
106/09/30,-2,72,72,142,384061,8060,1858,393979,49.51%,50.79%,
106/09/29,162,0,-30,132,384063,8114,1786,393963,49.51%,50.79%,
106/09/28,-96,0,-138,-234,383901,8114,1816,393831,49.49%,50.77%,
106/09/27,1074,92,154,1320,383997,8114,1954,394065,49.50%,50.80%,
106/09/26,536,6,-695,-153,382923,8022,1800,392745,49.36%,50.63%,
106/09/25,1895,0,-378,1517,382372,8016,2495,392883,49.29%,50.65%,
106/09/22,-496,173,376,53,380475,8016,2873,391364,49.04%,50.44%,
106/09/21,147,269,-47,369,380971,7843,2497,391311,49.11%,50.44%,
106/09/20,-53,978,-181,744,380824,7574,2544,390942,49.09%,50.39%,
106/09/19,-279,267,180,168,380867,6596,2725,390188,49.09%,50.29%,
106/09/18,859,144,354,1357,381188,6329,2545,390062,49.14%,50.28%,
106/09/15,273,68,-247,94,380344,6185,2191,388720,49.03%,50.11%,
106/09/14,-56,56,401,401,380071,6117,2438,388626,48.99%,50.09%,
106/09/13,136,90,-226,0,380125,6061,2037,388223,49.00%,50.04%,
106/09/12,-209,140,-264,-333,379989,5971,2263,388223,48.98%,50.04%,
106/09/11,-51,120,752,821,380198,5831,2527,388556,49.01%,50.09%,
106/09/08,73,49,232,354,380249,5711,1775,387735,49.02%,49.99%,
106/09/07,-18,181,-18,145,380175,5662,1543,387380,49.01%,49.94%,
106/09/06,5,289,-383,-89,380192,5481,1561,387234,49.01%,49.92%,
106/09/05,25,0,643,668,380181,5192,1944,387317,49.01%,49.93%,
106/09/04,-19,0,-32,-51,380154,5192,1301,386647,49.00%,49.84%,
106/09/01,135,0,86,221,380173,5192,1333,386698,49.01%,49.85%,
106/08/31,22,0,-153,-131,380036,5192,1247,386475,48.99%,49.82%,
106/08/30,2,0,68,70,380004,5192,1400,386596,48.98%,49.83%,
106/08/29,-20,-21,-321,-362,380001,5192,1332,386525,48.98%,49.82%,
106/08/28,48,30,384,462,380020,5213,1653,386886,48.99%,49.88%,
106/08/25,10,50,-101,-41,379969,5183,1269,386421,48.98%,49.81%,
106/08/24,-5,198,152,345,379959,5133,1370,386462,48.98%,49.82%,
106/08/23,-5,364,-197,162,379964,4935,1218,386117,48.98%,49.77%,
106/08/22,0,100,130,230,379969,4571,1415,385955,48.98%,49.75%,
106/08/21,-33,-386,-136,-555,379969,4471,1285,385725,48.98%,49.72%,
106/08/18,-47,622,199,774,380002,4857,1421,386280,48.98%,49.79%,
106/08/17,-41,-155,-114,-310,380044,4235,1222,385501,48.99%,49.69%,
106/08/16,-48,-101,150,1,380077,4390,1336,385803,48.99%,49.73%,
106/08/15,34,0,-85,-51,380125,4491,1186,385802,49.00%,49.73%,
106/08/14,-72,-250,-318,-640,380091,4491,1271,385853,49.00%,49.74%,
106/08/11,85,0,-63,22,380163,4741,1589,386493,49.00%,49.82%,
106/08/10,88,0,-251,-163,380078,4741,1652,386471,48.99%,49.81%,
106/08/09,16,0,164,180,379990,4741,1903,386634,48.98%,49.84%,
106/08/08,20,-34,-538,-552,379974,4741,1739,386454,48.98%,49.82%,
106/08/07,-24,0,602,578,379954,4775,2277,387006,48.98%,49.89%,
106/08/04,0,2,-212,-210,379978,4775,1675,386428,48.98%,49.81%,
106/08/03,-2,0,392,390,379978,4773,1887,386638,48.98%,49.84%,
106/08/02,-51,-1,-85,-137,379980,4773,1495,386248,48.98%,49.79%,
106/08/01,-12,-1,190,177,380031,4774,1580,386385,48.99%,49.81%,
106/07/31,-71,-45,-38,-154,380043,4775,1390,386208,48.99%,49.78%,
106/07/28,40,0,-208,-168,380114,4820,1428,386362,49.00%,49.81%,
106/07/27,-187,0,-227,-414,380074,4820,1636,386530,48.99%,49.82%,
106/07/26,-43,0,118,75,380261,4820,1863,386944,49.02%,49.88%,
106/07/25,52,0,267,319,380304,4820,1745,386869,49.02%,49.87%,
106/07/24,-2,0,-71,-73,380252,4820,1478,386550,49.02%,49.83%,
106/07/21,-11,0,33,22,380254,4820,1549,386623,49.02%,49.84%,
106/07/20,61,5,-92,-26,380244,4820,1516,386580,49.01%,49.83%,
106/07/19,-55,100,-623,-578,380183,4815,1608,386606,49.01%,49.84%,
106/07/18,-92,48,937,893,380238,4715,2231,387184,49.01%,49.91%,
106/07/17,100,-25,74,149,380330,4667,1294,386291,49.03%,49.80%,
106/07/14,-153,116,-74,-111,380230,4692,1220,386142,49.01%,49.77%,
106/07/13,185,185,394,764,380383,4576,1294,386253,49.03%,49.79%,
106/07/12,102,134,154,390,380162,4391,900,385453,49.00%,49.68%,
106/07/11,-4,135,-93,38,380060,4257,746,385063,48.99%,49.63%,
106/07/10,-75,100,-48,-23,380094,4122,839,385055,49.00%,49.64%,
106/07/07,-16,280,-256,8,380169,4022,887,385078,49.01%,49.64%,
106/07/06,-87,260,383,556,380185,3742,1143,385070,49.01%,49.64%,
106/07/05,-390,338,-232,-284,380272,3482,760,384514,49.02%,49.57%,
106/07/04,-328,244,451,367,380602,3144,992,384738,49.06%,49.59%,
106/07/03,-114,0,-71,-185,380930,2900,541,384371,49.10%,49.54%,
106/06/30,16,3,103,122,381044,2900,612,384556,49.12%,49.57%,
106/06/29,-115,-53,-70,-238,381028,2745,509,384282,49.12%,49.54%,
106/06/28,241,-166,39,114,381143,2798,579,384520,49.13%,49.57%,
106/06/27,33,0,12,45,380902,2964,540,384406,49.10%,49.55%,
106/06/26,52,-90,51,13,380849,2964,528,384341,49.09%,49.54%,
106/06/23,5,-66,-49,-110,380747,3054,477,384278,49.08%,49.54%,
106/06/22,-115,-63,9,-169,380742,3120,526,384388,49.08%,49.55%,
106/06/21,32,0,70,102,380857,3183,517,384557,49.09%,49.57%,
106/06/20,92,-54,2,40,380818,3183,447,384448,49.09%,49.56%,
106/06/19,-29,-92,80,-41,380726,3237,445,384408,49.08%,49.55%,
106/06/16,-239,23,-118,-334,380755,3329,365,384449,49.08%,49.56%,
106/06/15,28,98,221,347,380994,3306,483,384783,49.11%,49.60%,
106/06/14,434,-9,-3,422,380966,3208,262,384436,49.11%,49.56%,
106/06/13,96,-296,-10,-210,380532,3217,265,384014,49.05%,49.50%,
106/06/12,209,-272,21,-42,380436,3513,275,384224,49.04%,49.53%,
106/06/09,-13,-395,71,-337,380227,3785,254,384266,49.01%,49.53%,
106/06/08,15,-7,-3,5,380240,4180,183,384603,49.01%,49.57%,
106/06/07,28,-1,-8,19,380185,4187,186,384558,49.01%,49.57%,
106/06/06,44,-282,0,-238,380174,4188,194,384556,49.01%,49.57%,
106/06/05,9,-34,0,-25,380130,4470,194,384794,49.00%,49.60%,
106/06/03,0,-53,0,-53,380121,4504,194,384819,49.00%,49.61%,
106/06/02,7,-36,-3,-32,380121,4557,194,384872,49.00%,49.61%,
106/06/01,3,-100,0,-97,380114,4593,197,384904,49.00%,49.62%,
106/05/31,52,-111,0,-59,380111,4693,197,385001,49.00%,49.63%,
106/05/26,90,-25,0,65,380059,4804,197,385060,48.99%,49.63%,
106/05/25,47,-1,4,50,379969,4829,197,384995,48.98%,49.63%,
106/05/24,-26,0,0,-26,379922,4830,193,384945,48.97%,49.62%,
106/05/23,-43,0,-1,-44,379948,4830,193,384971,48.98%,49.63%,
106/05/22,16,0,2,18,379988,4830,194,385012,48.98%,49.63%,
106/05/19,-42,-80,1,-121,379948,4830,192,384970,48.98%,49.63%,
106/05/18,-213,-62,-11,-286,379990,4910,191,385091,48.98%,49.64%,
106/05/17,116,-25,10,101,380203,4972,202,385377,49.01%,49.68%,
106/05/16,171,-208,-143,-180,380087,4997,192,385276,48.99%,49.66%,
106/05/15,60,30,-51,39,379916,5205,335,385456,48.97%,49.68%,
106/05/12,-20,0,-35,-55,379856,5175,386,385417,48.96%,49.68%,
106/05/11,-323,0,12,-311,379876,5175,421,385472,48.97%,49.69%,
106/05/10,164,0,41,205,380199,5175,409,385783,49.01%,49.73%,
106/05/09,-124,0,-6,-130,380035,5175,368,385578,48.99%,49.70%,
106/05/08,-62,-26,-15,-103,380159,5175,375,385709,49.00%,49.72%,
106/05/05,-312,100,-8,-220,380221,5201,390,385812,49.01%,49.73%,
106/05/04,-394,48,13,-333,380533,5101,398,386032,49.05%,49.76%,
106/05/03,-568,0,-4,-572,380927,5053,385,386365,49.10%,49.80%,
106/05/02,249,-16,49,282,381495,5053,389,386937,49.18%,49.88%,
106/04/28,287,-215,0,72,381246,5069,340,386655,49.14%,49.84%,
106/04/27,-473,52,1,-420,380959,5284,340,386583,49.11%,49.84%,
106/04/26,-47,1,-21,-67,381446,5232,339,387017,49.17%,49.89%,
106/04/25,22,16,-38,0,381493,5231,360,387084,49.18%,49.90%,
106/04/24,187,-426,-475,-714,381471,5215,398,387084,49.17%,49.89%,
106/04/21,164,18,92,274,381284,5641,873,387798,49.15%,49.99%,
106/04/20,363,-420,18,-39,381120,5623,781,387524,49.13%,49.96%,
106/04/19,-77,-247,-22,-346,380757,6043,763,387563,49.08%,49.96%,
106/04/18,-802,20,131,-651,380834,6290,785,387909,49.09%,50.00%,
106/04/17,436,-99,3,340,381636,6270,654,388560,49.19%,50.08%,
106/04/14,545,-74,-67,404,381200,6369,651,388220,49.14%,50.04%,
106/04/13,120,36,21,177,380655,6443,718,387816,49.07%,49.99%,
106/04/12,-28,54,63,89,380535,6407,697,387639,49.05%,49.97%,
106/04/11,-123,90,107,74,380563,6353,634,387550,49.06%,49.96%,
106/04/10,-167,0,75,-92,380686,6263,527,387476,49.07%,49.95%,
106/04/07,-312,0,-44,-356,380853,6263,452,387568,49.09%,49.96%,
106/04/06,-69,15,2,-52,381165,6263,496,387924,49.13%,50.00%,
106/04/05,110,0,-40,70,381234,6248,494,387976,49.14%,50.01%,
106/03/31,-278,20,-121,-379,381124,6248,534,387906,49.13%,50.00%,
106/03/30,5,71,-81,-5,381407,6700,655,388762,49.16%,50.11%,
106/03/29,-430,53,44,-333,381432,6629,736,388797,49.17%,50.12%,
106/03/28,261,61,-310,12,381862,6576,692,389130,49.22%,50.16%,
106/03/27,190,104,29,323,381603,6515,1002,389120,49.19%,50.16%,
106/03/24,-394,0,-112,-506,381403,6411,973,388787,49.16%,50.11%,
106/03/23,948,528,-230,1246,381797,6411,1085,389293,49.21%,50.18%,
106/03/22,-359,4,90,-265,380849,5883,1315,388047,49.09%,50.02%,
106/03/21,128,269,21,418,381208,5879,1225,388312,49.14%,50.06%,
106/03/20,144,443,-49,538,381080,5610,1204,387894,49.12%,50.00%,
106/03/17,286,1094,218,1598,380936,5167,1253,387356,49.10%,49.93%,
106/03/16,-134,650,180,696,380650,4073,1035,385758,49.07%,49.73%,
106/03/15,-163,494,8,339,380784,3423,855,385062,49.08%,49.63%,
106/03/14,-89,0,8,-81,380935,2929,847,384711,49.10%,49.59%,
106/03/13,-88,100,66,78,381016,2929,839,384784,49.11%,49.60%,
106/03/10,-56,145,-115,-26,381088,2829,773,384690,49.12%,49.58%,
106/03/09,-106,402,46,342,381144,2684,888,384716,49.13%,49.59%,
106/03/08,-865,834,46,15,381250,2282,842,384374,49.14%,49.54%,
106/03/07,-79,0,43,-36,382115,1448,796,384359,49.26%,49.55%,
106/03/06,-17,0,53,36,382194,1448,753,384395,49.27%,49.55%,
106/03/03,28,0,-2,26,382211,1448,700,384359,49.27%,49.55%,
106/03/02,18,0,-16,2,382183,1448,702,384333,49.26%,49.54%,
106/03/01,-127,0,2,-125,382158,1448,718,384324,49.26%,49.54%,
106/02/24,115,0,12,127,382285,1448,716,384449,49.28%,49.56%,
106/02/23,11,0,-18,-7,382170,1448,704,384322,49.26%,49.54%,
106/02/22,-280,0,-11,-291,382159,1448,722,384329,49.26%,49.54%,
106/02/21,39,0,-9,30,382439,1448,733,384620,49.30%,49.58%,
106/02/20,-129,0,-66,-195,382400,1448,742,384590,49.29%,49.57%,
106/02/18,248,1,-109,140,382529,1448,808,384785,49.31%,49.60%,
106/02/17,-30,166,143,279,382281,1447,917,384645,49.28%,49.58%,
106/02/16,259,680,132,1071,382311,1281,774,384366,49.28%,49.54%,
106/02/15,-110,0,-16,-126,382052,601,642,383295,49.25%,49.41%,
106/02/14,-463,65,-26,-424,382162,601,658,383421,49.26%,49.42%,
106/02/13,546,0,-10,536,382625,536,684,383845,49.32%,49.48%,
106/02/10,622,0,-86,536,382079,536,694,383309,49.25%,49.41%,
106/02/09,-43,0,0,-43,381457,536,780,382773,49.17%,49.34%,
106/02/08,-52,-270,0,-322,381500,536,780,382816,49.18%,49.35%,
106/02/07,3,-284,-20,-301,381552,806,780,383138,49.18%,49.38%,
106/02/06,-35,-225,-5,-265,381549,1090,800,383439,49.18%,49.42%,
106/02/03,-91,-39,0,-130,381584,1315,805,383704,49.19%,49.46%,
106/02/02,25,0,40,65,381675,1354,805,383834,49.20%,49.48%,
106/01/24,-74,0,17,-57,381650,1354,765,383769,49.20%,49.47%,
106/01/23,102,-0,39,141,381724,1354,748,383826,49.21%,49.48%,
106/01/20,-171,0,7,-164,381622,1355,709,383686,49.19%,49.46%,
106/01/19,114,289,0,403,381793,1355,702,383850,49.21%,49.48%,
106/01/18,248,0,51,299,381679,1066,702,383447,49.20%,49.43%,
106/01/17,26,0,-1,25,381429,1066,651,383146,49.17%,49.39%,
106/01/16,-32,0,16,-16,381403,1066,652,383121,49.16%,49.38%,
106/01/13,95,0,20,115,381435,1066,636,383137,49.17%,49.39%,
106/01/12,16,0,0,16,381340,1066,616,383022,49.16%,49.38%,
106/01/11,-20,0,1,-19,381324,1066,616,383006,49.15%,49.37%,
106/01/10,249,0,25,274,381344,1066,615,383025,49.16%,49.38%,
106/01/09,78,0,-103,-25,381095,1066,590,382751,49.12%,49.33%,
106/01/06,21,-18,-20,-17,381017,1066,693,382776,49.11%,49.34%,
106/01/05,151,-13,-89,49,380996,1084,713,382793,49.11%,49.34%,
106/01/04,-69,20,92,43,380845,1097,802,382744,49.09%,49.33%,
106/01/03,-20,0,20,0,380914,1077,710,382701,49.10%,49.33%,
105/12/30,3,0,-3,0,380934,1077,690,382701,49.10%,49.33%,
105/12/29,-26,182,-10,146,380931,1077,693,382701,49.10%,49.33%,
105/12/28,284,0,-100,184,380957,895,703,382555,49.11%,49.32%,
105/12/27,503,0,55,558,380673,895,803,382371,49.07%,49.29%,
105/12/26,126,0,-52,74,380170,895,748,381813,49.01%,49.22%,
105/12/23,-26,92,-11,55,380044,895,800,381739,48.99%,49.21%,
105/12/22,-82,148,42,108,380070,803,811,381684,48.99%,49.20%,
105/12/21,-227,0,-74,-301,380152,655,769,381576,49.00%,49.18%,
105/12/20,192,0,130,322,380379,655,843,381877,49.03%,49.22%,
105/12/19,139,0,-1,138,380190,655,713,381558,49.01%,49.19%,
105/12/16,-158,166,-30,-22,380051,655,714,381420,48.99%,49.17%,
105/12/15,3,20,-62,-39,380209,489,744,381442,49.01%,49.17%,
105/12/14,358,0,-52,306,380206,469,806,381481,49.01%,49.17%,
105/12/13,-203,0,60,-143,379848,469,858,381175,48.96%,49.13%,
105/12/12,-25,0,-50,-75,380051,469,798,381318,48.99%,49.15%,
105/12/09,-41,0,52,11,380076,469,848,381393,48.99%,49.16%,
105/12/08,73,0,-14,59,380117,469,796,381382,49.00%,49.16%,
105/12/07,150,0,20,170,380044,469,810,381323,48.99%,49.15%,
105/12/06,-39,0,53,14,379894,469,790,381153,48.97%,49.13%,
105/12/05,-88,0,0,-88,379933,469,737,381139,48.97%,49.13%,
105/12/02,41,0,47,88,380021,469,737,381227,48.99%,49.15%,
105/12/01,-43,0,30,-13,379980,469,690,381139,48.98%,49.13%,
105/11/30,230,0,24,254,380023,469,660,381152,48.99%,49.14%,
105/11/29,11,0,92,103,379793,469,636,380898,48.96%,49.10%,
105/11/28,-225,0,75,-150,379786,469,544,380799,48.96%,49.09%,
105/11/25,-323,30,125,-168,380011,469,469,380949,48.98%,49.10%,
105/11/24,-374,373,171,170,380334,439,344,381117,49.03%,49.13%,
105/11/23,-161,0,169,8,380708,66,173,380947,49.07%,49.10%,
105/11/22,483,0,0,483,380869,66,4,380939,49.10%,49.11%,
105/11/21,-260,0,2,-258,380386,66,4,380456,49.03%,49.04%,
105/11/18,25,0,0,25,380646,66,2,380714,49.07%,49.08%,
105/11/17,34,0,0,34,380621,66,2,380689,49.06%,49.07%,
105/11/16,40,0,0,40,380587,66,2,380655,49.06%,49.07%,
105/11/15,-21,0,0,-21,380547,66,2,380615,49.05%,49.06%,
105/11/14,-73,0,-5,-78,380568,66,2,380636,49.06%,49.07%,
105/11/11,133,0,2,135,380641,66,7,380714,49.07%,49.08%,
105/11/10,297,0,0,297,380508,66,5,380579,49.05%,49.06%,
105/11/09,41,0,0,41,380211,66,5,380282,49.01%,49.02%,
105/11/08,-9,0,2,-7,380170,66,5,380241,49.01%,49.02%,
105/11/07,321,0,2,323,380179,66,3,380248,49.01%,49.02%,
105/11/04,54,0,0,54,379858,66,1,379925,48.96%,48.97%,
105/11/03,75,0,-1,74,379804,66,1,379871,48.96%,48.97%,
105/11/02,-69,1,1,-67,379729,66,2,379797,48.95%,48.96%,
105/11/01,-29,0,0,-29,379798,65,1,379864,48.96%,48.97%,
105/10/31,100,0,0,100,379827,65,1,379893,48.96%,48.97%,
105/10/28,54,0,0,54,379727,65,1,379793,48.95%,48.96%,
105/10/27,-4,0,-1,-5,379673,65,1,379739,48.94%,48.95%,
105/10/26,1,0,2,3,379677,65,2,379744,48.94%,48.95%,
105/10/25,-4,0,-1,-5,379676,65,0,379741,48.94%,48.95%,
105/10/24,-5,0,0,-5,379680,65,0,379745,48.94%,48.95%,
105/10/21,-7,20,-1,12,379685,65,0,379750,48.94%,48.95%,
105/10/20,-38,19,0,-19,379692,45,0,379737,48.94%,48.95%,
105/10/19,-9,0,0,-9,379705,26,0,379731,48.95%,48.95%,
105/10/18,16,0,0,16,379714,26,0,379740,48.95%,48.95%,
105/10/17,7,0,0,7,379698,26,0,379724,48.94%,48.94%,
105/10/14,3,0,0,3,379691,26,0,379717,48.94%,48.94%,
105/10/13,4,0,0,4,379688,26,0,379714,48.94%,48.94%,
105/10/12,14,0,0,14,379684,26,0,379710,48.94%,48.94%,
105/10/11,17,0,0,17,379670,26,0,379696,48.94%,48.94%,
105/10/07,16,0,0,16,379653,26,0,379679,48.94%,48.94%,
105/10/06,-10,0,0,-10,379637,26,0,379663,48.94%,48.94%,
105/10/05,-34,0,0,-34,379647,26,0,379673,48.94%,48.94%,
105/10/04,-23,0,0,-23,379681,26,0,379707,48.94%,48.94%,
105/10/03,-38,0,0,-38,379704,26,0,379730,48.95%,48.95%,
105/09/30,-94,-1,-32,-127,379742,26,0,379768,48.95%,48.95%,
105/09/29,76,0,0,76,379832,32,32,379896,48.96%,48.97%,
105/09/26,43,0,0,43,379756,32,32,379820,48.95%,48.96%,
105/09/23,43,0,0,43,379713,32,32,379777,48.95%,48.96%,
105/09/22,52,0,0,52,379670,32,32,379734,48.94%,48.95%,
105/09/21,234,0,0,234,379618,32,32,379682,48.93%,48.94%,
105/09/20,52,0,0,52,379384,32,32,379448,48.90%,48.91%,
105/09/19,22,0,0,22,379332,32,32,379396,48.90%,48.91%,
105/09/14,12,0,-24,-12,379310,32,32,379374,48.89%,48.90%,
105/09/13,-49,0,0,-49,379298,32,56,379386,48.89%,48.90%,
105/09/12,17,0,-36,-19,379347,32,56,379435,48.90%,48.91%,
105/09/10,0,0,-59,-59,379330,32,92,379454,48.90%,48.92%,
105/09/09,-35,0,0,-35,379330,32,151,379513,48.90%,48.92%,
105/09/08,-8,-1,0,-9,379365,32,151,379548,48.90%,48.92%,
105/09/07,26,0,-4,22,379373,33,151,379557,48.90%,48.92%,
105/09/06,-16,0,28,12,379347,33,155,379535,48.90%,48.92%,
105/09/05,-55,0,0,-55,379363,33,127,379523,48.90%,48.92%,
105/09/02,53,0,-15,38,379418,33,127,379578,48.91%,48.93%,
105/09/01,-17,0,0,-17,379365,33,142,379540,48.90%,48.92%,
105/08/31,-90,0,-11,-101,379382,33,142,379557,48.90%,48.92%,
105/08/30,-21,0,0,-21,379472,33,153,379658,48.92%,48.94%,
105/08/29,-154,-1,4,-151,379493,33,153,379679,48.92%,48.94%,
105/08/26,14,0,21,35,379647,34,149,379830,48.94%,48.96%,
105/08/25,-67,4,84,21,379633,34,128,379795,48.94%,48.96%,
105/08/24,5,0,0,5,379700,30,44,379774,48.94%,48.95%,
105/08/23,11,0,0,11,379695,30,44,379769,48.94%,48.95%,
105/08/22,-51,0,1,-50,379684,30,44,379758,48.94%,48.95%,
105/08/19,28,0,11,39,379735,30,43,379808,48.95%,48.96%,
105/08/18,-22,0,0,-22,379707,30,32,379769,48.95%,48.96%,
105/08/17,26,0,32,58,379729,30,32,379791,48.95%,48.96%,
105/08/16,79,0,0,79,379703,30,0,379733,48.94%,48.94%,
105/08/15,1,0,-1,0,379624,30,0,379654,48.93%,48.93%,
105/08/12,41,0,0,41,379623,30,0,379653,48.93%,48.93%,
105/08/11,-22,0,0,-22,379582,30,0,379612,48.93%,48.93%,
105/08/10,-9,-1,0,-10,379604,30,0,379634,48.93%,48.93%,
105/08/09,-3,0,0,-3,379613,31,0,379644,48.93%,48.93%,
105/08/08,-29,0,0,-29,379616,31,0,379647,48.93%,48.93%,
105/08/05,-3,0,0,-3,379645,31,0,379676,48.94%,48.94%,
105/08/04,-13,0,-2,-15,379648,31,0,379679,48.94%,48.94%,
105/08/03,-15,0,-2,-17,379661,31,0,379692,48.94%,48.94%,
105/08/02,12,0,-3,9,379676,31,1,379708,48.94%,48.94%,
105/08/01,11,0,0,11,379664,31,4,379699,48.94%,48.94%,
105/07/29,-13,-0,0,-13,379653,31,4,379688,48.94%,48.94%,
105/07/28,56,0,1,57,379666,31,4,379701,48.94%,48.94%,
105/07/27,17,0,-1,16,379610,31,3,379644,48.93%,48.93%,
105/07/26,8,0,0,8,379593,31,4,379628,48.93%,48.93%,
105/07/25,6,0,-1,5,379585,31,4,379620,48.93%,48.93%,
105/07/22,-1,0,0,-1,379579,31,5,379615,48.93%,48.93%,
105/07/21,14,-1,4,17,379580,31,5,379616,48.93%,48.93%,
105/07/20,14,0,0,14,379566,32,1,379599,48.93%,48.93%,
105/07/19,-19,0,0,-19,379552,32,1,379585,48.93%,48.93%,
105/07/18,-16,0,0,-16,379571,32,1,379604,48.93%,48.93%,
105/07/15,33,0,0,33,379587,32,1,379620,48.93%,48.93%,
105/07/14,5,0,0,5,379554,32,1,379587,48.93%,48.93%,
105/07/13,-31,0,0,-31,379549,32,1,379582,48.93%,48.93%,
105/07/12,12,0,0,12,379580,32,1,379613,48.93%,48.93%,
105/07/11,12,0,1,13,379568,32,1,379601,48.93%,48.93%,
105/07/07,26,0,-4,22,379556,32,0,379588,48.93%,48.93%,
105/07/06,7,0,2,9,379530,32,4,379566,48.92%,48.92%,
105/07/05,-9,0,-2,-11,379523,32,2,379557,48.92%,48.92%,
105/07/04,-18,0,0,-18,379532,32,4,379568,48.92%,48.92%,
105/07/01,6,0,-1,5,379550,32,4,379586,48.93%,48.93%,
105/06/30,-44,0,1,-43,379544,32,5,379581,48.92%,48.92%,
105/06/29,70,0,0,70,379588,0,4,379592,48.93%,48.93%,
105/06/28,-6,0,-1,-7,379518,0,4,379522,48.92%,48.92%,
105/06/27,-24,-9,-1,-34,379524,0,5,379529,48.92%,48.92%,
105/06/24,-31,-8,-13,-52,379548,0,6,379554,48.92%,48.92%,
105/06/23,-8,0,-4,-12,379579,0,19,379598,48.93%,48.93%,
105/06/22,0,0,0,0,379587,0,23,379610,48.93%,48.93%,
105/06/21,-1,0,3,2,379587,0,23,379610,48.93%,48.93%,
105/06/20,-5,0,7,2,379588,0,20,379608,48.93%,48.93%,
105/06/17,-88,0,11,-77,379593,0,13,379606,48.93%,48.93%,
105/06/16,-19,0,0,-19,379681,0,2,379683,48.94%,48.94%,
105/06/15,17,0,1,18,379700,0,2,379702,48.94%,48.94%,
105/06/14,-29,0,0,-29,379683,0,1,379684,48.94%,48.94%,
105/06/13,-9,0,0,-9,379712,0,1,379713,48.95%,48.95%,
105/06/08,8,0,0,8,379721,0,1,379722,48.95%,48.95%,
105/06/07,13,0,-2,11,379713,0,1,379714,48.95%,48.95%,
105/06/06,17,0,0,17,379700,0,3,379703,48.94%,48.94%,
105/06/04,0,0,0,0,379683,0,3,379686,48.94%,48.94%,
105/06/03,15,0,0,15,379683,0,3,379686,48.94%,48.94%,
105/06/02,-54,0,0,-54,379668,0,3,379671,48.94%,48.94%,
105/06/01,-1,0,0,-1,379722,0,3,379725,48.95%,48.95%,
105/05/31,40,0,2,42,379723,0,3,379726,48.95%,48.95%,
105/05/30,12,0,0,12,379683,0,1,379684,48.94%,48.94%,
105/05/27,6,0,0,6,379671,0,1,379672,48.94%,48.94%,
105/05/26,7,0,0,7,379665,0,1,379666,48.94%,48.94%,
105/05/25,-15,0,0,-15,379658,0,1,379659,48.94%,48.94%,
105/05/24,11,0,0,11,379673,0,1,379674,48.94%,48.94%,
105/05/23,34,0,0,34,379662,0,1,379663,48.94%,48.94%,
105/05/20,17,-55,0,-38,379628,0,1,379629,48.94%,48.94%,
105/05/19,-22,-28,0,-50,379604,0,1,379605,48.93%,48.93%,
105/05/18,-23,-24,-1,-48,379626,0,1,379627,48.94%,48.94%,
105/05/17,-19,-40,1,-58,379649,0,2,379651,48.94%,48.94%,
105/05/16,8,0,-1,7,379668,0,1,379669,48.94%,48.94%,
105/05/13,-16,0,-1,-17,379660,0,2,379662,48.94%,48.94%,
105/05/12,-5,0,-1,-6,379676,0,3,379679,48.94%,48.94%,
105/05/11,-31,-8,0,-39,379681,0,4,379685,48.94%,48.94%,
105/05/10,-3,-1,1,-3,379712,0,4,379716,48.95%,48.95%,
105/05/09,-32,-8,0,-40,379715,0,3,379718,48.95%,48.95%,
105/05/06,-48,-4,0,-52,379747,0,3,379750,48.95%,48.95%,
105/05/05,13,-4,2,11,379795,0,3,379798,48.96%,48.96%,
105/05/04,15,-4,0,11,379782,0,1,379783,48.96%,48.96%,
105/05/03,-13,0,0,-13,379767,0,1,379768,48.95%,48.95%,
105/04/29,-24,0,0,-24,379780,0,1,379781,48.95%,48.95%,
105/04/28,-32,0,0,-32,379804,0,1,379805,48.96%,48.96%,
105/04/27,-20,0,0,-20,379836,0,1,379837,48.96%,48.96%,
105/04/26,-27,0,0,-27,379856,0,1,379857,48.96%,48.96%,
105/04/25,-24,0,0,-24,379883,0,1,379884,48.97%,48.97%,
105/04/22,-36,0,1,-35,379907,0,1,379908,48.97%,48.97%,
105/04/21,-8,-5,-2,-15,379943,0,0,379943,48.98%,48.98%,
105/04/20,-77,-28,1,-104,379951,0,1,379952,48.98%,48.98%,
105/04/19,-38,0,0,-38,380028,0,0,380028,48.99%,48.99%,
105/04/18,-121,0,0,-121,380066,0,0,380066,48.99%,48.99%,
105/04/15,-49,-5,-1,-55,380187,0,0,380187,49.01%,49.01%,
105/04/14,-20,0,0,-20,380236,0,1,380237,49.01%,49.01%,
105/04/13,-1,0,0,-1,380256,0,1,380257,49.02%,49.02%,
105/04/12,-85,0,-1,-86,380257,0,1,380258,49.02%,49.02%,
105/04/11,17,-40,1,-22,380342,0,2,380344,49.03%,49.03%,
105/04/08,-35,-79,-1,-115,380325,0,1,380326,49.03%,49.03%,
105/04/07,-70,0,-1,-71,380360,33,2,380395,49.03%,49.03%,
105/04/06,-13,0,-2,-15,380430,33,3,380466,49.04%,49.04%,
105/04/01,25,0,0,25,380442,33,5,380480,49.04%,49.04%,
105/03/31,-8,0,4,-4,380417,33,5,380455,49.04%,49.04%,
105/03/30,-17,-38,0,-55,380425,76,1,380502,49.04%,49.05%,
105/03/29,-4,-34,1,-37,380442,114,1,380557,49.04%,49.05%,
105/03/28,-14,0,0,-14,380446,148,0,380594,49.04%,49.06%,
105/03/25,-7,0,0,-7,380460,148,0,380608,49.04%,49.06%,
105/03/24,-12,0,0,-12,380467,148,0,380615,49.04%,49.06%,
105/03/23,-12,0,-3,-15,380479,148,0,380627,49.04%,49.06%,
105/03/22,23,0,-4,19,380491,148,3,380642,49.05%,49.07%,
105/03/21,-6,0,0,-6,380468,148,7,380623,49.04%,49.06%,
105/03/18,-39,0,0,-39,380474,148,7,380629,49.04%,49.06%,
105/03/17,-60,0,0,-60,380513,148,7,380668,49.05%,49.07%,
105/03/16,-4,0,0,-4,380573,148,7,380728,49.06%,49.08%,
105/03/15,-26,0,0,-26,380577,148,7,380732,49.06%,49.08%,
105/03/14,22,0,0,22,380603,148,7,380758,49.06%,49.08%,
105/03/11,-29,0,3,-26,380581,148,7,380736,49.06%,49.08%,
105/03/10,-29,0,0,-29,380610,148,4,380762,49.06%,49.08%,
105/03/09,1,0,0,1,380639,148,4,380791,49.07%,49.09%,
105/03/08,-6,117,0,111,380638,148,4,380790,49.07%,49.09%,
105/03/07,6,0,-5,1,380644,31,4,380679,49.07%,49.07%,
105/03/04,21,0,0,21,380638,31,9,380678,49.07%,49.08%,
105/03/03,6,0,0,6,380617,31,9,380657,49.06%,49.07%,
105/03/02,5,0,0,5,380611,31,9,380651,49.06%,49.07%,
105/03/01,4,0,0,4,380606,31,9,380646,49.06%,49.07%,
105/02/26,-6,0,0,-6,380602,31,9,380642,49.06%,49.07%,
105/02/25,7,0,0,7,380608,31,9,380648,49.06%,49.07%,
105/02/24,-64,0,3,-61,380601,31,9,380641,49.06%,49.07%,
105/02/23,18,0,0,18,380665,31,6,380702,49.07%,49.07%,
105/02/22,37,0,-1,36,380647,31,6,380684,49.07%,49.07%,
105/02/19,24,0,-3,21,380610,31,7,380648,49.06%,49.06%,
105/02/18,-30,0,6,-24,380586,31,10,380627,49.06%,49.07%,
105/02/17,4,0,1,5,380616,31,4,380651,49.06%,49.06%,
105/02/16,-46,0,0,-46,380612,31,3,380646,49.06%,49.06%,
105/02/15,-23,2,-5,-26,380658,31,3,380692,49.07%,49.07%,
105/02/03,-3,0,0,-3,380681,29,8,380718,49.07%,49.07%,
105/02/02,0,0,0,0,380684,29,8,380721,49.07%,49.07%,
105/02/01,-6,0,0,-6,380684,29,8,380721,49.07%,49.07%,
105/01/30,0,2,0,2,380690,29,8,380727,49.07%,49.07%,
105/01/29,4,0,1,5,380690,27,8,380725,49.07%,49.07%,
105/01/28,41,0,-4,37,380686,27,7,380720,49.07%,49.07%,
105/01/27,-19,0,3,-16,380645,27,11,380683,49.07%,49.07%,
105/01/26,-15,0,0,-15,380664,27,8,380699,49.07%,49.07%,
105/01/25,4,0,1,5,380679,27,8,380714,49.07%,49.07%,
105/01/22,8,0,0,8,380675,27,7,380709,49.07%,49.07%,
105/01/21,1,0,0,1,380667,27,7,380701,49.07%,49.07%,
105/01/20,-42,-2,-2,-46,380666,27,7,380700,49.07%,49.07%,
105/01/19,60,-2,0,58,380708,29,9,380746,49.07%,49.07%,
105/01/18,63,0,0,63,380648,31,9,380688,49.07%,49.08%,
105/01/15,-15,-2,1,-16,380585,31,9,380625,49.06%,49.07%,
105/01/14,-8,0,3,-5,380600,33,8,380641,49.06%,49.07%,
105/01/13,-114,0,-3,-117,380608,33,5,380646,49.06%,49.06%,
105/01/12,-22,0,-1,-23,380722,33,8,380763,49.08%,49.09%,
105/01/11,-52,0,4,-48,380744,33,9,380786,49.08%,49.09%,
105/01/08,20,0,-3,17,380796,33,5,380834,49.09%,49.09%,
105/01/07,-59,0,-1,-60,380776,33,8,380817,49.08%,49.09%,
105/01/06,-54,0,2,-52,380835,33,9,380877,49.09%,49.10%,
105/01/05,-27,0,0,-27,380889,33,7,380929,49.10%,49.11%,
105/01/04,-66,0,-4,-70,380916,33,7,380956,49.10%,49.11%,
104/12/31,-11,0,2,-9,380982,33,11,381026,49.11%,49.12%,
104/12/30,-70,0,0,-70,380993,0,9,381002,49.11%,49.11%,
104/12/29,8,-43,0,-35,381063,0,9,381072,49.12%,49.12%,
104/12/28,-4,-39,3,-40,381055,0,9,381064,49.12%,49.12%,
104/12/25,37,0,1,38,381059,10,6,381075,49.12%,49.12%,
104/12/24,-2,0,2,0,381022,10,5,381037,49.11%,49.11%,
104/12/23,23,0,0,23,381024,10,3,381037,49.12%,49.12%,
104/12/22,-7,0,3,-4,381001,10,3,381014,49.11%,49.11%,
104/12/21,15,0,-10,5,381008,10,0,381018,49.11%,49.11%,
104/12/18,19,0,6,25,380993,10,10,381013,49.11%,49.11%,
104/12/17,12,0,1,13,380974,10,4,380988,49.11%,49.11%,
104/12/16,-12,0,0,-12,380962,10,3,380975,49.11%,49.11%,
104/12/15,-49,0,-4,-53,380974,10,3,380987,49.11%,49.11%,
104/12/14,32,-0,-2,30,381023,10,7,381040,49.12%,49.12%,
104/12/11,31,-44,0,-13,380991,10,9,381010,49.11%,49.11%,
104/12/10,-111,0,1,-110,380960,54,9,381023,49.11%,49.12%,
104/12/09,-34,0,6,-28,381071,54,8,381133,49.12%,49.13%,
104/12/08,30,0,0,30,381105,54,2,381161,49.13%,49.14%,
104/12/07,23,0,-1,22,381075,54,2,381131,49.12%,49.13%,
104/12/04,28,44,2,74,381052,54,3,381109,49.12%,49.13%,
104/12/03,-1,0,0,-1,381024,10,1,381035,49.12%,49.12%,
104/12/02,-77,0,0,-77,381025,10,1,381036,49.12%,49.12%,
104/12/01,-69,0,-1,-70,381102,10,1,381113,49.13%,49.13%,
104/11/30,-9,0,-1,-10,381171,10,2,381183,49.13%,49.13%,
104/11/27,3,0,0,3,381180,10,3,381193,49.14%,49.14%,
104/11/26,38,0,0,38,381177,10,3,381190,49.13%,49.13%,
104/11/25,-28,0,-1,-29,381139,10,3,381152,49.13%,49.13%,
104/11/24,-51,0,1,-50,381167,10,4,381181,49.13%,49.13%,
104/11/23,-23,0,0,-23,381218,10,3,381231,49.14%,49.14%,
104/11/20,-74,0,0,-74,381241,10,3,381254,49.14%,49.14%,
104/11/19,-16,0,0,-16,381315,10,3,381328,49.15%,49.15%,
104/11/18,-31,0,2,-29,381331,10,3,381344,49.15%,49.15%,
104/11/17,5,0,-2,3,381362,10,1,381373,49.16%,49.16%,
104/11/16,17,0,2,19,381357,10,3,381370,49.16%,49.16%,
104/11/13,4,0,0,4,381340,10,1,381351,49.16%,49.16%,
104/11/12,-8,0,0,-8,381336,10,1,381347,49.16%,49.16%,
104/11/11,-16,0,0,-16,381344,10,1,381355,49.16%,49.16%,
104/11/10,-10,0,0,-10,381360,10,1,381371,49.16%,49.16%,
104/11/09,-28,0,0,-28,381370,10,1,381381,49.16%,49.16%,
104/11/06,-83,0,1,-82,381398,10,1,381409,49.16%,49.16%,
104/11/05,28,0,-1,27,381481,10,0,381491,49.17%,49.17%,
104/11/04,188,10,0,198,381453,10,0,381463,49.17%,49.17%,
104/11/03,32,0,0,32,381265,0,0,381265,49.15%,49.15%,
104/11/02,7,-24,0,-17,381233,0,0,381233,49.14%,49.14%,
104/10/30,36,-24,0,12,381226,24,0,381250,49.14%,49.14%,
104/10/29,-3,0,0,-3,381190,48,0,381238,49.14%,49.15%,
104/10/28,7,0,0,7,381193,48,0,381241,49.14%,49.15%,
104/10/27,11,0,0,11,381186,48,0,381234,49.14%,49.15%,
104/10/26,6,0,0,6,381175,48,0,381223,49.13%,49.14%,
104/10/23,-26,0,0,-26,381169,48,0,381217,49.13%,49.14%,
104/10/22,-129,0,0,-129,381195,48,0,381243,49.14%,49.15%,
104/10/21,20,0,0,20,381324,48,0,381372,49.15%,49.16%,
104/10/20,21,0,0,21,381304,48,0,381352,49.15%,49.16%,
104/10/19,2,0,-1,1,381283,48,0,381331,49.15%,49.16%,
104/10/16,-99,48,1,-50,381281,48,1,381330,49.15%,49.16%,
104/10/15,-110,0,0,-110,381380,0,0,381380,49.16%,49.16%,
104/10/14,125,0,0,125,381490,0,0,381490,49.18%,49.18%,
104/10/13,32,0,0,32,381365,0,0,381365,49.16%,49.16%,
104/10/12,0,0,0,0,381333,0,0,381333,49.16%,49.16%,
104/10/08,-10,0,0,-10,381333,0,0,381333,49.16%,49.16%,
104/10/07,22,0,0,22,381343,0,0,381343,49.16%,49.16%,
104/10/06,-28,0,0,-28,381321,0,0,381321,49.15%,49.15%,
104/10/05,88,0,0,88,381349,0,0,381349,49.16%,49.16%,
104/10/02,17,-36,0,-19,381261,0,0,381261,49.15%,49.15%,
104/10/01,23,0,0,23,381244,34,0,381278,49.14%,49.14%,
104/09/30,-47,0,0,-47,381221,34,0,381255,49.14%,49.14%,
104/09/25,-23,45,0,22,381268,92,0,381360,49.15%,49.16%,
104/09/24,-80,0,-1,-81,381291,47,0,381338,49.15%,49.16%,
104/09/23,-147,0,0,-147,381371,47,1,381419,49.16%,49.17%,
104/09/22,16,-0,0,16,381518,47,1,381566,49.18%,49.19%,
104/09/21,-140,45,-1,-96,381502,47,1,381550,49.18%,49.19%,
104/09/18,58,0,2,60,381642,2,2,381646,49.19%,49.19%,
104/09/17,15,0,-2,13,381584,2,0,381586,49.19%,49.19%,
104/09/16,-6,0,1,-5,381569,2,1,381572,49.19%,49.19%,
104/09/15,20,0,0,20,381575,2,0,381577,49.19%,49.19%,
104/09/14,-7,0,0,-7,381555,2,0,381557,49.18%,49.18%,
104/09/11,-14,0,0,-14,381562,2,0,381564,49.18%,49.18%,
104/09/10,4,0,0,4,381576,2,0,381578,49.19%,49.19%,
104/09/09,24,0,0,24,381572,2,0,381574,49.19%,49.19%,
104/09/08,-23,0,0,-23,381548,2,0,381550,49.18%,49.18%,
104/09/07,64,2,0,66,381571,2,0,381573,49.19%,49.19%,
104/09/04,-14,-1,-1,-16,381507,0,0,381507,49.18%,49.18%,
104/09/03,-11,0,-1,-12,381521,1,0,381522,49.18%,49.18%,
104/09/02,-82,0,0,-82,381532,1,0,381533,49.18%,49.18%,
104/09/01,2,-7,0,-5,381614,1,0,381615,49.19%,49.19%,
104/08/31,13,-4,-4,5,381612,8,0,381620,49.19%,49.19%,
104/08/28,46,1,-5,42,381599,12,3,381614,49.19%,49.19%,
104/08/27,1,0,-25,-24,381553,11,8,381572,49.18%,49.18%,
104/08/26,-62,0,-5,-67,381552,11,33,381596,49.18%,49.19%,
104/08/25,-56,2,-5,-59,381614,11,38,381663,49.19%,49.20%,
104/08/24,-354,0,-6,-360,381670,9,43,381722,49.20%,49.21%,
104/08/21,-69,0,-9,-78,382024,9,49,382082,49.24%,49.25%,
104/08/20,-31,0,-9,-40,382093,9,58,382160,49.25%,49.26%,
104/08/19,-271,0,-18,-289,382124,9,67,382200,49.26%,49.27%,
104/08/18,-65,0,0,-65,382395,9,85,382489,49.29%,49.30%,
104/08/17,-40,0,-6,-46,382460,9,85,382554,49.30%,49.31%,
104/08/14,-11,0,-15,-26,382500,9,91,382600,49.31%,49.32%,
104/08/13,6,0,1,7,382511,9,106,382626,49.31%,49.32%,
104/08/12,8,0,34,42,382505,9,105,382619,49.31%,49.32%,
104/08/11,-139,0,-63,-202,382497,9,71,382577,49.31%,49.32%,
104/08/10,-21,0,-6,-27,382636,9,134,382779,49.32%,49.34%,
104/08/07,-24,0,-2,-26,382657,9,140,382806,49.33%,49.35%,
104/08/06,-15,0,3,-12,382681,9,142,382832,49.33%,49.35%,
104/08/05,27,0,22,49,382696,9,139,382844,49.33%,49.35%,
104/08/04,-27,0,39,12,382669,9,117,382795,49.33%,49.35%,
104/08/03,-33,0,-28,-61,382696,9,78,382783,49.33%,49.34%,
104/07/31,-43,0,-23,-66,382729,9,106,382844,49.33%,49.34%,
104/07/30,-3,0,-9,-12,382772,9,129,382910,49.34%,49.36%,
104/07/29,-11,0,0,-11,382775,9,138,382922,49.34%,49.36%,
104/07/28,48,6,37,91,382786,9,138,382933,49.34%,49.36%,
104/07/27,7,0,58,65,382738,3,101,382842,49.34%,49.35%,
104/07/24,-11,2,5,-4,382731,3,43,382777,49.34%,49.35%,
104/07/23,17,0,6,23,382742,1,38,382781,49.34%,49.35%,
104/07/22,-35,0,12,-23,382725,1,32,382758,49.33%,49.33%,
104/07/21,-57,1,-2,-58,382760,1,20,382781,49.34%,49.34%,
104/07/20,-22,0,1,-21,382817,0,22,382839,49.35%,49.35%,
104/07/17,-50,-75,0,-125,382839,0,21,382860,49.35%,49.35%,
104/07/16,14,0,-3,11,382889,42,21,382952,49.36%,49.37%,
104/07/15,-128,4,3,-121,382875,42,24,382941,49.35%,49.36%,
104/07/14,-67,0,-12,-79,383003,38,21,383062,49.37%,49.38%,
104/07/13,-19,0,-14,-33,383070,38,33,383141,49.38%,49.39%,
104/07/09,39,0,14,53,383089,38,47,383174,49.38%,49.39%,
104/07/08,35,0,8,43,383050,38,33,383121,49.38%,49.39%,
104/07/07,-7,0,4,-3,383015,38,25,383078,49.37%,49.38%,
104/07/06,-169,0,-2,-171,383022,38,21,383081,49.37%,49.38%,
104/07/03,-144,0,-2,-146,383191,38,23,383252,49.39%,49.40%,
104/07/02,-67,0,-2,-69,383335,38,25,383398,49.41%,49.42%,
104/07/01,19,0,-1,18,383402,38,27,383467,49.42%,49.43%,
104/06/30,15,0,-4,11,383383,38,28,383449,49.42%,49.43%,
104/06/29,-80,0,1,-79,383368,238,32,383638,49.42%,49.45%,
104/06/26,-40,0,0,-40,383448,238,31,383717,49.43%,49.46%,
104/06/25,4,0,9,13,383488,238,31,383757,49.43%,49.46%,
104/06/24,-70,0,1,-69,383484,238,22,383744,49.43%,49.46%,
104/06/23,-8,0,6,-2,383554,238,21,383813,49.44%,49.47%,
104/06/22,-240,14,1,-225,383562,238,15,383815,49.44%,49.47%,
104/06/18,-10,0,-1,-11,383802,224,14,384040,49.47%,49.50%,
104/06/17,-231,0,0,-231,383812,224,15,384051,49.47%,49.50%,
104/06/16,-43,0,0,-43,384043,224,15,384282,49.50%,49.53%,
104/06/15,-24,0,-1,-25,384086,224,15,384325,49.51%,49.54%,
104/06/12,13,-40,-1,-28,384110,224,16,384350,49.51%,49.54%,
104/06/11,-28,0,0,-28,384097,264,17,384378,49.51%,49.55%,
104/06/10,20,0,2,22,384125,264,17,384406,49.51%,49.55%,
104/06/09,4,0,-4,0,384105,264,15,384384,49.51%,49.55%,
104/06/08,31,0,3,34,384101,264,19,384384,49.51%,49.55%,
104/06/05,-210,2,0,-208,384070,264,16,384350,49.51%,49.55%,
104/06/04,-99,7,-1,-93,384280,262,16,384558,49.53%,49.57%,
104/06/03,-75,0,0,-75,384379,255,17,384651,49.55%,49.59%,
104/06/02,-35,0,-2,-37,384454,255,17,384726,49.56%,49.60%,
104/06/01,3,0,2,5,384489,255,19,384763,49.56%,49.60%,
104/05/29,-12,0,1,-11,384486,255,17,384758,49.56%,49.60%,
104/05/28,-5,78,-13,60,384498,255,16,384769,49.56%,49.59%,
104/05/27,-1,0,-13,-14,384503,177,29,384709,49.56%,49.59%,
104/05/26,-61,0,2,-59,384504,177,42,384723,49.56%,49.59%,
104/05/25,-217,0,25,-192,384565,177,40,384782,49.57%,49.60%,
104/05/22,-37,0,-9,-46,384782,177,15,384974,49.60%,49.62%,
104/05/21,-90,0,-33,-123,384819,177,24,385020,49.60%,49.63%,
104/05/20,-191,0,-1,-192,384909,177,57,385143,49.62%,49.65%,
104/05/19,5,-76,-3,-74,385094,177,58,385329,49.64%,49.67%,
104/05/18,-59,0,6,-53,385089,253,61,385403,49.64%,49.68%,
104/05/15,-75,0,-12,-87,385148,253,55,385456,49.65%,49.69%,
104/05/14,-1,0,-9,-10,385223,253,67,385543,49.66%,49.70%,
104/05/13,45,0,0,45,385224,253,76,385553,49.66%,49.70%,
104/05/12,114,0,5,119,385179,253,76,385508,49.65%,49.69%,
104/05/11,80,0,-7,73,385065,253,71,385389,49.64%,49.68%,
104/05/08,82,0,-1,81,384985,253,78,385316,49.63%,49.67%,
104/05/07,175,0,11,186,384903,253,79,385235,49.62%,49.66%,
104/05/06,194,0,-6,188,384728,253,68,385049,49.59%,49.63%,
104/05/05,-88,0,8,-80,384534,253,74,384861,49.57%,49.61%,
104/05/04,-85,0,-11,-96,384622,253,66,384941,49.58%,49.62%,
104/04/30,180,40,-1,219,384707,253,77,385037,49.59%,49.63%,
104/04/29,167,0,37,204,384527,213,78,384818,49.57%,49.61%,
104/04/28,116,-1,3,118,384360,213,41,384614,49.55%,49.58%,
104/04/27,193,0,14,207,384244,214,38,384496,49.53%,49.56%,
104/04/24,-229,0,17,-212,384051,214,24,384289,49.51%,49.54%,
104/04/23,-17,0,-4,-21,384280,214,7,384501,49.54%,49.57%,
104/04/22,-15,-57,0,-72,384297,214,11,384522,49.54%,49.57%,
104/04/21,71,-40,1,32,384312,271,11,384594,49.54%,49.58%,
104/04/20,43,0,9,52,384241,311,10,384562,49.53%,49.57%,
104/04/17,7,-48,1,-40,384198,311,1,384510,49.52%,49.56%,
104/04/16,-57,0,-50,-107,384191,359,0,384550,49.52%,49.57%,
104/04/15,-172,20,-1,-153,384248,359,49,384656,49.53%,49.58%,
104/04/14,-100,-213,0,-313,384420,339,50,384809,49.55%,49.60%,
104/04/13,20,0,1,21,384520,552,50,385122,49.57%,49.65%,
104/04/10,-136,-57,-2,-195,384500,552,49,385101,49.56%,49.64%,
104/04/09,-322,0,0,-322,384636,609,51,385296,49.58%,49.67%,
104/04/08,-9,0,3,-6,384958,609,51,385618,49.62%,49.71%,
104/04/07,83,0,0,83,384967,609,48,385624,49.62%,49.70%,
104/04/02,17,0,-21,-4,384884,609,48,385541,49.61%,49.69%,
104/04/01,-44,0,10,-34,384867,609,69,385545,49.61%,49.70%,
104/03/31,153,0,3,156,384911,609,59,385579,49.62%,49.71%,
104/03/30,-23,0,12,-11,384758,830,56,385644,49.60%,49.71%,
104/03/27,153,0,0,153,384781,830,44,385655,49.60%,49.71%,
104/03/26,154,0,13,167,384628,830,44,385502,49.58%,49.69%,
104/03/25,-37,0,10,-27,384474,830,31,385335,49.56%,49.67%,
104/03/24,2,0,0,2,384511,830,21,385362,49.56%,49.67%,
104/03/23,27,0,-158,-131,384509,830,21,385360,49.56%,49.67%,
104/03/20,104,0,-98,6,384482,830,179,385491,49.56%,49.69%,
104/03/19,49,0,0,49,384378,830,277,385485,49.55%,49.69%,
104/03/18,-82,0,0,-82,384329,830,277,385436,49.54%,49.68%,
104/03/17,33,0,-0,33,384412,830,277,385519,49.55%,49.69%,
104/03/16,4,-25,22,1,384379,830,277,385486,49.55%,49.69%,
104/03/13,14,-71,-9,-66,384375,855,255,385485,49.55%,49.69%,
104/03/12,-25,-3,-31,-59,384361,926,264,385551,49.55%,49.70%,
104/03/11,-30,-79,-24,-133,384386,929,295,385610,49.55%,49.71%,
104/03/10,-18,0,-15,-33,384416,1008,319,385743,49.55%,49.72%,
104/03/09,-65,-135,-15,-215,384434,1008,334,385776,49.55%,49.72%,
104/03/06,-26,-65,-9,-100,384499,1143,349,385991,49.56%,49.75%,
104/03/05,234,-676,40,-402,384525,1208,358,386091,49.57%,49.77%,
104/03/04,63,-283,10,-210,384291,1884,318,386493,49.54%,49.82%,
104/03/03,2,-169,-60,-227,384228,2167,308,386703,49.53%,49.85%,
104/03/02,94,-200,15,-91,384226,2336,368,386930,49.53%,49.88%,
104/02/26,138,-270,-41,-173,384132,2536,353,387021,49.52%,49.89%,
104/02/25,-9,200,63,254,383994,2806,394,387194,49.50%,49.91%,
104/02/24,-91,0,47,-44,384003,2606,331,386940,49.50%,49.88%,
104/02/13,425,563,58,1046,384094,2606,284,386984,49.51%,49.88%,
104/02/12,29,0,6,35,383669,2043,226,385938,49.46%,49.75%,
104/02/11,130,0,0,130,383640,2043,220,385903,49.45%,49.74%,
104/02/10,183,0,25,208,383510,2043,220,385773,49.44%,49.73%,
104/02/09,119,-15,-124,-20,383327,2043,195,385565,49.41%,49.70%,
104/02/06,50,0,-37,13,383208,2058,319,385585,49.40%,49.71%,
104/02/05,-33,0,90,57,383158,2058,356,385572,49.39%,49.70%,
104/02/04,-11,0,161,150,383191,2058,266,385515,49.39%,49.69%,
104/02/03,322,157,50,529,383202,2058,105,385365,49.40%,49.68%,
104/02/02,222,300,2,524,382880,1901,55,384836,49.35%,49.60%,
104/01/30,-13,199,0,186,382658,1601,53,384312,49.33%,49.54%,
104/01/29,24,0,5,29,382671,1402,53,384126,49.33%,49.52%,
104/01/28,26,0,-1,25,382647,1402,48,384097,49.32%,49.51%,
104/01/27,29,0,25,54,382621,1402,49,384072,49.32%,49.51%,
104/01/26,-10,0,-10,-20,382592,1402,24,384018,49.32%,49.50%,
104/01/23,26,0,-45,-19,382602,1402,34,384038,49.32%,49.51%,
104/01/22,-12,34,0,22,382576,1402,79,384057,49.32%,49.51%,
104/01/21,-125,0,5,-120,382588,1368,79,384035,49.32%,49.51%,
104/01/20,25,0,0,25,382713,1368,74,384155,49.33%,49.52%,
104/01/19,10,0,5,15,382688,1368,74,384130,49.33%,49.52%,
104/01/16,-42,0,-19,-61,382678,1368,69,384115,49.33%,49.52%,
104/01/15,-34,-203,2,-235,382720,1368,88,384176,49.33%,49.52%,
104/01/14,20,0,0,20,382754,1571,86,384411,49.34%,49.55%,
104/01/13,-70,0,11,-59,382734,1571,86,384391,49.34%,49.55%,
104/01/12,-100,52,1,-47,382804,1571,75,384450,49.34%,49.55%,
104/01/09,86,81,-17,150,382904,1519,74,384497,49.36%,49.57%,
104/01/08,238,27,30,295,382818,1438,91,384347,49.35%,49.55%,
104/01/07,151,114,26,291,382580,1411,61,384052,49.32%,49.51%,
104/01/06,51,0,0,51,382429,1297,35,383761,49.30%,49.47%,
104/01/05,2,0,-2,0,382378,1297,35,383710,49.29%,49.46%,
