日期,外資買賣超,投信買賣超,自營商買賣超,單日合計買賣超,外資估計持股,投信估計持股,自營商估計持股,單日合計估計持股,外資持股比重,三大法人持股比重,
107/03/31,-8,5,-15,-18,34777,6600,569,41946,25.72%,31.02%,
107/03/30,-157,-10,-87,-254,34785,6595,584,41964,25.72%,31.03%,
107/03/29,58,83,127,268,34941,6605,671,42217,25.84%,31.22%,
107/03/28,214,236,115,565,34903,6522,544,41969,25.81%,31.04%,
107/03/27,230,12,9,251,34687,6286,429,41402,25.65%,30.62%,
107/03/26,237,0,30,267,34457,6274,420,41151,25.48%,30.43%,
107/03/23,201,-20,-131,50,34220,6274,390,40884,25.30%,30.23%,
107/03/22,345,48,-162,231,34019,6294,521,40834,25.15%,30.19%,
107/03/21,383,0,-6,377,33674,6246,683,40603,24.90%,30.02%,
107/03/20,428,-60,3,371,33288,6246,689,40223,24.61%,29.74%,
107/03/19,28,0,11,39,32849,6306,686,39841,24.29%,29.46%,
107/03/16,498,45,-49,494,32848,6306,675,39829,24.29%,29.45%,
107/03/15,587,55,-23,619,32350,6261,724,39335,23.92%,29.09%,
107/03/14,266,-25,6,247,31793,6206,747,38746,23.51%,28.65%,
107/03/13,490,-21,-156,313,31527,6231,741,38499,23.31%,28.47%,
107/03/12,683,8,49,740,31036,6252,897,38185,22.95%,28.24%,
107/03/09,710,266,-298,678,30352,6244,848,37444,22.44%,27.69%,
107/03/08,955,359,-33,1281,29632,5978,1146,36756,21.91%,27.18%,
107/03/07,1191,181,425,1797,28757,5619,1179,35555,21.26%,26.29%,
107/03/06,150,107,102,359,27555,5438,754,33747,20.37%,24.95%,
107/03/05,187,0,-40,147,27407,5331,652,33390,20.26%,24.68%,
107/03/02,-180,12,-29,-197,27210,5331,692,33233,20.12%,24.57%,
107/03/01,225,2,-21,206,27482,5319,721,33522,20.32%,24.79%,
107/02/27,396,90,90,576,27257,5317,742,33316,20.15%,24.63%,
107/02/26,61,110,-34,137,26861,5227,652,32740,19.86%,24.21%,
107/02/23,-59,0,36,-23,26800,5117,686,32603,19.82%,24.11%,
107/02/22,277,18,40,335,26832,5117,650,32599,19.84%,24.11%,
107/02/21,32,0,-36,-4,26533,5099,610,32242,19.62%,23.84%,
107/02/12,-106,7,8,-91,26501,5099,646,32246,19.59%,23.84%,
107/02/09,38,7,-26,19,26609,5092,638,32339,19.67%,23.91%,
107/02/08,39,0,-68,-29,26583,5085,664,32332,19.66%,23.91%,
107/02/07,48,53,68,169,26544,5085,732,32361,19.63%,23.93%,
107/02/06,-2,3,-174,-173,26497,5032,664,32193,19.59%,23.80%,
107/02/05,-60,39,-26,-47,26501,5029,838,32368,19.59%,23.93%,
107/02/02,118,46,-7,157,26638,4990,864,32492,19.70%,24.03%,
107/02/01,-162,31,-45,-176,26570,4944,871,32385,19.65%,23.95%,
107/01/31,126,22,1,149,26730,4913,916,32559,19.76%,24.07%,
107/01/30,29,34,-68,-5,26695,4891,915,32501,19.74%,24.03%,
107/01/29,-369,44,-159,-484,26661,4857,983,32501,19.71%,24.03%,
107/01/26,-166,22,-94,-238,27028,4813,1142,32983,19.98%,24.38%,
107/01/25,4,20,148,172,27163,4791,1236,33190,20.08%,24.54%,
107/01/24,52,10,-55,7,27156,4771,1088,33015,20.08%,24.41%,
107/01/23,25,53,33,111,27080,4761,1143,32984,20.02%,24.39%,
107/01/22,30,-45,47,32,27045,4708,1110,32863,20.00%,24.30%,
107/01/19,31,10,15,56,27013,4753,1063,32829,19.97%,24.27%,
107/01/18,41,15,-133,-77,26982,4743,1048,32773,19.95%,24.23%,
107/01/17,19,49,-54,14,26929,4728,1181,32838,19.91%,24.28%,
107/01/16,10,367,130,507,26896,4679,1235,32810,19.89%,24.26%,
107/01/15,34,56,26,116,26877,4312,1105,32294,19.87%,23.88%,
107/01/12,24,105,-87,42,26833,4256,1079,32168,19.84%,23.79%,
107/01/11,39,500,-358,181,26851,4151,1166,32168,19.85%,23.78%,
107/01/10,91,194,-24,261,26749,3651,1524,31924,19.78%,23.61%,
107/01/09,161,276,-153,284,26658,3457,1548,31663,19.71%,23.41%,
107/01/08,-32,568,48,584,26497,3181,1701,31379,19.59%,23.20%,
107/01/05,-39,159,-66,54,26498,2613,1653,30764,19.59%,22.74%,
107/01/04,79,88,64,231,26531,2454,1719,30704,19.62%,22.71%,
107/01/03,98,202,205,505,26443,2366,1655,30464,19.55%,22.52%,
107/01/02,343,197,314,854,26341,2164,1450,29955,19.48%,22.15%,
106/12/29,173,42,49,264,25995,1967,1136,29098,19.22%,21.51%,
106/12/28,-71,185,-51,63,25822,2125,1087,29034,19.09%,21.47%,
106/12/27,-208,171,131,94,25885,1940,1138,28963,19.14%,21.42%,
106/12/26,-96,161,66,131,26093,1769,1007,28869,19.29%,21.34%,
106/12/25,-92,114,-9,13,26189,1608,941,28738,19.36%,21.25%,
106/12/22,-39,30,12,3,26259,1494,950,28703,19.42%,21.23%,
106/12/21,-80,0,47,-33,26298,1464,938,28700,19.44%,21.22%,
106/12/20,65,32,-90,7,26385,1464,891,28740,19.51%,21.25%,
106/12/19,-188,0,-148,-336,26365,1432,981,28778,19.49%,21.27%,
106/12/18,87,254,-171,170,26578,1432,1129,29139,19.65%,21.54%,
106/12/15,454,35,93,582,26491,1178,1300,28969,19.59%,21.42%,
106/12/14,353,0,-74,279,26037,1143,1207,28387,19.25%,20.99%,
106/12/13,75,-40,143,178,25674,1143,1281,28098,18.98%,20.77%,
106/12/12,80,30,-6,104,25578,1183,1138,27899,18.91%,20.63%,
106/12/11,78,36,68,182,25496,1153,1144,27793,18.85%,20.55%,
106/12/08,521,30,18,569,25393,1117,1076,27586,18.77%,20.39%,
106/12/07,974,181,397,1552,24849,1087,1058,26994,18.37%,19.96%,
106/12/06,193,171,-109,255,23865,906,661,25432,17.64%,18.80%,
106/12/05,221,75,-173,123,23660,735,770,25165,17.49%,18.60%,
106/12/04,394,68,409,871,23447,660,943,25050,17.34%,18.53%,
106/12/01,749,10,150,909,23006,592,534,24132,17.01%,17.84%,
106/11/30,20,10,-15,15,22359,582,384,23325,16.53%,17.24%,
106/11/29,-484,5,118,-361,22339,572,399,23310,16.52%,17.24%,
106/11/28,160,0,71,231,22823,567,281,23671,16.87%,17.50%,
106/11/27,-121,35,-88,-174,22671,567,210,23448,16.76%,17.33%,
106/11/24,903,10,183,1096,22774,532,298,23604,16.84%,17.45%,
106/11/23,67,0,-6,61,21871,522,115,22508,16.17%,16.64%,
106/11/22,-5,0,-4,-9,21798,522,121,22441,16.12%,16.60%,
106/11/21,-19,0,15,-4,21788,522,125,22435,16.11%,16.59%,
106/11/20,56,0,53,109,21791,522,110,22423,16.11%,16.58%,
106/11/17,62,0,17,79,21715,522,57,22294,16.05%,16.48%,
106/11/16,15,0,-1,14,21653,522,40,22215,16.01%,16.43%,
106/11/15,28,0,10,38,21638,522,41,22201,16.00%,16.42%,
106/11/14,4,0,-20,-16,21622,522,31,22175,15.99%,16.40%,
106/11/13,63,0,-20,43,21644,522,51,22217,16.00%,16.42%,
106/11/10,111,0,26,137,21586,522,71,22179,15.96%,16.40%,
106/11/09,-10,0,-25,-35,21425,522,45,21992,15.84%,16.26%,
106/11/08,-60,-44,-17,-121,21435,522,70,22027,15.85%,16.29%,
106/11/07,316,0,62,378,21495,566,87,22148,15.89%,16.37%,
106/11/06,-1,0,19,18,21169,566,25,21760,15.65%,16.09%,
106/11/03,9,0,-22,-13,21170,566,6,21742,15.65%,16.07%,
106/11/02,-44,0,28,-16,21151,566,28,21745,15.64%,16.08%,
106/11/01,7,0,-32,-25,21195,566,0,21761,15.67%,16.09%,
106/10/31,-29,0,-5,-34,21188,566,32,21786,15.66%,16.10%,
106/10/30,-102,0,0,-102,21217,566,37,21820,15.69%,16.14%,
106/10/27,-73,0,-22,-95,21261,566,37,21864,15.72%,16.17%,
106/10/26,-61,0,17,-44,21434,566,59,22059,15.85%,16.31%,
106/10/25,-328,0,18,-310,21495,566,42,22103,15.89%,16.34%,
106/10/24,-44,0,3,-41,21823,566,24,22413,16.13%,16.57%,
106/10/23,-17,100,21,104,21857,566,21,22444,16.16%,16.59%,
106/10/20,-65,0,0,-65,21874,466,0,22340,16.17%,16.51%,
106/10/19,-105,0,-7,-112,21909,466,0,22375,16.20%,16.54%,
106/10/18,-103,0,-55,-158,21972,466,0,22438,16.24%,16.58%,
106/10/17,-4,-33,20,-17,22105,466,26,22597,16.34%,16.70%,
106/10/16,-24,0,-18,-42,22109,499,6,22614,16.35%,16.72%,
106/10/13,-86,0,24,-62,22083,499,24,22606,16.33%,16.72%,
106/10/12,-141,0,-4,-145,22229,499,0,22728,16.43%,16.80%,
106/10/11,-113,0,-3,-116,22370,499,0,22869,16.54%,16.91%,
106/10/06,36,0,-21,15,22413,499,0,22912,16.57%,16.94%,
106/10/05,121,0,-2,119,22374,499,14,22887,16.54%,16.92%,
106/10/03,-39,0,16,-23,22253,499,16,22768,16.45%,16.83%,
106/10/02,42,0,-2,40,22300,499,0,22799,16.49%,16.86%,
106/09/30,55,0,-23,32,22258,499,0,22757,16.46%,16.83%,
106/09/29,-75,0,14,-61,22203,547,14,22764,16.42%,16.83%,
106/09/28,-16,0,-2,-18,22313,547,0,22860,16.50%,16.90%,
106/09/27,13,0,-3,10,22319,547,0,22866,16.50%,16.90%,
106/09/26,-100,0,-15,-115,22306,547,3,22856,16.49%,16.90%,
106/09/25,-173,0,-71,-244,22406,547,18,22971,16.57%,16.99%,
106/09/22,-102,0,-10,-112,22576,547,89,23212,16.69%,17.16%,
106/09/21,-68,0,-12,-80,22678,547,99,23324,16.77%,17.25%,
106/09/20,-131,0,-20,-151,22746,547,111,23404,16.82%,17.31%,
106/09/19,-62,0,-2,-64,22918,547,131,23596,16.94%,17.44%,
106/09/18,-18,0,5,-13,22980,547,133,23660,16.99%,17.49%,
106/09/15,-15,0,-28,-43,22998,547,128,23673,17.00%,17.50%,
106/09/14,-3,0,-7,-10,23013,547,156,23716,17.01%,17.53%,
106/09/13,-80,0,7,-73,23016,547,163,23726,17.02%,17.55%,
106/09/12,-99,0,-18,-117,23096,547,156,23799,17.08%,17.60%,
106/09/11,-72,0,4,-68,23195,547,174,23916,17.15%,17.68%,
106/09/08,20,0,-18,2,23265,547,170,23982,17.20%,17.73%,
106/09/07,26,0,-67,-41,23245,547,188,23980,17.19%,17.73%,
106/09/06,-159,-4,75,-88,23218,547,255,24020,17.17%,17.76%,
106/09/05,-59,0,-25,-84,23377,551,180,24108,17.28%,17.82%,
106/09/04,-25,0,44,19,23436,551,206,24193,17.33%,17.89%,
106/09/01,-14,0,-31,-45,23461,551,162,24174,17.35%,17.88%,
106/08/31,-27,0,74,47,23498,551,193,24242,17.37%,17.92%,
106/08/30,-34,0,-4,-38,23525,551,119,24195,17.39%,17.89%,
106/08/29,-17,0,-3,-20,23549,551,123,24223,17.41%,17.91%,
106/08/28,-338,0,2,-336,23566,551,126,24243,17.42%,17.92%,
106/08/25,-253,0,-4,-257,23904,551,124,24579,17.67%,18.17%,
106/08/24,187,-14,-10,163,24157,551,128,24836,17.86%,18.36%,
106/08/23,-29,0,4,-25,23970,565,138,24673,17.72%,18.24%,
106/08/22,21,0,-1,20,23999,565,134,24698,17.74%,18.26%,
106/08/21,23,0,-19,4,23978,565,135,24678,17.73%,18.25%,
106/08/18,-398,0,-45,-443,23955,565,154,24674,17.71%,18.24%,
106/08/17,61,0,48,109,24342,565,199,25106,18.00%,18.57%,
106/08/16,-62,0,-79,-141,24281,565,151,24997,17.95%,18.48%,
106/08/15,-285,0,-11,-296,24343,565,230,25138,18.00%,18.59%,
106/08/14,-168,0,-86,-254,24528,565,241,25334,18.13%,18.73%,
106/08/11,-323,0,-47,-370,24754,565,327,25646,18.30%,18.96%,
106/08/10,-238,0,-117,-355,25069,565,374,26008,18.54%,19.23%,
106/08/09,-45,0,45,0,25299,565,491,26355,18.71%,19.49%,
106/08/08,11,0,-49,-38,25344,565,446,26355,18.74%,19.49%,
106/08/07,-70,0,17,-53,25333,565,495,26393,18.73%,19.51%,
106/08/04,-66,0,-10,-76,25357,565,478,26400,18.75%,19.52%,
106/08/03,-124,0,-26,-150,25419,565,488,26472,18.79%,19.57%,
106/08/02,-79,0,-86,-165,25528,565,514,26607,18.87%,19.67%,
106/08/01,-143,0,162,19,25606,565,600,26771,18.93%,19.79%,
106/07/31,-80,0,-19,-99,25747,565,438,26750,19.04%,19.78%,
106/07/28,-102,0,-14,-116,25827,565,457,26849,19.10%,19.86%,
106/07/27,-79,0,-35,-114,25929,565,471,26965,19.17%,19.94%,
106/07/26,39,0,15,54,26008,565,506,27079,19.23%,20.02%,
106/07/25,-62,0,-32,-94,25949,565,491,27005,19.19%,19.97%,
106/07/24,-90,0,-91,-181,26011,565,523,27099,19.23%,20.03%,
106/07/21,-96,0,134,38,26101,565,614,27280,19.30%,20.17%,
106/07/20,-108,-45,19,-134,26197,565,480,27242,19.37%,20.14%,
106/07/19,-82,0,-170,-252,26305,610,461,27376,19.45%,20.24%,
106/07/18,-2,0,45,43,26387,610,631,27628,19.51%,20.43%,
106/07/17,-330,0,-116,-446,26388,610,586,27584,19.51%,20.39%,
106/07/14,9,0,56,65,26680,610,702,27992,19.73%,20.70%,
106/07/13,-84,0,-19,-103,26671,610,646,27927,19.72%,20.65%,
106/07/12,102,0,-30,72,26755,610,665,28030,19.78%,20.72%,
106/07/11,-71,0,-161,-232,26673,610,695,27978,19.72%,20.69%,
106/07/10,-124,0,138,14,26749,610,856,28215,19.78%,20.86%,
106/07/07,-127,0,38,-89,27013,610,718,28341,19.97%,20.95%,
106/07/06,-124,0,-91,-215,27156,610,680,28446,20.08%,21.03%,
106/07/05,-66,0,81,15,27290,610,771,28671,20.18%,21.20%,
106/07/04,-35,0,-53,-88,27356,610,690,28656,20.23%,21.19%,
106/07/03,177,0,-69,108,27388,610,743,28741,20.25%,21.25%,
106/06/30,293,-42,-38,213,27211,610,812,28633,20.12%,21.17%,
106/06/29,-357,-1,-127,-485,26918,470,850,28238,19.90%,20.88%,
106/06/28,113,0,140,253,27275,471,977,28723,20.17%,21.24%,
106/06/27,50,50,-57,43,27162,471,837,28470,20.08%,21.05%,
106/06/26,243,155,-36,362,27292,421,894,28607,20.18%,21.15%,
106/06/23,69,151,37,257,27050,266,930,28246,20.00%,20.88%,
106/06/22,48,0,299,347,27152,115,893,28160,20.08%,20.83%,
106/06/21,66,0,-63,3,27104,115,594,27813,20.04%,20.56%,
106/06/20,19,0,60,79,27038,115,657,27810,19.99%,20.56%,
106/06/19,-15,0,42,27,27019,115,597,27731,19.98%,20.51%,
106/06/16,17,0,6,23,27138,115,555,27808,20.07%,20.57%,
106/06/15,5,0,6,11,27122,115,549,27786,20.05%,20.54%,
106/06/14,131,0,-56,75,27118,115,543,27776,20.05%,20.54%,
106/06/13,60,0,1,61,26987,115,599,27701,19.95%,20.48%,
106/06/12,25,0,-13,12,26987,115,598,27700,19.95%,20.48%,
106/06/09,22,0,-23,-1,26962,115,611,27688,19.93%,20.47%,
106/06/08,-13,30,-39,-22,26975,115,634,27724,19.94%,20.49%,
106/06/07,4,10,331,345,26988,85,673,27746,19.95%,20.51%,
106/06/06,96,0,1,97,27086,75,342,27503,20.03%,20.34%,
106/06/05,48,0,-9,39,27002,75,341,27418,19.96%,20.27%,
106/06/03,0,0,-14,-14,26954,75,350,27379,19.93%,20.24%,
106/06/02,-145,0,25,-120,26954,75,364,27393,19.93%,20.25%,
106/06/01,-120,0,37,-83,27099,75,339,27513,20.04%,20.35%,
106/05/31,62,0,10,72,27219,75,302,27596,20.13%,20.41%,
106/05/26,35,-40,-7,-12,27157,75,292,27524,20.08%,20.35%,
106/05/25,-4,0,-4,-8,27131,115,299,27545,20.06%,20.37%,
106/05/24,-59,0,-7,-66,27124,115,303,27542,20.06%,20.37%,
106/05/23,-53,0,-8,-61,27179,115,310,27604,20.10%,20.41%,
106/05/22,-84,0,1,-83,27222,115,318,27655,20.13%,20.45%,
106/05/19,-105,0,-47,-152,26731,115,317,27163,20.49%,20.81%,
106/05/18,-1,0,23,22,26836,115,364,27315,20.58%,20.93%,
106/05/17,-19,0,-64,-83,26837,115,341,27293,20.58%,20.92%,
106/05/16,-24,0,24,0,26896,115,405,27416,20.62%,21.00%,
106/05/15,-46,0,57,11,26910,115,381,27406,20.63%,21.00%,
106/05/12,30,0,-12,18,26946,115,324,27385,20.66%,20.98%,
106/05/11,163,0,-90,73,26926,115,336,27377,20.64%,20.97%,
106/05/10,-12,0,10,-2,26878,115,426,27419,20.61%,21.01%,
106/05/09,-12,0,-6,-18,26890,115,416,27421,20.62%,21.01%,
106/05/08,60,0,-2,58,26902,115,422,27439,20.63%,21.03%,
106/05/05,123,-25,-70,28,26895,115,424,27434,20.62%,21.02%,
106/05/04,319,-33,26,312,26769,140,494,27403,20.52%,20.99%,
106/05/03,-46,0,-13,-59,26450,173,468,27091,20.28%,20.75%,
106/05/02,79,0,11,90,26496,173,481,27150,20.31%,20.79%,
106/04/28,219,0,3,222,26411,173,470,27054,20.25%,20.73%,
106/04/27,141,0,-5,136,26162,173,467,26802,20.06%,20.53%,
106/04/26,19,0,-39,-20,26074,173,472,26719,19.99%,20.47%,
106/04/25,388,0,124,512,26055,173,511,26739,19.98%,20.49%,
106/04/24,132,0,12,144,25667,173,387,26227,19.68%,20.09%,
106/04/21,211,0,-4,207,25535,173,375,26083,19.58%,19.99%,
106/04/20,218,0,-9,209,25324,173,379,25876,19.42%,19.83%,
106/04/19,52,0,13,65,25157,173,388,25718,19.29%,19.70%,
106/04/18,223,0,-1,222,25095,173,375,25643,19.24%,19.65%,
106/04/17,46,0,-44,2,24872,173,376,25421,19.07%,19.48%,
106/04/14,17,0,-11,6,24826,173,420,25419,19.03%,19.47%,
106/04/13,235,0,-211,24,24809,173,431,25413,19.02%,19.47%,
106/04/12,-40,0,2,-38,24574,173,642,25389,18.84%,19.44%,
106/04/11,114,0,-80,34,24614,173,640,25427,18.87%,19.47%,
106/04/10,-113,0,-31,-144,24529,173,720,25422,18.81%,19.47%,
106/04/07,-5,0,-65,-70,24642,173,751,25566,18.89%,19.57%,
106/04/06,37,0,-69,-32,24647,173,816,25636,18.90%,19.64%,
106/04/05,616,-1,103,718,24610,173,885,25668,18.87%,19.66%,
106/03/31,-96,-15,-9,-120,23995,174,782,24951,18.40%,19.11%,
106/03/30,-47,-2,-13,-62,24091,255,791,25137,18.47%,19.25%,
106/03/29,0,0,-33,-33,24016,257,804,25077,18.41%,19.20%,
106/03/28,30,0,74,104,24016,257,837,25110,18.41%,19.23%,
106/03/27,359,0,86,445,23974,257,763,24994,18.38%,19.14%,
106/03/24,8,-81,8,-65,23615,257,677,24549,18.11%,18.81%,
106/03/23,-140,42,20,-78,23591,338,669,24598,18.09%,18.84%,
106/03/22,-92,-67,1,-158,23730,296,649,24675,18.19%,18.90%,
106/03/21,-126,0,-4,-130,23907,363,648,24918,18.33%,19.08%,
106/03/20,-71,0,-18,-89,23981,363,652,24996,18.39%,19.15%,
106/03/17,234,0,-11,223,24032,363,670,25065,18.43%,19.20%,
106/03/16,-302,0,3,-299,23788,363,681,24832,18.24%,19.02%,
106/03/15,-136,-2,-231,-369,24057,363,678,25098,18.44%,19.22%,
106/03/14,19,0,37,56,24248,365,909,25522,18.59%,19.54%,
106/03/13,-209,0,-135,-344,24229,365,872,25466,18.58%,19.50%,
106/03/10,-100,0,-133,-233,24438,365,1007,25810,18.74%,19.76%,
106/03/09,-47,0,-4,-51,24528,365,1140,26033,18.81%,19.93%,
106/03/08,1,0,-62,-61,24677,365,1144,26186,18.92%,20.05%,
106/03/07,-225,0,168,-57,24676,365,1206,26247,18.92%,20.09%,
106/03/06,-13,0,-28,-41,24923,365,1038,26326,19.11%,20.16%,
106/03/03,-42,0,23,-19,24936,365,1066,26367,19.12%,20.19%,
106/03/02,-362,0,-92,-454,25050,365,1043,26458,19.21%,20.26%,
106/03/01,-159,0,23,-136,25412,365,1135,26912,19.48%,20.60%,
106/02/24,-179,0,-64,-243,25779,365,1112,27256,19.77%,20.87%,
106/02/23,-480,0,-179,-659,25961,365,1176,27502,19.90%,21.05%,
106/02/22,282,0,324,606,25970,365,1355,27690,19.91%,21.19%,
106/02/21,136,0,-370,-234,25669,365,1031,27065,19.68%,20.72%,
106/02/20,-315,0,-353,-668,25533,365,1401,27299,19.58%,20.90%,
106/02/18,-2,0,-52,-54,25848,365,1754,27967,19.82%,21.40%,
106/02/17,129,-13,992,1108,25850,365,1806,28021,19.82%,21.44%,
106/02/16,-88,0,160,72,25707,378,814,26899,19.71%,20.60%,
106/02/15,-288,0,65,-223,25795,378,654,26827,19.78%,20.55%,
106/02/14,-57,0,-12,-69,26081,378,589,27048,20.00%,20.72%,
106/02/13,-151,0,2,-149,26076,378,601,27055,19.99%,20.72%,
106/02/10,-28,0,-26,-54,26175,378,599,27152,20.07%,20.80%,
106/02/09,2,0,-97,-95,26452,378,625,27455,20.28%,21.03%,
106/02/08,-316,0,285,-31,26443,378,722,27543,20.27%,21.09%,
106/02/07,-64,0,-15,-79,26759,378,437,27574,20.52%,21.13%,
106/02/06,-7,0,5,-2,26823,378,452,27653,20.57%,21.19%,
106/02/03,-57,0,-10,-67,26830,378,447,27655,20.57%,21.20%,
106/02/02,-409,0,-158,-567,26957,378,457,27792,20.67%,21.31%,
106/01/24,-32,-30,-34,-96,27346,378,615,28339,20.97%,21.73%,
106/01/23,-105,0,-50,-155,27266,408,649,28323,20.91%,21.72%,
106/01/20,53,0,-202,-149,27361,408,699,28468,20.98%,21.83%,
106/01/19,-432,0,685,253,27308,408,901,28617,20.94%,21.94%,
106/01/18,-36,0,-38,-74,27729,408,216,28353,21.26%,21.74%,
106/01/17,-66,-20,5,-81,27665,408,254,28327,21.21%,21.72%,
106/01/16,-288,0,190,-98,27681,428,249,28358,21.22%,21.74%,
106/01/13,-67,0,13,-54,27959,428,59,28446,21.44%,21.81%,
106/01/12,74,-318,46,-198,27996,428,46,28470,21.47%,21.83%,
106/01/11,-256,-1633,-45,-1934,27922,746,0,28668,21.41%,21.98%,
106/01/10,506,-656,-21,-171,28177,2379,0,30556,21.60%,23.42%,
106/01/09,529,-2176,-18,-1665,28422,3035,0,31457,21.79%,24.12%,
106/01/06,-221,-625,-210,-1056,27893,5211,0,33104,21.39%,25.39%,
106/01/05,579,-398,14,195,27114,5836,14,32964,20.79%,25.28%,
106/01/04,631,-322,-82,227,26535,6234,0,32769,20.34%,25.12%,
106/01/03,-1440,-937,51,-2326,25928,6556,51,32535,19.88%,24.95%,
105/12/30,-914,-595,-182,-1691,27368,7493,0,34861,20.98%,26.73%,
105/12/29,-1149,-1559,157,-2551,28168,8088,157,36413,21.60%,27.92%,
105/12/28,-98,-625,-120,-843,29256,9647,0,38903,22.43%,29.83%,
105/12/27,36,0,-8,28,29418,10272,0,39690,22.56%,30.44%,
105/12/26,78,-21,-40,17,29382,10272,0,39654,22.53%,30.41%,
105/12/23,-508,-117,-141,-766,29304,10293,9,39606,22.47%,30.37%,
105/12/22,-10,0,11,1,29812,10410,150,40372,22.86%,30.96%,
105/12/21,2,0,22,24,29812,10410,139,40361,22.86%,30.95%,
105/12/20,56,-412,-136,-492,29810,10410,117,40337,22.86%,30.93%,
105/12/19,-196,-23,-85,-304,29755,10822,253,40830,22.81%,31.30%,
105/12/16,-148,55,-3,-96,29941,10845,338,41124,22.96%,31.54%,
105/12/15,-51,1,-2,-52,30075,10790,341,41206,23.06%,31.60%,
105/12/14,-216,36,-3,-183,30115,10789,343,41247,23.09%,31.63%,
105/12/13,-219,-87,1,-305,30244,10753,346,41343,23.19%,31.70%,
105/12/12,-138,41,40,-57,30453,10840,345,41638,23.35%,31.93%,
105/12/09,2,30,-18,14,30491,10799,305,41595,23.38%,31.90%,
105/12/08,-175,115,23,-37,30482,10769,323,41574,23.37%,31.88%,
105/12/07,-254,55,84,-115,30658,10654,300,41612,23.51%,31.91%,
105/12/06,-28,0,8,-20,30912,10599,216,41727,23.70%,31.99%,
105/12/05,-263,16,-42,-289,30940,10599,208,41747,23.72%,32.01%,
105/12/02,-80,40,-29,-69,31193,10583,250,42026,23.92%,32.23%,
105/12/01,53,-99,33,-13,31273,10543,279,42095,23.98%,32.28%,
105/11/30,-217,-64,-14,-295,31220,10642,246,42108,23.94%,32.29%,
105/11/29,-367,232,-37,-172,31506,10706,260,42472,24.16%,32.57%,
105/11/28,41,117,16,174,31873,10474,297,42644,24.44%,32.70%,
105/11/25,-26,3,53,30,31832,10357,281,42470,24.41%,32.57%,
105/11/24,-114,-26,-20,-160,31869,10354,228,42451,24.44%,32.56%,
105/11/23,-131,-99,-55,-285,32003,10380,248,42631,24.54%,32.69%,
105/11/22,95,-262,261,94,32119,10479,303,42901,24.63%,32.90%,
105/11/21,121,-468,42,-305,32014,10741,42,42797,24.55%,32.82%,
105/11/18,-68,4,-22,-86,31893,11209,0,43102,24.45%,33.05%,
105/11/17,-182,-45,7,-220,31961,11205,7,43173,24.51%,33.11%,
105/11/16,11,0,-171,-160,32143,11250,0,43393,24.65%,33.28%,
105/11/15,-322,53,33,-236,32132,11250,33,43415,24.64%,33.29%,
105/11/14,-91,-8,-160,-259,32354,11197,0,43551,24.81%,33.40%,
105/11/11,-177,-38,8,-207,32451,11205,99,43755,24.88%,33.55%,
105/11/10,197,49,91,337,32628,11243,91,43962,25.02%,33.71%,
105/11/09,-53,-3,-201,-257,32421,11194,0,43615,24.86%,33.44%,
105/11/08,-52,0,-23,-75,32474,11197,186,43857,24.90%,33.63%,
105/11/07,-43,24,14,-5,32566,11197,209,43972,24.97%,33.72%,
105/11/04,-13,0,8,-5,32609,11173,195,43977,25.00%,33.72%,
105/11/03,119,-60,6,65,32612,11173,187,43972,25.01%,33.72%,
105/11/02,-55,-92,73,-74,32483,11233,181,43897,24.91%,33.66%,
105/11/01,-56,-31,-16,-103,32538,11325,108,43971,24.95%,33.72%,
105/10/31,-39,0,9,-30,32594,11356,124,44074,24.99%,33.79%,
105/10/28,38,0,-49,-11,32633,11356,115,44104,25.02%,33.82%,
105/10/27,-97,37,-16,-76,32595,11356,164,44115,24.99%,33.82%,
105/10/26,-25,30,-7,-2,32692,11319,180,44191,25.07%,33.89%,
105/10/25,-15,5,25,15,32717,11289,187,44193,25.09%,33.89%,
105/10/24,56,-20,1,37,32860,11284,162,44306,25.20%,33.98%,
105/10/21,-68,59,-93,-102,32804,11304,161,44269,25.15%,33.94%,
105/10/20,116,78,119,313,32862,11245,254,44361,25.20%,34.02%,
105/10/19,70,40,135,245,33361,11167,135,44663,25.58%,34.25%,
105/10/18,-49,-10,-5,-64,33354,11127,0,44481,25.57%,34.10%,
105/10/17,132,55,-379,-192,33393,11137,0,44530,25.60%,34.14%,
105/10/14,510,-9,-146,355,33261,11082,38,44381,25.50%,34.03%,
105/10/13,-18,19,-118,-117,32743,11091,184,44018,25.11%,33.76%,
105/10/12,58,59,-110,7,32961,11072,302,44335,25.27%,33.99%,
105/10/11,101,-20,-235,-154,33053,11013,412,44478,25.34%,34.10%,
105/10/07,-108,460,-8,344,32384,11033,647,44064,24.83%,33.79%,
105/10/06,164,75,70,309,32458,10573,655,43686,24.89%,33.50%,
105/10/05,230,-9,-28,193,32284,10498,585,43367,24.75%,33.25%,
105/10/04,143,-7,62,198,32054,10507,613,43174,24.58%,33.11%,
105/10/03,-11,3,-53,-61,31911,10514,551,42976,24.47%,32.96%,
105/09/30,148,-144,-160,-156,31922,10511,604,43037,24.48%,33.01%,
105/09/29,366,0,-98,268,31763,10252,764,42779,24.35%,32.80%,
105/09/26,-83,16,27,-40,31387,10252,862,42501,24.07%,32.60%,
105/09/23,338,80,-164,254,31490,10236,835,42561,24.15%,32.64%,
105/09/22,130,54,-151,33,31152,10156,999,42307,23.89%,32.45%,
105/09/21,176,3,-93,86,31022,10102,1150,42274,23.79%,32.42%,
105/09/20,123,69,98,290,30846,10099,1244,42189,23.65%,32.35%,
105/09/19,240,63,45,348,30713,10030,1146,41889,23.55%,32.13%,
105/09/14,38,-11,40,67,30473,9967,1101,41541,23.36%,31.85%,
105/09/13,-25,20,131,126,30435,9978,1061,41474,23.34%,31.81%,
105/09/12,47,3,32,82,30475,9958,930,41363,23.37%,31.72%,
105/09/10,31,88,-5,114,30428,9955,898,41281,23.33%,31.66%,
105/09/09,-97,-27,183,59,30397,9867,903,41167,23.31%,31.57%,
105/09/08,-87,-5,-2,-94,30494,9894,720,41108,23.38%,31.52%,
105/09/07,-117,0,32,-85,30581,9899,722,41202,23.45%,31.60%,
105/09/06,250,-128,149,271,30685,9899,690,41274,23.53%,31.65%,
105/09/05,25,-28,-16,-19,30436,10027,541,41004,23.34%,31.45%,
105/09/02,23,22,-133,-88,30398,10055,557,41010,23.31%,31.45%,
105/09/01,186,236,-76,346,30346,10033,690,41069,23.27%,31.50%,
105/08/31,84,336,-156,264,30160,9797,766,40723,23.12%,31.22%,
105/08/30,271,95,146,512,30087,9461,922,40470,23.07%,31.04%,
105/08/29,87,44,-165,-34,29816,9366,776,39958,22.86%,30.64%,
105/08/26,251,63,576,890,29729,9322,941,39992,22.79%,30.66%,
105/08/25,253,15,70,338,29478,9259,365,39102,22.60%,29.98%,
105/08/24,163,14,-19,158,29225,9244,295,38764,22.41%,29.73%,
105/08/23,165,0,0,165,29237,9230,314,38781,22.42%,29.74%,
105/08/22,129,22,14,165,29062,9230,314,38606,22.28%,29.60%,
105/08/19,162,14,-71,105,28933,9208,300,38441,22.18%,29.48%,
105/08/18,296,457,237,990,28811,9194,371,38376,22.09%,29.43%,
105/08/17,476,60,-266,270,28515,8737,134,37386,21.86%,28.67%,
105/08/16,72,-1,-10,61,28039,8677,400,37116,21.50%,28.46%,
105/08/15,190,0,-22,168,27991,8678,410,37079,21.46%,28.43%,
105/08/12,-172,50,-28,-150,27801,8678,432,36911,21.32%,28.31%,
105/08/11,100,46,-9,137,27973,8628,460,37061,21.45%,28.42%,
105/08/10,-39,70,-227,-196,27873,8582,469,36924,21.37%,28.31%,
105/08/09,-44,40,61,57,27912,8512,696,37120,21.40%,28.47%,
105/08/08,-53,89,-83,-47,27956,8472,635,37063,21.43%,28.42%,
105/08/05,-23,157,187,321,28009,8383,718,37110,21.48%,28.46%,
105/08/04,42,8,43,93,28032,8226,531,36789,21.49%,28.21%,
105/08/03,118,59,-138,39,27980,8218,487,36685,21.45%,28.13%,
105/08/02,0,80,33,113,27868,8159,625,36652,21.37%,28.11%,
105/08/01,-3,-1,-9,-13,27868,8079,592,36539,21.37%,28.02%,
105/07/29,-15,163,-119,29,27721,8080,602,36403,21.25%,27.91%,
105/07/28,151,80,8,239,27955,7917,721,36593,21.43%,28.06%,
105/07/27,89,115,-131,73,27804,7837,713,36354,21.32%,27.88%,
105/07/26,430,0,28,458,27715,7722,844,36281,21.25%,27.82%,
105/07/25,229,35,-40,224,28285,7722,816,36823,21.69%,28.24%,
105/07/22,365,-1,127,491,28056,7687,856,36599,21.51%,28.06%,
105/07/21,12,58,105,175,27669,7688,729,36086,21.21%,27.67%,
105/07/20,101,-1,-236,-136,27651,7630,624,35905,21.20%,27.53%,
105/07/19,613,50,-15,648,26540,7631,860,35031,20.35%,26.86%,
105/07/18,-77,355,-193,85,25708,7581,875,34164,19.71%,26.20%,
105/07/15,-196,54,376,234,25796,7226,1068,34090,19.78%,26.14%,
105/07/14,166,-18,47,195,26875,7172,692,34739,20.61%,26.64%,
105/07/13,58,-82,-34,-58,26524,7190,645,34359,20.34%,26.35%,
105/07/12,-148,-32,-51,-231,26486,7272,679,34437,20.31%,26.41%,
105/07/11,-226,48,-223,-401,26610,7304,730,34644,20.40%,26.56%,
105/07/07,-41,0,213,172,26815,7256,953,35024,20.56%,26.86%,
105/07/06,-23,10,-9,-22,26856,7256,740,34852,20.59%,26.73%,
105/07/05,-1,29,61,89,26864,7246,749,34859,20.60%,26.73%,
105/07/04,-141,30,55,-56,26865,7217,688,34770,20.60%,26.67%,
105/07/01,57,148,-11,194,27006,7187,633,34826,20.71%,26.71%,
105/06/30,51,0,56,107,27049,7039,644,34732,20.74%,26.64%,
105/06/29,25,11,-26,10,27018,6767,588,34373,20.71%,26.35%,
105/06/28,107,40,-1,146,26993,6756,614,34363,20.70%,26.36%,
105/06/27,66,4,-49,21,26896,6716,615,34227,20.62%,26.25%,
105/06/24,-76,4,-27,-99,26830,6712,664,34206,20.57%,26.23%,
105/06/23,122,-27,-47,48,26913,6708,691,34312,20.63%,26.31%,
105/06/22,-92,5,-2,-89,26849,6735,738,34322,20.59%,26.33%,
105/06/21,-20,-79,15,-84,26951,6730,740,34421,20.66%,26.39%,
105/06/20,-123,-14,-1,-138,27141,6809,725,34675,20.81%,26.59%,
105/06/17,67,-12,-48,7,27311,6823,726,34860,20.94%,26.73%,
105/06/16,-40,79,-44,-5,27244,6835,774,34853,20.89%,26.73%,
105/06/15,-13,0,158,145,27293,6756,818,34867,20.93%,26.74%,
105/06/14,-54,-20,21,-53,27306,6756,660,34722,20.94%,26.63%,
105/06/13,115,0,64,179,27360,6776,639,34775,20.98%,26.67%,
105/06/08,211,82,163,456,27235,6776,575,34586,20.88%,26.52%,
105/06/07,92,0,68,160,27071,6694,412,34177,20.76%,26.21%,
105/06/06,-7,0,-7,-14,26979,6694,344,34017,20.69%,26.09%,
105/06/04,25,-30,-28,-33,26986,6694,351,34031,20.69%,26.10%,
105/06/03,-223,-5,-30,-258,26961,6724,379,34064,20.67%,26.12%,
105/06/02,-54,-50,63,-41,27303,6729,409,34441,20.93%,26.41%,
105/06/01,19,28,-40,7,27357,6779,346,34482,20.98%,26.45%,
105/05/31,-54,22,-39,-71,27348,6751,386,34485,20.97%,26.45%,
105/05/30,457,117,192,766,27353,6729,425,34507,20.97%,26.46%,
105/05/27,36,0,14,50,26896,6612,233,33741,20.62%,25.87%,
105/05/26,-190,175,-12,-27,26897,6612,219,33728,20.65%,25.89%,
105/05/25,-44,93,-11,38,27384,6437,231,34052,21.02%,26.14%,
105/05/24,115,160,-28,247,27428,6344,242,34014,21.06%,26.11%,
105/05/23,112,220,-67,265,27346,6184,270,33800,20.99%,25.94%,
105/05/20,108,7,39,154,27229,5964,337,33530,20.90%,25.74%,
105/05/19,112,9,-83,38,27111,5957,298,33366,20.81%,25.61%,
105/05/18,134,30,3,167,27065,5948,381,33394,20.78%,25.64%,
105/05/17,29,219,-16,232,26931,5918,378,33227,20.67%,25.50%,
105/05/16,55,25,76,156,26902,5699,394,32995,20.65%,25.33%,
105/05/13,195,40,-61,174,26789,5674,318,32781,20.56%,25.16%,
105/05/12,-6,25,-194,-175,25470,5634,379,31483,19.55%,24.16%,
105/05/11,172,66,-40,198,25476,5609,573,31658,19.56%,24.30%,
105/05/10,-211,20,25,-166,25366,5543,613,31522,19.47%,24.19%,
105/05/09,-171,50,-3,-124,25786,5523,588,31897,19.79%,24.48%,
105/05/06,-80,15,-48,-113,25957,5473,591,32021,19.93%,24.58%,
105/05/05,92,13,-30,75,26037,5458,639,32134,19.99%,24.67%,
105/05/04,31,46,-60,17,25919,5445,669,32033,19.90%,24.59%,
105/05/03,281,34,-59,256,25848,5399,729,31976,19.84%,24.54%,
105/04/29,-684,109,47,-528,25557,5365,788,31710,19.62%,24.34%,
105/04/28,50,-9,-67,-26,25775,5256,741,31772,19.79%,24.39%,
105/04/27,73,-24,-7,42,25960,5265,808,32033,19.93%,24.59%,
105/04/26,388,-147,6,247,25922,5289,815,32026,19.90%,24.58%,
105/04/25,169,-92,-41,36,25536,5436,809,31781,19.60%,24.39%,
105/04/22,230,127,-14,343,25414,5528,850,31792,19.51%,24.40%,
105/04/21,885,124,-65,944,25184,5401,864,31449,19.33%,24.14%,
105/04/20,-327,50,-47,-324,24285,5277,929,30491,18.64%,23.40%,
105/04/19,953,324,351,1628,24602,5227,976,30805,18.89%,23.65%,
105/04/18,96,61,19,176,23655,4903,625,29183,18.16%,22.40%,
105/04/15,128,22,16,166,23404,4842,606,28852,17.97%,22.15%,
105/04/14,99,3,59,161,23260,4820,590,28670,17.85%,22.00%,
105/04/13,-18,-18,134,98,23179,4817,531,28527,17.79%,21.89%,
105/04/12,-83,1,-150,-232,23197,4835,397,28429,17.81%,21.83%,
105/04/11,-154,371,19,236,23240,4834,547,28621,17.84%,21.97%,
105/04/08,-275,30,54,-191,23394,4463,528,28385,17.96%,21.79%,
105/04/07,-59,-144,17,-186,23669,4433,474,28576,18.17%,21.94%,
105/04/06,-148,-181,13,-316,24074,4577,457,29108,18.48%,22.35%,
105/04/01,-82,0,5,-77,24222,4758,444,29424,18.59%,22.58%,
105/03/31,-20,0,-19,-39,24583,4758,439,29780,18.87%,22.86%,
105/03/30,52,-48,0,4,24542,4779,458,29779,18.84%,22.86%,
105/03/29,-95,-301,-6,-402,24490,4827,458,29775,18.80%,22.86%,
105/03/28,-13,-50,-8,-71,24693,5128,464,30285,18.96%,23.25%,
105/03/25,0,-51,-23,-74,24726,5178,472,30376,18.98%,23.32%,
105/03/24,336,-263,0,73,24726,5229,495,30450,18.98%,23.38%,
105/03/23,119,-187,-23,-91,24406,5492,495,30393,18.73%,23.33%,
105/03/22,-13,-52,-61,-126,24257,5679,518,30454,18.62%,23.38%,
105/03/21,-61,-98,19,-140,24294,5731,579,30604,18.65%,23.50%,
105/03/18,-114,-112,1,-225,24386,5829,560,30775,18.72%,23.63%,
105/03/17,57,-31,-17,9,24518,5941,559,31018,18.82%,23.81%,
105/03/16,186,0,76,262,24243,5972,576,30791,18.61%,23.64%,
105/03/15,40,-20,53,73,24079,5972,500,30551,18.48%,23.45%,
105/03/14,249,8,45,302,24095,5992,447,30534,18.50%,23.44%,
105/03/11,3,0,80,83,23846,5984,402,30232,18.31%,23.21%,
105/03/10,5,3,-19,-11,23835,5984,322,30141,18.30%,23.14%,
105/03/09,17,44,-30,31,23830,5981,341,30152,18.29%,23.14%,
105/03/08,-202,0,19,-183,23813,5937,371,30121,18.28%,23.12%,
105/03/07,217,66,-52,231,24015,5937,352,30304,18.43%,23.26%,
105/03/04,-118,106,-124,-136,23807,5871,404,30082,18.27%,23.09%,
105/03/03,108,96,100,304,23925,5765,528,30218,18.37%,23.20%,
105/03/02,323,0,114,437,23816,5669,428,29913,18.28%,22.96%,
105/03/01,23,0,-3,20,23413,5669,314,29396,17.97%,22.56%,
105/02/26,46,18,-5,59,23390,5669,317,29376,17.96%,22.56%,
105/02/25,-146,0,0,-146,23380,5651,322,29353,17.95%,22.54%,
105/02/24,-75,0,-34,-109,23526,5651,322,29499,18.06%,22.65%,
105/02/23,-27,0,8,-19,23527,5651,356,29534,18.06%,22.67%,
105/02/22,106,0,-71,35,23554,5651,348,29553,18.08%,22.69%,
105/02/19,42,-28,-126,-112,23448,5651,419,29518,18.00%,22.66%,
105/02/18,37,0,117,154,23396,5679,545,29620,17.96%,22.74%,
105/02/17,57,-20,11,48,23350,5679,428,29457,17.92%,22.61%,
105/02/16,-1,0,-16,-17,23293,5699,417,29409,17.88%,22.58%,
105/02/15,61,-0,7,68,23294,5699,433,29426,17.88%,22.59%,
105/02/03,16,0,-85,-69,23197,5699,426,29322,17.81%,22.51%,
105/02/02,259,0,13,272,23249,5699,511,29459,17.85%,22.62%,
105/02/01,127,0,85,212,23147,5699,498,29344,17.77%,22.53%,
105/01/30,0,3,-72,-69,23000,5699,413,29112,17.66%,22.35%,
105/01/29,150,-158,7,-1,23000,5696,485,29181,17.66%,22.41%,
105/01/28,72,-167,-8,-103,22850,5854,478,29182,17.54%,22.40%,
105/01/27,-6,-167,-161,-334,22778,6021,486,29285,17.49%,22.49%,
105/01/26,-1,100,-203,-104,22785,6188,647,29620,17.49%,22.74%,
105/01/25,154,0,371,525,22776,6088,850,29714,17.48%,22.81%,
105/01/22,17,0,-29,-12,22622,6088,479,29189,17.37%,22.41%,
105/01/21,19,0,-35,-16,22605,6088,508,29201,17.35%,22.41%,
105/01/20,-32,-2,-44,-78,22586,6088,543,29217,17.34%,22.43%,
105/01/19,6,0,-16,-10,22618,6090,587,29295,17.36%,22.49%,
105/01/18,35,-88,38,-15,22451,6090,603,29144,17.23%,22.37%,
105/01/15,-75,-2,2,-75,22386,6178,565,29129,17.18%,22.36%,
105/01/14,-24,0,13,-11,22524,6180,563,29267,17.29%,22.47%,
105/01/13,68,34,-10,92,22549,6180,550,29279,17.31%,22.48%,
105/01/12,-131,0,-52,-183,22512,6146,560,29218,17.28%,22.43%,
105/01/11,-57,0,-21,-78,22514,6146,612,29272,17.28%,22.47%,
105/01/08,252,-30,18,240,22571,6146,633,29350,17.33%,22.54%,
105/01/07,-156,-208,-116,-480,22329,6176,615,29120,17.14%,22.35%,
105/01/06,-219,-200,-30,-449,22483,6384,731,29598,17.26%,22.72%,
105/01/05,-151,-74,26,-199,22435,6584,761,29780,17.22%,22.86%,
105/01/04,-284,-10,38,-256,22950,6658,735,30343,17.62%,23.30%,
104/12/31,539,-224,-60,255,23234,6668,697,30599,17.84%,23.50%,
104/12/30,-63,-49,-9,-121,22695,7172,757,30624,17.42%,23.51%,
104/12/29,127,-109,8,26,22748,7221,766,30735,17.46%,23.59%,
104/12/28,-79,-19,-4,-102,22621,7330,758,30709,17.36%,23.57%,
104/12/25,58,-148,16,-74,22700,7349,762,30811,17.43%,23.66%,
104/12/24,-6,-239,-114,-359,22642,7497,746,30885,17.38%,23.71%,
104/12/23,-96,-470,61,-505,22455,7736,860,31051,17.24%,23.84%,
104/12/22,-81,-170,33,-218,22496,8206,799,31501,17.27%,24.18%,
104/12/21,-50,-149,0,-199,22533,8376,766,31675,17.30%,24.32%,
104/12/18,-64,-175,-32,-271,22567,8525,766,31858,17.32%,24.45%,
104/12/17,-259,-166,94,-331,22631,8700,798,32129,17.37%,24.66%,
104/12/16,-284,-130,1,-413,22890,8866,704,32460,17.57%,24.92%,
104/12/15,-361,-267,73,-555,23182,8996,703,32881,17.79%,25.24%,
104/12/14,38,-225,-17,-204,23192,9263,630,33085,17.80%,25.40%,
104/12/11,-308,117,5,-186,23146,9488,647,33281,17.77%,25.55%,
104/12/10,-5,4,-26,-27,23454,9371,642,33467,18.00%,25.69%,
104/12/09,-64,2,-67,-129,23458,9367,668,33493,18.01%,25.72%,
104/12/08,112,-32,-66,14,23522,9365,735,33622,18.06%,25.82%,
104/12/07,49,-77,-9,-37,23410,9397,801,33608,17.97%,25.80%,
104/12/04,-129,-536,12,-653,23361,9474,810,33645,17.93%,25.83%,
104/12/03,-276,-263,-83,-622,23490,10010,798,34298,18.03%,26.33%,
104/12/02,182,-242,31,-29,23766,10273,881,34920,18.24%,26.80%,
104/12/01,223,0,6,229,23584,10515,850,34949,18.10%,26.83%,
104/11/30,116,-35,-123,-42,23361,10515,844,34720,17.93%,26.65%,
104/11/27,-19,0,-419,-438,23203,10550,967,34720,17.81%,26.65%,
104/11/26,-727,298,205,-224,23233,10550,1386,35169,17.83%,26.99%,
104/11/25,236,467,319,1022,23942,10252,1181,35375,18.38%,27.16%,
104/11/24,13,333,-187,159,23706,9785,862,34353,18.20%,26.38%,
104/11/23,-12,0,-177,-189,23593,9452,1049,34094,18.11%,26.17%,
104/11/20,-1548,1865,-278,39,23604,9452,1226,34282,18.12%,26.32%,
104/11/19,303,787,428,1518,25224,7587,1504,34315,19.36%,26.34%,
104/11/18,60,180,73,313,24921,6800,1076,32797,19.13%,25.18%,
104/11/17,-383,670,-120,167,24997,6620,1003,32620,19.19%,25.04%,
104/11/16,36,32,3,71,25152,5950,1123,32225,19.31%,24.74%,
104/11/13,71,0,-7,64,25016,5918,1120,32054,19.20%,24.60%,
104/11/12,-156,0,2,-154,24915,5918,1127,31960,19.13%,24.54%,
104/11/11,-14,-283,-95,-392,25152,5918,1125,32195,19.31%,24.72%,
104/11/10,-190,-50,-83,-323,25153,6201,1220,32574,19.31%,25.01%,
104/11/09,-58,0,-95,-153,25343,6251,1303,32897,19.45%,25.25%,
104/11/06,-224,7,-15,-232,25349,6251,1398,32998,19.46%,25.33%,
104/11/05,29,0,-185,-156,25747,6244,1413,33404,19.76%,25.64%,
104/11/04,100,49,311,460,25718,6244,1598,33560,19.74%,25.76%,
104/11/03,17,0,25,42,25591,6195,1287,33073,19.65%,25.39%,
104/11/02,33,0,91,124,25511,6195,1262,32968,19.58%,25.31%,
104/10/30,-395,97,-49,-347,25478,6195,1171,32844,19.56%,25.22%,
104/10/29,-411,30,-371,-752,25873,6098,1220,33191,19.86%,25.48%,
104/10/28,-356,15,451,110,26284,6068,1591,33943,20.18%,26.06%,
104/10/27,-208,8,33,-167,26640,6053,1140,33833,20.45%,25.97%,
104/10/26,-111,0,-19,-130,26848,6045,1107,34000,20.61%,26.10%,
104/10/23,115,-209,-61,-155,26959,6045,1126,34130,20.70%,26.21%,
104/10/22,-227,11,-52,-268,26844,6254,1187,34285,20.61%,26.32%,
104/10/21,-437,-25,-161,-623,27071,6243,1239,34553,20.78%,26.52%,
104/10/20,-172,2,25,-145,27508,6268,1400,35176,21.12%,27.01%,
104/10/19,-241,13,-355,-583,27681,6266,1375,35322,21.25%,27.12%,
104/10/16,-146,54,-196,-288,27932,6253,1730,35915,21.44%,27.57%,
104/10/15,81,77,227,385,28078,6199,1926,36203,21.55%,27.79%,
104/10/14,-113,73,71,31,27997,6122,1699,35818,21.49%,27.50%,
104/10/13,-162,0,-115,-277,28108,6049,1628,35785,21.58%,27.47%,
104/10/12,-282,128,258,104,28270,6049,1743,36062,21.70%,27.68%,
104/10/08,-194,280,-358,-272,28553,5921,1485,35959,21.92%,27.61%,
104/10/07,-276,82,385,191,28736,5641,1843,36220,22.06%,27.81%,
104/10/06,-296,54,198,-44,29012,5559,1458,36029,22.27%,27.66%,
104/10/05,43,76,2,121,29308,5505,1260,36073,22.50%,27.69%,
104/10/02,-229,-31,-89,-349,29265,5429,1258,35952,22.47%,27.60%,
104/10/01,331,0,105,436,29494,5460,1347,36301,22.64%,27.87%,
104/09/30,-102,0,-38,-140,29163,5460,1242,35865,22.39%,27.54%,
104/09/25,64,-21,83,126,29265,5912,1280,36457,22.47%,27.99%,
104/09/24,455,-71,-63,321,29201,5933,1197,36331,22.42%,27.89%,
104/09/23,7,13,-11,9,28656,6004,1260,35920,22.00%,27.58%,
104/09/22,-100,-0,3,-97,28649,5991,1271,35911,21.99%,27.57%,
104/09/21,-14,1,-41,-54,28749,5991,1268,36008,22.07%,27.64%,
104/09/18,86,145,0,231,28763,5990,1309,36062,22.08%,27.68%,
104/09/17,126,8,-73,61,28527,5845,1309,35681,21.90%,27.39%,
104/09/16,-166,112,107,53,28401,5837,1382,35620,21.80%,27.34%,
104/09/15,-243,25,-157,-375,28434,5725,1275,35434,21.83%,27.20%,
104/09/14,-590,90,106,-394,28677,5700,1432,35809,22.01%,27.49%,
104/09/11,27,215,-187,55,29267,5610,1326,36203,22.47%,27.80%,
104/09/10,-113,156,390,433,29240,5395,1513,36148,22.45%,27.75%,
104/09/09,-557,28,-67,-596,29353,5239,1123,35715,22.53%,27.42%,
104/09/08,-325,15,115,-195,29910,5211,1190,36311,22.96%,27.87%,
104/09/07,58,34,20,112,30236,5196,1075,36507,23.21%,28.03%,
104/09/04,-94,28,-170,-236,30178,5162,1055,36395,23.17%,27.94%,
104/09/03,-656,86,243,-327,30272,5134,1225,36631,23.24%,28.12%,
104/09/02,-382,112,-1,-271,30928,5048,982,36958,23.74%,28.37%,
104/09/01,-355,47,-70,-378,31310,4936,983,37229,24.04%,28.58%,
104/08/31,-740,36,96,-608,31664,4889,1053,37606,24.31%,28.87%,
104/08/28,-602,204,-92,-490,32404,4853,957,38214,24.88%,29.34%,
104/08/27,298,495,30,823,33006,4649,1049,38704,25.34%,29.72%,
104/08/26,-1663,270,126,-1267,32652,4154,1019,37825,25.07%,29.04%,
104/08/25,-522,173,172,-177,34315,3884,893,39092,26.34%,30.01%,
104/08/24,397,-20,-119,258,34837,3711,721,39269,26.74%,30.14%,
104/08/21,-790,116,-23,-697,34440,3731,840,39011,26.44%,29.95%,
104/08/20,-619,95,197,-327,35230,3615,863,39708,27.05%,30.49%,
104/08/19,-473,-32,85,-420,35849,3520,666,40035,27.52%,30.73%,
104/08/18,-385,-130,54,-461,36322,3552,581,40455,27.88%,31.05%,
104/08/17,-252,-66,-74,-392,36707,3682,527,40916,28.18%,31.41%,
104/08/14,125,-14,-28,83,36959,3748,601,41308,28.37%,31.71%,
104/08/13,145,-8,-15,122,36751,3762,629,41142,28.21%,31.58%,
104/08/12,123,-9,-107,7,36606,3770,644,41020,28.10%,31.49%,
104/08/11,96,-23,-133,-60,36483,3779,751,41013,28.01%,31.49%,
104/08/10,-426,21,167,-238,36365,3802,884,41051,27.92%,31.52%,
104/08/07,606,37,149,792,36791,3781,717,41289,28.24%,31.69%,
104/08/06,-526,0,7,-519,36185,3744,568,40497,27.78%,31.09%,
104/08/05,-305,-20,1,-324,36711,3744,561,41016,28.18%,31.49%,
104/08/04,202,-101,12,113,37016,3764,560,41340,28.42%,31.74%,
104/08/03,434,-895,12,-449,36814,3865,548,41227,28.26%,31.65%,
104/07/31,-73,-160,-21,-254,36380,4760,536,41676,27.93%,32.00%,
104/07/30,203,-17,-37,149,36453,4920,557,41930,27.99%,32.20%,
104/07/29,359,-196,23,186,36218,4937,594,41749,27.80%,32.05%,
104/07/28,138,-210,53,-19,35859,5133,571,41563,27.53%,31.91%,
104/07/27,193,-26,-65,102,35721,5343,518,41582,27.42%,31.92%,
104/07/24,57,-274,49,-168,35528,5369,583,41480,27.27%,31.84%,
104/07/23,391,-333,24,82,35506,5643,534,41683,27.26%,32.00%,
104/07/22,414,-41,31,404,35126,5976,510,41612,26.97%,31.95%,
104/07/21,-47,-23,-18,-88,34725,6017,479,41221,26.66%,31.65%,
104/07/20,-422,-29,-29,-480,34772,6040,497,41309,26.69%,31.71%,
104/07/17,679,-18,-148,513,35180,6069,526,41775,27.01%,32.07%,
104/07/16,260,-6,130,384,34479,6087,674,41240,26.47%,31.66%,
104/07/15,259,1,-9,251,34250,6093,544,40887,26.29%,31.39%,
104/07/14,-76,-32,-184,-292,33991,6092,553,40636,26.10%,31.20%,
104/07/13,249,-5,172,416,34068,6124,737,40929,26.15%,31.42%,
104/07/09,292,0,-70,222,33809,6129,565,40503,25.95%,31.09%,
104/07/08,193,21,-46,168,33517,6129,635,40281,25.73%,30.92%,
104/07/07,504,54,-79,479,33324,6108,681,40113,25.58%,30.79%,
104/07/06,639,0,157,796,32820,6054,760,39634,25.20%,30.43%,
104/07/03,151,0,-21,130,32181,6054,603,38838,24.70%,29.81%,
104/07/02,192,0,-49,143,32030,6054,624,38708,24.59%,29.72%,
104/07/01,70,0,57,127,31838,6054,673,38565,24.44%,29.61%,
104/06/30,224,0,-38,186,31768,6054,616,38438,24.39%,29.51%,
104/06/29,17,0,-61,-44,31544,5907,654,38105,24.22%,29.26%,
104/06/26,5,0,-100,-95,31527,5907,715,38149,24.20%,29.28%,
104/06/25,23,0,12,35,31521,5907,815,38243,24.20%,29.36%,
104/06/24,151,0,-76,75,31498,5907,803,38208,24.18%,29.33%,
104/06/23,-66,50,135,119,31347,5907,879,38133,24.06%,29.27%,
104/06/22,101,11,75,187,31413,5857,744,38014,24.12%,29.19%,
104/06/18,-89,38,-11,-62,31313,5846,669,37828,24.04%,29.04%,
104/06/17,314,-8,41,347,31402,5808,680,37890,24.11%,29.09%,
104/06/16,107,12,-43,76,31088,5816,639,37543,23.87%,28.83%,
104/06/15,-66,0,-22,-88,30981,5804,682,37467,23.78%,28.76%,
104/06/12,82,69,-181,-30,31047,5804,704,37555,23.83%,28.83%,
104/06/11,188,87,250,525,30965,5735,885,37585,23.77%,28.85%,
104/06/10,362,0,-55,307,30778,5648,635,37061,23.63%,28.45%,
104/06/09,50,0,-138,-88,30415,5648,690,36753,23.35%,28.22%,
104/06/08,10,53,48,111,30365,5648,828,36841,23.31%,28.28%,
104/06/05,266,-19,-20,227,30355,5595,780,36730,23.30%,28.19%,
104/06/04,218,-1,-303,-86,30109,5614,800,36523,23.11%,28.03%,
104/06/03,214,0,-24,190,29891,5615,1103,36609,22.95%,28.11%,
104/06/02,-110,93,-106,-123,29677,5615,1127,36419,22.78%,27.96%,
104/06/01,1,107,-173,-65,29787,5522,1233,36542,22.87%,28.06%,
104/05/29,252,204,185,641,29785,5415,1406,36606,22.87%,28.11%,
104/05/28,170,0,44,214,29533,5211,1221,35965,22.67%,27.61%,
104/05/27,235,12,39,286,29363,5211,1177,35751,22.54%,27.44%,
104/05/26,-33,35,33,35,29128,5199,1138,35465,22.36%,27.23%,
104/05/25,21,55,13,89,29161,5164,1105,35430,22.39%,27.20%,
104/05/22,124,94,-185,33,29140,5109,1092,35341,22.37%,27.13%,
104/05/21,397,201,254,852,29016,5015,1277,35308,22.27%,27.10%,
104/05/20,556,0,-69,487,28619,4814,1023,34456,21.97%,26.45%,
104/05/19,551,40,-71,520,28063,4814,1092,33969,21.54%,26.07%,
104/05/18,417,-376,-257,-216,27512,4774,1163,33449,21.12%,25.68%,
104/05/15,103,-20,71,154,27095,5150,1420,33665,20.80%,25.84%,
104/05/14,58,-15,-27,16,26992,5170,1349,33511,20.72%,25.73%,
104/05/13,-117,0,4,-113,26933,5185,1376,33494,20.68%,25.72%,
104/05/12,312,-5,48,355,27020,5185,1372,33577,20.74%,25.77%,
104/05/11,225,-14,-272,-61,26708,5190,1324,33222,20.50%,25.50%,
104/05/08,305,-48,-74,183,26483,5204,1596,33283,20.33%,25.55%,
104/05/07,183,0,-207,-24,26178,5252,1670,33100,20.10%,25.42%,
104/05/06,-17,0,44,27,25996,5252,1877,33125,19.96%,25.43%,
104/05/05,9,20,423,452,26013,5252,1833,33098,19.97%,25.41%,
104/05/04,101,0,155,256,26004,5232,1410,32646,19.96%,25.06%,
104/04/30,59,0,-15,44,25903,5232,1255,32390,19.88%,24.86%,
104/04/29,412,-81,-98,233,25844,5232,1270,32346,19.84%,24.83%,
104/04/28,46,0,-25,21,25432,5313,1368,32113,19.52%,24.65%,
104/04/27,233,-260,60,33,25386,5313,1393,32092,19.49%,24.64%,
104/04/24,336,0,-193,143,25153,5573,1333,32059,19.31%,24.61%,
104/04/23,249,0,-1,248,24817,5573,1526,31916,19.05%,24.50%,
104/04/22,396,0,105,501,24568,5573,1527,31668,18.86%,24.31%,
104/04/21,619,0,167,786,24176,5573,1422,31171,18.56%,23.93%,
104/04/20,16,1,-7,10,23557,5573,1255,30385,18.08%,23.32%,
104/04/17,269,0,-172,97,23541,5572,1262,30375,18.07%,23.32%,
104/04/16,-126,54,-77,-149,23272,5572,1434,30278,17.86%,23.24%,
104/04/15,694,-25,210,879,23398,5518,1511,30427,17.96%,23.36%,
104/04/14,304,67,-149,222,22704,5543,1301,29548,17.43%,22.69%,
104/04/13,-157,525,375,743,22400,5476,1450,29326,17.19%,22.51%,
104/04/10,763,22,413,1198,22563,4951,1075,28589,17.32%,21.95%,
104/04/09,661,-62,-211,388,21800,4929,662,27391,16.73%,21.02%,
104/04/08,397,88,9,494,21139,4991,873,27003,16.23%,20.73%,
104/04/07,408,278,-76,610,20742,4903,864,26509,15.92%,20.35%,
104/04/02,380,603,-39,944,20324,4625,940,25889,15.60%,19.87%,
104/04/01,275,185,-63,397,19954,4022,979,24955,15.32%,19.16%,
104/03/31,-57,85,0,28,19679,3837,1042,24558,15.11%,18.86%,
104/03/30,-79,100,217,238,19726,3879,1042,24647,15.14%,18.92%,
104/03/27,-38,85,-38,9,19805,3779,825,24409,15.20%,18.74%,
104/03/26,-98,0,29,-69,19843,3694,863,24400,15.23%,18.73%,
104/03/25,-17,65,35,83,19941,3694,834,24469,15.31%,18.79%,
104/03/24,-63,55,-23,-31,19962,3629,799,24390,15.32%,18.72%,
104/03/23,96,-21,242,317,20029,3574,822,24425,15.37%,18.75%,
104/03/20,-46,-114,2,-158,19948,3595,580,24123,15.31%,18.52%,
104/03/19,150,-242,5,-87,19994,3709,578,24281,15.35%,18.64%,
104/03/18,149,-60,-32,57,19844,3951,573,24368,15.23%,18.70%,
104/03/17,4,0,-3,1,19709,4011,605,24325,15.13%,18.67%,
104/03/16,-30,4,4,-22,19701,4011,608,24320,15.12%,18.67%,
104/03/13,-5,-19,-8,-32,19700,4007,604,24311,15.12%,18.66%,
104/03/12,-11,0,-19,-30,19703,4026,612,24341,15.12%,18.68%,
104/03/11,-7,-55,50,-12,19714,4026,631,24371,15.13%,18.71%,
104/03/10,-54,-102,-2,-158,19719,4081,581,24381,15.14%,18.72%,
104/03/09,-65,-81,-2,-148,19773,4183,583,24539,15.18%,18.84%,
104/03/06,-48,0,6,-42,19838,4264,585,24687,15.23%,18.95%,
104/03/05,-199,0,-4,-203,19896,4264,579,24739,15.27%,18.99%,
104/03/04,-222,-17,0,-239,20095,4264,583,24942,15.42%,19.14%,
104/03/03,36,0,-2,34,20317,4281,583,25181,15.59%,19.32%,
104/03/02,-5,10,0,5,20281,4281,585,25147,15.57%,19.31%,
104/02/26,4,-36,-25,-57,20282,4271,585,25138,15.57%,19.30%,
104/02/25,-7,45,30,68,20278,4307,610,25195,15.56%,19.34%,
104/02/24,-151,120,-34,-65,20285,4262,580,25127,15.57%,19.29%,
104/02/13,-151,-22,-3,-176,20436,4142,614,25192,15.69%,19.34%,
104/02/12,-44,-19,-1,-64,20588,4164,617,25369,15.80%,19.47%,
104/02/11,-190,0,0,-190,20632,4183,618,25433,15.84%,19.53%,
104/02/10,-246,10,1,-235,20822,4183,618,25623,15.98%,19.67%,
104/02/09,-72,0,-2,-74,21066,4173,617,25856,16.17%,19.85%,
104/02/06,-52,35,-4,-21,21138,4173,619,25930,16.23%,19.91%,
104/02/05,-51,0,-0,-51,21190,4138,623,25951,16.27%,19.93%,
104/02/04,-21,18,-5,-8,21239,4138,623,26000,16.30%,19.96%,
104/02/03,-4,10,2,8,21260,4120,628,26008,16.32%,19.97%,
104/02/02,-186,30,6,-150,21264,4110,626,26000,16.32%,19.96%,
104/01/30,-101,-2,0,-103,21450,4080,620,26150,16.46%,20.07%,
104/01/29,-110,8,-10,-112,21551,4082,620,26253,16.54%,20.15%,
104/01/28,-103,122,5,24,21667,4074,630,26371,16.63%,20.24%,
104/01/27,-63,90,-9,18,21770,3952,625,26347,16.71%,20.22%,
104/01/26,7,-15,-1,-9,21833,3862,634,26329,16.76%,20.21%,
104/01/23,-53,-32,2,-83,21826,3877,635,26338,16.75%,20.21%,
104/01/22,94,-106,-22,-34,21879,3909,633,26421,16.79%,20.28%,
104/01/21,-53,-142,-57,-252,21785,4015,655,26455,16.72%,20.31%,
104/01/20,-8,52,8,52,21838,4157,712,26707,16.76%,20.50%,
104/01/19,168,-1,5,172,21846,4105,704,26655,16.77%,20.46%,
104/01/16,-66,0,-40,-106,21678,4106,699,26483,16.64%,20.33%,
104/01/15,145,85,-72,158,21744,4106,739,26589,16.69%,20.41%,
104/01/14,22,229,21,272,21599,4021,811,26431,16.58%,20.29%,
104/01/13,177,179,-162,194,21577,3792,790,26159,16.56%,20.08%,
104/01/12,129,145,281,555,21400,3613,952,25965,16.43%,19.94%,
104/01/09,16,10,-34,-8,21271,3468,671,25410,16.33%,19.51%,
104/01/08,100,20,-16,104,21255,3458,705,25418,16.32%,19.52%,
104/01/07,122,0,-146,-24,21155,3438,721,25314,16.24%,19.43%,
104/01/06,57,10,257,324,21023,3438,867,25328,16.14%,19.45%,
104/01/05,-29,0,-2,-31,20967,3428,610,25005,16.09%,19.19%,
