日期,外資買賣超,投信買賣超,自營商買賣超,單日合計買賣超,外資估計持股,投信估計持股,自營商估計持股,單日合計估計持股,外資持股比重,三大法人持股比重,
107/03/31,0,-20,0,-20,59812,4866,343,65021,43.08%,46.64%,
107/03/30,-5,-29,-1,-35,59812,4886,343,65041,43.08%,46.66%,
107/03/29,-23,8,0,-15,59817,4915,344,65076,43.08%,46.68%,
107/03/28,-6,-11,0,-17,59840,4907,344,65091,43.10%,46.69%,
107/03/27,25,-35,0,-10,59846,4918,344,65108,43.10%,46.70%,
107/03/26,-66,0,0,-66,59821,4953,344,65118,43.08%,46.70%,
107/03/23,-62,-20,0,-82,59887,4953,344,65184,43.13%,46.75%,
107/03/22,-70,-40,0,-110,59949,4973,344,65266,43.17%,46.81%,
107/03/21,-32,-69,-0,-101,60019,5013,344,65376,43.23%,46.89%,
107/03/20,-7,-22,0,-29,60051,5082,344,65477,43.25%,46.96%,
107/03/19,55,-11,0,44,60068,5104,344,65516,43.26%,46.99%,
107/03/16,-34,-37,1,-70,60013,5115,344,65472,43.22%,46.95%,
107/03/15,-55,-35,0,-90,60047,5152,343,65542,43.25%,47.01%,
107/03/14,-34,11,0,-23,60102,5187,343,65632,43.28%,47.06%,
107/03/13,8,30,1,39,60136,5176,343,65655,43.31%,47.09%,
107/03/12,-1,8,0,7,60128,5146,342,65616,43.30%,47.05%,
107/03/09,-19,50,0,31,60129,5138,342,65609,43.30%,47.05%,
107/03/08,-158,-57,-15,-230,60148,5088,342,65578,43.32%,47.03%,
107/03/07,-166,-54,0,-220,60306,5145,357,65808,43.43%,47.19%,
107/03/06,-118,-16,-2,-136,60472,5199,357,66028,43.55%,47.35%,
107/03/05,-80,6,0,-74,60590,5215,359,66164,43.64%,47.45%,
107/03/02,-99,0,0,-99,60670,5209,359,66238,43.69%,47.50%,
107/03/01,-68,-33,2,-99,60769,5209,359,66337,43.77%,47.58%,
107/02/27,-140,-16,0,-156,60843,5242,357,66442,43.82%,47.65%,
107/02/26,-152,-20,0,-172,60977,5258,357,66592,43.92%,47.76%,
107/02/23,-115,-22,5,-132,61129,5278,357,66764,44.02%,47.87%,
107/02/22,-180,19,1,-160,61244,5300,352,66896,44.11%,47.98%,
107/02/21,-286,18,0,-268,61414,5281,351,67046,44.23%,48.08%,
107/02/12,-95,-82,13,-164,61727,5263,351,67341,44.46%,48.30%,
107/02/09,5,-44,0,-39,61812,5345,338,67495,44.52%,48.41%,
107/02/08,38,-6,0,32,61847,5389,338,67574,44.54%,48.46%,
107/02/07,-36,-45,-1,-82,61809,5395,338,67542,44.51%,48.43%,
107/02/06,10,-25,-1,-16,61845,5440,339,67624,44.54%,48.49%,
107/02/05,17,-15,0,2,61835,5465,340,67640,44.53%,48.50%,
107/02/02,-12,-40,-1,-53,61818,5480,340,67638,44.52%,48.50%,
107/02/01,22,0,0,22,61830,5520,341,67691,44.53%,48.54%,
107/01/31,-14,-50,0,-64,61808,5520,341,67669,44.51%,48.52%,
107/01/30,10,-25,0,-15,61822,5570,341,67733,44.52%,48.57%,
107/01/29,-89,-25,-2,-116,61812,5595,341,67748,44.52%,48.58%,
107/01/26,-10,-2,0,-12,61901,5620,343,67864,44.58%,48.66%,
107/01/25,-26,0,0,-26,61911,5622,343,67876,44.59%,48.67%,
107/01/24,-109,-2,0,-111,61937,5622,343,67902,44.61%,48.69%,
107/01/23,-97,0,0,-97,62047,5624,343,68014,44.69%,48.77%,
107/01/22,-137,0,-2,-139,62144,5624,343,68111,44.76%,48.84%,
107/01/19,-70,-20,-1,-91,62281,5624,345,68250,44.85%,48.94%,
107/01/18,-52,-20,-36,-108,62351,5644,346,68341,44.90%,49.00%,
107/01/17,-181,-18,-1,-200,62407,5664,382,68453,44.94%,49.08%,
107/01/16,-61,-2,4,-59,62588,5682,383,68653,45.08%,49.23%,
107/01/15,-8,10,-87,-85,62649,5684,379,68712,45.12%,49.27%,
107/01/12,-89,0,25,-64,62657,5674,466,68797,45.13%,49.33%,
107/01/11,-25,10,1,-14,62746,5674,441,68861,45.19%,49.38%,
107/01/10,-14,-2,0,-16,62771,5664,440,68875,45.21%,49.39%,
107/01/09,-30,10,0,-20,62785,5666,440,68891,45.22%,49.40%,
107/01/08,-49,10,-12,-51,62841,5656,440,68937,45.26%,49.43%,
107/01/05,-100,8,18,-74,62890,5646,452,68988,45.29%,49.46%,
107/01/04,-93,0,25,-68,62990,5638,434,69062,45.36%,49.52%,
107/01/03,-88,0,2,-86,63083,5638,409,69130,45.43%,49.57%,
107/01/02,-51,5,-14,-60,63171,5638,407,69216,45.50%,49.64%,
106/12/29,-51,0,-19,-70,63222,5633,421,69276,45.53%,49.67%,
106/12/28,-47,0,-13,-60,63273,5060,440,68773,45.57%,49.33%,
106/12/27,-71,0,53,-18,63315,5060,453,68828,45.60%,49.37%,
106/12/26,-130,0,0,-130,63386,5060,400,68846,45.65%,49.39%,
106/12/25,-19,0,0,-19,63516,5060,400,68976,45.74%,49.48%,
106/12/22,-107,0,27,-80,63535,5060,400,68995,45.76%,49.50%,
106/12/21,-73,0,3,-70,63642,5060,373,69075,45.83%,49.55%,
106/12/20,-64,-30,3,-91,63715,5060,370,69145,45.89%,49.61%,
106/12/19,-92,-17,3,-106,63779,5090,367,69236,45.93%,49.66%,
106/12/18,-58,0,-16,-74,63871,5107,364,69342,46.00%,49.74%,
106/12/15,-83,0,6,-77,63929,5107,380,69416,46.04%,49.80%,
106/12/14,-59,0,-6,-65,64012,5107,374,69493,46.10%,49.85%,
106/12/13,-66,0,3,-63,64071,5107,380,69558,46.14%,49.90%,
106/12/12,-136,0,-35,-171,64137,5107,377,69621,46.19%,49.94%,
106/12/11,-71,0,2,-69,64273,5107,412,69792,46.29%,50.07%,
106/12/08,-66,0,95,29,64334,5107,410,69851,46.33%,50.11%,
106/12/07,-83,0,14,-69,64400,5107,315,69822,46.38%,50.09%,
106/12/06,-197,1,0,-196,64483,5107,301,69891,46.44%,50.14%,
106/12/05,-80,50,0,-30,64680,5106,301,70087,46.58%,50.28%,
106/12/04,-72,0,0,-72,64760,5056,301,70117,46.64%,50.31%,
106/12/01,-149,0,65,-84,64832,5056,301,70189,46.69%,50.36%,
106/11/30,-61,-7,-42,-110,64991,5056,236,70283,46.81%,50.43%,
106/11/29,-40,-20,0,-60,65051,5063,278,70392,46.85%,50.51%,
106/11/28,-5,-20,-4,-29,65081,5083,278,70442,46.87%,50.54%,
106/11/27,-46,0,0,-46,65076,5103,282,70461,46.87%,50.56%,
106/11/24,-2,0,-49,-51,65117,5103,282,70502,46.90%,50.59%,
106/11/23,-114,-55,22,-147,65119,5103,331,70553,46.90%,50.62%,
106/11/22,29,0,8,37,65222,5158,309,70689,46.97%,50.71%,
106/11/21,-41,-205,30,-216,65193,5158,301,70652,46.95%,50.69%,
106/11/20,-107,-189,-1,-297,65234,5363,271,70868,46.98%,50.84%,
106/11/17,-146,-87,-2,-235,65341,5552,272,71165,47.06%,51.05%,
106/11/16,-100,-36,0,-136,65487,5639,274,71400,47.16%,51.21%,
106/11/15,-75,-128,3,-200,65582,5675,274,71531,47.23%,51.30%,
106/11/14,-210,0,-5,-215,65657,5803,271,71731,47.29%,51.45%,
106/11/13,-36,0,0,-36,65867,5803,276,71946,47.44%,51.60%,
106/11/10,-81,0,0,-81,65903,5803,276,71982,47.46%,51.62%,
106/11/09,-119,-43,-12,-174,65984,5803,276,72063,47.52%,51.68%,
106/11/08,-174,-59,0,-233,66103,5846,288,72237,47.61%,51.81%,
106/11/07,-246,0,0,-246,66277,5905,288,72470,47.73%,51.97%,
106/11/06,-120,0,0,-120,66523,5905,288,72716,47.91%,52.15%,
106/11/03,-55,13,0,-42,66643,5905,288,72836,48.00%,52.24%,
106/11/02,-66,0,-2,-68,66698,5892,288,72878,48.04%,52.35%,
106/11/01,-114,-65,-1,-180,66764,5892,290,72946,48.08%,52.39%,
106/10/31,-32,0,0,-32,66878,5957,291,73126,48.17%,52.52%,
106/10/30,-136,0,-15,-151,66910,5957,291,73158,48.19%,52.54%,
106/10/27,-92,0,-3,-95,67036,5957,306,73299,48.28%,52.64%,
106/10/26,-49,0,15,-34,67128,5957,309,73394,48.35%,52.72%,
106/10/25,-116,0,0,-116,67177,5957,294,73428,48.38%,52.74%,
106/10/24,132,-15,1,118,67293,5957,294,73544,48.46%,52.82%,
106/10/23,0,0,-4,-4,67161,5972,293,73426,48.37%,52.74%,
106/10/20,338,0,5,343,67171,5972,297,73440,48.38%,52.75%,
106/10/19,57,0,-3,54,66833,5972,292,73097,48.13%,52.50%,
106/10/18,-131,0,1,-130,66776,5972,295,73043,48.09%,52.46%,
106/10/17,-105,-10,-7,-122,66907,5972,294,73173,48.19%,52.56%,
106/10/16,-101,0,-16,-117,67012,5982,301,73295,48.26%,52.64%,
106/10/13,-41,-15,2,-54,67064,5982,317,73363,48.30%,52.69%,
106/10/12,-191,-60,-28,-279,67105,5997,315,73417,48.33%,52.73%,
106/10/11,-210,-19,-2,-231,67296,6057,343,73696,48.47%,52.93%,
106/10/06,-76,0,-1,-77,67512,6076,345,73933,48.62%,53.09%,
106/10/05,-28,-38,2,-64,67588,6076,346,74010,48.68%,53.16%,
106/10/03,6,-27,1,-20,67616,6114,344,74074,48.70%,53.20%,
106/10/02,-92,0,25,-67,67590,6141,343,74074,48.68%,53.20%,
106/09/30,0,-10,0,-10,67682,6141,318,74141,48.74%,53.24%,
106/09/29,-33,25,-6,-14,67682,6583,318,74583,48.74%,53.55%,
106/09/28,-75,30,9,-36,67715,6558,324,74597,48.77%,53.57%,
106/09/27,19,0,-7,12,67790,6528,315,74633,48.82%,53.59%,
106/09/26,-10,-100,0,-110,67771,6528,322,74621,48.81%,53.58%,
106/09/25,136,-46,-15,75,67782,6627,322,74731,48.82%,53.66%,
106/09/22,-32,-195,-1,-228,67646,6673,337,74656,48.72%,53.61%,
106/09/21,-27,-170,4,-193,67678,6868,338,74884,48.74%,53.76%,
106/09/20,100,-137,-27,-64,67705,7038,334,75077,48.76%,53.90%,
106/09/19,-8,-350,52,-306,67605,7175,361,75141,48.69%,53.94%,
106/09/18,-304,-214,16,-502,67613,7525,309,75447,48.69%,54.15%,
106/09/15,81,-186,0,-105,67897,7739,293,75929,48.90%,54.50%,
106/09/14,-55,14,2,-39,67816,7925,293,76034,48.84%,54.57%,
106/09/13,-39,10,-15,-44,67871,7911,291,76073,48.88%,54.60%,
106/09/12,-166,28,3,-135,67910,7901,306,76117,48.91%,54.63%,
106/09/11,-61,25,-9,-45,68076,7873,303,76252,49.03%,54.73%,
106/09/08,-112,-30,-3,-145,68137,7848,313,76298,49.07%,54.76%,
106/09/07,-199,0,2,-197,68249,7878,316,76443,49.15%,54.86%,
106/09/06,-187,5,-3,-185,68448,7878,314,76640,49.30%,55.01%,
106/09/05,-37,0,0,-37,68635,7873,317,76825,49.43%,55.14%,
106/09/04,-20,0,-3,-23,68672,7873,317,76862,49.46%,55.17%,
106/09/01,-58,10,-13,-61,68692,7873,320,76885,49.47%,55.18%,
106/08/31,-44,0,-5,-49,68750,7863,333,76946,49.51%,55.22%,
106/08/30,-20,-10,8,-22,68794,7863,338,76995,49.55%,55.27%,
106/08/29,-287,10,4,-273,68814,7873,330,77017,49.56%,55.28%,
106/08/28,-118,-15,9,-124,69101,7863,326,77290,49.77%,55.48%,
106/08/25,-88,0,-12,-100,69219,7878,317,77414,49.85%,55.56%,
106/08/24,-54,0,6,-48,69307,7878,329,77514,49.91%,55.63%,
106/08/23,-109,15,-4,-98,69361,7878,323,77562,49.95%,55.67%,
106/08/22,-85,-25,0,-110,69470,7863,327,77660,50.03%,55.74%,
106/08/21,-34,-130,8,-156,69555,7888,327,77770,50.09%,55.82%,
106/08/18,-90,0,-7,-97,69589,8018,319,77926,50.12%,55.93%,
106/08/17,52,-12,-12,28,69679,8018,326,78023,50.18%,55.99%,
106/08/16,-169,35,-32,-166,69627,8030,338,77995,50.15%,55.98%,
106/08/15,-16,25,-56,-47,69786,7995,370,78151,50.26%,56.09%,
106/08/14,73,93,-83,83,69802,7970,426,78198,50.27%,56.12%,
106/08/11,-2,-102,-38,-142,69719,7877,509,78105,50.21%,56.05%,
106/08/10,10,20,1,31,69721,7979,547,78247,50.21%,56.15%,
106/08/09,202,0,-120,82,69711,7959,546,78216,50.21%,56.14%,
106/08/08,-309,-80,18,-371,69509,7959,666,78134,50.06%,56.07%,
106/08/07,117,-319,26,-176,69818,8039,648,78505,50.28%,56.33%,
106/08/04,-125,0,-41,-166,69701,8358,622,78681,50.20%,56.46%,
106/08/03,-283,-80,70,-293,69826,8358,663,78847,50.29%,56.58%,
106/08/02,-93,0,-1,-94,70109,8438,593,79140,50.49%,57.01%,
106/08/01,-77,-120,-3,-200,70202,8438,593,79233,50.56%,57.08%,
106/07/31,-83,0,-19,-102,70279,8558,596,79433,50.61%,57.22%,
106/07/28,-60,20,-18,-58,70362,8558,615,79535,50.67%,57.30%,
106/07/27,-34,0,-14,-48,70422,8538,633,79593,50.72%,57.34%,
106/07/26,20,-136,-13,-129,70456,8538,647,79641,50.74%,57.37%,
106/07/25,86,-128,39,-3,70436,8674,660,79770,50.73%,57.47%,
106/07/24,212,-205,-44,-37,70320,8802,621,79743,50.64%,57.45%,
106/07/21,7,0,-92,-85,70108,9007,665,79780,50.49%,57.48%,
106/07/20,175,-312,104,-33,70101,9007,757,79865,50.49%,57.54%,
106/07/19,88,-144,-5,-61,69926,9319,653,79898,50.36%,57.56%,
106/07/18,32,-52,-8,-28,69838,9463,658,79959,50.30%,57.61%,
106/07/17,208,-75,-38,95,69806,9515,666,79987,50.27%,57.62%,
106/07/14,117,-15,-33,69,69732,9590,704,80026,50.22%,57.65%,
106/07/13,295,221,-87,429,69614,9605,737,79956,50.14%,57.61%,
106/07/12,882,38,109,1029,69319,9384,824,79527,49.92%,57.29%,
106/07/11,377,93,25,495,68479,9346,715,78540,49.32%,56.59%,
106/07/10,215,25,-24,216,68130,9253,690,78073,49.07%,56.25%,
106/07/07,37,160,21,218,67915,9228,714,77857,48.91%,56.09%,
106/07/06,382,348,-159,571,67878,9068,693,77639,48.89%,55.94%,
106/07/05,181,224,-6,399,67556,8720,852,77128,48.65%,55.56%,
106/07/04,6,348,138,492,67368,8496,858,76722,48.52%,55.28%,
106/07/03,204,5,32,241,67220,8148,720,76088,48.41%,54.81%,
106/06/30,-32,85,12,65,67016,8143,688,75847,48.26%,54.64%,
106/06/29,73,45,-61,57,67048,7333,676,75057,48.29%,54.07%,
106/06/28,5,166,-51,120,66975,7288,737,75000,48.24%,54.04%,
106/06/27,660,112,75,847,66970,7122,788,74880,48.23%,53.94%,
106/06/26,11,206,-12,205,66210,7010,713,73933,47.68%,53.26%,
106/06/23,170,110,7,287,66200,6804,725,73729,47.68%,53.12%,
106/06/22,36,80,11,127,66160,6694,718,73572,47.65%,53.00%,
106/06/21,55,7,9,71,66124,6614,707,73445,47.62%,52.91%,
106/06/20,27,70,17,114,66068,6607,698,73373,47.58%,52.86%,
106/06/19,196,0,4,200,66041,6537,681,73259,47.56%,52.77%,
106/06/16,78,0,-13,65,65715,6537,677,72929,47.33%,52.54%,
106/06/15,302,0,9,311,65637,6537,690,72864,47.27%,52.49%,
106/06/14,172,18,-12,178,65335,6537,681,72553,47.05%,52.26%,
106/06/13,36,0,53,89,65303,6519,693,72515,47.03%,52.24%,
106/06/12,-79,0,-22,-101,65431,6519,640,72590,47.12%,52.29%,
106/06/09,45,34,-29,50,65511,6519,662,72692,47.18%,52.37%,
106/06/08,-185,0,-41,-226,65466,6485,691,72642,47.15%,52.33%,
106/06/07,-16,-1,-7,-24,65651,6485,732,72868,47.28%,52.49%,
106/06/06,-155,0,62,-93,65747,6486,739,72972,47.35%,52.57%,
106/06/05,-226,0,-11,-237,65902,6486,677,73065,47.46%,52.63%,
106/06/03,-10,0,22,12,66128,6486,688,73302,47.62%,52.80%,
106/06/02,-66,0,-14,-80,66138,6486,666,73290,47.63%,52.80%,
106/06/01,-13,57,-2,42,66004,6486,680,73170,47.54%,52.72%,
106/05/31,-51,0,46,-5,66016,6429,682,73127,47.54%,52.68%,
106/05/26,2,-4,-39,-41,66067,6429,636,73132,47.58%,52.68%,
106/05/25,-22,0,-45,-67,66087,6433,675,73195,47.73%,52.86%,
106/05/24,105,-15,-10,80,66109,6433,720,73262,47.74%,52.91%,
106/05/23,226,10,-99,137,66004,6448,730,73182,47.67%,52.85%,
106/05/22,35,-10,-55,-30,65779,6438,829,73046,47.50%,52.75%,
106/05/19,-24,-20,-13,-57,65760,6448,884,73092,47.49%,52.79%,
106/05/18,-7,-28,12,-23,65784,6468,897,73149,47.51%,52.83%,
106/05/17,429,0,71,500,65763,6496,885,73144,47.49%,52.82%,
106/05/16,68,16,-29,55,65344,6496,814,72654,47.19%,52.47%,
106/05/15,117,5,71,193,65572,6480,843,72895,47.35%,52.64%,
106/05/12,-85,68,-55,-72,65435,6475,772,72682,47.26%,52.49%,
106/05/11,-26,100,126,200,65503,6407,827,72737,47.30%,52.52%,
106/05/10,363,70,-128,305,65429,6307,701,72437,47.25%,52.31%,
106/05/09,142,40,-94,88,64967,6237,829,72033,46.92%,52.02%,
106/05/08,-75,200,271,396,64825,6197,923,71945,46.81%,51.95%,
106/05/05,47,0,-7,40,64899,5997,652,71548,46.87%,51.67%,
106/05/04,1,0,-5,-4,64852,5997,659,71508,46.83%,51.64%,
106/05/03,-41,0,-29,-70,64865,5997,664,71526,46.84%,51.66%,
106/05/02,-85,0,-11,-96,64906,5997,693,71596,46.87%,51.71%,
106/04/28,10,0,4,14,64741,5997,704,71442,46.75%,51.60%,
106/04/27,20,-12,-56,-48,64732,5997,700,71429,46.75%,51.60%,
106/04/26,-9,-30,-6,-45,64711,6009,756,71476,46.73%,51.63%,
106/04/25,78,-80,74,72,64720,6039,762,71521,46.74%,51.66%,
106/04/24,52,0,-48,4,64642,6119,688,71449,46.68%,51.61%,
106/04/21,-265,0,-227,-492,64590,6119,736,71445,46.65%,51.61%,
106/04/20,-453,0,319,-134,64845,6119,963,71927,46.83%,51.96%,
106/04/19,-144,0,-85,-229,65384,6119,644,72147,47.22%,52.12%,
106/04/18,-284,0,184,-100,65528,6119,729,72376,47.32%,52.28%,
106/04/17,-16,0,0,-16,65812,6119,545,72476,47.53%,52.36%,
106/04/14,230,-100,-6,124,65828,6119,545,72492,47.54%,52.37%,
106/04/13,217,0,5,222,65598,6219,551,72368,47.50%,52.40%,
106/04/12,168,0,-7,161,65381,6219,546,72146,47.34%,52.24%,
106/04/11,-38,0,-6,-44,65213,6219,553,71985,47.22%,52.12%,
106/04/10,35,0,-7,28,65251,6219,559,72029,47.25%,52.16%,
106/04/07,-65,0,0,-65,65217,6219,566,72002,47.22%,52.13%,
106/04/06,18,0,-5,13,65282,6219,566,72067,47.27%,52.18%,
106/04/05,235,0,-39,196,65264,6219,571,72054,47.26%,52.18%,
106/03/31,-147,0,-13,-160,65029,6219,610,71858,47.09%,52.04%,
106/03/30,-6,0,59,53,65176,6304,623,72103,47.19%,52.21%,
106/03/29,37,395,-10,422,65182,6304,564,72050,47.20%,52.17%,
106/03/28,34,600,-26,608,65145,5909,574,71628,47.17%,51.86%,
106/03/27,71,140,-42,169,65111,5309,600,71020,47.14%,51.42%,
106/03/24,-128,60,34,-34,65056,5169,642,70867,47.10%,51.31%,
106/03/23,-4,154,4,154,65084,5109,608,70801,47.12%,51.26%,
106/03/22,-379,61,18,-300,65088,4955,604,70647,47.13%,51.16%,
106/03/21,-398,151,25,-222,65493,4894,586,70973,47.42%,51.39%,
106/03/20,-67,-20,-4,-91,65891,4743,561,71195,47.71%,51.55%,
106/03/17,-27,0,5,-22,65958,4763,565,71286,47.76%,51.62%,
106/03/16,-25,0,0,-25,66063,4763,560,71386,47.83%,51.68%,
106/03/15,-57,0,0,-57,66088,4763,560,71411,47.85%,51.70%,
106/03/14,-33,0,7,-26,66125,4763,560,71448,47.88%,51.73%,
106/03/13,-34,0,-2,-36,66171,4763,553,71487,47.91%,51.76%,
106/03/10,-135,0,-2,-137,66205,4763,555,71523,47.94%,51.79%,
106/03/09,-48,-49,-3,-100,66340,4763,557,71660,48.03%,51.88%,
106/03/08,-25,-20,17,-28,66388,4812,560,71760,48.07%,51.96%,
106/03/07,38,-50,8,-4,66413,4832,543,71788,48.09%,51.98%,
106/03/06,-8,0,-3,-11,66451,4882,535,71868,48.11%,52.03%,
106/03/03,-161,0,5,-156,66550,4882,538,71970,48.19%,52.11%,
106/03/02,-28,0,0,-28,66711,4882,533,72126,48.30%,52.22%,
106/03/01,7,0,0,7,66639,4882,533,72054,48.25%,52.17%,
106/02/24,18,0,0,18,66632,4882,533,72047,48.25%,52.17%,
106/02/23,-16,-16,0,-32,66614,4882,533,72029,48.23%,52.15%,
106/02/22,-42,-15,3,-54,66630,4898,533,72061,48.24%,52.17%,
106/02/21,-43,0,0,-43,66672,4913,530,72115,48.27%,52.21%,
106/02/20,-16,-82,0,-98,66715,4913,530,72158,48.31%,52.25%,
106/02/18,0,-55,0,-55,66732,4995,530,72257,48.32%,52.32%,
106/02/17,-22,-24,0,-46,66732,5050,530,72312,48.32%,52.36%,
106/02/16,5,6,0,11,66754,5074,530,72358,48.33%,52.39%,
106/02/15,-21,32,0,11,66739,5068,530,72337,48.32%,52.37%,
106/02/14,-46,22,-1,-25,66760,5036,530,72326,48.34%,52.37%,
106/02/13,-8,19,-10,1,66806,5014,531,72351,48.37%,52.39%,
106/02/10,-309,-119,1,-427,66867,4995,541,72403,48.42%,52.43%,
106/02/09,-233,-60,0,-293,67176,5114,540,72830,48.64%,52.73%,
106/02/08,-337,-11,14,-334,67409,5174,540,73123,48.81%,52.95%,
106/02/07,-69,-63,-1,-133,67774,5185,526,73485,49.07%,53.21%,
106/02/06,-146,-16,-18,-180,67843,5248,527,73618,49.12%,53.30%,
106/02/03,-144,-65,-7,-216,68039,5264,545,73848,49.26%,53.49%,
106/02/02,-144,0,0,-144,68183,5329,552,74064,49.37%,53.65%,
106/01/24,-7,0,-11,-18,68327,5329,552,74208,49.47%,53.75%,
106/01/23,-9,0,-6,-15,68334,5329,563,74226,49.48%,53.77%,
106/01/20,-29,0,0,-29,68487,5329,569,74385,49.59%,53.88%,
106/01/19,-55,0,-3,-58,68516,5329,569,74414,49.61%,53.90%,
106/01/18,2,-5,-1,-4,68571,5329,572,74472,49.65%,53.94%,
106/01/17,-2,0,-3,-5,68569,5334,573,74476,49.65%,53.95%,
106/01/16,18,-92,-15,-89,68571,5334,576,74481,49.65%,53.95%,
106/01/13,6,-90,-42,-126,68553,5426,591,74570,49.64%,54.02%,
106/01/12,389,-63,0,326,68697,5516,633,74846,49.74%,54.21%,
106/01/11,313,-15,34,332,68308,5579,633,74520,49.72%,54.24%,
106/01/10,111,-27,-1,83,67995,5594,599,74188,49.49%,53.99%,
106/01/09,151,-30,-19,102,67884,5621,600,74105,49.41%,53.94%,
106/01/06,104,0,-4,100,67733,5651,619,74003,49.30%,53.86%,
106/01/05,38,-45,35,28,67629,5651,623,73903,49.23%,53.79%,
106/01/04,9,0,33,42,67591,5696,588,73875,49.20%,53.77%,
106/01/03,90,0,-3,87,67582,5696,555,73833,49.19%,53.74%,
105/12/30,71,-60,26,37,67492,5696,558,73746,49.13%,53.68%,
105/12/29,43,0,5,48,67421,5756,532,73709,49.08%,53.65%,
105/12/28,28,-39,-1,-12,67377,5756,527,73660,49.04%,53.61%,
105/12/27,0,-42,0,-42,67349,5795,528,73672,49.02%,53.62%,
105/12/26,18,-42,-20,-44,67349,5837,528,73714,49.02%,53.65%,
105/12/23,-9,45,12,48,67331,5879,548,73758,49.01%,53.69%,
105/12/22,3,58,-3,58,67340,5834,536,73710,49.02%,53.65%,
105/12/21,-9,0,0,-9,67348,5776,539,73663,49.02%,53.61%,
105/12/20,65,0,-4,61,67357,5776,539,73672,49.03%,53.62%,
105/12/19,9,0,-2,7,67292,5776,543,73611,48.98%,53.58%,
105/12/16,18,51,0,69,67283,5776,545,73604,48.98%,53.58%,
105/12/15,17,0,0,17,67265,5725,545,73535,48.96%,53.52%,
105/12/14,-31,0,12,-19,67248,5725,545,73518,48.95%,53.51%,
105/12/13,-47,0,0,-47,67279,5725,533,73537,48.97%,53.52%,
105/12/12,12,0,6,18,67326,5725,533,73584,49.01%,53.56%,
105/12/09,-4,0,0,-4,67314,5725,527,73566,49.00%,53.55%,
105/12/08,26,0,0,26,67318,5725,527,73570,49.00%,53.55%,
105/12/07,3,0,3,6,67292,5725,527,73544,48.98%,53.53%,
105/12/06,-110,43,14,-53,67289,5725,524,73538,48.98%,53.53%,
105/12/05,-59,0,-1,-60,67399,5682,510,73591,49.06%,53.56%,
105/12/02,-86,35,-1,-52,67458,5682,511,73651,49.10%,53.60%,
105/12/01,-28,47,0,19,67544,5647,512,73703,49.17%,53.65%,
105/11/30,-14,-5,-1,-20,67572,5600,512,73684,49.19%,53.64%,
105/11/29,-25,0,0,-25,67586,5605,513,73704,49.20%,53.65%,
105/11/28,-32,0,-1,-33,67611,5605,513,73729,49.22%,53.67%,
105/11/25,2,0,0,2,67643,5605,514,73762,49.24%,53.69%,
105/11/24,-15,0,0,-15,67641,5605,514,73760,49.24%,53.69%,
105/11/23,-28,0,0,-28,67656,5605,514,73775,49.25%,53.70%,
105/11/22,-66,0,2,-64,67684,5605,514,73803,49.27%,53.72%,
105/11/21,-4,0,0,-4,67750,5605,512,73867,49.32%,53.77%,
105/11/18,-47,0,10,-37,67754,5605,512,73871,49.32%,53.77%,
105/11/17,-4,0,0,-4,67801,5605,502,73908,49.35%,53.79%,
105/11/16,-10,0,20,10,67805,5605,502,73912,49.36%,53.80%,
105/11/15,-21,0,1,-20,67815,5605,482,73902,49.36%,53.79%,
105/11/14,15,0,-4,11,67837,5605,481,73923,49.38%,53.81%,
105/11/11,10,-15,-1,-6,67822,5605,485,73912,49.37%,53.80%,
105/11/10,7,-142,19,-116,67812,5620,486,73918,49.36%,53.80%,
105/11/09,-1,-94,-21,-116,67805,5762,467,74034,49.36%,53.89%,
105/11/08,25,-20,0,5,67806,5856,488,74150,49.36%,53.97%,
105/11/07,1,-15,-1,-15,67781,5876,488,74145,49.34%,53.97%,
105/11/04,-16,30,3,17,67780,5891,489,74160,49.34%,53.98%,
105/11/03,22,30,-22,30,67796,5861,486,74143,49.35%,53.97%,
105/11/02,13,0,-12,1,67774,5831,508,74113,49.33%,53.94%,
105/11/01,-19,33,-4,10,67761,5831,520,74112,49.32%,53.94%,
105/10/31,0,0,-6,-6,67780,5798,524,74102,49.34%,53.94%,
105/10/28,5,61,-7,59,67780,5798,530,74108,49.34%,53.95%,
105/10/27,-14,20,-6,0,67775,5737,537,74049,49.33%,53.90%,
105/10/26,-8,40,-8,24,67789,5717,543,74049,49.34%,53.90%,
105/10/25,-12,0,20,8,67797,5677,551,74025,49.35%,53.88%,
105/10/24,-14,2,-4,-16,67809,5677,531,74017,49.36%,53.88%,
105/10/21,-72,62,-6,-16,67823,5675,535,74033,49.37%,53.89%,
105/10/20,-85,25,-13,-73,67895,5613,541,74049,49.42%,53.90%,
105/10/19,30,217,48,295,67904,5588,554,74046,49.43%,53.90%,
105/10/18,-17,0,1,-16,67874,5371,506,73751,49.41%,53.69%,
105/10/17,-10,0,0,-10,67891,5371,505,73767,49.42%,53.70%,
105/10/14,-49,55,-5,1,67901,5371,505,73777,49.43%,53.71%,
105/10/13,-85,0,-19,-104,67929,5316,510,73755,49.45%,53.69%,
105/10/12,-50,40,0,-10,68007,5316,529,73852,49.50%,53.76%,
105/10/11,-5,0,-42,-47,68083,5276,529,73888,49.56%,53.79%,
105/10/07,-48,0,0,-48,68082,5276,571,73929,49.56%,53.82%,
105/10/06,-7,0,0,-7,68130,5276,571,73977,49.59%,53.85%,
105/10/05,-10,-19,0,-29,68136,5276,571,73983,49.60%,53.86%,
105/10/04,8,-7,-1,0,68147,5295,571,74013,49.60%,53.87%,
105/10/03,-24,0,-1,-25,68139,5302,572,74013,49.60%,53.88%,
105/09/30,15,18,-1,32,68183,5302,573,74058,49.63%,53.91%,
105/09/29,15,0,-47,-32,68243,5860,574,74677,49.67%,54.35%,
105/09/26,-3,29,-6,20,68228,5860,621,74709,49.66%,54.38%,
105/09/23,-7,0,-24,-31,68231,5831,627,74689,49.67%,54.37%,
105/09/22,53,3,-27,29,68238,5831,651,74720,49.67%,54.39%,
105/09/21,-7,113,-54,52,68185,5828,678,74691,49.63%,54.37%,
105/09/20,-28,83,5,60,68192,5715,732,74639,49.64%,54.33%,
105/09/19,-9,52,-102,-59,68220,5632,727,74579,49.66%,54.29%,
105/09/14,-1575,-1,9,-1567,68229,5580,829,74638,49.66%,54.33%,
105/09/13,-18,0,-19,-37,69712,5581,820,76113,50.74%,55.40%,
105/09/12,-21,21,-7,-7,69730,5581,839,76150,50.76%,55.43%,
105/09/10,-2,7,-22,-17,69731,5560,846,76137,50.76%,55.42%,
105/09/09,-62,333,4,275,69732,5553,868,76153,50.76%,55.43%,
105/09/08,-145,30,-26,-141,69764,5220,864,75848,50.78%,55.21%,
105/09/07,-35,0,66,31,69869,5190,890,75949,50.86%,55.29%,
105/09/06,-42,32,31,21,69894,5190,824,75908,50.88%,55.26%,
105/09/05,-3,0,-83,-86,69936,5158,793,75887,50.91%,55.24%,
105/09/02,-97,-31,2,-126,69939,5158,876,75973,50.91%,55.30%,
105/09/01,-277,10,144,-123,70036,5189,874,76099,50.98%,55.39%,
105/08/31,-39,0,7,-32,70303,5179,730,76212,51.17%,55.47%,
105/08/30,-25,-44,-1,-70,70342,5179,723,76244,51.20%,55.50%,
105/08/29,-39,0,45,6,70368,5223,724,76315,51.22%,55.55%,
105/08/26,-128,58,66,-4,70409,5223,679,76311,51.25%,55.55%,
105/08/25,-37,0,75,38,70537,5165,613,76315,51.34%,55.55%,
105/08/24,-22,0,0,-22,69064,5165,538,74767,51.78%,55.93%,
105/08/23,-39,5,0,-34,69086,5165,538,74789,51.80%,55.95%,
105/08/22,-9,10,-7,-6,69125,5160,538,74823,51.83%,55.98%,
105/08/19,-85,37,-8,-56,69134,5150,545,74829,51.83%,55.98%,
105/08/18,-6,0,-1,-7,69318,5113,553,74984,51.97%,56.09%,
105/08/17,-91,12,-7,-86,69324,5113,554,74991,51.98%,56.11%,
105/08/16,-82,5,-2,-79,69415,5101,561,75077,52.04%,56.16%,
105/08/15,-21,15,2,-4,69497,5096,563,75156,52.11%,56.23%,
105/08/12,-29,8,6,-15,69518,5081,561,75160,52.12%,56.23%,
105/08/11,-1,0,-1,-2,69547,5073,555,75175,52.14%,56.24%,
105/08/10,25,-95,-40,-110,69548,5073,556,75177,52.14%,56.24%,
105/08/09,-47,17,-12,-42,69523,5168,596,75287,52.12%,56.32%,
105/08/08,-5,24,-10,9,69503,5151,608,75262,52.11%,56.30%,
105/08/05,17,-45,3,-25,69508,5127,618,75253,52.11%,56.29%,
105/08/04,-51,7,-34,-78,69491,5172,615,75278,52.10%,56.31%,
105/08/03,-22,0,-18,-40,69542,5165,649,75356,52.14%,56.37%,
105/08/02,-45,-81,-29,-155,69594,5165,667,75426,52.18%,56.43%,
105/08/01,4,9,-99,-86,69639,5246,696,75581,52.21%,56.54%,
105/07/29,-4,-81,-106,-191,69635,5237,795,75667,52.21%,56.60%,
105/07/28,-267,35,180,-52,69639,5318,901,75858,52.21%,56.74%,
105/07/27,-16,0,69,53,70096,5283,721,76100,52.55%,56.92%,
105/07/26,-8,-164,27,-145,70112,5283,652,76047,52.57%,56.89%,
105/07/25,89,-111,-11,-33,70120,5447,625,76192,52.57%,56.99%,
105/07/22,-111,-280,-9,-400,70011,5558,636,76205,52.49%,57.00%,
105/07/21,100,-10,-35,55,70222,5838,645,76705,52.65%,57.37%,
105/07/20,105,-69,-246,-210,69872,5848,680,76400,52.39%,57.14%,
105/07/19,76,78,1,155,69767,5917,926,76610,52.31%,57.29%,
105/07/18,42,93,178,313,69291,5839,925,76055,51.95%,56.87%,
105/07/15,68,0,140,208,69239,5746,747,75732,51.91%,56.64%,
105/07/14,-2,-15,1,-16,69171,5746,607,75524,51.86%,56.48%,
105/07/13,161,81,-35,207,69173,5761,606,75540,51.86%,56.50%,
105/07/12,162,0,21,183,69012,5680,641,75333,51.74%,56.50%,
105/07/11,94,0,35,129,68850,5680,620,75150,51.62%,56.36%,
105/07/07,-32,0,0,-32,68756,5680,585,75021,51.73%,56.44%,
105/07/06,-53,0,4,-49,68788,5680,585,75053,51.76%,56.47%,
105/07/05,-41,0,13,-28,68841,5680,581,75102,51.80%,56.51%,
105/07/04,-42,0,0,-42,68882,5680,568,75130,51.83%,56.53%,
105/07/01,-17,0,6,-11,68924,5680,568,75172,51.86%,56.56%,
105/06/30,27,155,7,189,68941,5680,562,75183,51.87%,56.57%,
105/06/29,2,15,0,17,68914,5458,555,74927,51.85%,56.37%,
105/06/28,-18,104,30,116,68949,5443,555,74947,51.88%,56.39%,
105/06/27,-40,0,0,-40,68967,5339,525,74831,51.89%,56.30%,
105/06/24,-9,-137,-66,-212,69007,5339,525,74871,51.92%,56.33%,
105/06/23,16,0,2,18,69016,5476,591,75083,51.93%,56.50%,
105/06/22,16,-232,0,-216,69000,5476,589,75065,51.92%,56.48%,
105/06/21,-23,-65,0,-88,68984,5708,589,75281,51.91%,56.65%,
105/06/20,-25,-182,3,-204,69007,5773,589,75369,51.92%,56.71%,
105/06/17,-24,-111,20,-115,69032,5955,586,75573,51.94%,56.86%,
105/06/16,-43,0,4,-39,69106,6066,566,75738,52.00%,56.99%,
105/06/15,-47,0,0,-47,69149,6066,562,75777,52.03%,57.02%,
105/06/14,9,0,5,14,69204,6066,562,75832,52.07%,57.06%,
105/06/13,-28,0,0,-28,69195,6066,557,75818,52.06%,57.04%,
105/06/08,45,0,-5,40,69223,6066,557,75846,52.09%,57.07%,
105/06/07,71,0,5,76,69178,6066,562,75806,52.05%,57.04%,
105/06/06,35,0,1,36,69107,6066,557,75730,52.00%,56.98%,
105/06/04,0,25,18,43,69072,6066,556,75694,51.97%,56.95%,
105/06/03,113,0,-7,106,69072,6041,538,75651,51.97%,56.92%,
105/06/02,59,90,37,186,68969,6041,545,75555,51.89%,56.85%,
105/06/01,18,399,25,442,68911,5951,508,75370,51.85%,56.71%,
105/05/31,43,374,8,425,68867,5552,483,74902,51.82%,56.36%,
105/05/30,95,285,-108,272,68824,5178,475,74477,51.78%,56.03%,
105/05/27,109,100,-1,208,68729,4893,583,74205,51.71%,55.83%,
105/05/26,16,0,20,36,68720,4793,584,74097,51.71%,55.76%,
105/05/25,-45,0,25,-20,68704,4793,564,74061,51.69%,55.72%,
105/05/24,67,86,-5,148,68749,4793,539,74081,51.73%,55.74%,
105/05/23,-29,186,-15,142,68682,4707,544,73933,51.68%,55.63%,
105/05/20,205,27,-6,226,68754,4521,559,73834,51.73%,55.55%,
105/05/19,-25,15,-2,-12,68549,4494,565,73608,51.58%,55.39%,
105/05/18,1,0,3,4,68454,4479,567,73500,51.51%,55.31%,
105/05/17,91,0,-9,82,68569,4479,564,73612,51.59%,55.38%,
105/05/16,-38,0,-1,-39,68478,4479,573,73530,51.52%,55.32%,
105/05/13,200,90,-15,275,68517,4479,574,73570,51.55%,55.35%,
105/05/12,-46,19,0,-27,68317,4389,589,73295,51.40%,55.15%,
105/05/11,-57,39,20,2,68363,4370,589,73322,51.44%,55.17%,
105/05/10,224,0,8,232,68420,4331,569,73320,51.48%,55.17%,
105/05/09,17,0,-1,16,68196,4331,561,73088,51.31%,54.99%,
105/05/06,-27,25,-11,-13,68179,4331,562,73072,51.30%,54.98%,
105/05/05,-77,0,-1,-78,68206,4306,573,73085,51.32%,54.99%,
105/05/04,73,0,0,73,68283,4306,574,73163,51.38%,55.06%,
105/05/03,-12,0,-75,-87,68210,4306,574,73090,51.32%,55.00%,
105/04/29,-61,62,-4,-3,68222,4306,649,73177,51.33%,55.06%,
105/04/28,78,195,68,341,68283,4244,653,73180,51.38%,55.07%,
105/04/27,78,119,51,248,68085,4049,585,72719,51.23%,54.72%,
105/04/26,82,904,113,1099,67957,3930,534,72421,51.13%,54.49%,
105/04/25,15,30,55,100,67865,3026,421,71312,51.06%,53.66%,
105/04/22,-79,494,56,471,67817,2996,366,71179,51.03%,53.56%,
105/04/21,-72,258,0,186,67896,2502,310,70708,51.09%,53.21%,
105/04/20,-49,0,41,-8,67968,2244,310,70522,51.14%,53.06%,
105/04/19,-29,0,8,-21,68017,2244,269,70530,51.18%,53.07%,
105/04/18,-23,-17,0,-40,68046,2244,261,70551,51.20%,53.09%,
105/04/15,55,-112,21,-36,68069,2261,261,70591,51.22%,53.12%,
105/04/14,7,0,0,7,68014,2373,240,70627,51.18%,53.15%,
105/04/13,2,0,0,2,68007,2373,240,70620,51.17%,53.14%,
105/04/12,-129,0,0,-129,68005,2373,240,70618,51.23%,53.20%,
105/04/11,-91,0,-25,-116,68134,2373,240,70747,51.33%,53.30%,
105/04/08,-374,-60,-1,-435,68225,2373,265,70863,51.39%,53.38%,
105/04/07,-245,-30,25,-250,68606,2433,266,71305,51.68%,53.71%,
105/04/06,-52,0,36,-16,68851,2463,241,71555,51.87%,53.91%,
105/04/01,-18,-70,-32,-120,68902,2463,205,71570,51.90%,53.91%,
105/03/31,-17,0,58,41,68923,2533,237,71693,51.92%,54.01%,
105/03/30,56,0,-49,7,68946,2602,179,71727,51.94%,54.04%,
105/03/29,-3,0,-10,-13,68890,2602,228,71720,51.90%,54.03%,
105/03/28,-13,0,8,-5,68907,2602,238,71747,51.91%,54.05%,
105/03/25,-43,0,39,-4,68920,2602,230,71752,51.92%,54.05%,
105/03/24,116,0,-20,96,68979,2602,191,71772,51.96%,54.06%,
105/03/23,-132,0,192,60,69324,2602,211,72137,52.22%,54.34%,
105/03/22,33,52,19,104,69461,2602,19,72082,52.33%,54.31%,
105/03/21,308,0,-64,244,69453,2550,0,72003,52.32%,54.24%,
105/03/18,58,0,0,58,69001,2550,64,71615,51.98%,53.95%,
105/03/17,-32,0,0,-32,68943,2550,64,71557,51.93%,53.90%,
105/03/16,-21,50,0,29,68975,2550,64,71589,51.96%,53.93%,
105/03/15,-35,-7,0,-42,69009,2500,64,71573,51.98%,53.91%,
105/03/14,-21,40,11,30,69044,2507,64,71615,52.01%,53.95%,
105/03/11,43,0,0,43,69066,2467,53,71586,52.03%,53.93%,
105/03/10,6,0,0,6,69023,2467,53,71543,52.00%,53.90%,
105/03/09,26,-2,7,31,69027,2467,53,71547,52.00%,53.90%,
105/03/08,-15,0,0,-15,69021,2469,46,71536,51.99%,53.89%,
105/03/07,-25,0,0,-25,69036,2469,46,71551,52.01%,53.91%,
105/03/04,24,0,1,25,69031,2469,46,71546,52.00%,53.90%,
105/03/03,-8,0,0,-8,69007,2469,45,71521,51.98%,53.87%,
105/03/02,3,0,0,3,69021,2469,45,71535,51.99%,53.88%,
105/03/01,33,0,-18,15,69087,2469,45,71601,52.04%,53.93%,
105/02/26,13,0,-1,12,69054,2469,63,71586,52.02%,53.93%,
105/02/25,19,0,1,20,69041,2469,64,71574,52.01%,53.92%,
105/02/24,-44,0,1,-43,69022,2469,63,71554,51.99%,53.90%,
105/02/23,52,0,0,52,69066,2469,62,71597,52.03%,53.94%,
105/02/22,-3,0,-33,-36,69059,2469,62,71590,52.02%,53.93%,
105/02/19,67,0,6,73,69100,2469,95,71664,52.05%,53.98%,
105/02/18,76,0,-10,66,69035,2469,89,71593,52.00%,53.93%,
105/02/17,80,0,0,80,68959,2469,99,71527,51.95%,53.89%,
105/02/16,10,-80,-2,-72,68882,2469,99,71450,51.89%,53.83%,
105/02/15,33,0,-6,27,68857,2549,101,71507,51.87%,53.87%,
105/02/03,55,0,-5,50,68761,2549,107,71417,51.80%,53.80%,
105/02/02,58,0,-30,28,68874,2549,112,71535,51.88%,53.89%,
105/02/01,36,0,1,37,68825,2549,142,71516,51.85%,53.88%,
105/01/30,-10,-20,5,-25,68689,2549,141,71379,51.74%,53.77%,
105/01/29,162,0,133,295,68699,2569,136,71404,51.75%,53.79%,
105/01/28,-14,0,-17,-31,68554,2569,3,71126,51.64%,53.58%,
105/01/27,62,0,-1,61,68568,2569,20,71157,51.65%,53.60%,
105/01/26,7,-50,0,-43,68506,2569,21,71096,51.61%,53.57%,
105/01/25,-14,0,0,-14,68490,2619,21,71130,51.59%,53.58%,
105/01/22,-27,0,-1,-28,68529,2619,21,71169,51.62%,53.61%,
105/01/21,-32,0,-4,-36,68556,2619,22,71197,51.64%,53.63%,
105/01/20,66,60,-15,111,68594,2619,26,71239,51.67%,53.67%,
105/01/19,14,0,-143,-129,68528,2559,41,71128,51.62%,53.58%,
105/01/18,-15,0,-95,-110,68520,2559,184,71263,51.62%,53.69%,
105/01/15,-31,0,-31,-62,68535,2559,279,71373,51.63%,53.77%,
105/01/14,-18,0,23,5,68612,2559,310,71481,51.69%,53.86%,
105/01/13,-6,0,-154,-160,68646,2559,287,71492,51.71%,53.86%,
105/01/12,-68,0,-155,-223,68670,2559,441,71670,51.73%,54.00%,
105/01/11,275,-30,-14,231,68723,2559,596,71878,51.77%,54.15%,
105/01/08,-6,-28,29,-5,68348,2589,610,71547,51.49%,53.91%,
105/01/07,142,0,-24,118,68284,2617,581,71482,51.51%,53.92%,
105/01/06,439,0,24,463,68117,2617,605,71339,51.38%,53.81%,
105/01/05,160,0,3,163,67680,2617,581,70878,51.05%,53.46%,
105/01/04,193,0,-99,94,67520,2617,578,70715,50.93%,53.34%,
104/12/31,109,0,39,148,67327,2617,677,70621,50.79%,53.28%,
104/12/30,3,0,-57,-54,67218,2581,638,70437,50.70%,53.13%,
104/12/29,28,0,-56,-28,67215,2581,695,70491,50.70%,53.17%,
104/12/28,86,0,-11,75,67189,2581,751,70521,50.68%,53.20%,
104/12/25,10,0,0,10,67103,2581,762,70446,50.62%,53.14%,
104/12/24,35,0,-15,20,67093,2581,762,70436,50.61%,53.13%,
104/12/23,102,0,81,183,67058,2581,777,70416,50.58%,53.12%,
104/12/22,54,0,8,62,66956,2581,696,70233,50.51%,52.98%,
104/12/21,89,0,-80,9,66957,2581,688,70226,50.51%,52.98%,
104/12/18,-22,0,-41,-63,66868,2581,768,70217,50.44%,52.97%,
104/12/17,26,-130,0,-104,66891,2581,809,70281,50.46%,53.02%,
104/12/16,-4,0,-14,-18,66865,2711,809,70385,50.44%,53.10%,
104/12/15,30,0,-96,-66,66996,2711,823,70530,50.54%,53.21%,
104/12/14,14,0,-41,-27,66966,2711,919,70596,50.51%,53.25%,
104/12/11,75,-60,-58,-43,66952,2711,960,70623,50.50%,53.27%,
104/12/10,86,0,-10,76,66877,2771,1018,70666,50.45%,53.31%,
104/12/09,484,-80,-280,124,66792,2771,1028,70591,50.38%,53.25%,
104/12/08,-23,0,-110,-133,66109,2851,1308,70268,49.87%,53.01%,
104/12/07,-16,0,22,6,66245,2851,1418,70514,49.97%,53.19%,
104/12/04,48,0,409,457,66261,2851,1396,70508,49.98%,53.19%,
104/12/03,80,0,28,108,66264,2851,987,70102,49.98%,52.88%,
104/12/02,-55,0,92,37,66184,2851,959,69994,49.92%,52.79%,
104/12/01,-56,0,10,-46,66239,2851,867,69957,49.97%,52.77%,
104/11/30,1,0,-26,-25,66295,2851,857,70003,50.01%,52.80%,
104/11/27,15,0,-19,-4,66284,2851,883,70018,50.00%,52.81%,
104/11/26,72,0,4,76,66289,2851,902,70042,50.00%,52.82%,
104/11/25,13,0,38,51,66207,2851,898,69956,49.94%,52.76%,
104/11/24,141,0,-21,120,66184,2851,860,69895,49.92%,52.71%,
104/11/23,68,0,-2,66,66109,2851,881,69841,49.87%,52.68%,
104/11/20,-16,0,4,-12,66101,2851,883,69835,49.86%,52.67%,
104/11/19,10,0,63,73,66117,2851,879,69847,49.87%,52.68%,
104/11/18,182,0,-24,158,66097,2851,816,69764,49.86%,52.62%,
104/11/17,-174,0,66,-108,65915,2851,840,69606,49.72%,52.50%,
104/11/16,18,0,48,66,66079,2851,774,69704,49.84%,52.57%,
104/11/13,-212,0,23,-189,66051,2851,726,69628,49.82%,52.51%,
104/11/12,-123,0,-9,-132,66253,2851,703,69807,49.98%,52.65%,
104/11/11,-99,-91,-3,-193,66366,2851,712,69929,49.88%,52.56%,
104/11/10,-322,85,3,-234,66455,2942,715,70112,49.95%,52.70%,
104/11/09,-285,0,-6,-291,66767,2857,712,70336,50.18%,52.86%,
104/11/06,186,-229,-141,-184,67042,2857,718,70617,50.39%,53.08%,
104/11/05,51,0,-90,-39,66856,3086,859,70801,50.25%,53.22%,
104/11/04,-45,30,-46,-61,66805,3086,949,70840,50.21%,53.24%,
104/11/03,-434,0,-17,-451,66850,3056,995,70901,50.25%,53.31%,
104/11/02,-186,0,-65,-251,67284,3056,1012,71352,50.57%,53.64%,
104/10/30,-102,0,-123,-225,67470,3056,1077,71603,50.71%,53.83%,
104/10/29,62,0,-41,21,67572,3056,1200,71828,50.79%,54.00%,
104/10/28,-272,50,129,-93,67510,3056,1241,71807,50.74%,53.98%,
104/10/27,-18,0,-13,-31,67782,3006,1112,71900,50.95%,54.06%,
104/10/26,-140,0,-80,-220,67800,3006,1125,71931,50.96%,54.08%,
104/10/23,92,791,588,1471,67940,3006,1205,72151,51.06%,54.24%,
104/10/22,5,0,-16,-11,67848,2215,617,70680,51.00%,53.14%,
104/10/21,25,38,27,90,67843,2215,633,70691,50.99%,53.14%,
104/10/20,-4,0,6,2,67818,2177,606,70601,50.97%,53.07%,
104/10/19,-1,0,32,31,67822,2177,600,70599,50.98%,53.08%,
104/10/16,217,0,-30,187,67823,2177,568,70568,50.98%,53.05%,
104/10/15,112,0,40,152,67606,2177,598,70381,50.81%,52.90%,
104/10/14,90,0,-11,79,67494,2177,558,70229,50.73%,52.79%,
104/10/13,44,-56,28,16,67404,2177,569,70150,50.66%,52.73%,
104/10/12,426,145,4,575,67360,2233,541,70134,50.63%,52.72%,
104/10/08,196,0,-66,130,66917,2088,537,69542,50.30%,52.28%,
104/10/07,-32,0,6,-26,66725,2088,603,69416,50.50%,52.53%,
104/10/06,-57,0,36,-21,66732,2088,597,69417,50.51%,52.54%,
104/10/05,278,50,100,428,66789,2088,561,69438,50.55%,52.55%,
104/10/02,-196,0,-16,-212,66511,2038,461,69010,50.34%,52.23%,
104/10/01,26,-33,-5,-12,66646,2038,477,69161,50.44%,52.34%,
104/09/30,-31,-25,52,-4,66620,2071,482,69173,50.42%,52.35%,
104/09/25,-60,21,-12,-51,66651,2448,430,69529,50.45%,52.62%,
104/09/24,-169,363,-107,87,66671,2427,442,69540,50.46%,52.62%,
104/09/23,203,263,35,501,66770,2064,549,69383,50.54%,52.51%,
104/09/22,-151,211,-26,34,66567,1801,514,68882,50.38%,52.13%,
104/09/21,59,-15,-46,-2,66718,1590,540,68848,50.50%,52.11%,
104/09/18,819,30,265,1114,66620,1605,586,68811,50.42%,52.07%,
104/09/17,-26,-35,2,-59,65801,1575,321,67697,49.80%,51.23%,
104/09/16,-27,50,2,25,65827,1610,319,67756,49.82%,51.28%,
104/09/15,-76,50,-8,-34,65854,1560,317,67731,49.84%,51.26%,
104/09/14,-142,0,-12,-154,65930,1510,325,67765,49.90%,51.28%,
104/09/11,-149,0,43,-106,66073,1510,337,67920,50.01%,51.40%,
104/09/10,-104,0,10,-94,66172,1510,294,67976,50.08%,51.44%,
104/09/09,-100,-15,38,-77,66087,1510,284,67881,50.02%,51.37%,
104/09/08,5,0,-3,2,66137,1525,246,67908,50.06%,51.40%,
104/09/07,-48,0,-24,-72,66132,1525,249,67906,50.05%,51.39%,
104/09/04,-66,0,-58,-124,66120,1525,273,67918,50.04%,51.40%,
104/09/03,208,-20,44,232,66186,1525,331,68042,50.09%,51.49%,
104/09/02,-56,0,-37,-93,65928,1545,287,67760,49.90%,51.28%,
104/09/01,-35,0,-5,-40,65984,1545,324,67853,49.94%,51.35%,
104/08/31,78,0,3,81,66019,1545,329,67893,49.97%,51.38%,
104/08/28,-41,-20,35,-26,65827,1545,326,67698,49.82%,51.23%,
104/08/27,627,-20,22,629,65868,1565,291,67724,49.85%,51.25%,
104/08/26,31,0,4,35,65241,1585,269,67095,49.38%,50.78%,
104/08/25,107,0,-15,92,65210,1585,265,67060,49.35%,50.75%,
104/08/24,-34,0,-9,-43,65103,1585,280,66968,49.27%,50.68%,
104/08/21,133,0,1,134,65137,1585,289,67011,49.30%,50.71%,
104/08/20,-310,179,-22,-153,65004,1585,288,66877,49.20%,50.61%,
104/08/19,93,-50,-8,35,65314,1406,310,67030,49.43%,50.72%,
104/08/18,188,-100,-1,87,65221,1456,318,66995,49.36%,50.70%,
104/08/17,428,0,-9,419,65018,1556,319,66893,49.21%,50.62%,
104/08/14,916,47,-115,848,64590,1556,328,66474,48.89%,50.31%,
104/08/13,-35,0,-1,-36,63662,1509,443,65614,48.18%,49.65%,
104/08/12,-50,0,-2,-52,63697,1509,444,65650,48.21%,49.68%,
104/08/11,-41,0,31,-10,63747,1509,446,65702,48.25%,49.73%,
104/08/10,-12,0,19,7,63970,1509,415,65894,48.42%,49.87%,
104/08/07,8,0,-62,-54,63982,1509,396,65887,48.43%,49.87%,
104/08/06,-87,0,-55,-142,63974,1509,458,65941,48.42%,49.90%,
104/08/05,-17,0,-18,-35,64061,1509,513,66083,48.48%,50.01%,
104/08/04,318,0,-12,306,64096,1509,531,66136,48.51%,50.07%,
104/08/03,52,0,48,100,63778,1509,543,65830,48.27%,49.84%,
104/07/31,-91,-40,-12,-143,64018,1509,495,66022,48.45%,49.98%,
104/07/30,400,-50,165,515,64079,1549,507,66135,48.50%,50.07%,
104/07/29,4,-50,-32,-78,63220,1599,342,65161,47.85%,49.33%,
104/07/28,-118,-648,19,-747,63216,1649,374,65239,47.85%,49.40%,
104/07/27,676,-390,-55,231,63233,2297,355,65885,47.86%,49.89%,
104/07/24,-909,-433,33,-1309,62547,2687,410,65644,47.34%,49.71%,
104/07/23,-2288,-1345,-213,-3846,63456,3120,377,66953,48.03%,50.70%,
104/07/22,181,-282,-24,-125,65744,4465,590,70799,49.76%,53.62%,
104/07/21,-212,-37,-13,-262,65563,4747,614,70924,49.62%,53.72%,
104/07/20,219,0,-87,132,65802,4784,627,71213,49.80%,53.93%,
104/07/17,77,0,-18,59,65596,4784,714,71094,49.65%,53.85%,
104/07/16,209,0,-21,188,65519,4784,732,71035,49.59%,53.80%,
104/07/15,179,10,-411,-222,65310,4784,753,70847,49.43%,53.66%,
104/07/14,11,-21,-162,-172,65131,4774,1164,71069,49.29%,53.83%,
104/07/13,-176,0,282,106,65120,4795,1326,71241,49.29%,53.97%,
104/07/09,690,0,27,717,65296,4795,1044,71135,49.42%,53.88%,
104/07/08,764,-20,-238,506,64606,4795,1017,70418,48.90%,53.34%,
104/07/07,379,0,-167,212,63842,4815,1255,69912,48.32%,52.96%,
104/07/06,33,0,-539,-506,63513,4815,1422,69750,48.07%,52.84%,
104/07/03,-175,-100,-367,-642,63480,4815,1961,70256,48.04%,53.22%,
104/07/02,-45,30,-561,-576,63697,4915,2328,70940,48.21%,53.74%,
104/07/01,225,10,860,1095,63762,4885,2889,71536,48.26%,54.20%,
104/06/30,39,0,-240,-201,63527,4875,2029,70431,48.08%,53.36%,
104/06/29,402,-30,64,436,63510,4942,2269,70721,48.07%,53.58%,
104/06/26,647,10,174,831,63070,4972,2205,70247,47.73%,53.21%,
104/06/25,433,-10,-148,275,62453,4962,2031,69446,47.27%,52.61%,
104/06/24,-307,50,1057,800,62010,4972,2179,69161,46.93%,52.39%,
104/06/23,19,225,368,612,62337,4922,1122,68381,47.18%,51.80%,
104/06/22,-119,2,234,117,62318,4697,754,67769,47.17%,51.34%,
104/06/18,65,265,2,332,62401,4695,520,67616,47.23%,51.21%,
104/06/17,-25,52,-9,18,62308,4430,518,67256,47.16%,50.94%,
104/06/16,97,111,-47,161,62325,4378,527,67230,47.17%,50.92%,
104/06/15,-84,0,25,-59,62228,4267,574,67069,47.10%,50.80%,
104/06/12,521,0,21,542,62298,4267,549,67114,47.15%,50.83%,
104/06/11,-138,0,8,-130,61756,4267,528,66551,46.74%,50.40%,
104/06/10,-18,0,30,12,61911,4267,520,66698,46.86%,50.52%,
104/06/09,204,0,86,290,61926,4267,490,66683,46.87%,50.50%,
104/06/08,-174,53,-1,-122,61755,4267,404,66426,46.74%,50.31%,
104/06/05,115,20,-50,85,61929,4214,405,66548,46.87%,50.40%,
104/06/04,-82,60,-91,-113,61810,4194,455,66459,46.78%,50.33%,
104/06/03,-215,-25,82,-158,61890,4134,546,66570,46.84%,50.42%,
104/06/02,-57,5,146,94,62109,4159,464,66732,47.01%,50.54%,
104/06/01,123,50,32,205,62175,4154,318,66647,47.06%,50.48%,
104/05/29,-290,82,-11,-219,62052,4104,286,66442,46.96%,50.31%,
104/05/28,-12,30,-13,5,62316,4022,297,66635,47.16%,50.46%,
104/05/27,81,-188,-98,-205,61338,3992,310,65640,46.80%,50.09%,
104/05/26,-101,0,32,-69,61257,4180,408,65845,46.74%,50.25%,
104/05/25,-5,201,-43,153,61357,4180,376,65913,46.82%,50.30%,
104/05/22,-170,0,74,-96,61362,3979,419,65760,46.82%,50.18%,
104/05/21,-144,38,75,-31,61506,3979,345,65830,46.93%,50.23%,
104/05/20,-430,354,80,4,61620,3941,270,65831,47.02%,50.24%,
104/05/19,-109,423,29,343,61999,3587,190,65776,47.31%,50.20%,
104/05/18,-24,-590,32,-582,62110,3164,161,65435,47.39%,49.93%,
104/05/15,109,-82,-23,4,62140,3754,129,66023,47.41%,50.38%,
104/05/14,288,22,-48,262,62079,3836,152,66067,47.37%,50.42%,
104/05/13,-50,18,-23,-55,61791,3814,200,65805,47.15%,50.22%,
104/05/12,-167,25,19,-123,61854,3796,223,65873,47.19%,50.26%,
104/05/11,716,-174,-45,497,62028,3771,204,66003,47.33%,50.37%,
104/05/08,143,0,2,145,61312,3945,249,65506,46.78%,49.98%,
104/05/07,84,-26,-33,25,61145,3945,247,65337,46.65%,49.85%,
104/05/06,15,-50,17,-18,61045,3971,280,65296,46.58%,49.83%,
104/05/05,-14,0,4,-10,61035,4021,263,65319,46.57%,49.88%,
104/05/04,-25,-150,-76,-251,61049,4021,259,65329,46.58%,49.89%,
104/04/30,113,-23,-16,74,61070,4171,335,65576,46.60%,50.08%,
104/04/29,-26,-272,-189,-487,60949,4194,351,65494,46.50%,50.01%,
104/04/28,-57,0,-121,-178,60975,4466,540,65981,46.52%,50.39%,
104/04/27,64,-9,-59,-4,61003,4466,661,66130,46.55%,50.51%,
104/04/24,5,4,-79,-70,60929,4475,720,66124,46.49%,50.51%,
104/04/23,-72,143,178,249,60924,4471,799,66194,46.49%,50.56%,
104/04/22,395,17,232,644,60996,4328,621,65945,46.54%,50.37%,
104/04/21,34,-18,-11,5,60601,4311,389,65301,46.24%,49.87%,
104/04/20,-33,93,-6,54,60567,4329,400,65296,46.21%,49.87%,
104/04/17,42,-229,-30,-217,60600,4236,406,65242,46.24%,49.83%,
104/04/16,-121,140,-17,2,60558,4465,436,65459,46.21%,50.00%,
104/04/15,-116,105,-13,-24,60679,4325,453,65457,46.30%,49.99%,
104/04/14,-303,0,4,-299,60795,4220,466,65481,46.39%,50.01%,
104/04/13,-231,60,26,-145,61104,4220,462,65786,47.12%,50.74%,
104/04/10,376,89,31,496,61335,4160,436,65931,47.30%,50.85%,
104/04/09,9,114,-60,63,60960,4071,405,65436,47.01%,50.47%,
104/04/08,-242,11,-11,-242,60951,3957,465,65373,47.00%,50.42%,
104/04/07,680,300,-83,897,61193,3946,476,65615,47.19%,50.61%,
104/04/02,47,60,-19,88,60513,3646,559,64718,46.66%,49.91%,
104/04/01,218,-38,-113,67,60466,3586,578,64630,46.63%,49.85%,
104/03/31,-70,0,33,-37,60248,3624,691,64563,46.46%,49.80%,
104/03/30,290,-76,-196,18,60330,3506,658,64494,46.52%,49.74%,
104/03/27,365,-67,20,318,60040,3582,854,64476,46.30%,49.73%,
104/03/26,345,-408,-87,-150,59687,3649,834,64170,46.02%,49.49%,
104/03/25,123,-117,51,57,59342,4057,921,64320,45.76%,49.61%,
104/03/24,116,-50,21,87,59219,4174,870,64263,45.66%,49.56%,
104/03/23,501,-75,75,501,59103,4224,849,64176,45.57%,49.49%,
104/03/20,81,62,127,270,58578,4299,774,63651,45.17%,49.09%,
104/03/19,648,-22,193,819,58497,4237,647,63381,45.11%,48.89%,
104/03/18,712,-52,65,725,57849,4259,454,62562,44.61%,48.25%,
104/03/17,495,15,3,513,57137,4311,389,61837,44.06%,47.69%,
104/03/16,104,-10,-48,46,56642,4296,386,61324,43.68%,47.30%,
104/03/13,-27,43,30,46,56538,4306,434,61278,43.60%,47.26%,
104/03/12,255,137,21,413,56565,4263,404,61232,43.62%,47.23%,
104/03/11,-41,165,2,126,56310,4126,383,60819,43.42%,46.91%,
104/03/10,150,632,154,936,56351,3961,381,60693,43.45%,46.81%,
104/03/09,83,31,-81,33,56201,3329,227,59757,43.34%,46.09%,
104/03/06,158,0,32,190,56118,3298,308,59724,43.27%,46.06%,
104/03/05,222,-20,-2,200,55967,3298,276,59541,43.16%,45.92%,
104/03/04,-82,70,-43,-55,55745,3318,278,59341,42.98%,45.76%,
104/03/03,-68,121,72,125,55827,3248,321,59396,43.05%,45.81%,
104/03/02,-6,28,-85,-63,55895,3127,249,59271,43.10%,45.71%,
104/02/26,-351,0,-115,-466,55901,3099,334,59334,43.11%,45.76%,
104/02/25,-353,-30,37,-346,56252,3099,449,59800,43.38%,46.12%,
104/02/24,21,180,183,384,56605,3129,412,60146,43.65%,46.39%,
104/02/13,-6,-20,-1,-27,56584,2949,229,59762,43.63%,46.09%,
104/02/12,-32,0,0,-32,56591,2969,230,59790,43.64%,46.11%,
104/02/11,91,40,0,131,56654,2969,230,59853,43.69%,46.16%,
104/02/10,6,0,4,10,56563,2929,230,59722,43.62%,46.06%,
104/02/09,150,0,-20,130,56557,2929,226,59712,43.61%,46.05%,
104/02/06,198,22,-20,200,56407,2929,246,59582,43.50%,45.95%,
104/02/05,9,-35,-48,-74,56209,2907,266,59382,43.34%,45.79%,
104/02/04,13,79,-132,-40,56198,2942,314,59454,43.33%,45.85%,
104/02/03,-62,60,-32,-34,56185,2863,446,59494,43.32%,45.92%,
104/02/02,-39,125,-17,69,56247,2803,478,59528,43.37%,45.95%,
104/01/30,-81,10,73,2,56286,2678,495,59459,43.40%,45.90%,
104/01/29,-12,0,17,5,56367,2668,422,59457,43.46%,45.89%,
104/01/28,24,0,112,136,56379,2668,405,59452,43.47%,45.89%,
104/01/27,-88,-28,51,-65,56355,2668,293,59316,43.46%,45.79%,
104/01/26,-3,0,82,79,56543,2696,242,59481,43.60%,45.91%,
104/01/23,-15,30,-1,14,56546,2696,160,59402,43.60%,45.85%,
104/01/22,45,0,0,45,56561,2666,161,59388,43.61%,45.83%,
104/01/21,-168,0,0,-168,56516,2666,161,59343,43.58%,45.80%,
104/01/20,69,20,0,89,56584,2666,161,59411,43.63%,45.85%,
104/01/19,-50,36,50,36,56556,2646,161,59363,43.61%,45.82%,
104/01/16,-109,0,-17,-126,56606,2610,111,59327,43.65%,45.79%,
104/01/15,-38,0,-5,-43,56675,2610,128,59413,43.70%,45.85%,
104/01/14,20,0,11,31,56832,2610,133,59575,43.82%,45.98%,
104/01/13,-84,0,1,-83,56812,2610,122,59544,43.81%,45.96%,
104/01/12,-76,12,0,-64,56816,2610,121,59547,43.81%,45.96%,
104/01/09,-87,0,101,14,56852,2598,121,59571,43.84%,45.98%,
104/01/08,-21,-64,0,-85,56966,2598,20,59584,43.93%,45.99%,
104/01/07,28,0,0,28,56985,2662,20,59667,44.48%,46.59%,
104/01/06,291,0,1,292,56957,2662,20,59639,44.46%,46.57%,
104/01/05,8,0,-150,-142,56668,2662,19,59349,44.24%,46.35%,
