日期,外資買賣超,投信買賣超,自營商買賣超,單日合計買賣超,外資估計持股,投信估計持股,自營商估計持股,單日合計估計持股,外資持股比重,三大法人持股比重,
107/03/31,-524,0,833,309,132136,19136,5061,156333,26.85%,31.77%,
107/03/30,-1109,-227,220,-1116,132660,19136,4228,156024,26.96%,31.71%,
107/03/29,-2643,-43,-550,-3236,133831,19363,4008,157202,27.20%,31.95%,
107/03/28,-173,-272,-229,-674,136474,19406,4558,160438,27.73%,32.60%,
107/03/27,729,-165,61,625,136520,19678,4787,160985,27.74%,32.71%,
107/03/26,-621,-135,-422,-1178,135822,19843,4726,160391,27.60%,32.59%,
107/03/23,-355,-1275,72,-1558,136469,19978,5148,161595,27.73%,32.84%,
107/03/22,-1799,-395,-39,-2233,136824,21253,5076,163153,27.80%,33.15%,
107/03/21,-5016,-1080,357,-5739,138623,21648,5115,165386,28.17%,33.61%,
107/03/20,967,-1325,-99,-457,143594,22728,4758,171080,29.18%,34.77%,
107/03/19,-969,-3008,-296,-4273,142731,24053,4857,171641,29.01%,34.89%,
107/03/16,2191,4823,1206,8220,143655,27061,5153,175869,29.19%,35.74%,
107/03/15,-774,-1165,10,-1929,141445,22238,3947,167630,28.74%,34.06%,
107/03/14,-1174,-1017,-85,-2276,142189,23403,3937,169529,28.90%,34.46%,
107/03/13,-493,-1481,-572,-2546,143375,24420,4022,171817,29.14%,34.92%,
107/03/12,1790,-559,448,1679,143812,25901,4594,174307,29.23%,35.43%,
107/03/09,-815,-1214,680,-1349,141933,26460,4146,172539,28.84%,35.06%,
107/03/08,-852,-430,491,-791,142740,27674,3466,173880,29.01%,35.34%,
107/03/07,499,-1045,143,-403,143582,28104,2975,174661,29.18%,35.50%,
107/03/06,480,-2307,1,-1826,143093,29149,2832,175074,29.08%,35.58%,
107/03/05,901,-2201,-181,-1481,142980,31456,2831,177267,29.06%,36.03%,
107/03/02,-534,-162,-445,-1141,142069,33657,3012,178738,28.87%,36.32%,
107/03/01,33,-264,218,-13,142449,33819,3457,179725,28.95%,36.53%,
107/02/27,705,0,426,1131,142501,34083,3239,179823,28.96%,36.55%,
107/02/26,232,40,373,645,141807,34083,2813,178703,28.82%,36.32%,
107/02/23,-101,0,391,290,141575,34043,2440,178058,28.77%,36.19%,
107/02/22,-915,-1276,-230,-2421,141698,34043,2049,177790,28.80%,36.14%,
107/02/21,1284,-421,1498,2361,142633,35319,2279,180231,28.99%,36.63%,
107/02/12,459,20,11,490,141318,35740,781,177839,28.72%,36.14%,
107/02/09,-734,180,-1065,-1619,140858,35720,770,177348,28.62%,36.04%,
107/02/08,-795,273,843,321,141560,35540,1835,178935,28.77%,36.37%,
107/02/07,-1150,-250,123,-1277,142345,35267,992,178604,28.93%,36.30%,
107/02/06,936,763,-775,924,143293,35517,869,179679,29.12%,36.52%,
107/02/05,1184,0,-192,992,142387,34754,1644,178785,28.94%,36.34%,
107/02/02,122,0,-105,17,141194,34754,1836,177784,28.69%,36.13%,
107/02/01,269,16,-145,140,141157,34754,1941,177852,28.69%,36.15%,
107/01/31,401,21,-193,229,141269,34738,2086,178093,28.71%,36.19%,
107/01/30,-940,282,-1355,-2013,141624,34717,2279,178620,28.78%,36.30%,
107/01/29,4952,513,-147,5318,142193,34435,3634,180262,28.90%,36.64%,
107/01/26,789,979,1064,2832,137231,33922,3781,174934,27.89%,35.55%,
107/01/25,-272,200,1441,1369,136442,32943,2717,172102,27.73%,34.98%,
107/01/24,-260,-250,67,-443,136861,32743,1276,170880,27.81%,34.72%,
107/01/23,70,0,-307,-237,137121,32993,1209,171323,27.87%,34.82%,
107/01/22,-196,162,270,236,137052,32993,1516,171561,27.85%,34.86%,
107/01/19,-643,237,-73,-479,137238,32831,1246,171315,27.89%,34.82%,
107/01/18,-1633,420,-316,-1529,137802,32594,1319,171715,28.00%,34.89%,
107/01/17,69,-485,-468,-884,139578,32174,1635,173387,28.36%,35.23%,
107/01/16,2257,150,340,2747,139501,32659,2103,174263,28.35%,35.42%,
107/01/15,-1050,35,-1239,-2254,137040,32509,1763,171312,27.85%,34.82%,
107/01/12,-4492,3250,380,-862,138033,32474,3002,173509,28.05%,35.26%,
107/01/11,-31,920,876,1765,142420,29224,2622,174266,28.94%,35.41%,
107/01/10,-1774,107,-483,-2150,142500,28304,1746,172550,28.96%,35.07%,
107/01/09,-2050,312,301,-1437,144747,28197,2229,175173,29.42%,35.60%,
107/01/08,-398,-320,4,-714,146806,27885,1928,176619,29.83%,35.89%,
107/01/05,-301,-264,33,-532,147242,28205,1924,177371,29.92%,36.04%,
107/01/04,-724,0,-61,-785,148060,28469,1891,178420,30.09%,36.26%,
107/01/03,-279,-300,-434,-1013,148879,28469,1952,179300,30.26%,36.44%,
107/01/02,1340,414,-578,1176,149158,28769,2386,180313,30.31%,36.64%,
106/12/29,-295,70,-188,-413,147819,28355,2964,179138,30.04%,36.41%,
106/12/28,413,529,-882,60,147378,29558,3152,180088,29.95%,36.60%,
106/12/27,-906,2847,1421,3362,146965,29029,4034,180028,29.87%,36.59%,
106/12/26,-1792,1577,-162,-377,147796,26182,2613,176591,30.03%,35.88%,
106/12/25,605,3450,-613,3442,149576,24605,2775,176956,30.40%,35.97%,
106/12/22,-2027,936,1586,495,148956,21155,3388,173499,30.27%,35.26%,
106/12/21,3100,3717,997,7814,150980,20219,1802,173001,30.68%,35.16%,
106/12/20,-715,872,-16,141,147809,16502,805,165116,30.04%,33.56%,
106/12/19,-1188,-622,-69,-1879,148750,15630,821,165201,30.23%,33.57%,
106/12/18,-653,310,140,-203,149938,16252,890,167080,30.47%,33.95%,
106/12/15,-945,-7,-13,-965,150591,15942,750,167283,30.60%,33.99%,
106/12/14,-1416,-75,23,-1468,151536,15949,763,168248,30.80%,34.20%,
106/12/13,-1896,600,-19,-1315,153015,16024,740,169779,31.10%,34.51%,
106/12/12,-649,111,35,-503,154911,15424,759,171094,31.48%,34.77%,
106/12/11,-427,-12,122,-317,155488,15313,724,171525,31.60%,34.86%,
106/12/08,-2027,0,-279,-2306,155913,15325,602,171840,31.68%,34.92%,
106/12/07,-71,665,58,652,157662,15325,881,173868,32.04%,35.33%,
106/12/06,-2515,0,-755,-3270,157713,14660,823,173196,32.05%,35.20%,
106/12/05,-1035,965,-40,-110,160122,14660,1578,176360,32.54%,35.84%,
106/12/04,-1038,369,478,-191,161526,13695,1618,176839,32.83%,35.94%,
106/12/01,318,-408,0,-90,162617,13326,1140,177083,33.05%,35.99%,
106/11/30,-1605,-344,-115,-2064,162236,13735,1140,177111,32.97%,35.99%,
106/11/29,639,-220,-74,345,163785,14079,1255,179119,33.28%,36.40%,
106/11/28,-1865,209,-111,-1767,163331,14299,1329,178959,33.19%,36.37%,
106/11/27,-225,400,23,198,165196,14090,1440,180726,33.57%,36.73%,
106/11/24,-304,0,-235,-539,165421,13690,1417,180528,33.62%,36.69%,
106/11/23,-261,69,158,-34,165584,13690,1652,180926,33.65%,36.77%,
106/11/22,348,249,-257,340,165848,13621,1494,180963,33.70%,36.77%,
106/11/21,-2422,-235,-129,-2786,165783,13371,1751,180905,33.69%,36.76%,
106/11/20,3240,1001,827,5068,168055,13606,1880,183541,34.15%,37.30%,
106/11/17,1802,2008,-113,3697,164815,12605,1053,178473,33.49%,36.27%,
106/11/16,-1077,-4,84,-997,162879,10597,1166,174642,33.10%,35.49%,
106/11/15,-1693,632,-36,-1097,163851,10601,1083,175535,33.30%,35.67%,
106/11/14,-1760,74,-196,-1882,165342,9969,1119,176430,33.60%,35.85%,
106/11/13,-1622,1698,1105,1181,167048,9895,1315,178258,33.95%,36.23%,
106/11/10,-1004,0,82,-922,168809,8197,210,177216,34.31%,36.02%,
106/11/09,-2096,-100,41,-2155,169813,8197,128,178138,34.51%,36.20%,
106/11/08,-1930,-50,-90,-2070,171909,8297,87,180293,34.94%,36.64%,
106/11/07,-1233,190,-26,-1069,173839,8347,177,182363,35.33%,37.06%,
106/11/06,-3306,339,127,-2840,175064,8157,203,183424,35.58%,37.28%,
106/11/03,-1563,-50,-5,-1618,178324,7818,76,186218,36.24%,37.84%,
106/11/02,-4222,-117,-26,-4365,179810,7868,81,187759,36.54%,38.16%,
106/11/01,-992,-399,-109,-1500,183892,7985,107,191984,37.37%,39.01%,
106/10/31,-364,0,190,-174,184884,8384,216,193484,37.57%,39.32%,
106/10/30,750,-198,-66,486,185211,8384,26,193621,37.64%,39.35%,
106/10/27,-1978,-251,-196,-2425,184462,8582,92,193136,37.49%,39.25%,
106/10/26,-1731,0,48,-1683,186439,8833,288,195560,37.89%,39.74%,
106/10/25,-695,67,-461,-1089,188170,8833,239,197242,38.24%,40.08%,
106/10/24,-355,-75,-68,-498,188771,8766,700,198237,38.36%,40.28%,
106/10/23,-1195,-55,-16,-1266,188943,8841,768,198552,38.40%,40.35%,
106/10/20,794,96,-49,841,189891,8896,784,199571,38.59%,40.56%,
106/10/19,109,-106,41,44,189001,8800,833,198634,38.41%,40.37%,
106/10/18,-652,-252,-10,-914,188893,8906,792,198591,38.39%,40.36%,
106/10/17,-595,-87,-138,-820,189545,9158,802,199505,38.52%,40.54%,
106/10/16,-365,-353,34,-684,190140,9245,940,200325,38.64%,40.71%,
106/10/13,-485,-630,-153,-1268,190505,9598,906,201009,38.72%,40.85%,
106/10/12,-2207,17,1,-2189,190968,10228,1059,202255,38.81%,41.10%,
106/10/11,434,-30,-42,362,193048,10211,1058,204317,39.23%,41.52%,
106/10/06,-625,392,-1,-234,192614,10241,1100,203955,39.14%,41.45%,
106/10/05,170,-232,2,-60,193139,9849,1101,204089,39.25%,41.48%,
106/10/03,-1270,-658,-49,-1977,192969,10081,1099,204149,39.22%,41.49%,
106/10/02,146,-266,-3,-123,194152,10739,1148,206039,39.46%,41.88%,
106/09/30,0,0,82,82,194006,11005,1151,206162,39.43%,41.90%,
106/09/29,-530,-1190,-129,-1849,194006,12651,1069,207726,39.43%,42.22%,
106/09/28,29,-761,-1215,-1947,194792,13841,1197,209830,39.59%,42.65%,
106/09/27,-885,158,740,13,194763,14602,2412,211777,39.58%,43.04%,
106/09/26,347,1027,-208,1166,195648,14444,1672,211764,39.76%,43.04%,
106/09/25,764,-404,-455,-95,195274,13417,1880,210571,39.68%,42.79%,
106/09/22,-584,-1134,-915,-2633,194510,13821,2335,210666,39.53%,42.81%,
106/09/21,-227,-1,492,264,195083,14955,3250,213288,39.65%,43.35%,
106/09/20,-686,281,-289,-694,195309,14955,2758,213022,39.69%,43.29%,
106/09/19,86,212,154,452,195996,14674,3047,213717,39.83%,43.43%,
106/09/18,483,-67,-843,-427,195910,14462,2893,213265,39.81%,43.34%,
106/09/15,-518,46,-274,-746,195427,14529,3736,213692,39.72%,43.43%,
106/09/14,-79,370,89,380,195948,14483,4010,214441,39.82%,43.58%,
106/09/13,-544,0,-268,-812,196027,14113,3921,214061,39.84%,43.51%,
106/09/12,-69,-66,95,-40,196571,14113,4189,214873,39.95%,43.67%,
106/09/11,-77,0,-699,-776,196609,14179,4094,214882,39.96%,43.67%,
106/09/08,-879,-206,-613,-1698,196686,14179,4793,215658,39.97%,43.83%,
106/09/07,12,240,536,788,197467,14385,5406,217258,40.13%,44.15%,
106/09/06,279,100,-69,310,197455,14145,4870,216470,40.13%,43.99%,
106/09/05,78,0,-598,-520,191723,14045,4939,210707,40.13%,43.99%,
106/09/04,-83,-30,585,472,191645,14045,5537,211227,40.12%,44.10%,
106/09/01,-659,450,-69,-278,191809,14075,4952,210836,40.15%,44.02%,
106/08/31,-112,465,-127,226,192468,13625,5021,211114,40.29%,44.08%,
106/08/30,-26,314,-360,-72,192551,13160,5148,210859,40.31%,44.03%,
106/08/29,-751,810,1053,1112,192332,12846,5508,210686,40.26%,43.99%,
106/08/28,-120,-100,-268,-488,193083,12036,4455,209574,40.42%,43.77%,
106/08/25,1269,305,-43,1531,193203,12136,4723,210062,40.44%,43.87%,
106/08/24,476,234,401,1111,191934,11831,4766,208531,40.18%,43.55%,
106/08/23,-3364,546,152,-2666,191457,11597,4365,207419,40.08%,43.32%,
106/08/22,1009,1743,-392,2360,194821,11051,4213,210085,40.78%,43.88%,
106/08/21,139,247,940,1326,193812,9308,4605,207725,40.57%,43.40%,
106/08/18,254,0,103,357,193673,9061,3665,206399,40.54%,43.13%,
106/08/17,198,124,61,383,193419,9061,3562,206042,40.49%,43.06%,
106/08/16,493,48,-145,396,193222,8937,3501,205660,40.45%,42.98%,
106/08/15,498,70,-194,374,192728,8889,3646,205263,40.34%,42.89%,
106/08/14,1143,822,-110,1855,192220,8819,3840,204879,40.24%,42.81%,
106/08/11,1636,-144,268,1760,191064,7997,3950,203011,39.99%,42.42%,
106/08/10,122,170,-292,0,189428,8141,3682,201251,39.65%,42.05%,
106/08/09,469,0,-202,267,189547,7971,3974,201492,39.68%,42.11%,
106/08/08,1531,388,-548,1371,189078,7971,4176,201225,39.58%,42.05%,
106/08/07,2660,467,-773,2354,187547,7583,4724,199854,39.26%,41.76%,
106/08/04,2831,291,392,3514,184887,7116,5497,197500,38.70%,41.26%,
106/08/03,685,0,-492,193,182046,6825,5105,193976,38.11%,40.53%,
106/08/02,-1349,68,402,-879,181303,6825,5597,193725,37.95%,40.47%,
106/08/01,349,194,154,697,182604,6757,5195,194556,38.22%,40.65%,
106/07/31,791,428,-468,751,182255,6563,5041,193859,38.15%,40.51%,
106/07/28,43,-38,-1201,-1196,181405,6135,5509,193049,37.97%,40.34%,
106/07/27,-436,55,-1914,-2295,181363,6173,6710,194246,37.96%,40.58%,
106/07/26,-905,0,921,16,181800,6118,8624,196542,38.05%,41.14%,
106/07/25,260,-210,1414,1464,182705,6118,7703,196526,38.24%,41.13%,
106/07/24,337,0,913,1250,182445,6328,6289,195062,38.19%,40.83%,
106/07/21,-625,0,116,-509,182108,6328,5376,193812,38.12%,40.57%,
106/07/20,707,38,467,1212,182713,6328,5260,194301,38.25%,40.68%,
106/07/19,-550,-9,-130,-689,181982,6290,4793,193065,38.09%,40.41%,
106/07/18,392,0,1150,1542,182503,6299,4923,193725,38.20%,40.55%,
106/07/17,47,0,-329,-282,182310,6299,3773,192382,38.16%,40.27%,
106/07/14,-21,290,323,592,182264,6299,4102,192665,38.15%,40.33%,
106/07/13,633,0,-126,507,182271,6009,3779,192059,38.15%,40.20%,
106/07/12,308,137,987,1432,181639,6009,3905,191553,38.02%,40.10%,
106/07/11,42,137,104,283,181331,5872,2918,190121,37.96%,39.80%,
106/07/10,-10,0,-61,-71,181288,5735,2814,189837,37.95%,39.74%,
106/07/07,-50,0,150,100,181298,5735,2875,189908,37.95%,39.75%,
106/07/06,-312,0,-11,-323,181348,5735,2725,189808,37.96%,39.73%,
106/07/05,7,0,-304,-297,181660,5735,2736,190131,38.03%,39.80%,
106/07/04,-396,38,1180,822,181653,5735,3040,190428,38.02%,39.86%,
106/07/03,40,60,112,212,182050,5697,1860,189607,38.11%,39.69%,
106/06/30,-1027,0,237,-790,182009,5637,1748,189394,38.10%,39.65%,
106/06/29,88,0,-3,85,183036,4878,1511,189425,38.31%,39.65%,
106/06/28,-532,0,-52,-584,182948,4878,1514,189340,38.30%,39.64%,
106/06/27,-169,0,61,-108,183480,4878,1566,189924,38.41%,39.76%,
106/06/26,401,0,-74,327,183649,4878,1505,190032,38.44%,39.78%,
106/06/23,-48,0,-25,-73,183248,4878,1579,189705,38.36%,39.71%,
106/06/22,384,0,-49,335,183296,4878,1604,189778,38.37%,39.73%,
106/06/21,-150,0,18,-132,182912,4878,1653,189443,38.29%,39.66%,
106/06/20,195,0,-151,44,183062,4878,1635,189575,38.32%,39.68%,
106/06/19,173,138,450,761,182867,4878,1786,189531,38.28%,39.68%,
106/06/16,237,0,19,256,182794,4740,1336,188870,38.26%,39.53%,
106/06/15,126,117,-8,235,182557,4740,1317,188614,38.21%,39.48%,
106/06/14,-501,230,49,-222,182431,4623,1325,188379,38.19%,39.44%,
106/06/13,-352,254,8,-90,182922,4393,1276,188591,38.29%,39.48%,
106/06/12,763,-8,139,894,183264,4139,1268,188671,38.36%,39.49%,
106/06/09,65,-170,-61,-166,182501,4147,1129,187777,38.20%,39.30%,
106/06/08,10,0,-67,-57,182436,4317,1190,187943,38.19%,39.34%,
106/06/07,185,0,-85,100,182427,4317,1257,188001,38.19%,39.36%,
106/06/06,231,27,-45,213,182262,4317,1342,187921,38.15%,39.33%,
106/06/05,501,209,217,927,182017,4290,1387,187694,38.10%,39.29%,
106/06/03,0,297,-40,257,181516,4081,1170,186767,38.00%,39.10%,
106/06/02,641,360,-54,947,181516,3784,1210,186510,38.00%,39.05%,
106/06/01,296,0,-355,-59,180875,3424,1264,185563,37.86%,38.84%,
106/05/31,28,0,-411,-383,180578,3424,1619,185621,37.80%,38.86%,
106/05/26,-1415,630,-428,-1213,180550,3424,2030,186004,37.79%,38.93%,
106/05/25,1830,200,647,2677,181954,2794,2458,187206,38.09%,39.19%,
106/05/24,-198,0,-37,-235,180124,2594,1811,184529,37.70%,38.62%,
106/05/23,-472,0,-264,-736,180378,2594,1848,184820,37.76%,38.69%,
106/05/22,582,50,1389,2021,180820,2594,2112,185526,37.85%,38.84%,
106/05/19,287,0,-85,202,180263,2544,723,183530,37.73%,38.41%,
106/05/18,300,0,-218,82,179976,2544,808,183328,37.67%,38.37%,
106/05/17,-486,0,221,-265,179676,2544,1026,183246,37.61%,38.36%,
106/05/16,-19,41,1,23,180236,2544,805,183585,37.73%,38.43%,
106/05/15,1397,0,321,1718,180256,2503,804,183563,37.73%,38.42%,
106/05/12,914,-718,-49,147,178859,2503,483,181845,37.44%,38.07%,
106/05/11,396,-390,-51,-45,177945,3220,532,181697,37.25%,38.04%,
106/05/10,2161,-599,63,1625,177549,3610,583,181742,37.16%,38.04%,
106/05/09,-165,-1011,-161,-1337,175388,4209,520,180117,36.71%,37.70%,
106/05/08,588,0,-43,545,175554,5221,681,181456,36.75%,37.99%,
106/05/05,165,0,-224,-59,174966,5221,724,180911,36.62%,37.86%,
106/05/04,90,0,9,99,174801,5221,948,180970,36.59%,37.88%,
106/05/03,47,0,57,104,174711,5221,939,180871,36.57%,37.86%,
106/05/02,-198,0,57,-141,174664,5221,882,180767,36.56%,37.84%,
106/04/28,45,-277,-7,-239,174862,5221,825,180908,36.60%,37.87%,
106/04/27,-1343,0,-2,-1345,175202,5498,832,181532,36.67%,38.00%,
106/04/26,438,-322,-7,109,176545,5498,834,182877,36.95%,38.28%,
106/04/25,-376,-1116,105,-1387,176106,5819,841,182766,36.86%,38.25%,
106/04/24,571,-2005,-32,-1466,176482,6935,736,184153,36.94%,38.55%,
106/04/21,-93,-529,-23,-645,175911,8940,768,185619,36.82%,38.85%,
106/04/20,-200,-326,-160,-686,176004,9469,791,186264,36.84%,38.99%,
106/04/19,-639,-857,-703,-2199,176159,9795,951,186905,36.87%,39.12%,
106/04/18,944,-167,260,1037,176678,10652,1654,188984,36.98%,39.56%,
106/04/17,-327,-1,17,-311,175606,10819,1394,187819,36.76%,39.32%,
106/04/14,-640,-51,-151,-842,175883,10820,1377,188080,36.82%,39.37%,
106/04/13,988,0,291,1279,176513,10871,1528,188912,36.95%,39.55%,
106/04/12,-1522,-829,-398,-2749,175325,10871,1237,187433,36.70%,39.23%,
106/04/11,-399,7,-731,-1123,176832,11700,1635,190167,37.01%,39.80%,
106/04/10,470,630,167,1267,177140,11693,2366,191199,37.08%,40.02%,
106/04/07,-721,439,583,301,176670,11063,2199,189932,36.98%,39.76%,
106/04/06,1819,1125,-810,2134,177390,10624,1616,189630,37.13%,39.69%,
106/04/05,3677,287,111,4075,175571,9499,2426,187496,36.75%,39.25%,
106/03/31,-737,-762,240,-1259,171894,9212,2315,183421,35.98%,38.39%,
106/03/30,114,0,-239,-125,172631,10015,2075,184721,36.14%,38.67%,
106/03/29,275,46,10,331,172517,10015,2314,184846,36.11%,38.69%,
106/03/28,897,-200,-7,690,172242,9969,2304,184515,36.05%,38.62%,
106/03/27,855,0,-601,254,171345,10169,2311,183825,35.87%,38.48%,
106/03/24,-585,-60,-244,-889,170490,10169,2912,183571,35.69%,38.43%,
106/03/23,1295,-525,-303,467,171075,10229,3156,184460,35.81%,38.61%,
106/03/22,187,-150,-284,-247,169806,10754,3459,184019,35.54%,38.52%,
106/03/21,171,-98,-77,-4,169619,10904,3743,184266,35.50%,38.57%,
106/03/20,-237,-43,-55,-335,169448,11002,3820,184270,35.47%,38.57%,
106/03/17,-36,0,-24,-60,169685,11045,3875,184605,35.52%,38.64%,
106/03/16,230,174,809,1213,169695,11045,3899,184639,35.52%,38.65%,
106/03/15,1710,-127,569,2152,169466,10871,3090,183427,35.47%,38.39%,
106/03/14,123,0,15,138,167756,10998,2521,181275,35.11%,37.94%,
106/03/13,766,-1214,-229,-677,167833,10998,2506,181337,35.13%,37.96%,
106/03/10,-472,-1511,-863,-2846,167067,12212,2735,182014,34.97%,38.10%,
106/03/09,3999,-1145,-677,2177,167540,13723,3598,184861,35.07%,38.70%,
106/03/08,4236,143,1137,5516,163515,14868,4275,182658,34.23%,38.24%,
106/03/07,33,-187,-54,-208,159287,14725,3138,177150,33.34%,37.08%,
106/03/06,-308,-400,-306,-1014,159254,14912,3192,177358,33.33%,37.12%,
106/03/03,-247,150,43,-54,159562,15312,3498,178372,33.40%,37.34%,
106/03/02,-394,800,-246,160,159809,15162,3455,178426,33.45%,37.35%,
106/03/01,1060,401,-205,1256,160203,14362,3701,178266,33.53%,37.31%,
106/02/24,1201,159,301,1661,159143,13961,3906,177010,33.31%,37.05%,
106/02/23,-665,819,335,489,157943,13802,3605,175350,33.06%,36.70%,
106/02/22,-270,104,249,83,158695,12983,3270,174948,33.22%,36.62%,
106/02/21,71,300,27,398,159035,12879,3021,174935,33.29%,36.62%,
106/02/20,103,168,-1406,-1135,158964,12579,2994,174537,33.27%,36.53%,
106/02/18,0,169,-60,109,158862,12411,4400,175673,33.25%,36.77%,
106/02/17,-623,300,-282,-605,158862,12242,4460,175564,33.25%,36.75%,
106/02/16,-1066,71,535,-460,159575,11942,4742,176259,33.40%,36.89%,
106/02/15,-687,527,-139,-299,160635,11871,4207,176713,33.62%,36.99%,
106/02/14,504,900,837,2241,161259,11344,4346,176949,33.75%,37.03%,
106/02/13,285,0,3,288,160739,10444,3509,174692,33.65%,36.57%,
106/02/10,-5,0,-62,-67,160461,10444,3506,174411,33.59%,36.51%,
106/02/09,-117,0,-133,-250,160466,10444,3568,174478,33.59%,36.52%,
106/02/08,-142,0,394,252,160583,10444,3701,174728,33.61%,36.57%,
106/02/07,80,0,-191,-111,160737,10444,3307,174488,33.65%,36.53%,
106/02/06,1125,80,-353,852,160657,10444,3498,174599,33.63%,36.55%,
106/02/03,781,246,180,1207,159525,10364,3851,173740,33.39%,36.37%,
106/02/02,2638,313,751,3702,158690,10118,3671,172479,33.22%,36.11%,
106/01/24,-46,0,14,-32,156052,9805,2920,168777,32.66%,35.32%,
106/01/23,-422,-147,45,-524,156088,9805,2906,168799,32.67%,35.33%,
106/01/20,-247,29,-177,-395,156500,9952,2861,169313,32.76%,35.44%,
106/01/19,-908,0,55,-853,156737,9923,3038,169698,32.81%,35.52%,
106/01/18,-704,0,-582,-1286,157605,9923,2983,170511,32.99%,35.69%,
106/01/17,-1310,191,1494,375,158299,9923,3565,171787,33.13%,35.95%,
106/01/16,-983,1400,-174,243,159600,9732,2071,171403,33.41%,35.88%,
106/01/13,105,48,246,399,160507,8332,2245,171084,33.60%,35.81%,
106/01/12,48,-25,551,574,160402,8284,1999,170685,33.58%,35.73%,
106/01/11,-375,30,-14,-359,160354,8309,1448,170111,33.57%,35.61%,
106/01/10,-378,288,406,316,160719,8279,1462,170460,33.64%,35.68%,
106/01/09,-405,-633,-664,-1702,161097,7991,1056,170144,33.72%,35.61%,
106/01/06,165,-46,2,121,161502,8624,1720,171846,33.81%,35.98%,
106/01/05,-1290,2,172,-1116,161337,8670,1718,171725,33.77%,35.94%,
106/01/04,630,145,-75,700,162627,8668,1546,172841,34.04%,36.18%,
106/01/03,100,0,-81,19,161997,8523,1621,172141,33.91%,36.03%,
105/12/30,-155,-33,-179,-367,161897,8523,1702,172122,33.89%,36.03%,
105/12/29,1257,75,-8,1324,162050,8556,1881,172487,33.92%,36.10%,
105/12/28,1049,-1196,-142,-289,160793,8480,1889,171162,33.66%,35.83%,
105/12/27,26,-1863,-906,-2743,159744,9676,2031,171451,33.44%,35.89%,
105/12/26,1537,-1583,1,-45,159722,11539,2937,174198,33.43%,36.46%,
105/12/23,-703,-1030,-1375,-3108,158185,13122,2936,174243,33.11%,36.47%,
105/12/22,147,-30,-3,114,158889,14152,4311,177352,33.26%,37.13%,
105/12/21,239,-100,-199,-60,158742,14182,4314,177238,33.23%,37.10%,
105/12/20,634,-230,87,491,158503,14282,4513,177298,33.18%,37.11%,
105/12/19,2231,-800,-146,1285,157869,14512,4426,176807,33.04%,37.00%,
105/12/16,495,-570,-1812,-1887,155638,15312,4572,175522,32.58%,36.74%,
105/12/15,1336,-330,-1287,-281,155143,15882,6384,177409,32.47%,37.13%,
105/12/14,373,0,-213,160,153807,16212,7671,177690,32.19%,37.19%,
105/12/13,1616,-566,128,1178,153434,16212,7884,177530,32.12%,37.16%,
105/12/12,669,-650,-654,-635,151818,16778,7756,176352,31.78%,36.92%,
105/12/09,362,-100,-132,130,151149,17428,8410,176987,31.64%,37.05%,
105/12/08,-720,0,-1727,-2447,150787,17528,8542,176857,31.56%,37.02%,
105/12/07,408,0,-164,244,151506,17528,10269,179303,31.71%,37.53%,
105/12/06,400,-200,34,234,151098,17528,10433,179059,31.63%,37.48%,
105/12/05,-425,400,-32,-57,150698,17728,10399,178825,31.54%,37.43%,
105/12/02,-585,150,-116,-551,151124,17328,10431,178883,31.63%,37.44%,
105/12/01,-512,200,-676,-988,151709,17178,10547,179434,31.76%,37.56%,
105/11/30,180,312,-52,440,151986,16978,11223,180187,31.81%,37.71%,
105/11/29,2152,-189,168,2131,151806,16666,11275,179747,31.78%,37.63%,
105/11/28,595,-1272,431,-246,149654,16855,11107,177616,31.32%,37.17%,
105/11/25,389,0,-128,261,149059,18127,10676,177862,31.20%,37.23%,
105/11/24,723,-153,-638,-68,148670,18127,10804,177601,31.12%,37.18%,
105/11/23,-257,-419,618,-58,147947,18280,11442,177669,30.97%,37.19%,
105/11/22,1002,-200,201,1003,148204,18699,10824,177727,31.02%,37.20%,
105/11/21,2911,-281,615,3245,147202,18899,10623,176724,30.81%,36.99%,
105/11/18,-4587,37,991,-3559,144291,19180,10008,173479,30.20%,36.31%,
105/11/17,2137,-273,574,2438,148909,19143,9017,177069,31.17%,37.07%,
105/11/16,-1453,2750,-222,1075,146772,19416,8443,174631,30.72%,36.55%,
105/11/15,66,60,797,923,148220,16666,8665,173551,31.02%,36.32%,
105/11/14,350,-400,-164,-214,148154,16606,7869,172629,31.01%,36.13%,
105/11/11,-2374,400,406,-1568,147804,17006,8033,172843,30.94%,36.18%,
105/11/10,1112,923,1269,3304,150178,16606,7627,174411,31.43%,36.50%,
105/11/09,-609,80,-158,-687,149064,15684,6358,171106,31.20%,35.81%,
105/11/08,1404,23,769,2196,149686,15604,6516,171806,31.33%,35.96%,
105/11/07,215,-450,-13,-248,148282,15581,5747,169610,31.04%,35.51%,
105/11/04,-159,76,63,-20,148067,16031,5760,169858,30.99%,35.55%,
105/11/03,366,130,19,515,148707,15955,5697,170359,31.13%,35.66%,
105/11/02,1390,-55,-425,910,148341,15825,5678,169844,31.05%,35.55%,
105/11/01,-851,45,163,-643,147006,15880,6103,168989,30.77%,35.37%,
105/10/31,431,-120,256,567,147857,15835,5940,169632,30.95%,35.51%,
105/10/28,-1203,65,164,-974,147426,15955,5684,169065,30.86%,35.39%,
105/10/27,-2535,300,509,-1726,148629,15890,5520,170039,31.11%,35.59%,
105/10/26,2564,550,747,3861,151164,15590,5011,171765,31.64%,35.95%,
105/10/25,687,350,753,1790,148592,15040,4264,167896,31.10%,35.14%,
105/10/24,903,-344,-279,280,147905,14690,3511,166106,30.96%,34.77%,
105/10/21,-126,-315,44,-397,147002,15033,3790,165825,30.77%,34.71%,
105/10/20,302,321,170,793,147073,15348,3746,166167,30.78%,34.78%,
105/10/19,1309,-316,-97,896,146771,15027,3575,165373,30.72%,34.61%,
105/10/18,-203,-610,-81,-894,145462,15343,3672,164477,30.45%,34.43%,
105/10/17,-1720,12,-16,-1724,145665,15953,3753,165371,30.49%,34.62%,
105/10/14,456,717,-71,1102,147360,15941,3769,167070,30.84%,34.97%,
105/10/13,1278,1129,291,2698,146903,15224,3840,165967,30.75%,34.74%,
105/10/12,2237,-77,-223,1937,145645,14095,3549,163289,30.49%,34.18%,
105/10/11,-531,671,49,189,143408,14172,3772,161352,30.02%,33.78%,
105/10/07,900,-327,134,707,143939,13501,3723,161163,30.13%,33.74%,
105/10/06,1290,770,-205,1855,143040,13828,3589,160457,29.94%,33.59%,
105/10/05,250,150,-18,382,141750,13058,3794,158602,29.67%,33.20%,
105/10/04,1847,340,-465,1722,141490,12908,3812,158210,29.62%,33.12%,
105/10/03,2321,0,-141,2180,139643,12568,4277,156488,29.23%,32.76%,
105/09/30,1111,0,55,1166,137322,12568,4418,154308,28.74%,32.30%,
105/09/29,3172,780,1024,4976,136525,13523,4363,154411,28.58%,32.32%,
105/09/26,1622,210,-87,1745,133207,12743,3339,149289,27.88%,31.25%,
105/09/23,1019,0,116,1135,131585,12533,3426,147544,27.54%,30.88%,
105/09/22,-197,260,-157,-94,130450,12533,3310,146293,27.30%,30.62%,
105/09/21,161,100,35,296,130647,12273,3467,146387,27.35%,30.65%,
105/09/20,560,0,31,591,130487,12173,3432,146092,27.31%,30.58%,
105/09/19,2030,0,151,2181,129927,12173,3401,145501,27.20%,30.46%,
105/09/14,1229,150,825,2204,126017,12173,3250,141440,26.90%,30.13%,
105/09/13,1442,0,140,1582,124602,12023,2425,139050,26.60%,29.62%,
105/09/12,1098,-980,-460,-342,123160,12023,2285,137468,26.29%,29.29%,
105/09/10,0,0,-1077,-1077,122062,13003,2745,137810,26.06%,29.36%,
105/09/09,890,240,50,1180,122062,13003,3822,138887,26.06%,29.58%,
105/09/08,1045,-307,624,1362,121172,12763,3772,137707,25.87%,29.33%,
105/09/07,3021,-1230,127,1918,120127,13070,3148,136345,25.65%,29.05%,
105/09/06,2408,-334,-315,1759,117106,14300,3021,134427,25.00%,28.63%,
105/09/05,438,122,1394,1954,114698,14634,3336,132668,24.49%,28.25%,
105/09/02,3168,307,63,3538,114260,14512,1942,130714,24.39%,27.83%,
105/09/01,481,1202,-43,1640,111082,14205,1879,127166,23.72%,27.09%,
105/08/31,4359,35,-790,3604,110601,13003,1922,125526,23.61%,26.73%,
105/08/30,4517,1196,868,6581,106242,12968,2712,121922,22.68%,25.96%,
105/08/29,1492,0,-132,1360,101725,11772,1844,115341,21.72%,24.57%,
105/08/26,1009,223,56,1288,100233,11772,1976,113981,21.40%,24.28%,
105/08/25,1059,-415,-145,499,99224,11549,1920,112693,21.18%,24.00%,
105/08/24,5064,-501,454,5017,98165,11964,2065,112194,20.96%,23.90%,
105/08/23,1823,-450,66,1439,93101,12465,1611,107177,19.88%,22.83%,
105/08/22,2227,-310,-657,1260,91278,12915,1545,105738,19.49%,22.52%,
105/08/19,2739,-104,337,2972,89051,13225,2202,104478,19.01%,22.24%,
105/08/18,7971,-251,-238,7482,86312,13329,1865,101506,18.43%,21.61%,
105/08/17,1468,0,-208,1260,78341,13580,2103,94024,16.72%,20.07%,
105/08/16,2157,-2,310,2465,76873,13580,2311,92764,16.41%,19.80%,
105/08/15,-406,1293,235,1122,74716,13582,2001,90299,15.95%,19.28%,
105/08/12,-777,-1,69,-709,75122,12289,1766,89177,16.04%,19.04%,
105/08/11,-730,268,633,171,75899,12290,1697,89886,16.20%,19.19%,
105/08/10,-5,0,180,175,76629,12022,1064,89715,16.36%,19.15%,
105/08/09,-762,511,-686,-937,76634,12022,884,89540,16.36%,19.12%,
105/08/08,-852,-1,-56,-909,77396,11511,1570,90477,16.52%,19.31%,
105/08/05,-600,276,-79,-403,78248,11512,1626,91386,16.70%,19.51%,
105/08/04,-8,200,-257,-65,78848,11236,1705,91789,16.83%,19.59%,
105/08/03,214,-2,-233,-21,78856,11036,1962,91854,16.83%,19.61%,
105/08/02,-21,200,-15,164,78642,11038,2195,91875,16.79%,19.62%,
105/08/01,413,369,900,1682,78663,10838,2210,91711,16.79%,19.58%,
105/07/29,-13,-153,0,-166,78250,10469,1310,90029,16.70%,19.22%,
105/07/28,-110,-300,-19,-429,78263,10622,1310,90195,16.71%,19.26%,
105/07/27,-68,199,-41,90,78373,10922,1329,90624,16.73%,19.35%,
105/07/26,-251,200,-70,-121,78441,10723,1370,90534,16.75%,19.33%,
105/07/25,-87,200,-24,89,78696,10523,1440,90659,16.80%,19.35%,
105/07/22,-67,-4,-40,-111,78783,10323,1464,90570,16.82%,19.34%,
105/07/21,-187,288,23,124,78856,10327,1504,90687,16.83%,19.36%,
105/07/20,216,1151,1,1368,79043,10039,1481,90563,16.87%,19.33%,
105/07/19,630,953,2,1585,78827,8888,1480,89195,16.83%,19.04%,
105/07/18,111,1342,265,1718,78187,7935,1478,87600,16.69%,18.70%,
105/07/15,-371,0,53,-318,78076,6593,1213,85882,16.67%,18.34%,
105/07/14,24,0,202,226,78447,6593,1160,86200,16.75%,18.41%,
105/07/13,-316,56,56,-204,78423,6593,958,85974,16.74%,18.35%,
105/07/12,47,0,20,67,78739,6537,902,86178,16.81%,18.40%,
105/07/11,-18,189,2,173,78692,6537,882,86111,16.80%,18.38%,
105/07/07,-113,0,39,-74,78710,6348,880,85938,16.80%,18.34%,
105/07/06,-388,0,-178,-566,78823,6348,841,86012,16.83%,18.37%,
105/07/05,-169,0,15,-154,79211,6348,1019,86578,16.91%,18.48%,
105/07/04,-180,0,57,-123,79380,6348,1004,86732,16.95%,18.52%,
105/07/01,-222,0,2,-220,79560,6348,947,86855,16.98%,18.54%,
105/06/30,-588,550,200,162,79782,6348,945,87075,17.03%,18.59%,
105/06/29,-314,877,140,703,80370,5666,745,86781,17.16%,18.53%,
105/06/28,-486,300,120,-66,80684,4789,605,86078,17.22%,18.37%,
105/06/27,-442,96,1,-345,81170,4489,485,86144,17.33%,18.39%,
105/06/24,246,1,-86,161,81612,4393,484,86489,17.42%,18.46%,
105/06/23,-144,142,0,-2,81366,4392,570,86328,17.37%,18.43%,
105/06/22,329,0,0,329,81510,4250,570,86330,17.40%,18.43%,
105/06/21,-236,0,15,-221,81181,4250,570,86001,17.33%,18.36%,
105/06/20,-198,0,37,-161,81417,4250,555,86222,17.38%,18.41%,
105/06/17,433,-300,-8,125,81615,4250,518,86383,17.42%,18.44%,
105/06/16,-544,-327,0,-871,81182,4550,526,86258,17.33%,18.41%,
105/06/15,345,-1000,0,-655,81726,4877,526,87129,17.45%,18.60%,
105/06/14,-812,-300,2,-1110,81381,5877,526,87784,17.37%,18.74%,
105/06/13,-201,-300,0,-501,82193,6177,524,88894,17.55%,18.98%,
105/06/08,-447,0,-170,-617,82394,6477,524,89395,17.59%,19.08%,
105/06/07,-11,-300,1,-310,82841,6477,694,90012,17.68%,19.21%,
105/06/06,-37,-150,45,-142,82851,6777,693,90321,17.69%,19.29%,
105/06/04,0,302,100,402,82888,6927,648,90463,17.69%,19.31%,
105/06/03,-146,0,0,-146,82888,6625,548,90061,17.69%,19.22%,
105/06/02,-212,0,10,-202,83034,6625,548,90207,17.73%,19.26%,
105/06/01,-117,-300,0,-417,83246,6625,538,90409,17.77%,19.30%,
105/05/31,139,-200,0,-61,83363,6925,538,90826,17.80%,19.39%,
105/05/30,-118,0,0,-118,83224,7125,538,90887,17.77%,19.41%,
105/05/27,-136,0,0,-136,83344,7125,538,91007,17.79%,19.43%,
105/05/26,471,0,0,471,83480,7125,538,91143,17.82%,19.46%,
105/05/25,468,-303,0,165,83009,7125,538,90672,17.72%,19.36%,
105/05/24,-24,0,0,-24,82541,7428,538,90507,17.62%,19.32%,
105/05/23,-123,0,0,-123,82565,7428,538,90531,17.63%,19.33%,
105/05/20,-69,0,0,-69,82688,7428,538,90654,17.65%,19.35%,
105/05/19,-34,0,0,-34,82711,7428,538,90677,17.66%,19.36%,
105/05/18,-295,0,18,-277,82798,7428,538,90764,17.68%,19.38%,
105/05/17,-73,0,47,-26,83093,7428,520,91041,17.74%,19.44%,
105/05/16,627,0,2,629,83166,7428,473,91067,17.75%,19.44%,
105/05/13,-160,0,0,-160,82539,7428,471,90438,17.62%,19.31%,
105/05/12,-54,0,0,-54,82699,7428,471,90598,17.65%,19.34%,
105/05/11,-53,0,0,-53,82753,7428,471,90652,17.67%,19.36%,
105/05/10,1002,-245,0,757,82806,7428,471,90705,17.68%,19.37%,
105/05/09,263,-548,8,-277,81804,7673,471,89948,17.46%,19.20%,
105/05/06,-336,-542,0,-878,81541,8221,463,90225,17.41%,19.26%,
105/05/05,214,-609,0,-395,81877,8763,463,91103,17.48%,19.45%,
105/05/04,-205,-200,0,-405,81610,9372,463,91445,17.42%,19.52%,
105/05/03,-32,-200,0,-232,81815,9572,463,91850,17.47%,19.61%,
105/04/29,582,0,-1,581,81847,9772,463,92082,17.47%,19.66%,
105/04/28,-573,-250,-7,-830,81265,9772,464,91501,17.35%,19.54%,
105/04/27,-154,-200,0,-354,81838,10022,471,92331,17.47%,19.71%,
105/04/26,2408,-261,-75,2072,81992,10222,471,92685,17.50%,19.78%,
105/04/25,1209,-200,11,1020,79584,10483,546,90613,16.99%,19.35%,
105/04/22,-256,-884,77,-1063,78375,10683,535,89593,16.73%,19.13%,
105/04/21,-262,0,26,-236,78631,11567,458,90656,16.79%,19.36%,
105/04/20,983,-115,-32,836,78893,11567,432,90892,16.84%,19.40%,
105/04/19,539,0,-13,526,77910,11682,464,90056,16.63%,19.22%,
105/04/18,106,-291,-195,-380,77371,11682,477,89530,16.52%,19.12%,
105/04/15,353,-795,-260,-702,77265,11973,672,89910,16.49%,19.19%,
105/04/14,440,-239,0,201,76912,12768,932,90612,16.42%,19.35%,
105/04/13,566,-223,30,373,76472,13007,932,90411,16.32%,19.30%,
105/04/12,-146,0,121,-25,75906,13230,902,90038,16.20%,19.22%,
105/04/11,-377,0,0,-377,76052,13230,781,90063,16.23%,19.22%,
105/04/08,-667,0,0,-667,76429,13230,781,90440,16.32%,19.31%,
105/04/07,251,0,-1,250,77096,13230,781,91107,16.46%,19.45%,
105/04/06,58,0,-3,55,76845,13230,782,90857,16.40%,19.39%,
105/04/01,1206,400,-181,1425,76787,13230,785,90802,16.39%,19.38%,
105/03/31,714,0,66,780,75581,12830,966,89377,16.13%,19.08%,
105/03/30,1102,0,84,1186,74867,12363,900,88130,15.98%,18.81%,
105/03/29,-153,0,21,-132,73765,12363,816,86944,15.75%,18.56%,
105/03/28,630,200,2,832,73918,12363,795,87076,15.78%,18.59%,
105/03/25,818,0,-100,718,73288,12163,793,86244,15.64%,18.41%,
105/03/24,1233,0,-220,1013,72470,12163,893,85526,15.47%,18.26%,
105/03/23,365,0,-22,343,71237,12163,1113,84513,15.21%,18.04%,
105/03/22,781,0,-72,709,70872,12163,1135,84170,15.13%,17.97%,
105/03/21,1680,0,162,1842,70091,12163,1207,83461,14.96%,17.81%,
105/03/18,464,0,100,564,68411,12163,1045,81619,14.60%,17.42%,
105/03/17,-253,-202,-20,-475,67947,12163,945,81055,14.50%,17.30%,
105/03/16,1132,534,144,1810,68200,12365,965,81530,14.56%,17.41%,
105/03/15,635,0,-348,287,67068,11831,821,79720,14.32%,17.02%,
105/03/14,1898,-106,-426,1366,66433,11831,1169,79433,14.18%,16.96%,
105/03/11,544,0,33,577,64535,11937,1595,78067,13.78%,16.67%,
105/03/10,393,-400,0,-7,63991,11937,1562,77490,13.66%,16.54%,
105/03/09,277,-500,-130,-353,63657,12337,1562,77556,13.59%,16.56%,
105/03/08,-29,0,573,544,63380,12837,1692,77909,13.53%,16.63%,
105/03/07,-457,137,-154,-474,63403,12837,1119,77359,13.53%,16.51%,
105/03/04,43,-186,-56,-199,63860,12700,1273,77833,13.63%,16.61%,
105/03/03,-398,0,20,-378,63832,12886,1329,78047,13.63%,16.67%,
105/03/02,526,0,-91,435,64230,12886,1309,78425,13.71%,16.74%,
105/03/01,-260,100,169,9,63682,12886,1400,77968,13.59%,16.64%,
105/02/26,436,0,-93,343,63942,12786,1231,77959,13.65%,16.64%,
105/02/25,-32,0,0,-32,63506,12786,1324,77616,13.56%,16.57%,
105/02/24,326,0,-77,249,63538,12786,1324,77648,13.56%,16.57%,
105/02/23,434,117,-34,517,63212,12786,1401,77399,13.49%,16.52%,
105/02/22,18,0,5,23,63000,12669,1435,77104,13.45%,16.46%,
105/02/19,-478,0,33,-445,63184,12669,1430,77283,13.49%,16.50%,
105/02/18,-421,0,39,-382,63543,12669,1397,77609,13.56%,16.56%,
105/02/17,-54,100,1,47,63861,12669,1358,77888,13.63%,16.63%,
105/02/16,-704,192,323,-189,63915,12569,1357,77841,13.64%,16.61%,
105/02/15,335,0,-22,313,64619,12377,1034,78030,13.79%,16.65%,
105/02/03,133,135,30,298,64274,12377,1056,77707,13.72%,16.59%,
105/02/02,338,325,21,684,64111,12242,1026,77379,13.68%,16.51%,
105/02/01,-164,96,-10,-78,63772,11917,1005,76694,13.61%,16.37%,
105/01/30,0,4,-97,-93,63936,11821,1015,76772,13.65%,16.39%,
105/01/29,-814,0,44,-770,63936,11817,1112,76865,13.65%,16.41%,
105/01/28,-381,0,96,-285,64750,11817,1068,77635,13.82%,16.57%,
105/01/27,-807,0,128,-679,65131,11817,972,77920,13.90%,16.63%,
105/01/26,-812,0,-36,-848,65938,11817,844,78599,14.08%,16.78%,
105/01/25,-888,200,-584,-1272,66726,11817,880,79423,14.24%,16.95%,
105/01/22,-1374,335,-49,-1088,67575,11617,1464,80656,14.42%,17.21%,
105/01/21,-466,367,-379,-478,68928,11282,1513,81723,14.71%,17.44%,
105/01/20,-387,-3,49,-341,69377,10915,1892,82184,14.81%,17.54%,
105/01/19,-777,209,255,-313,69754,10918,1843,82515,14.89%,17.61%,
105/01/18,71,-598,278,-249,70531,10709,1588,82828,15.06%,17.69%,
105/01/15,-564,-353,-3,-920,70450,11307,1310,83067,15.04%,17.73%,
105/01/14,-1649,0,210,-1439,71014,11660,1313,83987,15.16%,17.93%,
105/01/13,-1462,0,162,-1300,72663,11660,1103,85426,15.51%,18.24%,
105/01/12,126,50,398,574,74125,11660,941,86726,15.82%,18.51%,
105/01/11,-134,0,-243,-377,73999,11610,543,86152,15.80%,18.40%,
105/01/08,452,0,-312,140,74132,11610,786,86528,15.82%,18.47%,
105/01/07,-774,100,-946,-1620,73680,11610,1098,86388,15.73%,18.44%,
105/01/06,-377,0,10,-367,74377,11510,2044,87931,15.88%,18.77%,
105/01/05,116,0,50,166,74754,11510,2034,88298,15.96%,18.85%,
105/01/04,671,-50,170,791,74638,11510,1984,88132,15.93%,18.81%,
104/12/31,907,100,-4,1003,73967,11560,1814,87341,15.79%,18.65%,
104/12/30,1618,100,134,1852,73060,8789,1818,83667,15.60%,17.86%,
104/12/29,1126,87,97,1310,71442,8689,1684,81815,15.25%,17.47%,
104/12/28,433,-303,51,181,70316,8602,1587,80505,15.01%,17.19%,
104/12/25,-85,0,0,-85,69883,8905,1536,80324,14.92%,17.15%,
104/12/24,37,250,112,399,69968,8905,1536,80409,14.94%,17.17%,
104/12/23,103,450,-5,548,69931,8655,1424,80010,14.93%,17.08%,
104/12/22,-560,835,406,681,69828,8205,1429,79462,14.91%,16.97%,
104/12/21,584,400,259,1243,70378,7370,1023,78771,15.02%,16.81%,
104/12/18,1091,-300,275,1066,69794,6970,764,77528,14.90%,16.55%,
104/12/17,-1591,200,1,-1390,68703,7270,489,76462,14.67%,16.33%,
104/12/16,-26,1143,262,1379,70294,7070,488,77852,15.01%,16.62%,
104/12/15,325,0,-233,92,70320,5927,226,76473,15.01%,16.32%,
104/12/14,-471,-300,-1,-772,69995,5927,459,76381,14.94%,16.30%,
104/12/11,-200,0,-4,-204,70466,6227,460,77153,15.04%,16.47%,
104/12/10,668,0,3,671,70711,6227,464,77402,15.09%,16.52%,
104/12/09,449,0,15,464,70043,6227,461,76731,14.95%,16.38%,
104/12/08,-544,-400,-140,-1084,69593,6227,446,76266,14.86%,16.28%,
104/12/07,92,0,0,92,70137,6627,586,77350,14.97%,16.51%,
104/12/04,-907,0,-32,-939,70045,6627,586,77258,14.95%,16.49%,
104/12/03,-434,0,0,-434,70952,6627,618,78197,15.15%,16.70%,
104/12/02,-800,196,60,-544,71386,6627,618,78631,15.24%,16.79%,
104/12/01,72,50,60,182,72136,6431,558,79125,15.40%,16.89%,
104/11/30,629,0,-24,605,72064,6381,498,78943,15.38%,16.85%,
104/11/27,-372,-480,60,-792,71435,6381,522,78338,15.25%,16.72%,
104/11/26,169,0,-65,104,71807,6861,462,79130,15.33%,16.89%,
104/11/25,551,-850,80,-219,71638,6861,527,79026,15.29%,16.87%,
104/11/24,-1030,0,-694,-1724,71087,7711,447,79245,15.17%,16.91%,
104/11/23,774,0,58,832,72117,7711,1141,80969,15.39%,17.28%,
104/11/20,592,-280,-100,212,71343,7711,1083,80137,15.23%,17.11%,
104/11/19,735,0,-311,424,70751,7991,1183,79925,15.10%,17.06%,
104/11/18,848,-932,-219,-303,70016,7991,1494,79501,14.95%,16.98%,
104/11/17,738,-70,115,783,69168,8923,1713,79804,14.76%,17.03%,
104/11/16,1974,0,-353,1621,68430,8993,1598,79021,14.61%,16.87%,
104/11/13,1042,-577,-333,132,66456,8993,1951,77400,14.19%,16.53%,
104/11/12,-1715,-210,-99,-2024,65414,9570,2284,77268,13.96%,16.49%,
104/11/11,2049,-260,517,2306,67129,9780,2383,79292,14.33%,16.93%,
104/11/10,778,-325,-336,117,65080,10040,1866,76986,13.89%,16.43%,
104/11/09,-123,-437,-31,-591,64302,10365,2202,76869,13.73%,16.41%,
104/11/06,-315,0,-59,-374,64425,10802,2233,77460,13.75%,16.53%,
104/11/05,402,0,116,518,64740,10802,2292,77834,13.82%,16.62%,
104/11/04,-86,226,-1256,-1116,64338,10802,2176,77316,13.73%,16.50%,
104/11/03,-1328,0,-157,-1485,64424,10576,3432,78432,13.75%,16.74%,
104/11/02,144,1123,817,2084,65752,10576,3589,79917,14.04%,17.06%,
104/10/30,895,343,-944,294,65608,9453,2772,77833,14.00%,16.61%,
104/10/29,615,0,-168,447,64713,9110,3716,77539,13.81%,16.55%,
104/10/28,2597,371,740,3708,64098,9110,3884,77092,13.68%,16.45%,
104/10/27,932,-523,42,451,61501,8739,3144,73384,13.13%,15.67%,
104/10/26,2042,0,-2089,-47,60569,9262,3102,72933,12.93%,15.57%,
104/10/23,321,-143,-25,153,58527,9262,5191,72980,12.49%,15.58%,
104/10/22,209,254,65,528,58206,9405,5216,72827,12.42%,15.54%,
104/10/21,2076,0,416,2492,57997,9151,5151,72299,12.38%,15.43%,
104/10/20,893,-478,-472,-57,55921,9151,4735,69807,11.94%,14.91%,
104/10/19,1236,-1200,-30,6,55028,9629,5207,69864,11.75%,14.92%,
104/10/16,665,-435,40,270,53792,10829,5237,69858,11.48%,14.91%,
104/10/15,534,-710,-145,-321,53127,11264,5197,69588,11.34%,14.86%,
104/10/14,102,-590,57,-431,52593,11974,5342,69909,11.23%,14.93%,
104/10/13,113,0,-94,19,52491,12564,5285,70340,11.20%,15.01%,
104/10/12,489,897,165,1551,52378,12564,5379,70321,11.18%,15.01%,
104/10/08,-70,30,451,411,51889,11667,5214,68770,11.08%,14.68%,
104/10/07,135,0,775,910,51959,11637,4763,68359,11.09%,14.59%,
104/10/06,426,0,556,982,51903,11637,3988,67528,11.08%,14.42%,
104/10/05,527,0,1328,1855,51477,11637,3432,66546,10.99%,14.21%,
104/10/02,376,186,780,1342,50950,11637,2104,64691,10.87%,13.80%,
104/10/01,676,-5,-30,641,50574,11451,1324,63349,10.79%,13.52%,
104/09/30,254,0,-70,184,49898,11456,1354,62708,10.65%,13.39%,
104/09/25,270,0,-100,170,49644,15324,1424,66392,10.60%,14.18%,
104/09/24,285,-185,-484,-384,49374,15324,1524,66222,10.54%,14.14%,
104/09/23,473,0,-77,396,49089,15509,2008,66606,10.48%,14.22%,
104/09/22,560,185,320,1065,48616,15509,2085,66210,10.38%,14.14%,
104/09/21,247,-78,-854,-685,48056,15324,1765,65145,10.26%,13.91%,
104/09/18,512,246,-22,736,47809,15402,2619,65830,10.20%,14.05%,
104/09/17,496,-69,318,745,47297,15156,2641,65094,10.09%,13.89%,
104/09/16,668,0,236,904,46801,15225,2323,64349,9.99%,13.74%,
104/09/15,331,150,-200,281,46133,15225,2087,63445,9.85%,13.55%,
104/09/14,-241,255,-167,-153,45802,15075,2287,63164,9.78%,13.49%,
104/09/11,-197,0,-154,-351,46043,14820,2454,63317,9.83%,13.52%,
104/09/10,-220,220,-28,-28,46240,14820,2608,63668,9.87%,13.59%,
104/09/09,1083,31,190,1304,46460,14600,2636,63696,9.92%,13.60%,
104/09/08,366,86,91,543,45377,14569,2446,62392,9.68%,13.31%,
104/09/07,154,12,82,248,45011,14483,2355,61849,9.61%,13.21%,
104/09/04,-627,707,364,444,44857,14471,2273,61601,9.57%,13.15%,
104/09/03,758,2179,279,3216,45484,13764,1909,61157,9.71%,13.06%,
104/09/02,-232,1425,18,1211,44726,11585,1630,57941,9.55%,12.37%,
104/09/01,975,2029,862,3866,44982,10160,1612,56754,9.60%,12.11%,
104/08/31,607,474,85,1166,44007,8131,750,52888,9.39%,11.29%,
104/08/28,168,0,7,175,43400,7657,665,51722,9.26%,11.04%,
104/08/27,173,200,30,403,43232,7657,658,51547,9.23%,11.01%,
104/08/26,-22,0,-2,-24,43059,7457,628,51144,9.19%,10.92%,
104/08/25,-176,300,-113,11,43081,7457,630,51168,9.19%,10.92%,
104/08/24,-596,0,-38,-634,43257,7157,743,51157,9.23%,10.92%,
104/08/21,-351,0,-44,-395,43853,7157,781,51791,9.36%,11.06%,
104/08/20,94,0,95,189,44204,7157,825,52186,9.43%,11.13%,
104/08/19,-200,200,94,94,44110,7157,730,51997,9.41%,11.09%,
104/08/18,-75,0,74,-1,44239,6957,636,51832,9.44%,11.06%,
104/08/17,76,0,-86,-10,44314,6957,562,51833,9.46%,11.07%,
104/08/14,-11,75,-3,61,44238,6957,648,51843,9.44%,11.06%,
104/08/13,7,132,48,187,44225,6882,651,51758,9.44%,11.05%,
104/08/12,-218,89,137,8,44218,6750,603,51571,9.44%,11.01%,
104/08/11,24,0,365,389,44436,6661,466,51563,9.48%,11.00%,
104/08/10,-234,178,8,-48,44412,6661,101,51174,9.48%,10.92%,
104/08/07,-369,0,-6,-375,44646,6483,93,51222,9.53%,10.93%,
104/08/06,-567,47,5,-515,45005,6483,99,51587,9.61%,11.02%,
104/08/05,-52,485,8,441,45542,6436,94,52072,9.72%,11.11%,
104/08/04,-281,0,14,-267,45594,5951,86,51631,9.73%,11.02%,
104/08/03,-664,0,-78,-742,45875,5951,72,51898,9.79%,11.08%,
104/07/31,-198,0,-10,-208,46527,5951,150,52628,9.93%,11.23%,
104/07/30,247,0,-19,228,46725,5951,160,52836,9.97%,11.27%,
104/07/29,-274,0,88,-186,46478,5951,179,52608,9.92%,11.23%,
104/07/28,164,0,16,180,46752,5951,91,52794,9.98%,11.27%,
104/07/27,-142,0,19,-123,46588,5951,75,52614,9.94%,11.23%,
104/07/24,33,12,1,46,46730,5951,56,52737,9.97%,11.25%,
104/07/23,-12,0,9,-3,46697,5939,55,52691,9.97%,11.25%,
104/07/22,-369,0,10,-359,46719,5939,46,52704,9.97%,11.25%,
104/07/21,-116,0,-2,-118,47088,5939,36,53063,10.05%,11.33%,
104/07/20,-371,0,6,-365,47204,5939,38,53181,10.07%,11.35%,
104/07/17,-107,224,0,117,47575,5939,32,53546,10.15%,11.43%,
104/07/16,-281,0,0,-281,47682,5715,32,53429,10.18%,11.41%,
104/07/15,-278,0,0,-278,47963,5715,32,53710,10.24%,11.47%,
104/07/14,-141,0,-7,-148,48231,5715,32,53978,10.29%,11.52%,
104/07/13,-37,0,-4,-41,48372,5715,39,54126,10.32%,11.55%,
104/07/09,-114,0,-6,-120,48409,5715,43,54167,10.33%,11.56%,
104/07/08,-565,0,5,-560,48585,5715,49,54349,10.37%,11.60%,
104/07/07,-167,-88,0,-255,49150,5715,44,54909,10.49%,11.72%,
104/07/06,-267,0,0,-267,49317,5803,44,55164,10.53%,11.78%,
104/07/03,-143,0,0,-143,49584,5803,44,55431,10.58%,11.83%,
104/07/02,-157,0,0,-157,49717,5803,44,55564,10.61%,11.86%,
104/07/01,-36,-150,0,-186,49874,5803,44,55721,10.64%,11.89%,
104/06/30,-163,-365,0,-528,49910,5953,44,55907,10.65%,11.93%,
104/06/29,-195,0,0,-195,50072,5609,44,55725,10.69%,11.90%,
104/06/26,-109,-350,0,-459,50267,5609,44,55920,10.73%,11.94%,
104/06/25,-92,-35,12,-115,50376,5959,44,56379,10.75%,12.03%,
104/06/24,-514,0,0,-514,50468,5994,32,56494,10.77%,12.06%,
104/06/23,306,0,28,334,50958,5994,32,56984,10.88%,12.17%,
104/06/22,-125,23,0,-102,50681,5994,4,56679,10.82%,12.10%,
104/06/18,37,0,0,37,50806,5971,4,56781,10.84%,12.12%,
104/06/17,11,0,-2,9,50769,5971,4,56744,10.84%,12.12%,
104/06/16,-319,0,3,-316,50729,5971,6,56706,10.83%,12.11%,
104/06/15,345,-146,-13,186,51048,5971,3,57022,10.90%,12.18%,
104/06/12,334,0,0,334,50703,6117,16,56836,10.82%,12.13%,
104/06/11,-18,0,2,-16,50369,6117,16,56502,10.75%,12.06%,
104/06/10,376,-1142,4,-762,50387,6117,14,56518,10.75%,12.06%,
104/06/09,147,-569,-2,-424,50011,7259,10,57280,10.67%,12.22%,
104/06/08,162,0,12,174,49864,7828,12,57704,10.64%,12.31%,
104/06/05,-106,0,0,-106,49738,7828,0,57566,10.62%,12.29%,
104/06/04,497,-1,-25,471,49844,7828,0,57672,10.64%,12.31%,
104/06/03,38,0,-2,36,49347,7829,17,57193,10.53%,12.21%,
104/06/02,945,-111,-1,833,49309,7829,19,57157,10.52%,12.20%,
104/06/01,-453,-1034,1,-1486,48364,7940,20,56324,10.32%,12.02%,
104/05/29,497,-860,1,-362,48817,8974,19,57810,10.42%,12.34%,
104/05/28,112,-46,-1,65,48320,9834,18,58172,10.31%,12.41%,
104/05/27,344,-1253,-1,-910,48208,9880,19,58107,10.29%,12.40%,
104/05/26,889,-1343,0,-454,47864,11133,20,59017,10.22%,12.60%,
104/05/25,482,-1200,-2,-720,46975,12476,20,59471,10.03%,12.70%,
104/05/22,267,-2505,3,-2235,46493,13676,22,60191,9.92%,12.85%,
104/05/21,251,-1451,-22,-1222,46226,16181,19,62426,9.87%,13.33%,
104/05/20,-380,-1477,6,-1851,45975,17632,41,63648,9.81%,13.58%,
104/05/19,-697,-1013,-4,-1714,46355,19109,35,65499,9.89%,13.98%,
104/05/18,-85,-412,0,-497,47035,20122,39,67196,10.04%,14.35%,
104/05/15,27,-1820,-2,-1795,47120,20534,39,67693,10.06%,14.45%,
104/05/14,54,-464,-11,-421,47093,22354,41,69488,10.05%,14.83%,
104/05/13,473,-745,0,-272,47039,22818,52,69909,10.04%,14.92%,
104/05/12,981,-2780,4,-1795,46565,23563,52,70180,9.94%,14.98%,
104/05/11,955,-1067,-133,-245,45584,26343,48,71975,9.73%,15.37%,
104/05/08,-53,-600,0,-653,44629,27410,181,72220,9.52%,15.41%,
104/05/07,-229,-500,-156,-885,44682,28010,181,72873,9.54%,15.56%,
104/05/06,446,0,284,730,44911,28510,337,73758,9.59%,15.75%,
104/05/05,-22,0,0,-22,44465,28510,53,73028,9.49%,15.59%,
104/05/04,-248,-400,-1,-649,44487,28510,53,73050,9.49%,15.59%,
104/04/30,214,-301,9,-78,44735,28910,54,73699,9.55%,15.73%,
104/04/29,-2,-330,-248,-580,44521,29211,45,73777,9.50%,15.75%,
104/04/28,0,1,-1017,-1016,44523,29541,293,74357,9.50%,15.87%,
104/04/27,-7,0,9,2,44523,29540,1310,75373,9.50%,16.09%,
104/04/24,291,200,10,501,44530,29540,1301,75371,9.50%,16.09%,
104/04/23,-10,536,-130,396,44239,29340,1291,74870,9.44%,15.98%,
104/04/22,1427,-1000,1,428,44249,28804,1421,74474,9.44%,15.89%,
104/04/21,1592,0,-1979,-387,42822,29804,1420,74046,9.14%,15.81%,
104/04/20,268,0,5,273,41230,29804,3399,74433,8.80%,15.89%,
104/04/17,59,0,0,59,40962,29804,3394,74160,8.74%,15.83%,
104/04/16,472,0,-271,201,40903,29804,3394,74101,8.73%,15.82%,
104/04/15,297,497,4,798,40385,29804,3665,73854,8.62%,15.77%,
104/04/14,-459,0,-7,-466,40088,29307,3661,73056,8.56%,15.60%,
104/04/13,243,-445,-337,-539,40547,29307,3668,73522,8.65%,15.69%,
104/04/10,-213,-135,0,-348,40304,29752,4005,74061,8.60%,15.81%,
104/04/09,588,-900,0,-312,40517,29887,4005,74409,8.65%,15.89%,
104/04/08,1583,-850,-133,600,39929,30787,4005,74721,8.52%,15.95%,
104/04/07,415,-270,356,501,38346,31637,4138,74121,8.18%,15.82%,
104/04/02,936,1415,137,2488,37931,31907,3782,73620,8.09%,15.71%,
104/04/01,713,-150,-225,338,36995,30492,3645,71132,7.89%,15.18%,
104/03/31,219,-1377,-260,-1418,36282,30642,3870,70794,7.74%,15.11%,
104/03/30,-233,-250,-337,-820,36063,32819,4130,73012,7.70%,15.59%,
104/03/27,111,100,-175,36,36296,33069,4467,73832,7.75%,15.77%,
104/03/26,417,-280,48,185,36185,32969,4642,73796,7.72%,15.75%,
104/03/25,-619,-960,-46,-1625,35768,33249,4594,73611,7.63%,15.71%,
104/03/24,-164,-150,150,-164,36387,34209,4640,75236,7.77%,16.07%,
104/03/23,-824,-470,200,-1094,36551,34359,4490,75400,7.80%,16.10%,
104/03/20,-913,-2592,-264,-3769,37375,34829,4290,76494,7.98%,16.33%,
104/03/19,-19,-1099,-16,-1134,38288,37421,4554,80263,8.17%,17.13%,
104/03/18,-424,-100,50,-474,38307,38520,4570,81397,8.18%,17.38%,
104/03/17,-760,-1360,-198,-2318,38731,38620,4520,81871,8.27%,17.48%,
104/03/16,369,-673,14,-290,39501,39980,4718,84199,8.43%,17.97%,
104/03/13,287,-232,-202,-147,39132,40653,4704,84489,8.35%,18.04%,
104/03/12,-150,0,3,-147,38845,40885,4906,84636,8.29%,18.07%,
104/03/11,-429,353,29,-47,38995,40885,4903,84783,8.32%,18.10%,
104/03/10,-195,834,-426,213,39424,40532,4874,84830,8.41%,18.11%,
104/03/09,-67,185,-10,108,39619,39698,5300,84617,8.46%,18.07%,
104/03/06,-13,882,117,986,39686,39513,5310,84509,8.47%,18.04%,
104/03/05,-11,1714,-83,1620,39699,38631,5193,83523,8.47%,17.83%,
104/03/04,-678,250,0,-428,39700,36917,5276,81893,8.47%,17.48%,
104/03/03,-131,-111,-350,-592,40378,36667,5276,82321,8.62%,17.58%,
104/03/02,-506,0,-198,-704,40509,36778,5626,82913,8.65%,17.70%,
104/02/26,100,150,50,300,41015,36778,5824,83617,8.75%,17.85%,
104/02/25,280,1100,-221,1159,40915,36628,5774,83317,8.73%,17.78%,
104/02/24,1425,2852,30,4307,41533,35528,5995,83056,8.86%,17.73%,
104/02/13,642,3017,-340,3319,40108,32676,5965,78749,8.56%,16.81%,
104/02/12,-945,-845,621,-1169,39468,29659,6305,75432,8.42%,16.10%,
104/02/11,284,0,-392,-108,40413,30504,5684,76601,8.62%,16.35%,
104/02/10,-667,2022,89,1444,40644,30504,6076,77224,8.67%,16.48%,
104/02/09,13,1000,28,1041,41097,28482,5987,75566,8.77%,16.13%,
104/02/06,139,0,200,339,41084,27482,5959,74525,8.77%,15.91%,
104/02/05,335,410,-355,390,40945,27482,5759,74186,8.74%,15.84%,
104/02/04,124,0,20,144,40610,27072,6114,73796,8.67%,15.76%,
104/02/03,306,0,54,360,40554,27072,6094,73720,8.65%,15.73%,
104/02/02,802,559,-447,914,40248,27072,6040,73360,8.59%,15.66%,
104/01/30,-581,0,-236,-817,39446,26513,6487,72446,8.42%,15.47%,
104/01/29,-29,-1,229,199,40027,26513,6723,73263,8.54%,15.64%,
104/01/28,-436,1750,284,1598,40056,26514,6494,73064,8.55%,15.60%,
104/01/27,807,610,24,1441,40306,24764,6210,71280,8.60%,15.21%,
104/01/26,-29,-718,-2905,-3652,39499,24154,6186,69839,8.43%,14.91%,
104/01/23,-354,2638,493,2777,39492,24872,9091,73455,8.43%,15.68%,
104/01/22,-23,3213,-2121,1069,39618,22234,8598,70450,8.45%,15.03%,
104/01/21,53,1700,567,2320,39503,19021,10719,69243,8.43%,14.78%,
104/01/20,-733,500,467,234,39455,17321,10152,66928,8.42%,14.29%,
104/01/19,-1859,120,382,-1357,40168,16821,9685,66674,8.57%,14.23%,
104/01/16,-251,2401,246,2396,42005,16701,9303,68009,8.96%,14.51%,
104/01/15,32,700,571,1303,42193,14300,9057,65550,9.00%,13.99%,
104/01/14,-77,350,-1,272,42161,13600,8486,64247,9.00%,13.72%,
104/01/13,-1577,300,517,-760,42227,13250,8487,63964,9.01%,13.65%,
104/01/12,-333,0,-299,-632,43759,12950,7970,64679,9.34%,13.81%,
104/01/09,-411,83,244,-84,44047,12950,8269,65266,9.40%,13.93%,
104/01/08,-267,107,1682,1522,44409,12867,8025,65301,9.48%,13.94%,
104/01/07,621,0,-230,391,44632,12760,6343,63735,9.53%,13.61%,
104/01/06,-100,0,-286,-386,44001,12760,6573,63334,9.39%,13.52%,
104/01/05,-656,761,815,920,44058,12760,6859,63677,9.40%,13.59%,
