日期,外資買賣超,投信買賣超,自營商買賣超,單日合計買賣超,外資估計持股,投信估計持股,自營商估計持股,單日合計估計持股,外資持股比重,三大法人持股比重,
107/03/31,0,0,1,1,7894,30,268,8192,4.93%,5.12%,
107/03/30,10,-1,0,9,7894,30,267,8191,4.93%,5.12%,
107/03/29,-27,0,0,-27,7886,31,267,8184,4.93%,5.12%,
107/03/28,17,0,2,19,7932,31,267,8230,4.96%,5.15%,
107/03/27,16,0,4,20,7915,31,265,8211,4.94%,5.13%,
107/03/26,-1,0,-7,-8,7899,31,261,8191,4.93%,5.11%,
107/03/23,-36,0,4,-32,7900,31,268,8199,4.94%,5.13%,
107/03/22,-8,0,1,-7,7936,31,264,8231,4.96%,5.14%,
107/03/21,5,0,1,6,7944,31,263,8238,4.96%,5.14%,
107/03/20,-8,-1,0,-9,7973,31,262,8266,4.98%,5.16%,
107/03/19,3,0,1,4,7991,32,262,8285,4.99%,5.17%,
107/03/16,8,0,0,8,7988,32,261,8281,4.99%,5.17%,
107/03/15,16,0,0,16,7980,32,261,8273,4.99%,5.17%,
107/03/14,32,0,-1,31,7964,32,261,8257,4.98%,5.16%,
107/03/13,179,-1,-1,177,7940,32,262,8234,4.96%,5.14%,
107/03/12,-16,0,1,-15,7761,33,263,8057,4.85%,5.04%,
107/03/09,17,0,1,18,7777,33,262,8072,4.86%,5.04%,
107/03/08,62,0,0,62,7770,33,261,8064,4.85%,5.03%,
107/03/07,-68,0,1,-67,7708,33,261,8002,4.82%,5.00%,
107/03/06,39,0,-5,34,7775,33,260,8068,4.86%,5.04%,
107/03/05,0,-9,-1,-10,7736,33,265,8034,4.83%,5.02%,
107/03/02,-58,0,-2,-60,7736,42,266,8044,4.83%,5.02%,
107/03/01,87,0,-1,86,7794,42,268,8104,4.87%,5.06%,
107/02/27,32,0,10,42,7707,42,269,8018,4.82%,5.01%,
107/02/26,18,0,0,18,7675,42,259,7976,4.80%,4.99%,
107/02/23,9,0,0,9,7657,42,259,7958,4.78%,4.97%,
107/02/22,9,-1,0,8,7668,42,259,7969,4.79%,4.98%,
107/02/21,-121,0,-1,-122,7659,43,259,7961,4.79%,4.98%,
107/02/12,107,0,-8,99,7770,43,260,8073,4.85%,5.04%,
107/02/09,22,0,5,27,7663,43,268,7974,4.79%,4.98%,
107/02/08,30,0,9,39,7641,43,263,7947,4.77%,4.96%,
107/02/07,30,0,-2,28,7611,43,254,7908,4.76%,4.95%,
107/02/06,10,0,-2,8,7888,43,256,8187,4.93%,5.12%,
107/02/05,22,0,1,23,7878,43,258,8179,4.92%,5.11%,
107/02/02,-25,0,-1,-26,7856,43,257,8156,4.91%,5.10%,
107/02/01,5,0,0,5,7881,43,258,8182,4.92%,5.11%,
107/01/31,11,37,0,48,7876,43,258,8177,4.92%,5.11%,
107/01/30,-37,0,0,-37,7865,6,258,8129,4.91%,5.08%,
107/01/29,43,0,0,43,7902,6,258,8166,4.94%,5.11%,
107/01/26,-55,0,0,-55,7859,6,258,8123,4.91%,5.08%,
107/01/25,7,0,2,9,7914,6,258,8178,4.94%,5.11%,
107/01/24,-129,0,0,-129,7907,6,256,8169,4.94%,5.10%,
107/01/23,-4,0,0,-4,8036,6,256,8298,5.02%,5.18%,
107/01/22,-127,0,2,-125,8040,6,256,8302,5.02%,5.18%,
107/01/19,-12,0,0,-12,8167,6,254,8427,5.10%,5.26%,
107/01/18,-19,0,1,-18,8179,6,254,8439,5.11%,5.27%,
107/01/17,-233,0,-1,-234,8198,6,253,8457,5.12%,5.28%,
107/01/16,-15,0,0,-15,8431,6,254,8691,5.27%,5.43%,
107/01/15,-119,0,-1,-120,8446,6,254,8706,5.28%,5.44%,
107/01/12,-91,0,0,-91,8556,6,255,8817,5.35%,5.51%,
107/01/11,-111,0,0,-111,8697,6,255,8958,5.43%,5.59%,
107/01/10,-143,0,0,-143,8807,6,255,9068,5.50%,5.66%,
107/01/09,-111,0,-1,-112,8944,6,255,9205,5.59%,5.75%,
107/01/08,-358,0,3,-355,9101,6,256,9363,5.69%,5.85%,
107/01/05,189,0,1,190,9499,6,253,9758,5.94%,6.10%,
107/01/04,70,0,0,70,9466,6,252,9724,5.91%,6.07%,
107/01/03,14,0,0,14,9396,6,252,9654,5.87%,6.03%,
107/01/02,53,0,0,53,9382,6,252,9640,5.86%,6.02%,
106/12/29,26,0,2,28,9329,6,252,9587,5.83%,5.99%,
106/12/28,-24,0,2,-22,9303,0,250,9553,5.81%,5.97%,
106/12/27,18,0,0,18,9327,0,248,9575,5.83%,5.99%,
106/12/26,-156,0,0,-156,9309,0,248,9557,5.82%,5.98%,
106/12/25,446,0,-3,443,9462,0,248,9710,5.91%,6.07%,
106/12/22,167,0,0,167,9016,0,251,9267,5.63%,5.79%,
106/12/21,166,0,0,166,8949,0,251,9200,5.59%,5.75%,
106/12/20,90,0,2,92,8783,0,251,9034,5.49%,5.65%,
106/12/19,22,0,0,22,8867,0,249,9116,5.54%,5.70%,
106/12/18,39,0,0,39,8845,0,249,9094,5.53%,5.69%,
106/12/15,13,0,0,13,8806,0,249,9055,5.50%,5.66%,
106/12/14,46,0,0,46,8793,0,249,9042,5.49%,5.65%,
106/12/13,6,0,1,7,8747,0,249,8996,5.47%,5.63%,
106/12/12,-208,0,0,-208,8741,0,248,8989,5.46%,5.62%,
106/12/11,-73,0,-1,-74,8949,0,248,9197,5.59%,5.75%,
106/12/08,8,0,0,8,9012,0,249,9261,5.63%,5.79%,
106/12/07,-52,0,-1,-53,9095,0,249,9344,5.68%,5.84%,
106/12/06,61,0,0,61,9147,0,250,9397,5.72%,5.88%,
106/12/05,7,-306,1,-298,9086,0,250,9336,5.68%,5.84%,
106/12/04,-19,0,0,-19,9079,12,249,9340,5.67%,5.83%,
106/12/01,-125,0,2,-123,9174,12,249,9435,5.73%,5.89%,
106/11/30,-131,0,-1,-132,9299,12,247,9558,5.81%,5.97%,
106/11/29,56,0,0,56,9430,12,248,9690,5.89%,6.05%,
106/11/28,-360,0,0,-360,9374,12,248,9634,5.86%,6.02%,
106/11/27,-253,0,0,-253,9674,12,248,9934,6.04%,6.20%,
106/11/24,24,0,0,24,9867,12,248,10127,6.17%,6.33%,
106/11/23,14,0,0,14,9843,12,248,10103,6.15%,6.31%,
106/11/22,-59,0,2,-57,9829,12,248,10089,6.14%,6.30%,
106/11/21,31,0,0,31,9888,12,246,10146,6.18%,6.34%,
106/11/20,-139,0,0,-139,9830,12,246,10088,6.14%,6.30%,
106/11/17,-97,0,-1,-98,9942,12,246,10200,6.21%,6.37%,
106/11/16,90,0,0,90,10027,12,247,10286,6.27%,6.43%,
106/11/15,-508,0,0,-508,9806,12,247,10065,6.13%,6.29%,
106/11/14,-280,0,-1,-281,10204,12,247,10463,6.38%,6.54%,
106/11/13,-118,9,0,-109,10484,12,248,10744,6.55%,6.71%,
106/11/10,139,0,0,139,11012,3,248,11263,6.88%,7.04%,
106/11/09,54,3,0,57,10873,3,248,11124,6.79%,6.95%,
106/11/08,94,-125,1,-30,10819,0,248,11067,6.76%,6.92%,
106/11/07,80,0,-8,72,10725,107,247,11079,6.70%,6.92%,
106/11/06,-52,0,1,-51,10645,107,255,11007,6.65%,6.88%,
106/11/03,-56,0,0,-56,10631,107,254,10992,6.64%,6.87%,
106/11/02,226,0,0,226,10687,107,254,11048,6.68%,6.91%,
106/11/01,121,0,0,121,10461,107,254,10822,6.54%,6.77%,
106/10/31,509,0,-5,504,10386,107,254,10747,6.49%,6.72%,
106/10/30,-330,0,11,-319,9877,107,259,10243,6.17%,6.40%,
106/10/27,91,0,-2,89,10207,107,248,10562,6.38%,6.60%,
106/10/26,84,0,0,84,10116,107,250,10473,6.32%,6.54%,
106/10/25,-169,0,1,-168,10032,107,250,10389,6.27%,6.49%,
106/10/24,-210,0,0,-210,10201,107,249,10557,6.37%,6.59%,
106/10/23,52,0,0,52,10361,107,249,10717,6.47%,6.69%,
106/10/20,-113,0,0,-113,10309,107,249,10665,6.44%,6.66%,
106/10/19,-159,0,-2,-161,10392,107,249,10748,6.49%,6.71%,
106/10/18,-392,0,1,-391,10524,107,251,10882,6.58%,6.80%,
106/10/17,-279,0,0,-279,11247,107,250,11604,7.03%,7.25%,
106/10/16,-365,0,-5,-370,11426,107,250,11783,7.14%,7.36%,
106/10/13,-710,0,0,-710,11791,107,255,12153,7.37%,7.60%,
106/10/12,-52,0,0,-52,12523,107,255,12885,7.83%,8.06%,
106/10/11,-905,0,1,-904,12575,107,255,12937,7.86%,8.09%,
106/10/06,-272,0,0,-272,13480,107,254,13841,8.43%,8.66%,
106/10/05,-734,33,0,-701,13752,107,254,14113,8.60%,8.83%,
106/10/03,-623,68,0,-555,14316,74,254,14644,8.95%,9.16%,
106/10/02,-718,0,0,-718,14752,6,254,15012,9.22%,9.38%,
106/09/30,0,0,0,0,15387,6,254,15647,9.62%,9.78%,
106/09/29,-502,0,0,-502,15387,324,254,15965,9.62%,9.98%,
106/09/28,-441,0,0,-441,15846,324,254,16424,9.90%,10.26%,
106/09/27,-476,0,-2,-478,16128,324,254,16706,10.08%,10.44%,
106/09/26,-1515,0,6,-1509,16603,324,256,17183,10.38%,10.74%,
106/09/25,-653,0,-29,-682,17908,324,250,18482,11.19%,11.55%,
106/09/22,-1249,0,3,-1246,18374,324,279,18977,11.49%,11.87%,
106/09/21,330,0,0,330,19561,324,276,20161,12.23%,12.61%,
106/09/20,162,0,0,162,19231,324,276,19831,12.02%,12.40%,
106/09/19,147,0,30,177,19069,324,276,19669,11.92%,12.30%,
106/09/18,198,44,0,242,18907,324,246,19477,11.82%,12.18%,
106/09/15,31,178,-6,203,18709,280,246,19235,11.70%,12.03%,
106/09/14,-52,96,0,44,18678,102,252,19032,11.68%,11.90%,
106/09/13,16,0,0,16,18730,6,252,18988,11.71%,11.87%,
106/09/12,-416,0,0,-416,18714,6,252,18972,11.70%,11.86%,
106/09/11,142,0,0,142,19130,6,252,19388,11.96%,12.12%,
106/09/08,-167,0,0,-167,18966,6,252,19224,11.86%,12.02%,
106/09/07,-120,0,-1,-121,19127,6,252,19385,11.96%,12.12%,
106/09/06,-104,0,0,-104,19226,6,253,19485,12.02%,12.18%,
106/09/05,-99,0,-2,-101,19330,6,253,19589,12.08%,12.24%,
106/09/04,-36,0,0,-36,19429,6,255,19690,12.15%,12.31%,
106/09/01,36,0,0,36,19465,6,255,19726,12.17%,12.33%,
106/08/31,-62,0,0,-62,19429,6,255,19690,12.15%,12.31%,
106/08/30,-136,0,0,-136,19487,6,255,19748,12.18%,12.34%,
106/08/29,-29,0,0,-29,19597,6,255,19858,12.25%,12.41%,
106/08/28,-201,0,0,-201,19614,6,255,19875,12.26%,12.42%,
106/08/25,-694,0,-2,-696,19801,6,255,20062,12.38%,12.54%,
106/08/24,33,0,0,33,20495,6,257,20758,12.81%,12.97%,
106/08/23,-12,0,0,-12,20462,6,257,20725,12.79%,12.95%,
106/08/22,-257,0,0,-257,20474,6,257,20737,12.80%,12.96%,
106/08/21,-255,0,0,-255,20658,6,257,20921,12.91%,13.07%,
106/08/18,-290,0,0,-290,20913,6,257,21176,13.07%,13.23%,
106/08/17,52,0,-1,51,21203,6,257,21466,13.26%,13.42%,
106/08/16,162,0,0,162,21151,6,258,21415,13.22%,13.39%,
106/08/15,122,0,0,122,20989,6,258,21253,13.12%,13.29%,
106/08/14,-12,0,0,-12,20872,6,258,21136,13.05%,13.22%,
106/08/11,164,0,-1,163,20890,6,258,21154,13.06%,13.23%,
106/08/10,-107,0,1,-106,20726,6,259,20991,12.96%,13.13%,
106/08/09,172,0,0,172,20840,6,258,21104,13.03%,13.20%,
106/08/08,137,0,0,137,20668,6,258,20932,12.92%,13.09%,
106/08/07,-645,0,-3,-648,20531,6,258,20795,12.83%,13.00%,
106/08/04,-339,0,0,-339,21180,6,261,21447,13.24%,13.41%,
106/08/03,113,0,0,113,21519,6,261,21786,13.45%,13.62%,
106/08/02,25,0,0,25,21406,6,261,21673,13.38%,13.55%,
106/08/01,347,0,0,347,21272,6,261,21539,13.30%,13.47%,
106/07/31,277,0,0,277,20925,6,261,21192,13.08%,13.25%,
106/07/28,554,0,0,554,20648,6,261,20915,12.91%,13.08%,
106/07/27,128,0,0,128,20094,6,261,20361,12.56%,12.73%,
106/07/26,-59,0,-1,-60,19966,6,261,20233,12.48%,12.65%,
106/07/25,42,0,0,42,20025,6,262,20293,12.52%,12.69%,
106/07/24,-292,0,0,-292,19983,6,262,20251,12.49%,12.66%,
106/07/21,21,0,0,21,20275,6,262,20543,12.67%,12.84%,
106/07/20,130,0,0,130,20254,6,262,20522,12.66%,12.83%,
106/07/19,-66,0,0,-66,20124,6,262,20392,12.58%,12.75%,
106/07/18,58,0,0,58,20190,6,262,20458,12.62%,12.79%,
106/07/17,-257,0,-1,-258,20132,6,262,20400,12.59%,12.76%,
106/07/14,-163,0,-82,-245,20388,6,263,20657,12.75%,12.92%,
106/07/13,-159,0,-3,-162,20552,6,345,20903,12.85%,13.07%,
106/07/12,124,0,-64,60,20711,6,348,21065,12.95%,13.17%,
106/07/11,-80,0,-26,-106,20587,6,412,21005,12.87%,13.13%,
106/07/10,143,0,168,311,20567,6,438,21011,12.86%,13.14%,
106/07/07,343,0,-2,341,20424,6,270,20700,12.77%,12.94%,
106/07/06,1707,0,0,1707,20080,6,272,20358,12.55%,12.72%,
106/07/05,-589,0,1,-588,18294,6,272,18572,11.44%,11.61%,
106/07/04,-476,0,0,-476,18892,6,271,19169,11.81%,11.98%,
106/07/03,-265,0,0,-265,19368,6,271,19645,12.11%,12.28%,
106/06/30,-101,2,-5,-104,19633,6,271,19910,12.27%,12.44%,
106/06/29,117,0,0,117,19734,4,276,20014,12.34%,12.52%,
106/06/28,-321,0,-2,-323,19617,4,276,19897,12.26%,12.44%,
106/06/27,55,0,-99,-44,19938,4,278,20220,12.46%,12.64%,
106/06/26,-44,0,10,-34,19883,4,377,20264,12.43%,12.67%,
106/06/23,-267,0,0,-267,19927,4,367,20298,12.46%,12.69%,
106/06/22,-45,0,-80,-125,20294,4,367,20665,12.69%,12.92%,
106/06/21,-98,0,182,84,20339,4,447,20790,12.72%,13.00%,
106/06/20,-72,0,5,-67,20437,4,265,20706,12.78%,12.95%,
106/06/19,25,0,4,29,20509,4,260,20773,12.82%,12.99%,
106/06/16,91,0,2,93,20484,4,256,20744,12.81%,12.97%,
106/06/15,83,0,0,83,20393,4,254,20651,12.75%,12.91%,
106/06/14,-328,0,0,-328,20310,4,254,20568,12.70%,12.86%,
106/06/13,-92,0,-5,-97,20538,4,254,20796,12.84%,13.00%,
106/06/12,21,0,0,21,20630,4,259,20893,12.90%,13.06%,
106/06/09,-328,0,-4,-332,20611,4,259,20874,12.88%,13.04%,
106/06/08,-209,0,0,-209,20939,4,263,21206,13.09%,13.26%,
106/06/07,-294,0,2,-292,21148,4,263,21415,13.22%,13.39%,
106/06/06,-60,0,0,-60,21442,4,261,21707,13.40%,13.57%,
106/06/05,-150,0,0,-150,21502,4,261,21767,13.44%,13.61%,
106/06/03,0,0,0,0,21642,4,261,21907,13.53%,13.70%,
106/06/02,-42,0,0,-42,21642,4,261,21907,13.53%,13.70%,
106/06/01,-109,0,-1,-110,21684,4,261,21949,13.56%,13.73%,
106/05/31,-143,0,0,-143,21793,4,262,22059,13.62%,13.79%,
106/05/26,-48,0,0,-48,21952,4,262,22218,13.72%,13.89%,
106/05/25,24,0,1,25,22200,4,262,22466,13.88%,14.05%,
106/05/24,-59,0,0,-59,22176,4,261,22441,13.86%,14.03%,
106/05/23,-62,0,0,-62,22235,4,261,22500,13.90%,14.07%,
106/05/22,-157,0,0,-157,22300,4,261,22565,13.94%,14.11%,
106/05/19,-266,0,0,-266,22457,4,261,22722,14.04%,14.21%,
106/05/18,-35,0,0,-35,22723,4,261,22988,14.21%,14.38%,
106/05/17,-30,0,0,-30,22743,4,261,23008,14.22%,14.39%,
106/05/16,-56,0,4,-52,22773,4,261,23038,14.24%,14.41%,
106/05/15,-189,0,0,-189,22830,4,257,23091,14.27%,14.43%,
106/05/12,22,0,0,22,23019,4,257,23280,14.39%,14.55%,
106/05/11,-62,0,0,-62,22997,4,257,23258,14.38%,14.54%,
106/05/10,-1,0,0,-1,23059,4,257,23320,14.42%,14.58%,
106/05/09,-120,0,-2,-122,23057,4,257,23318,14.41%,14.57%,
106/05/08,-88,0,-1,-89,23177,4,259,23440,14.49%,14.65%,
106/05/05,-86,0,1,-85,23265,4,260,23529,14.54%,14.71%,
106/05/04,-76,0,0,-76,23350,4,259,23613,14.60%,14.76%,
106/05/03,-6,0,0,-6,23423,4,259,23686,14.64%,14.80%,
106/05/02,-72,0,0,-72,23429,4,259,23692,14.65%,14.81%,
106/04/28,-31,0,0,-31,23501,4,259,23764,14.69%,14.85%,
106/04/27,-38,0,0,-38,23532,4,259,23795,14.71%,14.87%,
106/04/26,194,0,0,194,23570,4,259,23833,14.74%,14.90%,
106/04/25,17,0,0,17,23381,4,259,23644,14.62%,14.78%,
106/04/24,39,0,0,39,23364,4,259,23627,14.61%,14.77%,
106/04/21,-235,0,0,-235,23325,4,259,23588,14.58%,14.74%,
106/04/20,-77,0,0,-77,23560,4,259,23823,14.73%,14.89%,
106/04/19,35,0,0,35,23637,4,259,23900,14.78%,14.94%,
106/04/18,-117,0,0,-117,23602,4,259,23865,14.76%,14.92%,
106/04/17,25,0,0,25,23719,4,259,23982,14.83%,14.99%,
106/04/14,-204,0,0,-204,23694,4,259,23957,14.81%,14.97%,
106/04/13,-48,0,0,-48,23898,4,259,24161,14.94%,15.10%,
106/04/12,-4,0,0,-4,23946,4,259,24209,14.97%,15.13%,
106/04/11,-94,0,0,-94,23950,4,259,24213,14.97%,15.13%,
106/04/10,58,0,0,58,24044,4,259,24307,15.03%,15.19%,
106/04/07,77,0,-1,76,23986,4,259,24249,15.00%,15.16%,
106/04/06,168,0,0,168,23924,4,260,24188,14.96%,15.13%,
106/04/05,71,0,0,71,23756,4,260,24020,14.85%,15.02%,
106/03/31,211,0,0,211,23701,4,260,23965,14.82%,14.99%,
106/03/30,-4,0,0,-4,23489,4,260,23753,14.68%,14.85%,
106/03/29,190,0,-2,188,23535,4,260,23799,14.71%,14.88%,
106/03/28,72,0,5,77,23345,4,262,23611,14.59%,14.76%,
106/03/27,256,4,0,260,23273,4,257,23534,14.55%,14.71%,
106/03/24,-46,0,0,-46,23017,0,257,23274,14.39%,14.55%,
106/03/23,-53,0,0,-53,23063,0,257,23320,14.42%,14.58%,
106/03/22,323,0,0,323,23102,0,257,23359,14.44%,14.60%,
106/03/21,-10,0,1,-9,22779,0,257,23036,14.24%,14.40%,
106/03/20,-170,0,0,-170,22779,0,256,23035,14.24%,14.40%,
106/03/17,315,0,0,315,22949,0,256,23205,14.35%,14.51%,
106/03/16,7,0,-2,5,22630,0,256,22886,14.15%,14.31%,
106/03/15,281,0,0,281,22623,0,258,22881,14.14%,14.30%,
106/03/14,175,0,1,176,22321,0,258,22579,13.95%,14.11%,
106/03/13,216,0,1,217,22146,0,257,22403,13.84%,14.00%,
106/03/10,-137,0,2,-135,21930,0,256,22186,13.71%,13.87%,
106/03/09,-43,0,0,-43,22067,0,254,22321,13.80%,13.96%,
106/03/08,44,0,-50,-6,22110,0,254,22364,13.82%,13.98%,
106/03/07,386,0,3,389,22131,0,304,22435,13.84%,14.03%,
106/03/06,-578,0,0,-578,21745,0,301,22046,13.59%,13.78%,
106/03/03,208,0,0,208,22308,0,301,22609,13.95%,14.14%,
106/03/02,330,0,-30,300,22100,0,301,22401,13.82%,14.01%,
106/03/01,383,0,-20,363,21770,0,331,22101,13.61%,13.82%,
106/02/24,201,0,0,201,21387,0,351,21738,13.37%,13.59%,
106/02/23,162,0,0,162,21186,0,351,21537,13.24%,13.46%,
106/02/22,138,0,1,139,21024,0,351,21375,13.14%,13.36%,
106/02/21,-123,0,2,-121,20886,0,350,21236,13.06%,13.28%,
106/02/20,139,0,36,175,21009,0,348,21357,13.13%,13.35%,
106/02/18,0,0,2,2,20860,0,312,21172,13.04%,13.24%,
106/02/17,367,0,59,426,20860,0,310,21170,13.04%,13.23%,
106/02/16,86,0,0,86,20503,0,251,20754,12.82%,12.98%,
106/02/15,85,0,0,85,20417,0,251,20668,12.76%,12.92%,
106/02/14,144,0,0,144,20332,0,251,20583,12.71%,12.87%,
106/02/13,196,0,0,196,20188,0,251,20439,12.62%,12.78%,
106/02/10,-3,0,0,-3,19992,0,251,20243,12.50%,12.66%,
106/02/09,88,0,0,88,19995,0,251,20246,12.50%,12.66%,
106/02/08,140,0,0,140,19907,0,251,20158,12.44%,12.60%,
106/02/07,-19,0,0,-19,19770,0,251,20021,12.36%,12.52%,
106/02/06,-38,0,-2,-40,19789,0,251,20040,12.37%,12.53%,
106/02/03,341,0,0,341,19827,0,253,20080,12.39%,12.55%,
106/02/02,326,0,0,326,19486,0,253,19739,12.18%,12.34%,
106/01/24,101,0,-30,71,19160,0,253,19413,11.98%,12.14%,
106/01/23,32,0,-83,-51,19059,0,283,19342,11.91%,12.09%,
106/01/20,-126,0,113,-13,19027,0,366,19393,11.89%,12.12%,
106/01/19,173,0,-1,172,19153,0,253,19406,11.97%,12.13%,
106/01/18,276,0,-2,274,18980,0,254,19234,11.86%,12.02%,
106/01/17,56,0,0,56,18704,0,256,18960,11.69%,11.85%,
106/01/16,164,0,0,164,18648,0,256,18904,11.66%,11.82%,
106/01/13,284,0,0,284,18484,0,256,18740,11.55%,11.71%,
106/01/12,76,0,0,76,18200,0,256,18456,11.38%,11.54%,
106/01/11,128,0,0,128,17909,0,256,18165,11.20%,11.36%,
106/01/10,289,0,0,289,17781,0,256,18037,11.11%,11.27%,
106/01/09,115,0,0,115,17492,0,256,17748,10.93%,11.09%,
106/01/06,125,0,-1,124,17377,0,256,17633,10.86%,11.02%,
106/01/05,174,0,0,174,17252,0,257,17509,10.78%,10.94%,
106/01/04,127,0,0,127,17078,0,257,17335,10.68%,10.84%,
106/01/03,93,0,0,93,16951,0,257,17208,10.60%,10.76%,
105/12/30,71,0,0,71,16848,0,257,17105,10.53%,10.69%,
105/12/29,59,0,0,59,16777,0,257,17034,10.49%,10.65%,
105/12/28,288,0,0,288,16718,0,257,16975,10.45%,10.61%,
105/12/27,70,0,0,70,16430,0,257,16687,10.27%,10.43%,
105/12/26,48,0,0,48,16360,0,257,16617,10.23%,10.39%,
105/12/23,135,0,0,135,16312,0,257,16569,10.20%,10.36%,
105/12/22,182,0,3,185,16177,0,257,16434,10.11%,10.27%,
105/12/21,178,0,12,190,15995,0,254,16249,10.00%,10.16%,
105/12/20,230,0,7,237,15817,0,242,16059,9.89%,10.04%,
105/12/19,106,0,2,108,15584,0,235,15819,9.74%,9.89%,
105/12/16,34,0,7,41,15472,0,233,15705,9.67%,9.82%,
105/12/15,301,0,0,301,15438,0,226,15664,9.65%,9.79%,
105/12/14,145,0,0,145,15137,0,226,15363,9.46%,9.60%,
105/12/13,721,0,0,721,14992,0,226,15218,9.37%,9.51%,
105/12/12,154,0,10,164,14271,0,226,14497,8.92%,9.06%,
105/12/09,415,0,-1,414,14117,0,216,14333,8.82%,8.96%,
105/12/08,230,0,3,233,13702,0,217,13919,8.56%,8.70%,
105/12/07,224,0,-1,223,13472,0,214,13686,8.42%,8.55%,
105/12/06,47,0,-3,44,13248,0,215,13463,8.28%,8.41%,
105/12/05,209,0,-1,208,13201,0,218,13419,8.25%,8.39%,
105/12/02,67,0,-2,65,12991,0,219,13210,8.12%,8.26%,
105/12/01,206,0,-5,201,12924,0,221,13145,8.08%,8.22%,
105/11/30,271,0,0,271,12718,0,226,12944,7.95%,8.09%,
105/11/29,57,0,0,57,12447,0,226,12673,7.78%,7.92%,
105/11/28,288,0,-10,278,12390,0,226,12616,7.74%,7.88%,
105/11/25,27,0,0,27,12102,0,236,12338,7.56%,7.71%,
105/11/24,113,0,0,113,12075,0,236,12311,7.55%,7.70%,
105/11/23,21,0,0,21,11962,0,236,12198,7.48%,7.63%,
105/11/22,-29,0,0,-29,11941,0,236,12177,7.46%,7.61%,
105/11/21,1,0,0,1,11970,0,236,12206,7.48%,7.63%,
105/11/18,-83,0,1,-82,11969,0,236,12205,7.48%,7.63%,
105/11/17,428,0,-3,425,12052,0,235,12287,7.53%,7.68%,
105/11/16,285,0,1,286,11624,0,238,11862,7.26%,7.41%,
105/11/15,291,0,0,291,11339,0,237,11576,7.09%,7.24%,
105/11/14,15,0,2,17,11048,0,237,11285,6.90%,7.05%,
105/11/11,94,0,0,94,11033,0,235,11268,6.90%,7.05%,
105/11/10,259,0,-12,247,10939,0,235,11174,6.84%,6.99%,
105/11/09,-68,0,-1,-69,10680,0,247,10927,6.67%,6.82%,
105/11/08,29,0,0,29,10748,0,248,10996,6.72%,6.88%,
105/11/07,130,0,6,136,10719,0,248,10967,6.70%,6.86%,
105/11/04,27,0,0,27,10589,0,242,10831,6.62%,6.77%,
105/11/03,252,0,3,255,10562,0,242,10804,6.60%,6.75%,
105/11/02,85,0,-23,62,10310,0,239,10549,6.44%,6.59%,
105/11/01,21,0,-1,20,10225,0,262,10487,6.39%,6.55%,
105/10/31,373,0,-4,369,10204,0,263,10467,6.38%,6.54%,
105/10/28,171,0,-3,168,9831,0,267,10098,6.14%,6.31%,
105/10/27,2,0,-1,1,9660,0,270,9930,6.04%,6.21%,
105/10/26,-459,0,-52,-511,9658,0,271,9929,6.04%,6.21%,
105/10/25,74,0,-10,64,10117,0,323,10440,6.32%,6.52%,
105/10/24,212,0,0,212,10043,0,333,10376,6.28%,6.49%,
105/10/21,119,0,-2,117,9831,0,333,10164,6.14%,6.35%,
105/10/20,-2,0,-7,-9,9712,0,335,10047,6.07%,6.28%,
105/10/19,110,0,9,119,9714,0,342,10056,6.07%,6.28%,
105/10/18,-220,0,0,-220,9604,0,333,9937,6.00%,6.21%,
105/10/17,331,0,-2,329,9824,0,333,10157,6.14%,6.35%,
105/10/14,108,0,3,111,9493,0,335,9828,5.93%,6.14%,
105/10/13,61,0,0,61,9385,0,332,9717,5.86%,6.07%,
105/10/12,250,0,-1,249,9324,0,332,9656,5.83%,6.04%,
105/10/11,276,0,2,278,9074,0,333,9407,5.67%,5.88%,
105/10/07,158,0,1,159,8748,0,331,9079,5.47%,5.68%,
105/10/06,190,0,1,191,8589,0,330,8919,5.37%,5.58%,
105/10/05,42,0,-99,-57,8397,0,329,8726,5.25%,5.46%,
105/10/04,81,0,38,119,8352,0,428,8780,5.22%,5.49%,
105/10/03,1,0,22,23,8271,0,390,8661,5.17%,5.41%,
105/09/30,18,0,99,117,8270,0,368,8638,5.17%,5.40%,
105/09/29,86,0,38,124,8252,0,269,8521,5.16%,5.33%,
105/09/26,82,0,-2,80,8166,0,231,8397,5.10%,5.24%,
105/09/23,-33,0,0,-33,8084,0,233,8317,5.05%,5.20%,
105/09/22,30,0,1,31,8117,0,233,8350,5.07%,5.22%,
105/09/21,42,0,0,42,8087,0,232,8319,5.05%,5.20%,
105/09/20,13,0,1,14,8045,0,232,8277,5.03%,5.18%,
105/09/19,-14,0,-5,-19,8032,0,231,8263,5.02%,5.16%,
105/09/14,-1,0,0,-1,8046,0,236,8282,5.03%,5.18%,
105/09/13,-41,0,0,-41,8047,0,236,8283,5.03%,5.18%,
105/09/12,24,0,-1,23,8088,0,236,8324,5.05%,5.20%,
105/09/10,-6,0,-6,-12,8064,0,237,8301,5.04%,5.19%,
105/09/09,24,0,1,25,8070,0,243,8313,5.04%,5.19%,
105/09/08,16,0,0,16,8046,0,242,8288,5.03%,5.18%,
105/09/07,123,0,-1,122,8030,0,242,8272,5.02%,5.17%,
105/09/06,28,0,-6,22,7907,0,243,8150,4.94%,5.09%,
105/09/05,53,0,0,53,7879,0,249,8128,4.92%,5.08%,
105/09/02,-67,0,1,-66,7826,0,249,8075,4.89%,5.05%,
105/09/01,-33,0,3,-30,7893,0,248,8141,4.93%,5.09%,
105/08/31,26,0,-2,24,7926,0,245,8171,4.95%,5.10%,
105/08/30,11,0,-2,9,7900,0,247,8147,4.94%,5.09%,
105/08/29,-60,0,-2,-62,7889,0,249,8138,4.93%,5.09%,
105/08/26,47,0,0,47,7949,0,251,8200,4.97%,5.13%,
105/08/25,8,0,0,8,7902,0,251,8153,4.94%,5.10%,
105/08/24,162,0,0,162,7894,0,251,8145,4.93%,5.09%,
105/08/23,-51,0,1,-50,7732,0,251,7983,4.83%,4.99%,
105/08/22,75,0,-2,73,7783,0,250,8033,4.86%,5.02%,
105/08/19,51,0,-15,36,7708,0,252,7960,4.82%,4.98%,
105/08/18,195,0,-14,181,7659,0,267,7926,4.79%,4.96%,
105/08/17,58,0,23,81,7464,0,281,7745,4.66%,4.84%,
105/08/16,5,0,-1,4,7406,0,258,7664,4.63%,4.79%,
105/08/15,10,0,0,10,7401,0,259,7660,4.62%,4.78%,
105/08/12,70,0,1,71,7391,0,259,7650,4.62%,4.78%,
105/08/11,-1,0,1,0,7321,0,258,7579,4.57%,4.73%,
105/08/10,28,0,0,28,7322,0,257,7579,4.57%,4.73%,
105/08/09,19,0,-1,18,7294,0,257,7551,4.56%,4.72%,
105/08/08,5,0,-1,4,7275,0,258,7533,4.54%,4.70%,
105/08/05,4,0,-2,2,7270,0,259,7529,4.54%,4.70%,
105/08/04,18,0,-1,17,7266,0,261,7527,4.54%,4.70%,
105/08/03,-2,0,2,0,7248,0,262,7510,4.53%,4.69%,
105/08/02,-4,0,-1,-5,7250,0,260,7510,4.53%,4.69%,
105/08/01,17,0,0,17,7254,0,261,7515,4.53%,4.69%,
105/07/29,3,0,0,3,7237,0,261,7498,4.52%,4.68%,
105/07/28,6,0,0,6,7234,0,261,7495,4.52%,4.68%,
105/07/27,3,0,0,3,7228,0,261,7489,4.52%,4.68%,
105/07/26,14,0,0,14,7225,0,261,7486,4.51%,4.67%,
105/07/25,8,0,0,8,7211,0,261,7472,4.50%,4.66%,
105/07/22,-41,0,0,-41,7203,0,261,7464,4.50%,4.66%,
105/07/21,24,0,1,25,7244,0,261,7505,4.53%,4.69%,
105/07/20,11,0,0,11,7220,0,260,7480,4.51%,4.67%,
105/07/19,19,0,0,19,7209,0,260,7469,4.50%,4.66%,
105/07/18,15,0,3,18,7190,0,260,7450,4.49%,4.65%,
105/07/15,6,0,-3,3,7175,0,257,7432,4.48%,4.64%,
105/07/14,8,0,3,11,7169,0,260,7429,4.48%,4.64%,
105/07/13,0,0,0,0,7161,0,257,7418,4.47%,4.63%,
105/07/12,7,0,0,7,7161,0,257,7418,4.47%,4.63%,
105/07/11,-33,0,0,-33,7154,0,257,7411,4.47%,4.63%,
105/07/07,7,0,0,7,7188,0,257,7445,4.49%,4.65%,
105/07/06,0,0,-2,-2,7181,0,257,7438,4.49%,4.65%,
105/07/05,3,0,0,3,7181,0,259,7440,4.49%,4.65%,
105/07/04,8,0,0,8,7178,0,259,7437,4.48%,4.64%,
105/07/01,15,0,1,16,7170,0,259,7429,4.48%,4.64%,
105/06/30,-156,0,0,-156,7155,0,258,7413,4.47%,4.63%,
105/06/29,7,0,0,7,7311,0,258,7569,4.57%,4.73%,
105/06/28,7,0,0,7,7304,0,258,7562,4.56%,4.72%,
105/06/27,5,0,0,5,7297,0,258,7555,4.56%,4.72%,
105/06/24,-9,0,-4,-13,7292,0,258,7550,4.56%,4.72%,
105/06/23,10,0,0,10,7301,0,262,7563,4.56%,4.72%,
105/06/22,10,0,0,10,7291,0,262,7553,4.55%,4.71%,
105/06/21,-11,0,1,-10,7281,0,262,7543,4.55%,4.71%,
105/06/20,14,0,2,16,7291,0,261,7552,4.55%,4.71%,
105/06/17,0,0,2,2,7277,0,259,7536,4.55%,4.71%,
105/06/16,4,0,0,4,7277,0,257,7534,4.55%,4.71%,
105/06/15,0,0,0,0,7273,0,257,7530,4.54%,4.70%,
105/06/14,22,0,0,22,7273,0,257,7530,4.54%,4.70%,
105/06/13,5,0,0,5,7251,0,257,7508,4.53%,4.69%,
105/06/08,9,0,0,9,7242,0,257,7499,4.52%,4.68%,
105/06/07,12,0,0,12,7233,0,257,7490,4.52%,4.68%,
105/06/06,13,0,0,13,7221,0,257,7478,4.51%,4.67%,
105/06/04,0,0,0,0,7208,0,257,7465,4.50%,4.66%,
105/06/03,16,0,-3,13,7208,0,257,7465,4.50%,4.66%,
105/06/02,3,0,0,3,7192,0,260,7452,4.49%,4.65%,
105/06/01,-9,0,0,-9,7189,0,260,7449,4.49%,4.65%,
105/05/31,-11,0,0,-11,7198,0,260,7458,4.50%,4.66%,
105/05/30,-29,0,1,-28,7209,0,260,7469,4.50%,4.66%,
105/05/27,-23,0,0,-23,7238,0,259,7497,4.52%,4.68%,
105/05/26,-25,0,0,-25,7261,0,259,7520,4.54%,4.70%,
105/05/25,-2,0,0,-2,7286,0,259,7545,4.55%,4.71%,
105/05/24,4,0,0,4,7288,0,259,7547,4.55%,4.71%,
105/05/23,74,0,0,74,7284,0,259,7543,4.55%,4.71%,
105/05/20,18,0,-1,17,7210,0,259,7469,4.50%,4.66%,
105/05/19,-34,0,0,-34,7192,0,260,7452,4.49%,4.65%,
105/05/18,-2,0,0,-2,7226,0,260,7486,4.51%,4.67%,
105/05/17,24,0,0,24,7228,0,260,7488,4.52%,4.68%,
105/05/16,-9,0,0,-9,7204,0,260,7464,4.50%,4.66%,
105/05/13,-60,0,0,-60,7213,0,260,7473,4.51%,4.67%,
105/05/12,-87,0,0,-87,7273,0,260,7533,4.54%,4.70%,
105/05/11,13,0,0,13,7360,0,260,7620,4.60%,4.76%,
105/05/10,1,0,0,1,7347,0,260,7607,4.59%,4.75%,
105/05/09,-3,0,0,-3,7346,0,260,7606,4.59%,4.75%,
105/05/06,-12,0,0,-12,7349,0,260,7609,4.59%,4.75%,
105/05/05,1,0,0,1,7361,0,260,7621,4.60%,4.76%,
105/05/04,137,0,-1,136,7360,0,260,7620,4.60%,4.76%,
105/05/03,-3,0,0,-3,7223,0,261,7484,4.51%,4.67%,
105/04/29,-57,0,0,-57,7226,0,261,7487,4.51%,4.67%,
105/04/28,-66,0,0,-66,7283,0,261,7544,4.55%,4.71%,
105/04/27,-11,0,0,-11,7349,0,261,7610,4.59%,4.75%,
105/04/26,52,0,0,52,7360,0,261,7621,4.60%,4.76%,
105/04/25,85,0,0,85,7308,0,261,7569,4.57%,4.73%,
105/04/22,-58,0,0,-58,7223,0,261,7484,4.51%,4.67%,
105/04/21,24,0,0,24,7281,0,261,7542,4.55%,4.71%,
105/04/20,-176,0,0,-176,7257,0,261,7518,4.53%,4.69%,
105/04/19,167,0,0,167,7433,0,261,7694,4.64%,4.80%,
105/04/18,-35,0,0,-35,7266,0,261,7527,4.54%,4.70%,
105/04/15,-1,0,0,-1,7301,0,261,7562,4.56%,4.72%,
105/04/14,-12,0,0,-12,7302,0,261,7563,4.56%,4.72%,
105/04/13,114,0,0,114,7314,0,261,7575,4.57%,4.73%,
105/04/12,-89,0,2,-87,7200,0,261,7461,4.50%,4.66%,
105/04/11,-16,0,0,-16,7289,0,259,7548,4.55%,4.71%,
105/04/08,48,0,0,48,7305,0,259,7564,4.56%,4.72%,
105/04/07,-465,0,1,-464,7257,0,259,7516,4.53%,4.69%,
105/04/06,-286,0,-1,-287,7722,0,258,7980,4.82%,4.98%,
105/04/01,-392,0,2,-390,8008,0,259,8267,5.00%,5.16%,
105/03/31,-57,0,0,-57,8400,0,257,8657,5.25%,5.41%,
105/03/30,-2,0,0,-2,8457,0,257,8714,5.28%,5.44%,
105/03/29,-3,0,3,0,8459,0,257,8716,5.29%,5.45%,
105/03/28,-5,0,0,-5,8462,0,254,8716,5.29%,5.45%,
105/03/25,-11,0,0,-11,8467,0,254,8721,5.29%,5.45%,
105/03/24,-31,0,0,-31,8478,0,254,8732,5.30%,5.46%,
105/03/23,47,0,-4,43,8509,0,254,8763,5.32%,5.48%,
105/03/22,-11,0,0,-11,8462,0,258,8720,5.29%,5.45%,
105/03/21,11,0,0,11,8473,0,258,8731,5.29%,5.45%,
105/03/18,0,0,1,1,8462,0,258,8720,5.29%,5.45%,
105/03/17,0,0,-3,-3,8462,0,257,8719,5.29%,5.45%,
105/03/16,4,0,3,7,8472,0,260,8732,5.29%,5.45%,
105/03/15,0,0,2,2,8468,0,257,8725,5.29%,5.45%,
105/03/14,-7,0,0,-7,8468,0,255,8723,5.29%,5.45%,
105/03/11,0,0,0,0,8475,0,255,8730,5.30%,5.46%,
105/03/10,-28,0,0,-28,8475,0,255,8730,5.30%,5.46%,
105/03/09,-49,0,0,-49,8503,0,255,8758,5.31%,5.47%,
105/03/08,-35,0,0,-35,8552,0,255,8807,5.34%,5.50%,
105/03/07,-43,0,-10,-53,8587,0,255,8842,5.37%,5.53%,
105/03/04,1,0,11,12,8630,0,265,8895,5.39%,5.56%,
105/03/03,0,0,-14,-14,8629,0,254,8883,5.39%,5.55%,
105/03/02,2,0,0,2,8629,0,268,8897,5.39%,5.56%,
105/03/01,-2,0,0,-2,8627,0,268,8895,5.39%,5.56%,
105/02/26,39,0,0,39,8629,0,268,8897,5.39%,5.56%,
105/02/25,8,0,0,8,8590,0,268,8858,5.37%,5.54%,
105/02/24,104,0,0,104,8582,0,268,8850,5.36%,5.53%,
105/02/23,53,0,0,53,8478,0,268,8746,5.30%,5.47%,
105/02/22,-1,0,0,-1,8425,0,268,8693,5.26%,5.43%,
105/02/19,3,0,3,6,8426,0,268,8694,5.26%,5.43%,
105/02/18,0,0,6,6,8423,0,265,8688,5.26%,5.43%,
105/02/17,-3,0,0,-3,8423,0,259,8682,5.26%,5.42%,
105/02/16,-13,0,0,-13,8426,0,259,8685,5.26%,5.42%,
105/02/15,13,0,0,13,8439,0,259,8698,5.27%,5.43%,
105/02/03,51,0,-1,50,8426,0,259,8685,5.26%,5.42%,
105/02/02,82,0,-4,78,8375,0,260,8635,5.23%,5.39%,
105/02/01,23,0,6,29,8293,0,264,8557,5.18%,5.35%,
105/01/30,0,0,-1,-1,8270,0,258,8528,5.17%,5.33%,
105/01/29,10,0,0,10,8270,0,259,8529,5.17%,5.33%,
105/01/28,11,0,0,11,8260,0,259,8519,5.16%,5.32%,
105/01/27,39,0,-10,29,8249,0,259,8508,5.15%,5.31%,
105/01/26,-18,0,0,-18,8210,0,269,8479,5.13%,5.30%,
105/01/25,-4,0,-1,-5,8228,0,269,8497,5.14%,5.31%,
105/01/22,2,0,4,6,8232,0,270,8502,5.14%,5.31%,
105/01/21,0,0,0,0,8230,0,266,8496,5.14%,5.31%,
105/01/20,-1,0,-1,-2,8230,0,266,8496,5.14%,5.31%,
105/01/19,8,0,-1,7,8233,0,267,8500,5.14%,5.31%,
105/01/18,-9,0,10,1,8225,0,268,8493,5.14%,5.31%,
105/01/15,-5,0,-2,-7,8234,0,258,8492,5.14%,5.30%,
105/01/14,-17,0,1,-16,8239,0,260,8499,5.15%,5.31%,
105/01/13,-5,0,1,-4,8256,0,259,8515,5.16%,5.32%,
105/01/12,-8,0,-1,-9,8261,0,258,8519,5.16%,5.32%,
105/01/11,-2,0,0,-2,8269,0,259,8528,5.17%,5.33%,
105/01/08,-1,0,0,-1,8271,0,259,8530,5.17%,5.33%,
105/01/07,-19,0,0,-19,8272,0,259,8531,5.17%,5.33%,
105/01/06,-37,0,0,-37,8291,0,259,8550,5.18%,5.34%,
105/01/05,-50,0,0,-50,8328,0,259,8587,5.20%,5.36%,
105/01/04,-4,0,0,-4,8378,0,259,8637,5.23%,5.39%,
104/12/31,20,0,-4,16,8382,0,259,8641,5.24%,5.40%,
104/12/30,40,0,0,40,8362,0,263,8625,5.22%,5.38%,
104/12/29,19,0,1,20,8322,0,263,8585,5.20%,5.36%,
104/12/28,0,0,0,0,8303,0,262,8565,5.19%,5.35%,
104/12/25,-1,0,0,-1,8303,0,262,8565,5.19%,5.35%,
104/12/24,57,0,-4,53,8304,0,262,8566,5.19%,5.35%,
104/12/23,0,0,-1,-1,8247,0,266,8513,5.15%,5.32%,
104/12/22,65,0,0,65,8247,0,267,8514,5.15%,5.32%,
104/12/21,0,0,7,7,8182,0,267,8449,5.11%,5.28%,
104/12/18,0,0,-3,-3,8182,0,260,8442,5.11%,5.27%,
104/12/17,0,0,0,0,8182,0,263,8445,5.11%,5.27%,
104/12/16,4,0,4,8,8182,0,263,8445,5.11%,5.27%,
104/12/15,-4,0,0,-4,8178,0,259,8437,5.11%,5.27%,
104/12/14,0,0,0,0,8182,0,259,8441,5.11%,5.27%,
104/12/11,0,0,0,0,8182,0,259,8441,5.11%,5.27%,
104/12/10,-19,0,0,-19,8182,0,259,8441,5.11%,5.27%,
104/12/09,-4,0,0,-4,8201,0,259,8460,5.12%,5.28%,
104/12/08,0,0,0,0,8205,0,259,8464,5.13%,5.29%,
104/12/07,0,0,0,0,8205,0,259,8464,5.13%,5.29%,
104/12/04,-1,0,0,-1,8205,0,259,8464,5.13%,5.29%,
104/12/03,0,0,0,0,8206,0,259,8465,5.13%,5.29%,
104/12/02,0,0,0,0,8206,0,259,8465,5.13%,5.29%,
104/12/01,-2,0,-1,-3,8206,0,259,8465,5.13%,5.29%,
104/11/30,5,0,1,6,8208,0,260,8468,5.13%,5.29%,
104/11/27,0,0,0,0,8203,0,259,8462,5.13%,5.29%,
104/11/26,0,0,0,0,8203,0,259,8462,5.13%,5.29%,
104/11/25,-35,0,0,-35,8203,0,259,8462,5.13%,5.29%,
104/11/24,-2,0,0,-2,8238,0,259,8497,5.15%,5.31%,
104/11/23,-14,0,0,-14,8240,0,259,8499,5.15%,5.31%,
104/11/20,-22,0,0,-22,8254,0,259,8513,5.16%,5.32%,
104/11/19,3,0,-1,2,8276,0,259,8535,5.17%,5.33%,
104/11/18,-46,0,0,-46,8273,0,260,8533,5.17%,5.33%,
104/11/17,-23,0,0,-23,8319,0,260,8579,5.20%,5.36%,
104/11/16,26,0,1,27,8342,0,260,8602,5.21%,5.37%,
104/11/13,-8,0,0,-8,8316,0,259,8575,5.20%,5.36%,
104/11/12,-6,0,0,-6,8314,0,259,8573,5.19%,5.35%,
104/11/11,-1,0,0,-1,8320,0,259,8579,5.20%,5.36%,
104/11/10,0,0,-1,-1,8321,0,259,8580,5.20%,5.36%,
104/11/09,-4,0,1,-3,8321,0,260,8581,5.20%,5.36%,
104/11/06,1,0,0,1,8325,0,259,8584,5.20%,5.36%,
104/11/05,4,0,0,4,8324,0,259,8583,5.20%,5.36%,
104/11/04,41,0,0,41,8320,0,259,8579,5.20%,5.36%,
104/11/03,-17,0,0,-17,8279,0,259,8538,5.17%,5.33%,
104/11/02,-12,0,0,-12,8296,0,259,8555,5.18%,5.34%,
104/10/30,-20,0,0,-20,8308,0,259,8567,5.19%,5.35%,
104/10/29,-11,0,0,-11,8328,0,259,8587,5.20%,5.36%,
104/10/28,-22,0,0,-22,8339,0,259,8598,5.21%,5.37%,
104/10/27,-14,0,0,-14,8361,0,259,8620,5.22%,5.38%,
104/10/26,-12,0,0,-12,8375,0,259,8634,5.23%,5.39%,
104/10/23,-18,0,0,-18,8387,0,259,8646,5.24%,5.40%,
104/10/22,-23,0,0,-23,8405,0,259,8664,5.25%,5.41%,
104/10/21,-37,0,0,-37,8428,0,259,8687,5.27%,5.43%,
104/10/20,-20,0,0,-20,8465,0,259,8724,5.29%,5.45%,
104/10/19,11,0,0,11,8485,0,259,8744,5.30%,5.46%,
104/10/16,-13,0,0,-13,8474,0,259,8733,5.29%,5.45%,
104/10/15,-45,0,0,-45,8487,0,259,8746,5.30%,5.46%,
104/10/14,-73,0,0,-73,8532,0,259,8791,5.33%,5.49%,
104/10/13,-8,0,0,-8,8605,0,259,8864,5.38%,5.54%,
104/10/12,-49,0,0,-49,8613,0,259,8872,5.38%,5.54%,
104/10/08,-19,0,0,-19,8662,0,259,8921,5.41%,5.57%,
104/10/07,-4,0,0,-4,8681,0,259,8940,5.42%,5.58%,
104/10/06,-20,0,0,-20,8685,0,259,8944,5.43%,5.59%,
104/10/05,-8,0,0,-8,8705,0,259,8964,5.44%,5.60%,
104/10/02,-56,0,0,-56,8713,0,259,8972,5.44%,5.60%,
104/10/01,-6,0,0,-6,8769,0,259,9028,5.48%,5.64%,
104/09/30,-10,0,0,-10,8775,0,259,9034,5.48%,5.64%,
104/09/25,-5,0,0,-5,8785,0,259,9044,5.49%,5.65%,
104/09/24,-19,0,0,-19,8790,0,259,9049,5.49%,5.65%,
104/09/23,-24,0,0,-24,8809,0,259,9068,5.50%,5.66%,
104/09/22,3,0,0,3,8833,0,259,9092,5.52%,5.68%,
104/09/21,-44,0,0,-44,8830,0,259,9089,5.52%,5.68%,
104/09/18,-3,0,0,-3,8874,0,259,9133,5.54%,5.70%,
104/09/17,0,0,-4,-4,8877,0,259,9136,5.55%,5.71%,
104/09/16,-6,0,4,-2,8877,0,263,9140,5.55%,5.71%,
104/09/15,0,0,0,0,8883,0,259,9142,5.55%,5.71%,
104/09/14,-29,0,0,-29,8883,0,259,9142,5.55%,5.71%,
104/09/11,4,0,0,4,8912,0,259,9171,5.57%,5.73%,
104/09/10,21,0,0,21,8908,0,259,9167,5.57%,5.73%,
104/09/09,56,0,-1,55,8887,0,259,9146,5.55%,5.71%,
104/09/08,5,0,0,5,8831,0,260,9091,5.52%,5.68%,
104/09/07,9,0,0,9,8832,0,260,9092,5.52%,5.68%,
104/09/04,1,0,-1,0,8823,0,260,9083,5.51%,5.67%,
104/09/03,-4,0,0,-4,8822,0,261,9083,5.51%,5.67%,
104/09/02,45,0,-1,44,8826,0,261,9087,5.51%,5.67%,
104/09/01,7,0,0,7,8781,0,262,9043,5.49%,5.65%,
104/08/31,16,0,0,16,8774,0,262,9036,5.48%,5.64%,
104/08/28,1,0,0,1,8758,0,262,9020,5.47%,5.63%,
104/08/27,-22,0,-3,-25,8757,0,262,9019,5.47%,5.63%,
104/08/26,36,0,-7,29,8779,0,265,9044,5.49%,5.66%,
104/08/25,74,0,4,78,8743,0,272,9015,5.46%,5.63%,
104/08/24,82,0,-4,78,8669,0,268,8937,5.42%,5.59%,
104/08/21,-7,0,1,-6,8587,0,272,8859,5.37%,5.54%,
104/08/20,32,0,0,32,8594,0,271,8865,5.37%,5.54%,
104/08/19,23,0,-4,19,8562,0,271,8833,5.35%,5.52%,
104/08/18,31,0,0,31,8539,0,275,8814,5.34%,5.51%,
104/08/17,42,0,0,42,8506,0,275,8781,5.31%,5.48%,
104/08/14,-1,0,-4,-5,8464,0,275,8739,5.29%,5.46%,
104/08/13,1,0,2,3,8459,0,279,8738,5.29%,5.46%,
104/08/12,1,0,6,7,8458,0,277,8735,5.28%,5.45%,
104/08/11,-7,0,-10,-17,8457,0,271,8728,5.28%,5.45%,
104/08/10,7,0,0,7,8464,0,281,8745,5.29%,5.47%,
104/08/07,7,0,0,7,8457,0,281,8738,5.28%,5.46%,
104/08/06,-38,0,1,-37,8450,0,281,8731,5.28%,5.46%,
104/08/05,-3,0,1,-2,8488,0,280,8768,5.30%,5.48%,
104/08/04,-24,0,7,-17,8491,0,279,8770,5.31%,5.48%,
104/08/03,-7,0,-3,-10,8515,0,272,8787,5.32%,5.49%,
104/07/31,-16,0,-5,-21,8522,0,275,8797,5.32%,5.49%,
104/07/30,20,0,0,20,8538,0,280,8818,5.33%,5.51%,
104/07/29,-12,0,-3,-15,8518,0,280,8798,5.32%,5.50%,
104/07/28,8,0,4,12,8530,0,283,8813,5.33%,5.51%,
104/07/27,-15,0,13,-2,8522,0,279,8801,5.32%,5.49%,
104/07/24,-10,0,-1,-11,8537,0,266,8803,5.33%,5.50%,
104/07/23,-18,0,4,-14,8557,0,267,8824,5.35%,5.52%,
104/07/22,-6,0,0,-6,8575,0,263,8838,5.36%,5.52%,
104/07/21,-14,0,1,-13,8581,0,263,8844,5.36%,5.52%,
104/07/20,-11,0,0,-11,8595,0,262,8857,5.37%,5.53%,
104/07/17,-15,0,0,-15,8606,0,262,8868,5.38%,5.54%,
104/07/16,-9,0,0,-9,8621,0,262,8883,5.39%,5.55%,
104/07/15,-10,0,-1,-11,8630,0,262,8892,5.39%,5.55%,
104/07/14,-17,0,0,-17,8640,0,263,8903,5.40%,5.56%,
104/07/13,-15,0,-3,-18,8657,0,263,8920,5.41%,5.57%,
104/07/09,-39,0,3,-36,8672,0,266,8938,5.42%,5.59%,
104/07/08,-50,0,1,-49,8711,0,263,8974,5.44%,5.60%,
104/07/07,-19,0,0,-19,8761,0,262,9023,5.47%,5.63%,
104/07/06,-16,0,0,-16,8780,0,262,9042,5.49%,5.65%,
104/07/03,-26,0,0,-26,8786,0,262,9048,5.49%,5.65%,
104/07/02,0,0,-5,-5,8812,0,262,9074,5.51%,5.67%,
104/07/01,7,0,5,12,8812,0,267,9079,5.51%,5.68%,
104/06/30,-1,0,0,-1,8813,0,262,9075,5.51%,5.67%,
104/06/29,-12,0,0,-12,8824,0,262,9086,5.51%,5.67%,
104/06/26,-35,0,0,-35,8836,0,262,9098,5.52%,5.68%,
104/06/25,13,0,0,13,8871,0,262,9133,5.54%,5.70%,
104/06/24,-17,0,0,-17,8858,0,262,9120,5.53%,5.69%,
104/06/23,14,0,0,14,8875,0,262,9137,5.55%,5.71%,
104/06/22,-13,-9,0,-22,8861,0,262,9123,5.54%,5.70%,
104/06/18,12,0,0,12,8874,9,262,9145,5.54%,5.71%,
104/06/17,-12,0,0,-12,8852,9,262,9123,5.53%,5.70%,
104/06/16,-72,0,0,-72,8864,9,262,9135,5.54%,5.71%,
104/06/15,7,0,0,7,8936,9,262,9207,5.58%,5.75%,
104/06/12,-23,0,0,-23,8929,9,262,9200,5.58%,5.75%,
104/06/11,-68,0,8,-60,8952,9,262,9223,5.59%,5.76%,
104/06/10,-5,0,-9,-14,9020,9,254,9283,5.64%,5.80%,
104/06/09,-45,0,2,-43,9025,9,263,9297,5.64%,5.81%,
104/06/08,-67,0,1,-66,9070,9,261,9340,5.67%,5.84%,
104/06/05,-70,-1,0,-71,9129,9,260,9398,5.70%,5.87%,
104/06/04,-37,0,-4,-41,9199,10,260,9469,5.75%,5.92%,
104/06/03,-16,0,0,-16,9236,10,264,9510,5.77%,5.94%,
104/06/02,-5,0,0,-5,9242,10,264,9516,5.78%,5.95%,
104/06/01,1,0,0,1,9247,10,264,9521,5.78%,5.95%,
104/05/29,-18,0,0,-18,9246,10,264,9520,5.78%,5.95%,
104/05/28,-23,0,-1,-24,9264,10,264,9538,5.79%,5.96%,
104/05/27,-8,0,0,-8,9287,10,265,9562,5.80%,5.97%,
104/05/26,-11,0,13,2,9295,10,265,9570,5.81%,5.98%,
104/05/25,1,0,-5,-4,9306,10,252,9568,5.82%,5.98%,
104/05/22,27,0,-2,25,9305,10,257,9572,5.81%,5.98%,
104/05/21,1,0,-6,-5,9278,10,259,9547,5.80%,5.97%,
104/05/20,-4,0,-1,-5,9277,10,265,9552,5.80%,5.97%,
104/05/19,18,0,-2,16,9281,10,266,9557,5.80%,5.97%,
104/05/18,-10,0,0,-10,9263,10,268,9541,5.79%,5.96%,
104/05/15,29,0,-2,27,9273,10,268,9551,5.79%,5.96%,
104/05/14,21,0,-3,18,9244,10,270,9524,5.78%,5.96%,
104/05/13,35,0,-2,33,9223,10,273,9506,5.76%,5.94%,
104/05/12,-5,0,1,-4,9188,10,275,9473,5.74%,5.92%,
104/05/11,-11,0,4,-7,9193,10,274,9477,5.74%,5.92%,
104/05/08,17,0,-1,16,9204,10,270,9484,5.75%,5.93%,
104/05/07,-9,0,1,-8,9187,10,271,9468,5.74%,5.92%,
104/05/06,-5,0,1,-4,9196,10,270,9476,5.75%,5.93%,
104/05/05,15,0,-1,14,9201,10,269,9480,5.75%,5.92%,
104/05/04,-23,0,0,-23,9186,10,270,9466,5.74%,5.92%,
104/04/30,13,0,0,13,9209,10,270,9489,5.75%,5.93%,
104/04/29,10,0,4,14,9196,10,270,9476,5.75%,5.93%,
104/04/28,-19,0,-6,-25,9186,10,266,9462,5.74%,5.91%,
104/04/27,-24,0,0,-24,9205,10,272,9487,5.75%,5.93%,
104/04/24,7,0,9,16,9229,10,272,9511,5.77%,5.95%,
104/04/23,-39,0,-1,-40,9222,10,263,9495,5.76%,5.93%,
104/04/22,-57,0,0,-57,9261,10,264,9535,5.79%,5.96%,
104/04/21,-43,0,0,-43,9318,10,264,9592,5.82%,5.99%,
104/04/20,-62,0,1,-61,9361,10,264,9635,5.85%,6.02%,
104/04/17,-11,0,-4,-15,9423,10,263,9696,5.89%,6.06%,
104/04/16,-21,0,-10,-31,9434,10,267,9711,5.90%,6.07%,
104/04/15,-42,10,-10,-42,9455,10,277,9742,5.91%,6.09%,
104/04/14,92,0,0,92,9501,0,287,9788,5.94%,6.12%,
104/04/13,-14,0,1,-13,9409,0,287,9696,5.88%,6.06%,
104/04/10,22,0,3,25,9423,0,286,9709,5.89%,6.07%,
104/04/09,3,0,0,3,9401,0,283,9684,5.87%,6.05%,
104/04/08,18,0,-1,17,9398,0,283,9681,5.87%,6.05%,
104/04/07,21,0,0,21,9380,0,284,9664,5.86%,6.04%,
104/04/02,-19,0,0,-19,9359,0,284,9643,5.85%,6.03%,
104/04/01,27,0,0,27,9378,0,284,9662,5.86%,6.04%,
104/03/31,35,0,1,36,9351,0,284,9635,5.84%,6.02%,
104/03/30,-19,0,0,-19,9316,0,283,9599,5.82%,6.00%,
104/03/27,31,0,1,32,9335,0,283,9618,5.83%,6.01%,
104/03/26,12,0,1,13,9304,0,282,9586,5.81%,5.99%,
104/03/25,-35,0,2,-33,9292,0,281,9573,5.81%,5.99%,
104/03/24,-20,0,0,-20,9327,0,279,9606,5.83%,6.00%,
104/03/23,-55,0,-1,-56,9347,0,279,9626,5.84%,6.01%,
104/03/20,-35,0,0,-35,9402,0,280,9682,5.88%,6.06%,
104/03/19,-223,0,0,-223,9437,0,280,9717,5.90%,6.08%,
104/03/18,-2,0,1,-1,9660,0,280,9940,6.04%,6.22%,
104/03/17,17,0,0,17,9662,0,279,9941,6.04%,6.21%,
104/03/16,7,0,4,11,9645,0,279,9924,6.03%,6.20%,
104/03/13,6,0,0,6,9638,0,275,9913,6.02%,6.19%,
104/03/12,9,0,0,9,9632,0,275,9907,6.02%,6.19%,
104/03/11,-104,0,1,-103,9623,0,275,9898,6.01%,6.18%,
104/03/10,31,0,-1,30,9727,0,274,10001,6.08%,6.25%,
104/03/09,19,0,0,19,9696,0,275,9971,6.06%,6.23%,
104/03/06,6,0,-3,3,9677,0,275,9952,6.05%,6.22%,
104/03/05,-66,0,-1,-67,9671,0,278,9949,6.04%,6.21%,
104/03/04,-76,0,0,-76,9737,0,279,10016,6.08%,6.25%,
104/03/03,13,0,0,13,9813,0,279,10092,6.13%,6.30%,
104/03/02,9,0,1,10,9800,0,279,10079,6.12%,6.29%,
104/02/26,-3,0,0,-3,9791,0,278,10069,6.12%,6.29%,
104/02/25,21,0,-2,19,9794,0,278,10072,6.12%,6.29%,
104/02/24,30,0,0,30,9773,0,280,10053,6.11%,6.29%,
104/02/13,20,0,-2,18,9743,0,280,10023,6.09%,6.27%,
104/02/12,6,0,0,6,9726,0,282,10008,6.08%,6.26%,
104/02/11,-12,0,0,-12,9720,0,282,10002,6.07%,6.25%,
104/02/10,30,0,7,37,9732,0,282,10014,6.08%,6.26%,
104/02/09,-3,0,1,-2,9702,0,275,9977,6.06%,6.23%,
104/02/06,-11,0,0,-11,9705,0,274,9979,6.06%,6.23%,
104/02/05,-2,0,0,-2,9716,0,274,9990,6.07%,6.24%,
104/02/04,-47,0,0,-47,9718,0,274,9992,6.07%,6.24%,
104/02/03,30,0,0,30,9765,0,274,10039,6.10%,6.27%,
104/02/02,-3,0,0,-3,9735,0,274,10009,6.08%,6.25%,
104/01/30,11,0,4,15,9738,0,274,10012,6.09%,6.26%,
104/01/29,9,0,1,10,9727,0,270,9997,6.08%,6.25%,
104/01/28,-41,0,1,-40,9718,0,269,9987,6.07%,6.24%,
104/01/27,-56,0,-1,-57,9759,0,268,10027,6.10%,6.27%,
104/01/26,11,0,-15,-4,9815,0,269,10084,6.13%,6.30%,
104/01/23,-146,0,15,-131,9804,0,284,10088,6.13%,6.31%,
104/01/22,-21,0,0,-21,9950,0,269,10219,6.22%,6.39%,
104/01/21,90,0,-3,87,9971,0,269,10240,6.23%,6.40%,
104/01/20,79,0,0,79,9881,0,272,10153,6.17%,6.34%,
104/01/19,-17,0,2,-15,9802,0,272,10074,6.13%,6.30%,
104/01/16,-40,0,-1,-41,9819,0,270,10089,6.14%,6.31%,
104/01/15,52,0,0,52,9859,0,271,10130,6.16%,6.33%,
104/01/14,58,0,0,58,9807,0,271,10078,6.13%,6.30%,
104/01/13,105,0,1,106,9749,0,271,10020,6.09%,6.26%,
104/01/12,40,0,0,40,9644,0,270,9914,6.03%,6.20%,
104/01/09,66,0,-1,65,9604,0,270,9874,6.00%,6.17%,
104/01/08,-3,0,0,-3,9538,0,271,9809,5.96%,6.13%,
104/01/07,41,0,0,41,9541,0,271,9812,5.96%,6.13%,
104/01/06,-21,0,0,-21,9500,0,271,9771,5.94%,6.11%,
104/01/05,-10,0,8,-2,9521,0,271,9792,5.95%,6.12%,
