日期,外資買賣超,投信買賣超,自營商買賣超,單日合計買賣超,外資估計持股,投信估計持股,自營商估計持股,單日合計估計持股,外資持股比重,三大法人持股比重,
107/03/31,0,0,0,0,100556,963,121,101640,15.05%,15.21%,
107/03/30,14,0,0,14,100556,963,121,101640,15.05%,15.21%,
107/03/29,-172,0,0,-172,100642,963,121,101726,15.06%,15.22%,
107/03/28,11,0,-16,-5,100826,963,121,101910,15.09%,15.25%,
107/03/27,42,-22,0,20,100815,963,137,101915,15.09%,15.25%,
107/03/26,-65,-29,0,-94,100773,985,137,101895,15.08%,15.25%,
107/03/23,-118,-5,-28,-151,100838,1015,137,101990,15.09%,15.26%,
107/03/22,132,-114,0,18,100926,1020,165,102111,15.11%,15.29%,
107/03/21,-357,-103,0,-460,100794,1134,165,102093,15.09%,15.28%,
107/03/20,1,-8,-2,-9,101151,1237,165,102553,15.14%,15.35%,
107/03/19,-33,-106,-1,-140,101150,1245,167,102562,15.14%,15.35%,
107/03/16,-158,-212,7,-363,101183,1351,168,102702,15.14%,15.37%,
107/03/15,-120,-56,5,-171,101312,1563,161,103036,15.16%,15.42%,
107/03/14,-42,-39,27,-54,101344,1619,156,103119,15.17%,15.44%,
107/03/13,276,-142,6,140,101485,1658,129,103272,15.19%,15.46%,
107/03/12,53,-8,-1,44,101210,1800,123,103133,15.15%,15.44%,
107/03/09,-21,-18,-1,-40,101157,1808,124,103089,15.14%,15.43%,
107/03/08,73,-80,0,-7,101178,1826,125,103129,15.14%,15.43%,
107/03/07,152,-165,6,-7,101095,1906,125,103126,15.13%,15.43%,
107/03/06,107,-49,0,58,100943,2071,119,103133,15.11%,15.44%,
107/03/05,-138,-5,-10,-153,100836,2120,119,103075,15.09%,15.43%,
107/03/02,-145,-27,0,-172,100974,2125,129,103228,15.11%,15.45%,
107/03/01,-212,-9,0,-221,101119,2152,129,103400,15.13%,15.47%,
107/02/27,155,-7,-1,147,101321,2161,129,103611,15.16%,15.50%,
107/02/26,120,-5,17,132,101382,2168,130,103680,15.17%,15.51%,
107/02/23,164,-2,7,169,101262,2173,113,103548,15.16%,15.50%,
107/02/22,87,19,0,106,101080,2175,106,103361,15.13%,15.47%,
107/02/21,331,0,-37,294,100953,2156,106,103215,15.11%,15.45%,
107/02/12,167,66,2,235,100570,2156,143,102869,15.05%,15.39%,
107/02/09,-210,-62,-29,-301,100403,2090,141,102634,15.03%,15.36%,
107/02/08,-201,0,0,-201,100635,2152,170,102957,15.06%,15.41%,
107/02/07,-119,0,-2,-121,100826,2152,170,103148,15.09%,15.44%,
107/02/06,-755,107,-51,-699,100935,2152,172,103259,15.11%,15.46%,
107/02/05,2,0,-19,-17,101690,2045,223,103958,15.22%,15.56%,
107/02/02,88,-280,-89,-281,101678,2045,242,103965,15.22%,15.56%,
107/02/01,-149,21,8,-120,101580,2325,331,104236,15.20%,15.60%,
107/01/31,378,0,47,425,101720,2304,323,104347,15.22%,15.61%,
107/01/30,289,63,23,375,101375,2304,276,103955,15.17%,15.56%,
107/01/29,261,-50,1,212,101180,2241,253,103674,15.14%,15.51%,
107/01/26,-239,90,20,-129,100919,2291,252,103462,15.10%,15.48%,
107/01/25,716,0,65,781,101208,2201,232,103641,15.15%,15.51%,
107/01/24,345,-1,24,368,100492,2201,167,102860,15.04%,15.39%,
107/01/23,150,0,0,150,100118,2202,143,102463,14.98%,15.33%,
107/01/22,95,0,9,104,99924,2202,143,102269,14.96%,15.31%,
107/01/19,10,0,0,10,99829,2202,134,102165,14.94%,15.29%,
107/01/18,87,0,20,107,99779,2202,134,102115,14.93%,15.28%,
107/01/17,57,0,0,57,99683,2202,114,101999,14.92%,15.27%,
107/01/16,-51,-35,-25,-111,99575,2202,114,101891,14.90%,15.25%,
107/01/15,40,0,0,40,99613,2237,139,101989,14.91%,15.27%,
107/01/12,114,0,-6,108,99565,2237,139,101941,14.90%,15.26%,
107/01/11,55,0,17,72,99756,2237,145,102138,14.93%,15.29%,
107/01/10,388,0,-17,371,99688,2237,128,102053,14.92%,15.27%,
107/01/09,188,0,1,189,99291,2237,145,101673,14.86%,15.22%,
107/01/08,26,-20,3,9,99097,2237,144,101478,14.83%,15.19%,
107/01/05,89,0,2,91,99069,2257,141,101467,14.83%,15.19%,
107/01/04,50,0,5,55,99023,2257,139,101419,14.82%,15.18%,
107/01/03,17,0,9,26,98983,2257,134,101374,14.81%,15.17%,
107/01/02,89,0,4,93,98966,2257,125,101348,14.81%,15.17%,
106/12/29,113,0,-22,91,98877,2257,121,101255,14.80%,15.16%,
106/12/28,229,-15,32,246,98764,1624,143,100531,14.78%,15.04%,
106/12/27,57,6,-1,62,98520,1639,111,100270,14.74%,15.00%,
106/12/26,20,4,-2,22,98524,1633,112,100269,14.75%,15.01%,
106/12/25,94,-16,0,78,98494,1630,114,100238,14.74%,15.00%,
106/12/22,-193,-45,0,-238,98400,1646,114,100160,14.73%,14.99%,
106/12/21,-195,0,-55,-250,98605,1691,114,100410,14.76%,15.03%,
106/12/20,-29,0,-1,-30,98825,1691,169,100685,14.79%,15.07%,
106/12/19,-160,-58,39,-179,98849,1691,170,100710,14.79%,15.07%,
106/12/18,24,-4,-21,-1,99035,1749,131,100915,14.82%,15.10%,
106/12/15,-455,42,-2,-415,99011,1753,152,100916,14.82%,15.11%,
106/12/14,-173,60,69,-44,99441,1711,154,101306,14.88%,15.16%,
106/12/13,-98,6,-13,-105,99557,1651,85,101293,14.90%,15.16%,
106/12/12,-48,9,0,-39,99608,1645,98,101351,14.91%,15.17%,
106/12/11,-49,2,-2,-49,99709,1636,98,101443,14.92%,15.18%,
106/12/08,1,0,1,2,99713,1634,100,101447,14.92%,15.18%,
106/12/07,-152,0,0,-152,99637,1634,99,101370,14.91%,15.17%,
106/12/06,-46,70,-2,22,99769,1634,99,101502,14.93%,15.19%,
106/12/05,8,32,2,42,99839,1564,101,101504,14.94%,15.19%,
106/12/04,-28,0,-9,-37,99741,1532,99,101372,14.93%,15.17%,
106/12/01,-166,62,-16,-120,99728,1532,108,101368,14.93%,15.18%,
106/11/30,-485,-25,33,-477,99867,1470,124,101461,14.95%,15.19%,
106/11/29,-540,-20,0,-560,100336,1495,91,101922,15.02%,15.26%,
106/11/28,-145,9,0,-136,100843,1515,91,102449,15.09%,15.33%,
106/11/27,35,-65,-6,-36,101039,1506,91,102636,15.12%,15.36%,
106/11/24,43,-15,-25,3,101004,1571,97,102672,15.12%,15.37%,
106/11/23,151,-40,0,111,100961,1586,122,102669,15.11%,15.37%,
106/11/22,-81,88,23,30,100810,1626,122,102558,15.09%,15.35%,
106/11/21,53,79,-20,112,100891,1538,99,102528,15.10%,15.35%,
106/11/20,87,-180,6,-87,100845,1459,119,102423,15.09%,15.33%,
106/11/17,103,0,-2,101,100748,1639,113,102500,15.08%,15.34%,
106/11/16,-50,82,-4,28,100645,1639,115,102399,15.06%,15.32%,
106/11/15,-97,82,-12,-27,100723,1557,119,102399,15.07%,15.32%,
106/11/14,369,-220,-4,145,100820,1475,131,102426,15.09%,15.33%,
106/11/13,52,-667,24,-591,100441,1695,135,102271,15.03%,15.30%,
106/11/10,19,0,-1,18,100215,2362,111,102688,15.00%,15.37%,
106/11/09,14,0,1,15,100196,2362,112,102670,15.00%,15.37%,
106/11/08,164,0,-6,158,100172,2362,111,102645,14.99%,15.36%,
106/11/07,-34,0,-1,-35,100007,2362,117,102486,14.97%,15.34%,
106/11/06,82,0,0,82,99995,2362,118,102475,14.97%,15.34%,
106/11/03,299,1,0,300,99914,2362,118,102394,14.95%,15.32%,
106/11/02,125,-1,-34,90,99604,2361,118,102083,14.91%,15.28%,
106/11/01,194,0,-7,187,99449,2361,152,101962,14.88%,15.26%,
106/10/31,-46,-60,2,-104,99255,2361,159,101775,14.85%,15.23%,
106/10/30,28,-20,-13,-5,99301,2421,157,101879,14.86%,15.25%,
106/10/27,197,-20,-21,156,99273,2441,170,101884,14.86%,15.25%,
106/10/26,295,0,-5,290,99100,2461,191,101752,14.83%,15.23%,
106/10/25,338,-163,0,175,98795,2461,196,101452,14.79%,15.19%,
106/10/24,28,0,-28,0,98542,2624,196,101362,14.75%,15.17%,
106/10/23,-243,0,-18,-261,98665,2624,224,101513,14.77%,15.20%,
106/10/20,4,36,-21,19,98898,2624,242,101764,14.80%,15.23%,
106/10/19,-8,-3,-4,-15,98810,2588,263,101661,14.79%,15.22%,
106/10/18,219,2,-3,218,98818,2591,267,101676,14.79%,15.22%,
106/10/17,44,-15,-6,23,98608,2589,270,101467,14.76%,15.19%,
106/10/16,90,-79,-51,-40,98459,2604,276,101339,14.74%,15.17%,
106/10/13,52,2,-31,23,98369,2683,327,101379,14.72%,15.17%,
106/10/12,-66,104,14,52,98317,2681,358,101356,14.71%,15.16%,
106/10/11,80,4,-1,83,98323,2577,344,101244,14.72%,15.16%,
106/10/06,-8,7,-2,-3,98215,2573,345,101133,14.70%,15.14%,
106/10/05,123,-18,-8,97,98201,2566,347,101114,14.70%,15.14%,
106/10/03,-103,5,0,-98,98068,2584,355,101007,14.68%,15.12%,
106/10/02,-121,15,-50,-156,98171,2579,355,101105,14.69%,15.13%,
106/09/30,0,-10,-6,-16,98292,2564,405,101261,14.71%,15.15%,
106/09/29,-139,-20,-12,-171,98292,2957,411,101660,14.71%,15.21%,
106/09/28,66,86,-145,7,98065,2977,423,101465,14.68%,15.19%,
106/09/27,111,6,-82,35,98200,2891,568,101659,14.70%,15.22%,
106/09/26,-37,183,-113,33,98137,2885,650,101672,14.69%,15.22%,
106/09/25,134,0,-11,123,98174,2702,763,101639,14.69%,15.21%,
106/09/22,67,10,-75,2,98030,2702,774,101506,14.67%,15.19%,
106/09/21,143,0,16,159,97963,2692,849,101504,14.66%,15.19%,
106/09/20,-0,0,-51,-51,97827,2692,833,101352,14.64%,15.17%,
106/09/19,181,1,131,313,97951,2692,884,101527,14.66%,15.20%,
106/09/18,399,-50,95,444,97830,2691,753,101274,14.64%,15.16%,
106/09/15,-162,-49,45,-166,97405,2741,658,100804,14.58%,15.09%,
106/09/14,146,35,232,413,97578,2790,613,100981,14.60%,15.11%,
106/09/13,140,118,143,401,97432,2755,381,100568,14.58%,15.05%,
106/09/12,184,0,-5,179,97334,2637,238,100209,14.57%,15.00%,
106/09/11,-15,-25,-10,-50,97140,2637,243,100020,14.54%,14.97%,
106/09/08,-93,-3,20,-76,97239,2662,253,100154,14.55%,14.99%,
106/09/07,-8,24,-17,-1,97332,2665,233,100230,14.57%,15.00%,
106/09/06,-163,-100,56,-207,97297,2641,250,100188,14.56%,14.99%,
106/09/05,-298,50,25,-223,97458,2741,194,100393,14.59%,15.03%,
106/09/04,-104,0,-14,-118,98304,2691,169,101164,14.71%,15.14%,
106/09/01,-172,0,47,-125,98077,2691,183,100951,14.68%,15.11%,
106/08/31,-114,0,-4,-118,97908,2691,136,100735,14.65%,15.07%,
106/08/30,-179,0,-1,-180,98115,2691,140,100946,14.68%,15.10%,
106/08/29,-294,25,6,-263,98294,2691,141,101126,14.71%,15.13%,
106/08/28,-6,35,0,29,98588,2666,135,101389,14.75%,15.17%,
106/08/25,-186,30,-2,-158,98594,2631,135,101360,14.76%,15.17%,
106/08/24,23,196,31,250,98770,2601,137,101508,14.78%,15.19%,
106/08/23,-61,-20,-65,-146,98735,2405,106,101246,14.78%,15.16%,
106/08/22,-232,10,0,-222,99035,2425,171,101631,14.82%,15.21%,
106/08/21,-342,100,-50,-292,99258,2415,171,101844,14.86%,15.25%,
106/08/18,-439,2,-4,-441,99500,2315,221,102036,14.89%,15.27%,
106/08/17,-34,60,-149,-123,99628,2313,225,102166,14.91%,15.29%,
106/08/16,-374,8,32,-334,99745,2253,374,102372,14.93%,15.32%,
106/08/15,-131,-102,28,-205,100318,2245,342,102905,15.01%,15.40%,
106/08/14,1351,116,110,1577,100315,2347,314,102976,15.01%,15.41%,
106/08/11,-186,60,0,-126,98922,2231,204,101357,14.81%,15.17%,
106/08/10,5,10,0,15,99054,2171,204,101429,14.82%,15.18%,
106/08/09,33,105,-32,106,99023,2161,204,101388,14.82%,15.17%,
106/08/08,-382,-40,-3,-425,99036,2056,236,101328,14.82%,15.16%,
106/08/07,-71,32,-48,-87,99359,2096,239,101694,14.87%,15.22%,
106/08/04,286,87,30,403,99422,2064,287,101773,14.88%,15.23%,
106/08/03,-166,22,-5,-149,99123,1977,257,101357,14.84%,15.17%,
106/08/02,27,10,1,38,99256,1955,262,101473,14.86%,15.19%,
106/08/01,-162,21,-8,-149,99219,1945,261,101425,14.85%,15.18%,
106/07/31,-106,0,-6,-112,99381,1924,269,101574,14.87%,15.20%,
106/07/28,-20,-74,-11,-105,99609,1924,275,101808,14.91%,15.24%,
106/07/27,206,-311,1,-104,99590,1998,286,101874,14.91%,15.25%,
106/07/26,-169,-253,-89,-511,99352,2309,285,101946,14.87%,15.26%,
106/07/25,94,0,-107,-13,99510,2562,374,102446,14.89%,15.33%,
106/07/24,285,0,-18,267,99468,2562,481,102511,14.89%,15.35%,
106/07/21,116,0,0,116,99235,2562,499,102296,14.85%,15.31%,
106/07/20,3,0,0,3,99446,2562,499,102507,14.88%,15.34%,
106/07/19,48,-18,-32,-2,99395,2562,499,102456,14.88%,15.34%,
106/07/18,78,31,11,120,99294,2580,531,102405,14.86%,15.33%,
106/07/17,29,146,-5,170,99421,2549,520,102490,14.88%,15.34%,
106/07/14,-682,411,-4,-275,99373,2403,525,102301,14.87%,15.31%,
106/07/13,-137,415,47,325,99827,1992,529,102348,14.94%,15.32%,
106/07/12,326,19,58,403,99678,1577,482,101737,14.92%,15.23%,
106/07/11,99,228,27,354,99627,1558,424,101609,14.91%,15.21%,
106/07/10,361,0,-54,307,99453,1330,397,101180,14.88%,15.14%,
106/07/07,-147,0,0,-147,99049,1330,451,100830,14.82%,15.09%,
106/07/06,-36,195,-106,53,99930,1330,451,101711,14.96%,15.23%,
106/07/05,-128,48,241,161,99851,1135,557,101543,14.94%,15.19%,
106/07/04,-144,62,-62,-144,100064,1087,316,101467,14.98%,15.19%,
106/07/03,-927,636,-223,-514,100235,1025,378,101638,15.00%,15.21%,
106/06/30,1229,190,286,1705,99922,389,601,100912,14.95%,15.10%,
106/06/29,38,0,19,57,99073,72,315,99460,14.83%,14.89%,
106/06/28,23,5,20,48,99276,72,296,99644,14.86%,14.92%,
106/06/27,236,0,16,252,99243,67,276,99586,14.85%,14.90%,
106/06/26,300,0,57,357,99007,67,260,99334,14.82%,14.87%,
106/06/23,22,0,-2,20,98708,67,203,98978,14.77%,14.81%,
106/06/22,264,0,32,296,98175,67,205,98447,14.69%,14.73%,
106/06/21,-317,0,20,-297,97911,67,173,98151,14.65%,14.69%,
106/06/20,-249,-1,4,-246,98258,67,153,98478,14.71%,14.74%,
106/06/19,-349,0,9,-340,98484,68,149,98701,14.74%,14.77%,
106/06/16,-91,-2,0,-93,98882,68,140,99090,14.80%,14.83%,
106/06/15,83,0,0,83,98963,70,140,99173,14.81%,14.84%,
106/06/14,18,0,0,18,98880,70,140,99090,14.80%,14.83%,
106/06/13,-17,0,1,-16,98827,70,140,99037,14.79%,14.82%,
106/06/12,-233,0,2,-231,98845,70,139,99054,14.79%,14.82%,
106/06/09,-195,20,2,-173,99060,70,137,99267,14.83%,14.86%,
106/06/08,104,0,-1,103,99175,50,135,99360,14.84%,14.87%,
106/06/07,-179,50,0,-129,98995,50,136,99181,14.82%,14.85%,
106/06/06,52,-4,-9,39,99468,0,136,99604,14.89%,14.91%,
106/06/05,288,-16,-1,271,99567,2,145,99714,14.90%,14.92%,
106/06/03,22,0,0,22,99219,18,146,99383,14.85%,14.87%,
106/06/02,164,0,9,173,99197,18,146,99361,14.85%,14.87%,
106/06/01,55,0,-1,54,98943,18,137,99098,14.81%,14.83%,
106/05/31,-302,0,-2,-304,98923,18,138,99079,14.81%,14.83%,
106/05/26,-54,0,0,-54,99299,18,140,99457,14.86%,14.88%,
106/05/25,-120,0,0,-120,99353,18,140,99511,14.87%,14.89%,
106/05/24,-133,0,0,-133,99698,18,140,99856,14.92%,14.94%,
106/05/23,77,0,0,77,99971,18,140,100129,14.96%,14.98%,
106/05/22,126,0,0,126,99971,18,140,100129,14.96%,14.98%,
106/05/19,218,3,0,221,98894,18,140,99052,14.80%,14.82%,
106/05/18,-4,0,-1,-5,98676,15,140,98831,14.77%,14.79%,
106/05/17,-4,0,0,-4,98761,15,141,98917,14.78%,14.80%,
106/05/16,101,0,-1,100,98767,15,141,98923,14.78%,14.80%,
106/05/15,-39,12,-2,-29,98597,15,142,98754,14.76%,14.78%,
106/05/12,97,0,0,97,98595,3,144,98742,14.76%,14.78%,
106/05/11,60,0,1,61,98635,3,144,98782,14.76%,14.78%,
106/05/10,266,0,0,266,98575,3,143,98721,14.75%,14.77%,
106/05/09,170,0,-1,169,98092,3,143,98238,14.68%,14.70%,
106/05/08,-208,0,0,-208,98086,3,143,98232,14.68%,14.70%,
106/05/05,-95,0,-2,-97,98165,3,143,98311,14.69%,14.71%,
106/05/04,-276,3,1,-272,98243,3,145,98391,14.70%,14.72%,
106/05/03,-79,0,0,-79,98602,0,144,98746,14.76%,14.78%,
106/05/02,-67,0,0,-67,98649,0,144,98793,14.76%,14.78%,
106/04/28,-124,0,-1,-125,98654,0,144,98798,14.76%,14.78%,
106/04/27,54,0,0,54,98760,0,145,98905,14.78%,14.80%,
106/04/26,372,-48,3,327,98438,0,145,98583,14.73%,14.75%,
106/04/25,204,0,-7,197,98043,25,142,98210,14.67%,14.70%,
106/04/24,-196,-15,6,-205,97733,25,149,97907,14.63%,14.66%,
106/04/21,4,0,0,4,97817,40,143,98000,14.64%,14.67%,
106/04/20,-175,0,1,-174,97759,40,143,97942,14.63%,14.66%,
106/04/19,-431,1,0,-430,97811,40,142,97993,14.64%,14.67%,
106/04/18,-151,0,0,-151,98195,40,142,98377,14.70%,14.73%,
106/04/17,-56,0,-11,-67,98306,40,142,98488,14.71%,14.74%,
106/04/14,-317,-33,-21,-371,98413,40,153,98606,14.73%,14.76%,
106/04/13,-737,-32,-1,-770,98770,73,174,99017,14.78%,14.82%,
106/04/12,36,-16,0,20,99356,105,175,99636,14.87%,14.91%,
106/04/11,-648,-56,-50,-754,99308,121,175,99604,14.86%,14.90%,
106/04/10,-121,0,0,-121,99930,177,225,100332,14.96%,15.02%,
106/04/07,-278,0,-2,-280,100029,177,225,100431,14.97%,15.03%,
106/04/06,-215,0,-1,-216,100275,177,227,100679,15.01%,15.07%,
106/04/05,-189,-11,0,-200,100490,177,228,100895,15.04%,15.10%,
106/03/31,-417,2,0,-415,100679,188,228,101095,15.07%,15.13%,
106/03/30,-255,1,0,-254,101086,27,228,101341,15.13%,15.17%,
106/03/29,-223,26,32,-165,101411,26,228,101665,15.18%,15.22%,
106/03/28,248,0,16,264,101484,0,196,101680,15.19%,15.22%,
106/03/27,170,0,0,170,101237,0,180,101417,15.15%,15.18%,
106/03/24,-123,0,0,-123,101187,0,180,101367,15.14%,15.17%,
106/03/23,-289,-413,0,-702,101259,0,180,101439,15.15%,15.18%,
106/03/22,-504,0,2,-502,101428,381,180,101989,15.18%,15.26%,
106/03/21,323,-7,74,390,101932,381,178,102491,15.26%,15.34%,
106/03/20,19,-8,0,11,101999,388,104,102491,15.27%,15.34%,
106/03/17,264,0,-1,263,101980,396,104,102480,15.26%,15.33%,
106/03/16,354,-24,16,346,102253,396,105,102754,15.30%,15.38%,
106/03/15,17,-25,0,-8,101900,420,89,102409,15.25%,15.33%,
106/03/14,-365,0,0,-365,101883,445,89,102417,15.25%,15.33%,
106/03/13,161,0,-56,105,102038,445,89,102572,15.27%,15.35%,
106/03/10,-1181,0,-19,-1200,101876,445,145,102466,15.25%,15.34%,
106/03/09,-242,0,8,-234,103057,445,164,103666,15.42%,15.51%,
106/03/08,-236,0,3,-233,103289,445,156,103890,15.46%,15.55%,
106/03/07,62,0,42,104,103525,445,153,104123,15.49%,15.58%,
106/03/06,-82,0,0,-82,103463,445,111,104019,15.48%,15.56%,
106/03/03,-228,0,0,-228,103331,445,111,103887,15.47%,15.55%,
106/03/02,51,-24,0,27,103413,445,111,103969,15.48%,15.56%,
106/03/01,-567,0,1,-566,103363,469,111,103943,15.47%,15.56%,
106/02/24,-173,0,-17,-190,103856,469,110,104435,15.54%,15.63%,
106/02/23,-77,0,-28,-105,103817,469,127,104413,15.54%,15.63%,
106/02/22,81,-22,-14,45,103884,469,155,104508,15.55%,15.64%,
106/02/21,501,4,-7,498,103803,491,169,104463,15.54%,15.64%,
106/02/20,190,53,-1,242,103302,487,176,103965,15.46%,15.56%,
106/02/18,0,-60,3,-57,103112,434,177,103723,15.43%,15.52%,
106/02/17,-40,0,9,-31,103112,494,174,103780,15.43%,15.53%,
106/02/16,96,-131,16,-19,103152,494,165,103811,15.44%,15.54%,
106/02/15,351,-300,23,74,103056,625,149,103830,15.42%,15.54%,
106/02/14,203,-100,-94,9,102685,925,126,103736,15.37%,15.53%,
106/02/13,-6,0,20,14,102508,1025,220,103753,15.34%,15.53%,
106/02/10,156,-20,14,150,102489,1025,200,103714,15.34%,15.52%,
106/02/09,-57,0,-2,-59,102333,1045,186,103564,15.32%,15.50%,
106/02/08,318,0,2,320,102393,1045,188,103626,15.32%,15.50%,
106/02/07,-475,-170,7,-638,102107,1045,186,103338,15.28%,15.46%,
106/02/06,-71,0,-1,-72,103018,1215,179,104412,15.42%,15.63%,
106/02/03,453,-241,-6,206,103079,1215,180,104474,15.43%,15.64%,
106/02/02,-573,0,10,-563,102625,1456,186,104267,15.36%,15.61%,
106/01/24,238,0,-5,233,103199,1456,176,104831,15.45%,15.69%,
106/01/23,177,-15,-1,161,102983,1456,181,104620,15.41%,15.66%,
106/01/20,221,-8,-1,212,103306,1471,182,104959,15.46%,15.71%,
106/01/19,221,-10,3,214,103085,1479,183,104747,15.43%,15.68%,
106/01/18,18,0,16,34,102676,1489,180,104345,15.37%,15.62%,
106/01/17,274,230,-20,484,102653,1489,164,104306,15.36%,15.61%,
106/01/16,720,0,-41,679,102577,1259,184,104020,15.35%,15.57%,
106/01/13,-348,0,-50,-398,101845,1259,225,103329,15.24%,15.46%,
106/01/12,449,33,-9,473,102193,1259,275,103727,15.29%,15.52%,
106/01/11,115,0,-5,110,101734,1226,284,103244,15.23%,15.46%,
106/01/10,-225,0,20,-205,101619,1226,289,103134,15.21%,15.44%,
106/01/09,-100,0,-4,-104,101844,1226,269,103339,15.24%,15.46%,
106/01/06,11,13,19,43,101675,1226,273,103174,15.22%,15.44%,
106/01/05,-49,294,77,322,101764,1213,254,103231,15.23%,15.45%,
106/01/04,194,7,72,273,101835,919,177,102931,15.24%,15.40%,
106/01/03,-6,11,0,5,101774,912,105,102791,15.23%,15.38%,
105/12/30,78,0,3,81,101780,901,105,102786,15.23%,15.38%,
105/12/29,38,0,-102,-64,102021,901,102,103024,15.27%,15.42%,
105/12/28,175,0,0,175,102019,901,204,103124,15.27%,15.44%,
105/12/27,15,0,-51,-36,101843,901,204,102948,15.24%,15.41%,
105/12/26,63,0,-92,-29,101873,901,256,103030,15.25%,15.42%,
105/12/23,-180,0,5,-175,101667,901,348,102916,15.22%,15.41%,
105/12/22,-192,0,-2,-194,101837,901,343,103081,15.24%,15.43%,
105/12/21,121,-180,6,-53,102075,901,345,103321,15.28%,15.47%,
105/12/20,36,20,3,59,101953,1081,339,103373,15.26%,15.47%,
105/12/19,-28,50,0,22,101806,1061,336,103203,15.24%,15.45%,
105/12/16,-510,169,-73,-414,101834,1011,336,103181,15.24%,15.44%,
105/12/15,716,-0,1,717,102329,842,409,103580,15.32%,15.51%,
105/12/14,19,0,28,47,101713,842,408,102963,15.22%,15.41%,
105/12/13,521,0,-24,497,101838,842,380,103060,15.24%,15.42%,
105/12/12,63,0,10,73,101226,842,404,102472,15.15%,15.34%,
105/12/09,111,0,0,111,101195,842,394,102431,15.15%,15.34%,
105/12/08,93,0,85,178,101063,842,394,102299,15.13%,15.32%,
105/12/07,-266,-47,1,-312,100970,842,309,102121,15.11%,15.28%,
105/12/06,-9,-17,2,-24,101224,889,308,102421,15.15%,15.33%,
105/12/05,-144,0,-0,-144,101233,906,306,102445,15.15%,15.33%,
105/12/02,-170,27,-5,-148,101377,906,306,102589,15.17%,15.35%,
105/12/01,-85,120,40,75,101544,879,311,102734,15.20%,15.38%,
105/11/30,-301,120,47,-134,101560,759,271,102590,15.20%,15.35%,
105/11/29,-478,-198,-1,-677,101843,639,224,102706,15.24%,15.37%,
105/11/28,-49,0,13,-36,102297,837,225,103359,15.31%,15.47%,
105/11/25,-84,0,0,-84,102346,837,212,103395,15.32%,15.48%,
105/11/24,-38,0,52,14,102430,837,212,103479,15.33%,15.49%,
105/11/23,-194,0,1,-193,102468,837,160,103465,15.34%,15.49%,
105/11/22,119,0,3,122,102663,837,159,103659,15.37%,15.52%,
105/11/21,-350,-121,-6,-477,102543,837,156,103536,15.35%,15.50%,
105/11/18,-774,-263,0,-1037,102893,958,162,104013,15.40%,15.57%,
105/11/17,-270,0,-6,-276,103668,1221,162,105051,15.52%,15.73%,
105/11/16,-226,0,13,-213,103938,1221,168,105327,15.56%,15.77%,
105/11/15,-29,-40,-1,-70,104164,1221,155,105540,15.59%,15.80%,
105/11/14,-474,-81,-7,-562,104193,1261,156,105610,15.59%,15.80%,
105/11/11,-1269,-540,36,-1773,104644,1342,163,106149,15.66%,15.89%,
105/11/10,-227,0,0,-227,105914,1882,127,107923,15.85%,16.15%,
105/11/09,-447,0,-18,-465,106141,1882,127,108150,15.89%,16.19%,
105/11/08,-79,0,-1,-80,106458,1882,145,108485,15.93%,16.23%,
105/11/07,-388,-23,4,-407,106536,1882,146,108564,15.94%,16.24%,
105/11/04,-419,0,0,-419,106924,1905,142,108971,16.00%,16.31%,
105/11/03,-103,0,3,-100,107358,1905,142,109405,16.07%,16.38%,
105/11/02,-459,0,14,-445,107461,1905,139,109505,16.08%,16.39%,
105/11/01,-590,16,3,-571,107910,1905,125,109940,16.15%,16.45%,
105/10/31,-204,0,34,-170,108453,1889,122,110464,16.23%,16.53%,
105/10/28,-734,-23,0,-757,108646,1889,88,110623,16.26%,16.56%,
105/10/27,-879,-27,0,-906,109390,1912,88,111390,16.37%,16.67%,
105/10/26,-160,-50,0,-210,110209,1939,88,112236,16.49%,16.79%,
105/10/25,-512,-1,0,-513,110440,1989,88,112517,16.53%,16.84%,
105/10/24,-272,0,1,-271,110952,1990,88,113030,16.61%,16.92%,
105/10/21,-339,45,-24,-318,111183,1990,87,113260,16.64%,16.95%,
105/10/20,-608,11,-54,-651,111512,1945,111,113568,16.69%,17.00%,
105/10/19,-452,-1,-7,-460,112111,1934,165,114210,16.78%,17.09%,
105/10/18,-455,-0,-4,-459,112416,1935,172,114523,16.83%,17.15%,
105/10/17,-489,-28,7,-510,112843,1935,176,114954,16.89%,17.21%,
105/10/14,-911,-143,-27,-1081,113299,1963,169,115431,16.96%,17.28%,
105/10/13,-389,-147,1,-535,114185,2106,196,116487,17.09%,17.43%,
105/10/12,-735,-10,12,-733,114412,2253,195,116860,17.12%,17.49%,
105/10/11,163,-7,-5,151,115147,2263,183,117593,17.23%,17.60%,
105/10/07,-435,-42,0,-477,114484,2270,188,116942,17.13%,17.50%,
105/10/06,-340,0,-4,-344,114919,2312,188,117419,17.20%,17.57%,
105/10/05,-645,-7,-2,-654,114999,2312,192,117503,17.21%,17.58%,
105/10/04,-107,0,-37,-144,115745,2319,194,118258,17.32%,17.70%,
105/10/03,48,-20,-3,25,115851,2319,231,118401,17.34%,17.72%,
105/09/30,-372,-52,-82,-506,115803,2339,234,118376,17.33%,17.72%,
105/09/29,-506,-198,-173,-877,116174,1805,316,118295,17.39%,17.71%,
105/09/26,-982,82,-17,-917,116480,2003,489,118972,17.43%,17.80%,
105/09/23,-19,-37,38,-18,117463,1921,506,119890,17.58%,17.94%,
105/09/22,-148,-320,-7,-475,117782,1958,468,120208,17.63%,17.99%,
105/09/21,-54,-216,27,-243,117930,2278,475,120683,17.65%,18.06%,
105/09/20,29,-80,28,-23,118199,2494,448,121141,17.69%,18.13%,
105/09/19,133,-15,22,140,118170,2573,419,121162,17.69%,18.14%,
105/09/14,-441,-497,-9,-947,118037,2588,397,121022,17.67%,18.12%,
105/09/13,22,-223,-40,-241,118478,3086,406,121970,17.73%,18.25%,
105/09/12,-523,-254,-31,-808,118236,3309,446,121991,17.70%,18.26%,
105/09/10,-164,-401,-25,-590,118543,3563,477,122583,17.74%,18.34%,
105/09/09,-275,-264,31,-508,118707,3964,502,123173,17.77%,18.44%,
105/09/08,303,14,-50,267,118982,4228,471,123681,17.81%,18.51%,
105/09/07,43,55,45,143,118678,4214,521,123413,17.76%,18.47%,
105/09/06,1607,5,122,1734,118636,4159,476,123271,17.76%,18.45%,
105/09/05,113,-45,3,71,117049,4154,354,121557,17.52%,18.19%,
105/09/02,-138,-5,-12,-155,116936,4199,351,121486,17.50%,18.18%,
105/09/01,-217,-15,-24,-256,117074,4204,363,121641,17.52%,18.20%,
105/08/31,-560,15,10,-535,117362,4219,387,121968,17.57%,18.26%,
105/08/30,505,0,-7,498,117922,4204,377,122503,17.65%,18.34%,
105/08/29,32,0,-24,8,117427,4204,384,122015,17.58%,18.27%,
105/08/26,162,86,-8,240,117395,4204,408,122007,17.57%,18.26%,
105/08/25,508,26,-4,530,117233,4118,416,121767,17.55%,18.23%,
105/08/24,630,45,35,710,116725,4092,420,121237,17.47%,18.15%,
105/08/23,378,0,-20,358,116095,4047,385,120527,17.38%,18.04%,
105/08/22,129,0,19,148,115717,4047,405,120169,17.32%,17.99%,
105/08/19,85,1,3,89,115388,4047,386,119821,17.27%,17.93%,
105/08/18,-27,-1,-1,-29,115293,4046,383,119722,17.26%,17.92%,
105/08/17,250,0,-55,195,115320,4047,384,119751,17.26%,17.92%,
105/08/16,198,-2,-3,193,102840,4047,439,107326,17.24%,17.91%,
105/08/15,99,-11,-1,87,102642,4049,442,107133,17.21%,17.88%,
105/08/12,726,-1,62,787,102543,4060,443,107046,17.19%,17.86%,
105/08/11,298,0,45,343,101817,4061,381,106259,17.07%,17.74%,
105/08/10,161,35,-3,193,101519,4061,336,105916,17.02%,17.68%,
105/08/09,171,0,-5,166,101358,4026,339,105723,16.99%,17.64%,
105/08/08,-129,-1,-11,-141,102287,4026,344,106657,17.15%,17.80%,
105/08/05,84,16,-9,91,102416,4027,355,106798,17.17%,17.83%,
105/08/04,-260,-38,23,-275,102331,4011,364,106706,17.15%,17.80%,
105/08/03,-42,-49,-12,-103,102591,4049,341,106981,17.20%,17.86%,
105/08/02,-196,-1,-3,-200,102633,4098,353,107084,17.20%,17.87%,
105/08/01,4,0,-10,-6,102829,4099,356,107284,17.24%,17.91%,
105/07/29,-215,112,21,-82,102825,4099,366,107290,17.24%,17.91%,
105/07/28,-96,-4,-12,-112,103040,3986,345,107371,17.27%,17.92%,
105/07/27,-743,-73,-21,-837,102626,3990,357,106973,17.20%,17.85%,
105/07/26,-764,57,-290,-997,103369,4063,378,107810,17.33%,17.99%,
105/07/25,314,0,61,375,104759,4006,668,109433,17.56%,18.34%,
105/07/22,104,-7,99,196,104445,4006,607,109058,17.51%,18.28%,
105/07/21,314,30,112,456,104481,4013,508,109002,17.51%,18.27%,
105/07/20,680,-2,35,713,104326,3983,396,108705,17.49%,18.22%,
105/07/19,1218,-303,2,917,103646,3985,361,107992,17.37%,18.10%,
105/07/18,1012,-50,99,1061,103111,4288,359,107758,17.28%,18.06%,
105/07/15,1295,45,-75,1265,102321,4338,260,106919,17.15%,17.92%,
105/07/14,1066,-78,-45,943,101026,4293,335,105654,16.94%,17.72%,
105/07/13,2526,399,-751,2174,99961,4371,380,104712,16.76%,17.56%,
105/07/12,1141,109,-3,1247,97435,3972,1131,102538,16.33%,17.19%,
105/07/11,1330,112,-17,1425,96294,3863,1134,101291,16.14%,16.98%,
105/07/07,-172,0,-26,-198,94964,3751,1151,99866,15.92%,16.74%,
105/07/06,-817,-1,3,-815,95136,3751,1177,100064,15.95%,16.78%,
105/07/05,-262,0,13,-249,95934,3752,1174,100860,16.08%,16.91%,
105/07/04,-274,61,60,-153,95135,3752,1161,100048,15.95%,16.77%,
105/07/01,-478,39,82,-357,95259,3691,1101,100051,15.97%,16.77%,
105/06/30,115,283,337,735,95737,3652,1019,100408,16.05%,16.83%,
105/06/29,-598,200,1,-397,95574,3505,682,99761,16.02%,16.72%,
105/06/28,-349,0,0,-349,96112,3305,681,100098,16.11%,16.78%,
105/06/27,114,21,-1,134,96551,3305,681,100537,16.18%,16.85%,
105/06/24,-404,38,82,-284,96437,3284,682,100403,16.17%,16.84%,
105/06/23,-170,0,-39,-209,96841,3246,600,100687,16.23%,16.87%,
105/06/22,-92,3,2,-87,97027,3246,639,100912,16.26%,16.91%,
105/06/21,48,-74,3,-23,97119,3243,637,100999,16.28%,16.93%,
105/06/20,-378,5,-8,-381,96965,3317,635,100917,16.25%,16.91%,
105/06/17,-301,4,-46,-343,97393,3312,643,101348,16.33%,16.99%,
105/06/16,-1005,-2,14,-993,97678,3308,689,101675,16.37%,17.04%,
105/06/15,-62,-1,2,-61,98820,3310,675,102805,16.57%,17.24%,
105/06/14,-136,0,12,-124,98872,3311,673,102856,16.57%,17.24%,
105/06/13,-606,3,47,-556,99008,3311,661,102980,16.60%,17.27%,
105/06/08,68,0,-28,40,99614,3308,614,103536,16.70%,17.36%,
105/06/07,53,0,-9,44,99596,3308,642,103546,16.70%,17.36%,
105/06/06,-257,10,2,-245,99543,3308,651,103502,16.69%,17.35%,
105/06/04,18,-31,-20,-33,99800,3298,649,103747,16.73%,17.39%,
105/06/03,-316,-93,-36,-445,99782,3329,669,103780,16.73%,17.40%,
105/06/02,-1473,-1,9,-1465,100073,3422,705,104200,16.78%,17.47%,
105/06/01,59,0,6,65,101369,3423,696,105488,16.99%,17.68%,
105/05/31,-362,0,-4,-366,101508,3423,690,105621,17.02%,17.71%,
105/05/30,-6,0,-76,-82,101870,3423,694,105987,17.08%,17.77%,
105/05/27,-340,15,-8,-333,101856,3423,770,106049,17.07%,17.77%,
105/05/26,-830,132,56,-642,102116,3408,778,106302,17.12%,17.82%,
105/05/25,-38,256,27,245,102681,3276,722,106679,17.21%,17.88%,
105/05/24,-1008,0,69,-939,102770,3020,695,106485,17.23%,17.85%,
105/05/23,524,363,68,955,103778,3020,626,107424,17.40%,18.01%,
105/05/20,38,53,6,97,103254,2657,558,106469,17.31%,17.85%,
105/05/19,-680,12,-4,-672,103216,2604,552,106372,17.30%,17.83%,
105/05/18,-346,8,2,-336,103896,2592,556,107044,17.42%,17.95%,
105/05/17,-335,0,-22,-357,104392,2584,554,107530,17.50%,18.03%,
105/05/16,-380,0,15,-365,104727,2584,576,107887,17.56%,18.09%,
105/05/13,-389,10,-16,-395,105107,2584,561,108252,17.62%,18.15%,
105/05/12,-566,0,23,-543,105812,2574,577,108963,17.74%,18.27%,
105/05/11,-626,49,-11,-588,106378,2574,554,109506,17.83%,18.35%,
105/05/10,627,-11,-14,602,106962,2525,565,110052,17.93%,18.45%,
105/05/09,-268,26,-30,-272,106035,2536,579,109150,17.77%,18.29%,
105/05/06,-38,10,4,-24,106446,2510,609,109565,17.84%,18.36%,
105/05/05,186,16,52,254,105956,2500,605,109061,17.76%,18.28%,
105/05/04,-627,46,-3,-584,105770,2484,553,108807,17.73%,18.24%,
105/05/03,7,0,11,18,106574,2438,556,109568,17.87%,18.37%,
105/04/29,626,-846,3,-217,106717,2438,545,109700,17.89%,18.39%,
105/04/28,-577,-60,0,-637,106091,3284,542,109917,17.78%,18.42%,
105/04/27,-437,-4,11,-430,106296,3344,542,110182,17.82%,18.47%,
105/04/26,325,9,4,338,106733,3348,531,110612,17.89%,18.54%,
105/04/25,142,0,-4,138,106408,3339,527,110274,17.84%,18.49%,
105/04/22,-164,-105,-9,-278,106266,3339,531,110136,17.81%,18.46%,
105/04/21,-29,-60,59,-30,106493,3444,540,110477,17.85%,18.52%,
105/04/20,-613,-150,13,-750,106145,3504,481,110130,17.79%,18.46%,
105/04/19,-80,-38,3,-115,106794,3654,468,110916,17.90%,18.59%,
105/04/18,-250,-1,32,-219,106874,3692,465,111031,17.92%,18.62%,
105/04/15,251,-33,63,281,107061,3693,433,111187,17.95%,18.64%,
105/04/14,-743,-14,1,-756,106810,3726,370,110906,17.90%,18.59%,
105/04/13,-632,-11,-33,-676,107873,3740,369,111982,18.08%,18.77%,
105/04/12,-357,-23,1,-379,108518,3751,402,112671,18.19%,18.89%,
105/04/11,42,-2,0,40,108875,3774,401,113050,18.25%,18.95%,
105/04/08,140,-2,24,162,108834,3776,401,113011,18.24%,18.94%,
105/04/07,-536,-2,7,-531,108654,3778,377,112809,18.21%,18.91%,
105/04/06,-215,-16,91,-140,109217,3780,370,113367,18.31%,19.01%,
105/04/01,-104,-3,0,-107,109432,3796,279,113507,18.34%,19.02%,
105/03/31,-15,-31,-19,-65,109566,3799,279,113644,18.37%,19.05%,
105/03/30,227,-125,4,106,109582,3331,298,113211,18.37%,18.98%,
105/03/29,64,0,-91,-27,109354,3456,294,113104,18.33%,18.96%,
105/03/28,-31,149,4,122,109067,3456,385,112908,18.28%,18.92%,
105/03/25,320,-73,27,274,109098,3307,381,112786,18.29%,18.91%,
105/03/24,99,-385,-32,-318,108778,3380,354,112512,18.23%,18.86%,
105/03/23,-2042,-109,1,-2150,108582,3765,386,112733,18.20%,18.90%,
105/03/22,-434,-174,26,-582,110624,3874,385,114883,18.54%,19.25%,
105/03/21,193,0,-4,189,111059,4048,359,115466,18.62%,19.36%,
105/03/18,545,45,14,604,110866,4048,363,115277,18.58%,19.32%,
105/03/17,369,0,55,424,110320,4003,349,114672,18.49%,19.22%,
105/03/16,154,0,-83,71,109951,4003,294,114248,18.43%,19.15%,
105/03/15,-57,0,119,62,109807,4003,377,114187,18.41%,19.14%,
105/03/14,47,-125,-33,-111,109864,4003,258,114125,18.42%,19.13%,
105/03/11,41,-201,-64,-224,109817,4128,291,114236,18.41%,19.15%,
105/03/10,137,0,12,149,109776,4329,355,114460,18.40%,19.19%,
105/03/09,50,-236,5,-181,109648,4329,343,114320,18.38%,19.16%,
105/03/08,-970,-320,-4,-1294,109587,4565,338,114490,18.37%,19.19%,
105/03/07,222,25,-9,238,110561,4885,342,115788,18.53%,19.41%,
105/03/04,-34,-0,-13,-47,110329,4860,351,115540,18.49%,19.36%,
105/03/03,-48,-100,-8,-156,110361,4860,364,115585,18.50%,19.38%,
105/03/02,-19,-24,-22,-65,110417,4960,372,115749,18.51%,19.40%,
105/03/01,74,0,40,114,110376,4985,394,115755,18.50%,19.40%,
105/02/26,144,0,-15,129,110363,4985,354,115702,18.50%,19.40%,
105/02/25,122,0,-8,114,110219,4985,369,115573,18.48%,19.38%,
105/02/24,-78,0,-84,-162,110126,4985,377,115488,18.46%,19.36%,
105/02/23,-137,0,-83,-220,110223,4985,461,115669,18.48%,19.39%,
105/02/22,43,0,68,111,110361,4985,544,115890,18.50%,19.43%,
105/02/19,-27,40,-104,-91,110268,4985,476,115729,18.48%,19.40%,
105/02/18,-38,18,94,74,110251,4945,580,115776,18.48%,19.41%,
105/02/17,122,6,76,204,110260,4927,486,115673,18.48%,19.39%,
105/02/16,-10,0,30,20,110138,4921,410,115469,18.46%,19.35%,
105/02/15,180,-0,68,248,110148,4921,380,115449,18.46%,19.35%,
105/02/03,116,-25,-96,-5,109951,4921,312,115184,18.43%,19.31%,
105/02/02,163,-52,-17,94,109842,4946,408,115196,18.41%,19.31%,
105/02/01,38,0,-10,28,109729,4999,425,115153,18.39%,19.30%,
105/01/30,9,65,-115,-41,109691,4999,435,115125,18.39%,19.30%,
105/01/29,838,81,31,950,109682,4934,550,115166,18.39%,19.31%,
105/01/28,-4,28,93,117,108846,4853,519,114218,18.25%,19.15%,
105/01/27,-109,-9,4,-114,108866,4825,426,114117,18.25%,19.13%,
105/01/26,-8,-215,-2,-225,108974,4834,422,114230,18.27%,19.15%,
105/01/25,173,-11,65,227,109002,5050,424,114476,18.27%,19.19%,
105/01/22,11,0,52,63,108829,5061,359,114249,18.24%,19.15%,
105/01/21,646,-531,43,158,108802,5061,307,114170,18.24%,19.14%,
105/01/20,-378,-222,-398,-998,108156,5592,264,114012,18.13%,19.11%,
105/01/19,-521,-104,-61,-686,108504,5814,662,114980,18.19%,19.28%,
105/01/18,-198,263,103,168,109015,5917,723,115655,18.27%,19.38%,
105/01/15,-47,-32,-26,-105,109156,5654,620,115430,18.30%,19.35%,
105/01/14,190,0,3,193,109252,5687,646,115585,18.31%,19.37%,
105/01/13,127,-67,-68,-8,109211,5687,643,115541,18.31%,19.37%,
105/01/12,6,-136,-89,-219,109057,5754,711,115522,18.28%,19.36%,
105/01/11,586,-782,-9,-205,109038,5890,800,115728,18.28%,19.40%,
105/01/08,1971,291,20,2282,108445,6672,809,115926,18.18%,19.43%,
105/01/07,1438,-4,117,1551,106514,6381,789,113684,17.86%,19.06%,
105/01/06,-59,0,-15,-74,105048,6385,672,112105,17.61%,18.79%,
105/01/05,307,-51,-130,126,105570,6385,687,112642,17.70%,18.89%,
105/01/04,-114,-14,66,-62,105263,6436,817,112516,17.65%,18.87%,
104/12/31,-137,-76,-20,-233,105377,6450,751,112578,17.66%,18.87%,
104/12/30,-57,-148,8,-197,105514,7054,771,113339,17.69%,19.00%,
104/12/29,-111,7,-3,-107,105571,7202,763,113536,17.70%,19.04%,
104/12/28,6,10,-10,6,105682,7195,766,113643,17.72%,19.05%,
104/12/25,-37,0,-145,-182,105676,7185,776,113637,17.71%,19.04%,
104/12/24,-177,0,-201,-378,105703,7185,921,113809,17.72%,19.08%,
104/12/23,86,162,395,643,105880,7185,1122,114187,17.75%,19.14%,
104/12/22,13,-299,97,-189,105794,7022,727,113543,17.73%,19.03%,
104/12/21,-299,-190,24,-465,105780,7321,630,113731,17.73%,19.06%,
104/12/18,208,-281,17,-56,106079,7511,606,114196,17.78%,19.14%,
104/12/17,70,-154,50,-34,105366,7792,589,113747,17.66%,19.07%,
104/12/16,-112,-26,107,-31,105297,7947,539,113783,17.65%,19.07%,
104/12/15,102,-149,-168,-215,105408,7973,432,113813,17.67%,19.08%,
104/12/14,51,144,-57,138,105306,8122,600,114028,17.65%,19.11%,
104/12/11,-315,18,-74,-371,105046,7978,657,113681,17.61%,19.06%,
104/12/10,-102,-214,47,-269,105361,7960,731,114052,17.66%,19.12%,
104/12/09,-731,-156,-98,-985,105463,8174,684,114321,17.68%,19.17%,
104/12/08,-330,23,-19,-326,106233,8330,782,115345,17.81%,19.34%,
104/12/07,337,-25,10,322,106563,8307,801,115671,17.86%,19.39%,
104/12/04,-423,-15,18,-420,106226,8332,791,115349,17.81%,19.34%,
104/12/03,-77,-8,10,-75,106649,8347,773,115769,17.88%,19.41%,
104/12/02,136,-50,-4,82,106687,8355,763,115805,17.88%,19.41%,
104/12/01,286,-74,-1,211,106597,8405,767,115769,17.87%,19.41%,
104/11/30,-251,-58,-7,-316,106352,8479,768,115599,17.83%,19.38%,
104/11/27,-4,0,-10,-14,106603,8537,775,115915,17.87%,19.43%,
104/11/26,150,-10,43,183,106649,8537,785,115971,17.88%,19.44%,
104/11/25,-89,-13,-28,-130,106499,8547,742,115788,17.85%,19.41%,
104/11/24,191,0,-42,149,106588,8560,770,115918,17.87%,19.43%,
104/11/23,200,-6,-90,104,106397,8560,812,115769,17.84%,19.41%,
104/11/20,377,-104,122,395,106152,8566,902,115620,17.79%,19.38%,
104/11/19,97,-80,-31,-14,105775,8670,780,115225,17.73%,19.31%,
104/11/18,-419,-213,16,-616,105678,8750,811,115239,17.72%,19.32%,
104/11/17,386,-322,59,123,106097,8963,795,115855,17.79%,19.43%,
104/11/16,-149,29,4,-116,105711,9286,736,115733,17.72%,19.40%,
104/11/13,-54,64,-34,-24,105860,9257,732,115849,17.75%,19.42%,
104/11/12,258,13,-53,218,105914,9193,766,115873,17.75%,19.42%,
104/11/11,487,-243,-75,169,105682,9179,819,115680,17.72%,19.40%,
104/11/10,-113,4,-39,-148,105195,9422,894,115511,17.63%,19.36%,
104/11/09,357,-162,-3,192,105308,9418,933,115659,17.65%,19.39%,
104/11/06,255,-1,-9,245,104996,9580,936,115512,17.60%,19.36%,
104/11/05,119,-111,-38,-30,104742,9581,945,115268,17.56%,19.32%,
104/11/04,1123,-61,56,1118,104622,9692,983,115297,17.54%,19.33%,
104/11/03,-46,17,44,15,103500,9753,927,114180,17.35%,19.14%,
104/11/02,328,-3,1,326,103546,9736,883,114165,17.36%,19.14%,
104/10/30,433,-17,-12,404,103218,9739,882,113839,17.30%,19.08%,
104/10/29,-450,15,-79,-514,102785,9756,894,113435,17.23%,19.02%,
104/10/28,513,-28,107,592,103235,9742,973,113950,17.31%,19.11%,
104/10/27,-380,-106,21,-465,102714,9770,866,113350,17.22%,19.00%,
104/10/26,345,-192,-82,71,103177,9876,845,113898,17.30%,19.10%,
104/10/23,-813,61,-212,-964,102864,10068,927,113859,17.24%,19.08%,
104/10/22,-8,0,-51,-59,103620,10007,1139,114766,17.37%,19.24%,
104/10/21,112,0,73,185,103675,10007,1190,114872,17.38%,19.26%,
104/10/20,30,200,-125,105,103867,10007,1117,114991,17.41%,19.28%,
104/10/19,-234,354,-35,85,103945,9807,1242,114994,17.42%,19.27%,
104/10/16,-87,11,118,42,104169,9453,1277,114899,17.46%,19.26%,
104/10/15,601,-90,108,619,104279,9442,1159,114880,17.48%,19.26%,
104/10/14,-495,74,-40,-461,103629,9532,1051,114212,17.37%,19.14%,
104/10/13,-1026,234,160,-632,104045,9458,1091,114594,17.44%,19.21%,
104/10/12,-184,-387,61,-510,105207,9224,931,115362,17.64%,19.34%,
104/10/08,-2362,-1277,-96,-3735,105125,9611,870,115606,17.62%,19.38%,
104/10/07,242,-200,47,89,107402,10888,966,119256,18.00%,19.99%,
104/10/06,-646,62,-94,-678,107157,11088,919,119164,17.96%,19.97%,
104/10/05,112,-181,101,32,107794,11026,1014,119834,18.07%,20.09%,
104/10/02,135,-55,-55,25,107664,11207,913,119784,18.05%,20.08%,
104/10/01,189,-39,-109,41,107528,11262,968,119758,18.03%,20.08%,
104/09/30,-4,155,92,243,107265,11301,1077,119643,17.98%,20.06%,
104/09/25,1206,682,115,2003,107468,11576,985,120029,18.02%,20.13%,
104/09/24,-51,-76,-4,-131,106598,10894,870,118362,17.87%,19.84%,
104/09/23,-40,-193,-68,-301,106643,10970,874,118487,17.88%,19.87%,
104/09/22,-540,8,-19,-551,103400,11163,942,115505,17.85%,19.88%,
104/09/21,-324,30,-90,-384,103940,11155,961,116056,17.95%,19.98%,
104/09/18,-215,-66,182,-99,104264,11125,1051,116440,18.00%,20.04%,
104/09/17,-103,-96,31,-168,104439,11191,869,116499,18.03%,20.05%,
104/09/16,-456,-84,50,-490,104172,11287,838,116297,17.99%,20.02%,
104/09/15,-128,63,-36,-101,104320,11371,788,116479,18.01%,20.05%,
104/09/14,243,49,131,423,104454,11308,825,116587,18.04%,20.07%,
104/09/11,-499,-7,98,-408,104211,11259,694,116164,17.99%,19.99%,
104/09/10,-465,-70,-147,-682,104795,11266,596,116657,18.09%,20.08%,
104/09/09,52,-10,77,119,105260,11336,743,117339,18.17%,20.20%,
104/09/08,-56,-20,-9,-85,105093,11346,666,117105,18.15%,20.16%,
104/09/07,-302,17,-88,-373,105149,11366,675,117190,18.16%,20.18%,
104/09/04,-561,192,69,-300,105566,11349,763,117678,18.23%,20.26%,
104/09/03,855,21,27,903,105982,11158,694,117834,18.30%,20.29%,
104/09/02,429,-211,136,354,105127,11137,667,116931,18.15%,20.13%,
104/09/01,209,-152,-47,10,104588,11348,531,116467,18.06%,20.05%,
104/08/31,574,-166,129,537,104360,11500,578,116438,18.02%,20.05%,
104/08/28,-453,-87,18,-522,103590,11666,449,115705,17.89%,19.92%,
104/08/27,749,-305,-143,301,104043,11753,431,116227,17.96%,20.00%,
104/08/26,1299,18,192,1509,103294,12058,574,115926,17.83%,20.01%,
104/08/25,4622,-102,-177,4343,101995,12040,382,114417,17.61%,19.76%,
104/08/24,634,-55,-83,496,97407,12142,559,110108,16.82%,19.01%,
104/08/21,203,-3,-7,193,96708,12197,642,109547,16.70%,18.92%,
104/08/20,2652,207,103,2962,96490,12200,649,109339,16.66%,18.88%,
104/08/19,543,533,93,1169,93871,11993,546,106410,16.21%,18.38%,
104/08/18,803,13,91,907,93327,11460,453,105240,16.11%,18.17%,
104/08/17,96,-4,70,162,92634,11447,362,104443,15.99%,18.03%,
104/08/14,374,45,9,428,92539,11451,292,104282,15.98%,18.01%,
104/08/13,261,26,-71,216,92148,11406,283,103837,15.91%,17.93%,
104/08/12,-41,26,142,127,91899,11380,354,103633,15.87%,17.90%,
104/08/11,436,23,-132,327,91954,11354,212,103520,15.88%,17.88%,
104/08/10,716,106,81,903,91510,11331,344,103185,15.80%,17.82%,
104/08/07,402,-4,-11,387,90833,11225,263,102321,15.68%,17.66%,
104/08/06,-163,229,-145,-79,90455,11229,274,101958,15.62%,17.61%,
104/08/05,20,5,33,58,90595,11000,419,102014,15.64%,17.61%,
104/08/04,-36,137,20,121,90608,10995,386,101989,15.64%,17.61%,
104/08/03,250,273,-17,506,90637,10858,366,101861,15.65%,17.59%,
104/07/31,-446,650,61,265,90355,10585,383,101323,15.60%,17.49%,
104/07/30,437,538,-154,821,90677,9935,322,100934,15.66%,17.43%,
104/07/29,162,404,265,831,90224,9397,476,100097,15.58%,17.29%,
104/07/28,714,331,51,1096,90062,8993,211,99266,15.55%,17.14%,
104/07/27,-30,0,-43,-73,89348,8662,160,98170,15.43%,16.95%,
104/07/24,240,564,-95,709,89416,8662,203,98281,15.44%,16.97%,
104/07/23,489,-45,114,558,89526,8098,298,97922,15.46%,16.91%,
104/07/22,83,-26,-9,48,89043,8143,184,97370,15.37%,16.81%,
104/07/21,278,131,-61,348,89095,8169,193,97457,15.38%,16.82%,
104/07/20,351,103,18,472,88627,8038,254,96919,15.30%,16.73%,
104/07/17,1006,108,2,1116,88046,7935,236,96217,15.20%,16.61%,
104/07/16,42,-15,-32,-5,86795,7827,234,94856,14.99%,16.38%,
104/07/15,805,220,79,1104,86746,7842,266,94854,14.98%,16.38%,
104/07/14,-681,192,11,-478,85941,7622,187,93750,14.84%,16.19%,
104/07/13,-55,7,-40,-88,86559,7430,176,94165,14.94%,16.25%,
104/07/09,-829,66,15,-748,86550,7423,216,94189,14.94%,16.26%,
104/07/08,-1250,14,-54,-1290,87379,7357,201,94937,15.09%,16.40%,
104/07/07,-22,67,48,93,88645,7343,255,96243,15.30%,16.61%,
104/07/06,908,30,-421,517,88667,7276,207,96150,15.31%,16.60%,
104/07/03,-980,-212,-70,-1262,87759,7246,628,95633,15.15%,16.51%,
104/07/02,326,-1,-40,285,88737,7458,698,96893,15.32%,16.73%,
104/07/01,-937,138,136,-663,88411,7459,738,96608,15.26%,16.68%,
104/06/30,304,331,-99,536,89394,7321,602,97317,15.43%,16.80%,
104/06/29,-409,399,-73,-83,89095,6605,701,96401,15.38%,16.64%,
104/06/26,463,325,502,1290,89533,6206,774,96513,15.46%,16.67%,
104/06/25,335,0,175,510,89184,5881,272,95337,15.40%,16.46%,
104/06/24,444,10,-15,439,88911,5881,97,94889,15.35%,16.38%,
104/06/23,188,10,-5,193,88555,5871,112,94538,15.29%,16.32%,
104/06/22,502,15,-20,497,88522,5861,117,94500,15.28%,16.31%,
104/06/18,-156,9,23,-124,87973,5846,137,93956,15.19%,16.22%,
104/06/17,576,51,49,676,88129,5837,114,94080,15.22%,16.25%,
104/06/16,-440,21,19,-400,87553,5786,65,93404,15.12%,16.13%,
104/06/15,-406,286,-19,-139,87993,5765,46,93804,15.19%,16.19%,
104/06/12,279,373,-86,566,88653,5479,65,94197,15.31%,16.27%,
104/06/11,108,364,40,512,88490,5106,151,93747,15.28%,16.19%,
104/06/10,272,548,-1,819,88446,4742,111,93299,15.27%,16.11%,
104/06/09,-98,237,19,158,88343,4194,112,92649,15.25%,15.99%,
104/06/08,428,397,14,839,88472,3957,93,92522,15.28%,15.98%,
104/06/05,711,-103,-94,514,88045,3560,79,91684,15.20%,15.83%,
104/06/04,905,-1,5,909,87739,3663,173,91575,15.15%,15.81%,
104/06/03,1421,22,-26,1417,86929,3664,168,90761,15.01%,15.67%,
104/06/02,-944,73,-392,-1263,85508,3642,194,89344,14.76%,15.42%,
104/06/01,25,124,-116,33,86802,3568,586,90956,14.99%,15.71%,
104/05/29,1738,-21,-426,1291,86777,3444,702,90923,14.98%,15.70%,
104/05/28,-816,-102,265,-653,84283,3465,1128,88876,14.55%,15.34%,
104/05/27,-1651,-85,239,-1497,85099,3567,863,89529,14.69%,15.46%,
104/05/26,1432,-115,27,1344,86750,3652,624,91026,14.98%,15.72%,
104/05/25,-22,-165,73,-114,85318,3767,597,89682,14.73%,15.48%,
104/05/22,232,49,14,295,85350,3932,524,89806,14.74%,15.51%,
104/05/21,395,48,-62,381,84954,3883,510,89347,14.67%,15.43%,
104/05/20,-698,18,-3,-683,84723,3835,572,89130,14.63%,15.39%,
104/05/19,-360,0,54,-306,85327,3817,575,89719,14.73%,15.49%,
104/05/18,-40,0,3,-37,85686,3817,521,90024,14.79%,15.54%,
104/05/15,374,-26,20,368,85523,3817,518,89858,14.77%,15.52%,
104/05/14,-294,-19,26,-287,85118,3843,498,89459,14.70%,15.45%,
104/05/13,37,47,-15,69,85637,3862,472,89971,14.79%,15.54%,
104/05/12,-544,9,117,-418,85599,3815,487,89901,14.78%,15.52%,
104/05/11,499,-15,43,527,86143,3806,370,90319,14.87%,15.59%,
104/05/08,354,-772,24,-394,85644,3821,327,89792,14.79%,15.51%,
104/05/07,379,-272,-15,92,85290,4593,303,90186,14.73%,15.58%,
104/05/06,-46,-300,23,-323,84911,4865,318,90094,14.66%,15.56%,
104/05/05,-789,0,-12,-801,84957,5165,295,90417,14.67%,15.61%,
104/05/04,623,16,5,644,85746,5165,307,91218,14.80%,15.75%,
104/04/30,280,0,-10,270,85123,5149,302,90574,14.70%,15.64%,
104/04/29,463,-622,50,-109,84843,5149,312,90304,14.65%,15.59%,
104/04/28,792,-191,2,603,84065,5771,262,90098,14.51%,15.55%,
104/04/27,1204,-155,-6,1043,83273,5962,260,89495,14.38%,15.45%,
104/04/24,2010,-490,6,1526,82069,6117,266,88452,14.17%,15.27%,
104/04/23,1535,70,59,1664,80079,6607,260,86946,13.83%,15.02%,
104/04/22,1310,0,12,1322,78534,6537,201,85272,13.56%,14.72%,
104/04/21,1768,-22,-9,1737,77223,6537,189,83949,13.33%,14.49%,
104/04/20,1157,-489,-27,641,75456,6559,198,82213,13.03%,14.20%,
104/04/17,1084,-818,1,267,74303,7048,225,81576,12.83%,14.09%,
104/04/16,557,-845,57,-231,73221,7866,224,81311,12.64%,14.04%,
104/04/15,416,-257,-138,21,72677,8711,167,81555,12.55%,14.08%,
104/04/14,178,-90,-43,45,72331,8968,305,81604,12.49%,14.09%,
104/04/13,1630,0,-86,1544,72266,9058,348,81672,12.48%,14.10%,
104/04/10,167,-211,183,139,70636,9058,434,80128,12.19%,13.83%,
104/04/09,-401,-7,-2,-410,70469,9269,251,79989,12.17%,13.81%,
104/04/08,-492,-336,51,-777,70870,9276,253,80399,12.24%,13.89%,
104/04/07,209,-164,-2,43,71362,9612,202,81176,12.32%,14.01%,
104/04/02,967,-50,14,931,71153,9776,204,81133,12.28%,14.00%,
104/04/01,268,-250,-18,0,70186,9826,190,80202,12.12%,13.85%,
104/03/31,930,-170,-10,750,69959,10076,208,80243,12.08%,13.86%,
104/03/30,538,-105,6,439,69029,10472,218,79719,11.92%,13.77%,
104/03/27,802,-6,-27,769,68481,10577,212,79270,11.82%,13.68%,
104/03/26,918,-16,-29,873,67679,10583,239,78501,11.68%,13.55%,
104/03/25,714,268,-10,972,66834,10599,268,77701,11.54%,13.42%,
104/03/24,395,-21,27,401,66120,10331,278,76729,11.41%,13.24%,
104/03/23,-33,149,-2,114,65725,10352,251,76328,11.35%,13.18%,
104/03/20,83,-200,0,-117,65760,10203,253,76216,11.35%,13.16%,
104/03/19,447,-286,15,176,65677,10403,253,76333,11.34%,13.18%,
104/03/18,92,-15,-2,75,65230,10689,238,76157,11.26%,13.15%,
104/03/17,635,-179,-17,439,65136,10704,240,76080,11.24%,13.13%,
104/03/16,-545,-2,27,-520,64501,10883,257,75641,11.13%,13.05%,
104/03/13,243,72,-70,245,64965,10885,230,76080,11.22%,13.14%,
104/03/12,870,376,-32,1214,64664,10813,300,75777,11.16%,13.08%,
104/03/11,905,-80,-68,757,63760,10437,332,74529,11.01%,12.87%,
104/03/10,553,101,10,664,62826,10517,400,73743,10.85%,12.74%,
104/03/09,301,-1,57,357,62283,10416,390,73089,10.75%,12.62%,
104/03/06,94,101,-13,182,61970,10417,333,72720,10.70%,12.56%,
104/03/05,78,229,9,316,61772,10316,346,72434,10.66%,12.50%,
104/03/04,707,-52,-63,592,61684,10087,337,72108,10.65%,12.45%,
104/03/03,527,-60,-8,459,60967,10140,400,71507,10.52%,12.34%,
104/03/02,493,-18,10,485,60440,10200,408,71048,10.43%,12.26%,
104/02/26,283,-40,8,251,59947,10218,398,70563,10.35%,12.18%,
104/02/25,31,-36,-191,-196,59663,10258,390,70311,10.30%,12.14%,
104/02/24,668,-218,75,525,59632,10294,581,70507,10.29%,12.17%,
104/02/13,-41,-629,3,-667,58964,10512,506,69982,10.18%,12.08%,
104/02/12,900,364,-175,1089,59005,11141,503,70649,10.19%,12.20%,
104/02/11,1188,350,-7,1531,58105,10777,678,69560,10.03%,12.01%,
104/02/10,364,0,13,377,56918,10427,685,68030,9.83%,11.75%,
104/02/09,206,261,92,559,56554,10427,672,67653,9.76%,11.68%,
104/02/06,122,-58,-17,47,56348,10166,580,67094,9.73%,11.59%,
104/02/05,324,-20,-15,289,56226,10224,597,67047,9.71%,11.58%,
104/02/04,158,-67,-11,80,55901,10244,613,66758,9.65%,11.53%,
104/02/03,270,-34,-62,174,55743,10311,624,66678,9.62%,11.51%,
104/02/02,-178,75,-15,-118,55473,10345,686,66504,9.58%,11.49%,
104/01/30,311,281,50,642,55651,10270,701,66622,9.61%,11.50%,
104/01/29,137,-18,-11,108,55340,9989,651,65980,9.55%,11.39%,
104/01/28,213,25,17,255,55203,10007,662,65872,9.53%,11.37%,
104/01/27,617,0,-13,604,54990,9982,645,65617,9.49%,11.33%,
104/01/26,-174,0,2,-172,54373,9982,658,65013,9.39%,11.23%,
104/01/23,247,-15,10,242,54547,9982,656,65185,9.42%,11.26%,
104/01/22,510,34,36,580,54300,9997,646,64943,9.37%,11.21%,
104/01/21,181,363,-146,398,53790,9963,610,64363,9.28%,11.11%,
104/01/20,52,100,2,154,53609,9600,756,63965,9.25%,11.04%,
104/01/19,54,182,44,280,53557,9500,754,63811,9.24%,11.01%,
104/01/16,-64,564,150,650,53503,9318,710,63531,9.24%,10.97%,
104/01/15,38,400,267,705,53566,8754,560,62880,9.25%,10.86%,
104/01/14,52,80,210,342,53528,8354,293,62175,9.24%,10.73%,
104/01/13,123,74,41,238,53476,8274,83,61833,9.23%,10.67%,
104/01/12,459,87,1,547,53353,8200,42,61595,9.21%,10.63%,
104/01/09,252,81,3,336,52894,8113,41,61048,9.13%,10.54%,
104/01/08,49,131,11,191,52681,8032,38,60751,9.09%,10.48%,
104/01/07,245,-57,-23,165,52632,7901,27,60560,9.09%,10.46%,
104/01/06,25,0,0,25,52387,7958,50,60395,9.04%,10.42%,
104/01/05,381,0,0,381,52362,7958,50,60370,9.04%,10.42%,
