日期,外資買賣超,投信買賣超,自營商買賣超,單日合計買賣超,外資估計持股,投信估計持股,自營商估計持股,單日合計估計持股,外資持股比重,三大法人持股比重,
107/03/31,-5,150,-344,-199,27972,466,1102,29540,14.79%,15.62%,
107/03/30,-80,103,550,573,27977,316,1446,29739,14.79%,15.72%,
107/03/29,-225,0,56,-169,28057,213,896,29166,14.83%,15.42%,
107/03/28,39,98,-52,85,28272,213,840,29325,14.94%,15.50%,
107/03/27,218,0,73,291,28367,115,892,29374,14.99%,15.52%,
107/03/26,-36,0,-53,-89,28139,115,819,29073,14.87%,15.36%,
107/03/23,44,0,-126,-82,28085,115,872,29072,14.85%,15.37%,
107/03/22,-37,0,59,22,28041,115,998,29154,14.82%,15.41%,
107/03/21,-98,0,-221,-319,28107,115,939,29161,14.86%,15.42%,
107/03/20,19,0,-19,0,28190,115,1160,29465,14.90%,15.57%,
107/03/19,-155,-1,-70,-226,28152,115,1179,29446,14.88%,15.56%,
107/03/16,527,-100,-324,103,28307,116,1249,29672,14.96%,15.68%,
107/03/15,351,0,119,470,27427,216,1573,29216,14.50%,15.45%,
107/03/14,437,0,-36,401,27068,216,1454,28738,14.31%,15.19%,
107/03/13,498,0,-69,429,26881,216,1490,28587,14.21%,15.11%,
107/03/12,1786,0,-371,1415,26383,216,1559,28158,13.95%,14.89%,
107/03/09,76,0,715,791,24787,216,1930,26933,13.10%,14.23%,
107/03/08,577,0,-220,357,24669,216,1215,26100,13.04%,13.80%,
107/03/07,-234,0,-198,-432,24092,216,1435,25743,12.73%,13.60%,
107/03/06,531,0,576,1107,24322,216,1633,26171,12.86%,13.84%,
107/03/05,161,0,-84,77,23783,216,1057,25056,12.57%,13.24%,
107/03/02,61,0,-251,-190,23622,216,1141,24979,12.49%,13.21%,
107/03/01,686,0,409,1095,23584,216,1392,25192,12.47%,13.32%,
107/02/27,686,50,-18,718,22901,216,983,24100,12.10%,12.73%,
107/02/26,-4,0,120,116,22450,166,1001,23617,11.87%,12.49%,
107/02/23,1012,100,168,1280,22254,166,881,23301,11.76%,12.31%,
107/02/22,644,62,-54,652,21487,66,713,22266,11.36%,11.77%,
107/02/21,1211,0,125,1336,20843,4,767,21614,11.02%,11.43%,
107/02/12,22,0,-56,-34,19736,4,642,20382,10.43%,10.77%,
107/02/09,33,0,-33,0,19902,4,698,20604,10.52%,10.89%,
107/02/08,144,0,-46,98,19936,4,730,20670,10.54%,10.93%,
107/02/07,187,0,106,293,19784,4,776,20564,10.46%,10.87%,
107/02/06,-69,0,-341,-410,19577,4,670,20251,10.35%,10.71%,
107/02/05,-208,0,-324,-532,19534,4,1011,20549,10.32%,10.86%,
107/02/02,65,0,365,430,19727,4,1335,21066,10.43%,11.14%,
107/02/01,-106,0,28,-78,19780,4,970,20754,10.45%,10.97%,
107/01/31,251,0,-18,233,19891,4,942,20837,10.51%,11.01%,
107/01/30,64,0,45,109,19642,4,960,20606,10.38%,10.89%,
107/01/29,25,0,-79,-54,19664,4,915,20583,10.39%,10.88%,
107/01/26,-160,0,-54,-214,19619,4,994,20617,10.37%,10.90%,
107/01/25,-15,0,-8,-23,19849,4,1048,20901,10.49%,11.05%,
107/01/24,60,0,-42,18,19851,4,1056,20911,10.49%,11.05%,
107/01/23,-205,0,-143,-348,19791,4,1098,20893,10.46%,11.04%,
107/01/22,26,0,2,28,20007,4,1241,21252,10.57%,11.23%,
107/01/19,67,0,-31,36,19938,4,1239,21181,10.54%,11.20%,
107/01/18,-182,0,-126,-308,19882,4,1270,21156,10.51%,11.18%,
107/01/17,57,0,3,60,19975,4,1396,21375,10.56%,11.30%,
107/01/16,-112,0,-73,-185,20022,4,1393,21419,10.58%,11.32%,
107/01/15,-254,0,-17,-271,20101,4,1466,21571,10.62%,11.40%,
107/01/12,-68,0,-84,-152,20258,4,1483,21745,10.71%,11.50%,
107/01/11,-67,0,-50,-117,20298,4,1567,21869,10.73%,11.56%,
107/01/10,-896,0,-386,-1282,20345,4,1617,21966,10.75%,11.61%,
107/01/09,183,0,53,236,21713,4,2003,23720,11.48%,12.54%,
107/01/08,-449,0,-420,-869,21561,4,1950,23515,11.40%,12.43%,
107/01/05,-138,0,-697,-835,22037,4,2370,24411,11.65%,12.91%,
107/01/04,342,0,979,1321,22302,4,3067,25373,11.79%,13.41%,
107/01/03,-431,0,-256,-687,22177,4,2088,24269,11.72%,12.83%,
107/01/02,1477,0,1054,2531,22608,4,2344,24956,11.95%,13.19%,
106/12/29,177,0,65,242,21131,4,1290,22425,11.17%,11.85%,
106/12/28,92,8,39,139,21187,24,1225,22436,11.20%,11.86%,
106/12/27,67,8,-95,-20,21414,16,1186,22616,11.32%,11.96%,
106/12/26,78,7,-217,-132,21374,8,1281,22663,11.30%,11.98%,
106/12/25,203,0,260,463,21296,1,1498,22795,11.26%,12.05%,
106/12/22,112,0,-94,18,21033,1,1238,22272,11.12%,11.78%,
106/12/21,-21,0,133,112,20946,1,1332,22279,11.07%,11.77%,
106/12/20,176,0,15,191,20967,1,1199,22167,11.08%,11.71%,
106/12/19,-524,0,-340,-864,20880,1,1184,22065,11.04%,11.67%,
106/12/18,1295,0,540,1835,21382,1,1524,22907,11.30%,12.11%,
106/12/15,-84,0,-5,-89,20087,1,984,21072,10.62%,11.14%,
106/12/14,-23,0,79,56,20171,1,989,21161,10.66%,11.18%,
106/12/13,-32,0,3,-29,19944,1,910,20855,10.54%,11.02%,
106/12/12,-393,0,5,-388,19925,1,907,20833,10.53%,11.01%,
106/12/11,44,0,-9,35,20178,1,902,21081,10.66%,11.14%,
106/12/08,-243,0,-13,-256,20120,1,911,21032,10.63%,11.11%,
106/12/07,-354,0,-284,-638,20270,1,924,21195,10.71%,11.20%,
106/12/06,-145,0,-58,-203,20488,1,1208,21697,10.83%,11.47%,
106/12/05,-850,0,-364,-1214,20577,1,1266,21844,10.88%,11.55%,
106/12/04,51,0,591,642,21406,1,1630,23037,11.31%,12.17%,
106/12/01,453,0,-120,333,21286,1,1039,22326,11.25%,11.80%,
106/11/30,161,0,-90,71,20825,1,1159,21985,11.01%,11.62%,
106/11/29,-94,0,46,-48,20647,1,1249,21897,10.91%,11.57%,
106/11/28,227,0,15,242,20741,1,1203,21945,10.96%,11.60%,
106/11/27,-741,0,129,-612,20853,1,1188,22042,11.02%,11.65%,
106/11/24,953,0,360,1313,21564,1,1059,22624,11.40%,11.96%,
106/11/23,236,0,-36,200,20611,1,699,21311,10.89%,11.26%,
106/11/22,80,0,35,115,20370,1,735,21106,10.77%,11.16%,
106/11/21,104,0,22,126,20261,1,700,20962,10.71%,11.08%,
106/11/20,-173,0,-27,-200,20155,1,678,20834,10.65%,11.01%,
106/11/17,-16,0,-25,-41,19975,1,705,20681,10.56%,10.93%,
106/11/16,125,0,-14,111,19971,1,730,20702,10.55%,10.94%,
106/11/15,-317,0,-59,-376,19830,1,744,20575,10.48%,10.87%,
106/11/14,-75,0,-49,-124,19999,1,803,20803,10.57%,11.00%,
106/11/13,-239,0,106,-133,20002,1,852,20855,10.57%,11.02%,
106/11/10,-9,0,2,-7,20233,1,746,20980,10.69%,11.08%,
106/11/09,-151,0,-30,-181,20197,1,744,20942,10.67%,11.06%,
106/11/08,-66,0,103,37,20315,1,774,21090,10.74%,11.15%,
106/11/07,-73,0,-29,-102,20377,1,671,21049,10.77%,11.13%,
106/11/06,-18,0,-48,-66,20450,1,700,21151,10.81%,11.18%,
106/11/03,-35,0,-56,-91,20468,1,748,21217,10.82%,11.22%,
106/11/02,205,0,263,468,20503,1,804,21308,10.84%,11.27%,
106/11/01,-88,0,-2,-90,20298,1,541,20840,10.73%,11.02%,
106/10/31,41,0,6,47,20386,1,543,20930,10.77%,11.06%,
106/10/30,-96,0,48,-48,20282,1,537,20820,10.72%,11.00%,
106/10/27,-65,0,-26,-91,20307,1,489,20797,10.73%,10.99%,
106/10/26,-46,0,-26,-72,20363,1,515,20879,10.76%,11.03%,
106/10/25,-152,-2,51,-103,20351,1,541,20893,10.76%,11.05%,
106/10/24,20,0,12,32,20424,3,490,20917,10.79%,11.05%,
106/10/23,-24,0,-19,-43,20323,3,478,20804,10.74%,10.99%,
106/10/20,461,0,11,472,20499,3,497,20999,10.83%,11.09%,
106/10/19,-16,-1,9,-8,19679,3,486,20168,10.40%,10.66%,
106/10/18,80,0,-19,61,19761,4,477,20242,10.44%,10.69%,
106/10/17,-126,0,-65,-191,19681,4,496,20181,10.40%,10.66%,
106/10/16,-129,0,82,-47,19807,4,561,20372,10.47%,10.77%,
106/10/13,154,0,-20,134,19936,4,479,20419,10.54%,10.80%,
106/10/12,217,0,40,257,19782,4,499,20285,10.45%,10.72%,
106/10/11,65,0,-216,-151,19565,4,459,20028,10.34%,10.58%,
106/10/06,-184,0,-49,-233,19500,4,675,20179,10.31%,10.67%,
106/10/05,-95,0,-31,-126,19678,4,724,20406,10.40%,10.78%,
106/10/03,62,0,-45,17,19842,4,755,20601,10.49%,10.89%,
106/10/02,-77,0,28,-49,19780,4,800,20584,10.45%,10.88%,
106/09/30,0,0,-44,-44,19847,4,772,20623,10.49%,10.90%,
106/09/29,175,0,46,221,19847,11,816,20674,10.49%,10.93%,
106/09/28,-81,0,-50,-131,19640,11,770,20421,10.38%,10.79%,
106/09/27,-155,0,38,-117,19762,11,820,20593,10.44%,10.88%,
106/09/26,-49,0,-10,-59,19896,11,782,20689,10.52%,10.94%,
106/09/25,-98,0,-47,-145,19912,11,792,20715,10.52%,10.94%,
106/09/22,-492,0,-138,-630,19947,11,839,20797,10.54%,10.99%,
106/09/21,-209,0,-37,-246,20671,11,977,21659,10.93%,11.45%,
106/09/20,-84,-7,-102,-193,20885,11,1014,21910,11.04%,11.58%,
106/09/19,42,0,160,202,20948,18,1116,22082,11.07%,11.67%,
106/09/18,38,0,36,74,20896,18,956,21870,11.04%,11.56%,
106/09/15,-555,-258,-9,-822,20858,18,920,21796,11.02%,11.52%,
106/09/14,-273,0,5,-268,21813,276,929,23018,11.53%,12.17%,
106/09/13,-307,0,-27,-334,21964,276,924,23164,11.61%,12.24%,
106/09/12,-69,-578,-36,-683,22219,276,951,23446,11.74%,12.39%,
106/09/11,545,-872,-34,-361,22279,854,987,24120,11.78%,12.75%,
106/09/08,253,0,-30,223,21734,1726,1021,24481,11.49%,12.94%,
106/09/07,82,0,6,88,21477,1726,1051,24254,11.35%,12.82%,
106/09/06,-487,0,-150,-637,21086,1726,1045,23857,11.14%,12.61%,
106/09/05,139,0,-131,8,21946,1726,1195,24867,11.60%,13.14%,
106/09/04,-682,0,-553,-1235,21797,1726,1326,24849,11.52%,13.13%,
106/09/01,349,0,782,1131,22456,1726,1879,26061,11.87%,13.78%,
106/08/31,187,0,-82,105,21972,1726,1097,24795,11.61%,13.10%,
106/08/30,-7,0,50,43,21750,1726,1179,24655,11.50%,13.04%,
106/08/29,-104,0,-19,-123,21712,1726,1129,24567,11.48%,12.99%,
106/08/28,-29,0,78,49,21709,1726,1148,24583,11.47%,12.99%,
106/08/25,202,-43,-195,-36,21628,1726,1070,24424,11.43%,12.91%,
106/08/24,-282,-244,-62,-588,21860,1769,1265,24894,11.55%,13.15%,
106/08/23,1309,2,-808,503,22107,2013,1327,25447,11.68%,13.45%,
106/08/22,437,362,867,1666,20772,2011,2135,24918,10.98%,13.17%,
106/08/21,667,244,-251,660,20335,1649,1268,23252,10.75%,12.29%,
106/08/18,596,0,-732,-136,19668,1405,1519,22592,10.39%,11.94%,
106/08/17,173,878,303,1354,18749,1405,2251,22405,9.91%,11.84%,
106/08/16,363,515,1066,1944,18476,527,1948,20951,9.76%,11.07%,
106/08/15,219,12,-29,202,18073,12,882,18967,9.55%,10.02%,
106/08/14,151,0,-35,116,17793,0,911,18704,9.40%,9.88%,
106/08/11,181,0,71,252,17637,0,946,18583,9.32%,9.82%,
106/08/10,125,0,-6,119,17846,0,875,18721,9.43%,9.89%,
106/08/09,337,0,-6,331,17931,0,881,18812,9.48%,9.95%,
106/08/08,182,0,-346,-164,17594,0,887,18481,9.30%,9.77%,
106/08/07,65,0,43,108,17412,0,1233,18645,9.20%,9.85%,
106/08/04,285,0,117,402,17253,0,1190,18443,9.12%,9.75%,
106/08/03,15,0,8,23,16968,0,1073,18041,8.97%,9.54%,
106/08/02,-36,-49,-70,-155,16939,0,1065,18004,8.95%,9.51%,
106/08/01,265,0,86,351,16908,5,1135,18048,8.94%,9.54%,
106/07/31,-18,0,30,12,16461,5,1049,17515,8.70%,9.26%,
106/07/28,-7,0,3,-4,16387,5,1019,17411,8.66%,9.20%,
106/07/27,158,0,-9,149,16385,5,1016,17406,8.66%,9.20%,
106/07/26,148,0,-1,147,16207,5,1025,17237,8.56%,9.10%,
106/07/25,-3,0,24,21,15649,5,1026,16680,8.27%,8.82%,
106/07/24,-2,0,10,8,15652,5,1002,16659,8.27%,8.80%,
106/07/21,11,0,-16,-5,15638,5,992,16635,8.26%,8.79%,
106/07/20,-2,0,-118,-120,15627,5,1008,16640,8.26%,8.80%,
106/07/19,-70,0,-160,-230,15425,5,1126,16556,8.15%,8.75%,
106/07/18,187,0,394,581,15945,5,1286,17236,8.43%,9.11%,
106/07/17,45,0,16,61,15758,5,892,16655,8.33%,8.80%,
106/07/14,73,0,-17,56,15975,5,876,16856,8.44%,8.91%,
106/07/13,310,0,114,424,15872,5,893,16770,8.39%,8.86%,
106/07/12,302,0,-78,224,15532,5,779,16316,8.21%,8.62%,
106/07/11,60,0,4,64,15230,5,857,16092,8.05%,8.51%,
106/07/10,286,0,-59,227,15170,5,853,16028,8.02%,8.47%,
106/07/07,52,0,-66,-14,13747,5,912,14664,7.26%,7.74%,
106/07/06,846,0,-166,680,13695,5,978,14678,7.24%,7.76%,
106/07/05,-474,0,234,-240,12617,5,1144,13766,6.67%,7.28%,
106/07/04,-401,0,44,-357,13091,5,910,14006,6.92%,7.40%,
106/07/03,-316,0,-56,-372,13492,5,866,14363,7.13%,7.59%,
106/06/30,-37,1,-18,-54,13854,5,922,14781,7.32%,7.81%,
106/06/29,5,0,20,25,13923,0,940,14863,7.36%,7.86%,
106/06/28,4,0,-86,-82,13918,0,920,14838,7.35%,7.84%,
106/06/27,-85,0,78,-7,13914,0,1006,14920,7.35%,7.88%,
106/06/26,-171,0,-14,-185,13915,0,928,14843,7.35%,7.84%,
106/06/23,5,0,-147,-142,14086,0,942,15028,7.44%,7.94%,
106/06/22,-92,0,218,126,14606,0,1089,15695,7.72%,8.30%,
106/06/21,63,0,10,73,14688,0,871,15559,7.76%,8.22%,
106/06/20,-138,0,-27,-165,14672,0,861,15533,7.75%,8.21%,
106/06/19,114,0,165,279,14803,0,888,15691,7.82%,8.29%,
106/06/16,409,0,-55,354,14679,0,723,15402,7.76%,8.14%,
106/06/15,172,0,1,173,14406,0,778,15184,7.61%,8.02%,
106/06/14,-28,0,-23,-51,14416,0,777,15193,7.62%,8.03%,
106/06/13,174,0,37,211,14444,0,800,15244,7.63%,8.05%,
106/06/12,440,0,-5,435,14284,0,763,15047,7.55%,7.95%,
106/06/09,-65,0,31,-34,13944,0,768,14712,7.37%,7.78%,
106/06/08,40,0,30,70,13909,0,737,14646,7.35%,7.74%,
106/06/07,110,0,2,112,13869,0,707,14576,7.33%,7.70%,
106/06/06,82,-22,3,63,13793,0,705,14498,7.29%,7.66%,
106/06/05,257,-15,-109,133,13711,0,702,14413,7.24%,7.61%,
106/06/03,-1,0,351,350,13454,0,811,14265,7.11%,7.54%,
106/06/02,446,0,89,535,13455,0,460,13915,7.11%,7.35%,
106/06/01,142,0,21,163,13019,0,371,13390,6.88%,7.08%,
106/05/31,106,0,-11,95,12877,0,350,13227,6.80%,6.99%,
106/05/26,41,0,-33,8,12761,0,361,13122,6.74%,6.93%,
106/05/25,-82,0,33,-49,12974,0,394,13368,6.86%,7.07%,
106/05/24,-134,0,-53,-187,13056,0,361,13417,6.90%,7.09%,
106/05/23,-51,0,85,34,13490,0,414,13904,7.13%,7.35%,
106/05/22,-17,0,8,-9,13141,0,329,13470,6.94%,7.11%,
106/05/19,-86,0,4,-82,13158,0,321,13479,6.95%,7.12%,
106/05/18,-27,0,-18,-45,13249,0,317,13566,7.00%,7.17%,
106/05/17,24,0,22,46,13255,0,335,13590,7.00%,7.18%,
106/05/16,-165,0,6,-159,13231,0,313,13544,6.99%,7.16%,
106/05/15,18,0,3,21,13230,0,307,13537,6.99%,7.15%,
106/05/12,70,0,3,73,13212,0,304,13516,6.98%,7.14%,
106/05/11,-9,0,2,-7,13232,0,301,13533,6.99%,7.15%,
106/05/10,96,0,5,101,13241,0,299,13540,7.00%,7.16%,
106/05/09,-128,0,-9,-137,13145,0,294,13439,6.95%,7.11%,
106/05/08,-4,0,12,8,13353,0,303,13656,7.06%,7.22%,
106/05/05,-112,0,-30,-142,13458,0,291,13749,7.11%,7.26%,
106/05/04,335,0,47,382,13570,0,321,13891,7.17%,7.34%,
106/05/03,52,0,11,63,13225,0,274,13499,6.99%,7.13%,
106/05/02,23,0,-20,3,13165,0,263,13428,6.96%,7.10%,
106/04/28,-99,0,11,-88,13142,0,283,13425,6.94%,7.09%,
106/04/27,-307,0,-93,-400,13241,0,272,13513,7.00%,7.14%,
106/04/26,-406,0,77,-329,13355,0,365,13720,7.06%,7.25%,
106/04/25,-201,0,5,-196,13698,0,288,13986,7.24%,7.39%,
106/04/24,27,0,17,44,13899,0,283,14182,7.34%,7.49%,
106/04/21,-409,0,-9,-418,13872,0,266,14138,7.33%,7.47%,
106/04/20,-224,0,1,-223,14188,0,275,14463,7.50%,7.65%,
106/04/19,-269,0,7,-262,14306,0,274,14580,7.56%,7.70%,
106/04/18,158,0,5,163,14370,0,267,14637,7.59%,7.73%,
106/04/17,-17,0,-11,-28,14146,0,262,14408,7.47%,7.61%,
106/04/14,44,-1,-25,18,14163,0,273,14436,7.48%,7.62%,
106/04/13,469,0,-55,414,14179,0,298,14477,7.49%,7.65%,
106/04/12,-49,-17,-119,-185,13690,0,353,14043,7.23%,7.42%,
106/04/11,-127,-38,-37,-202,13739,0,472,14211,7.26%,7.51%,
106/04/10,1,0,-210,-209,13890,5,509,14404,7.34%,7.61%,
106/04/07,-377,0,-34,-411,14500,5,719,15224,7.66%,8.04%,
106/04/06,243,0,-236,7,15112,5,753,15870,7.99%,8.39%,
106/04/05,112,0,326,438,15083,5,989,16077,7.97%,8.50%,
106/03/31,588,0,2,590,15520,5,663,16188,8.20%,8.55%,
106/03/30,547,0,51,598,15089,0,661,15750,7.97%,8.32%,
106/03/29,19,0,7,26,14442,0,610,15052,7.63%,7.95%,
106/03/28,164,-140,-30,-6,14423,0,603,15026,7.62%,7.94%,
106/03/27,-6,0,-101,-107,14259,0,633,14892,7.53%,7.86%,
106/03/24,-153,0,-195,-348,14265,0,734,14999,7.54%,7.93%,
106/03/23,-73,0,158,85,14418,0,929,15347,7.62%,8.11%,
106/03/22,-54,0,-148,-202,14490,0,771,15261,7.66%,8.07%,
106/03/21,-477,-4,-40,-521,14544,0,919,15463,7.69%,8.18%,
106/03/20,-130,-4,333,199,14895,0,959,15854,7.87%,8.38%,
106/03/17,-1033,0,-11,-1044,15910,0,626,16536,8.41%,8.74%,
106/03/16,-514,0,-13,-527,16943,0,637,17580,8.95%,9.29%,
106/03/15,-531,0,-71,-602,17452,0,650,18102,9.22%,9.56%,
106/03/14,-413,0,-26,-439,18000,0,721,18721,9.51%,9.89%,
106/03/13,-194,0,92,-102,18467,0,747,19214,9.76%,10.15%,
106/03/10,-293,-151,-72,-516,18651,0,655,19306,9.86%,10.21%,
106/03/09,-665,0,-11,-676,18944,0,727,19671,10.01%,10.39%,
106/03/08,-1008,-388,-80,-1476,19581,0,738,20319,10.35%,10.74%,
106/03/07,-814,0,0,-814,20589,0,818,21407,10.88%,11.31%,
106/03/06,-452,0,-37,-489,21593,0,818,22411,11.41%,11.84%,
106/03/03,-844,0,-182,-1026,21842,0,855,22697,11.54%,11.99%,
106/03/02,-651,0,115,-536,22676,0,1038,23714,11.99%,12.54%,
106/03/01,-119,0,-107,-226,23347,0,923,24270,12.34%,12.83%,
106/02/24,-340,-208,-61,-609,23466,0,1030,24496,12.40%,12.94%,
106/02/23,-98,0,-1192,-1290,23802,0,1091,24893,12.58%,13.16%,
106/02/22,-97,0,1312,1215,23900,0,2283,26183,12.63%,13.84%,
106/02/21,64,0,-239,-175,24187,0,971,25158,12.78%,13.29%,
106/02/20,285,0,-44,241,24123,0,1210,25333,12.75%,13.39%,
106/02/18,0,0,-124,-124,24143,0,1254,25397,12.76%,13.42%,
106/02/17,93,0,-897,-804,24143,0,1378,25521,12.76%,13.49%,
106/02/16,-165,0,875,710,23862,0,2275,26137,12.61%,13.81%,
106/02/15,180,0,-119,61,24027,0,1400,25427,12.70%,13.44%,
106/02/14,-211,0,-741,-952,23975,0,1519,25494,12.67%,13.47%,
106/02/13,-35,0,728,693,23955,0,2260,26215,12.66%,13.86%,
106/02/10,-1,-167,-163,-331,23507,0,1532,25039,12.42%,13.23%,
106/02/09,64,0,-212,-148,24283,0,1695,25978,12.84%,13.74%,
106/02/08,-384,-90,-205,-679,24219,0,1907,26126,12.80%,13.81%,
106/02/07,-404,0,-382,-786,24604,4,2112,26720,13.00%,14.12%,
106/02/06,-1137,0,170,-967,25083,4,2494,27581,13.26%,14.58%,
106/02/03,652,4,693,1349,26170,4,2324,28498,13.83%,15.06%,
106/02/02,25,0,10,35,25508,0,1631,27139,13.48%,14.34%,
106/01/24,451,-500,-162,-211,25483,0,1621,27104,13.47%,14.33%,
106/01/23,181,-500,-27,-346,25532,365,1783,27680,13.50%,14.64%,
106/01/20,463,0,-2,461,25351,865,1810,28026,13.40%,14.81%,
106/01/19,377,0,-143,234,24779,865,1812,27456,13.10%,14.52%,
106/01/18,-15,0,-182,-197,24259,865,1955,27079,12.82%,14.31%,
106/01/17,113,0,-190,-77,23913,865,2137,26915,12.64%,14.23%,
106/01/16,-205,0,-171,-376,23800,865,2327,26992,12.58%,14.27%,
106/01/13,539,86,605,1230,24005,865,2498,27368,12.69%,14.47%,
106/01/12,603,0,40,643,23776,779,1893,26448,12.57%,13.98%,
106/01/11,335,0,-208,127,23122,779,1853,25754,12.22%,13.61%,
106/01/10,1344,0,254,1598,23072,779,2061,25912,12.19%,13.69%,
106/01/09,-124,0,-20,-144,21758,779,1807,24344,11.50%,12.87%,
106/01/06,-135,7,-37,-165,21932,779,1827,24538,11.59%,12.97%,
106/01/05,4,8,-227,-215,21987,772,1864,24623,11.62%,13.01%,
106/01/04,167,0,106,273,21903,764,2091,24758,11.58%,13.09%,
106/01/03,139,0,53,192,21636,764,1985,24385,11.44%,12.89%,
105/12/30,46,0,-156,-110,21497,764,1932,24193,11.36%,12.79%,
105/12/29,203,0,177,380,21451,764,2088,24303,11.34%,12.85%,
105/12/28,30,0,-53,-23,21311,764,1911,23986,11.26%,12.67%,
105/12/27,-95,0,-44,-139,21275,764,1964,24003,11.24%,12.68%,
105/12/26,-91,0,2,-89,21326,764,2008,24098,11.27%,12.74%,
105/12/23,-488,0,-71,-559,21395,764,2006,24165,11.31%,12.77%,
105/12/22,-65,0,-6,-71,21641,764,2077,24482,11.44%,12.94%,
105/12/21,171,0,58,229,21557,764,2083,24404,11.39%,12.90%,
105/12/20,74,-104,-114,-144,21386,764,2025,24175,11.30%,12.77%,
105/12/19,-134,-105,-63,-302,21312,868,2139,24319,11.26%,12.85%,
105/12/16,-108,-122,98,-132,21446,973,2202,24621,11.33%,13.01%,
105/12/15,-47,0,-16,-63,21554,1095,2104,24753,11.39%,13.08%,
105/12/14,-304,-228,-3,-535,21600,1095,2120,24815,11.42%,13.12%,
105/12/13,-202,0,-73,-275,21862,1323,2123,25308,11.55%,13.37%,
105/12/12,-99,0,152,53,22035,1323,2196,25554,11.65%,13.51%,
105/12/09,178,0,-104,74,22124,1323,2044,25491,11.69%,13.47%,
105/12/08,-488,0,51,-437,21946,1323,2148,25417,11.60%,13.44%,
105/12/07,-229,0,55,-174,22434,1323,2097,25854,11.86%,13.67%,
105/12/06,-1109,0,-101,-1210,22663,1323,2042,26028,11.98%,13.76%,
105/12/05,-305,0,39,-266,23672,1323,2143,27138,12.51%,14.34%,
105/12/02,-189,0,-99,-288,23664,1323,2104,27091,12.51%,14.32%,
105/12/01,-551,0,-102,-653,23844,1323,2203,27370,12.60%,14.46%,
105/11/30,-501,0,-430,-931,24518,1323,2305,28146,12.96%,14.88%,
105/11/29,-1990,0,530,-1460,24873,1323,2735,28931,13.15%,15.30%,
105/11/28,441,0,41,482,26931,1323,2205,30459,14.24%,16.11%,
105/11/25,-207,0,59,-148,26360,1323,2164,29847,13.93%,15.77%,
105/11/24,-190,0,-33,-223,26567,1323,2105,29995,14.04%,15.85%,
105/11/23,-322,0,0,-322,26757,1323,2138,30218,14.14%,15.97%,
105/11/22,-457,0,-142,-599,27078,1323,2138,30539,14.31%,16.14%,
105/11/21,-1400,0,342,-1058,27505,1323,2280,31108,14.54%,16.45%,
105/11/18,-1122,0,52,-1070,28855,1323,1938,32116,15.25%,16.97%,
105/11/17,-235,0,15,-220,29827,1323,1886,33036,15.77%,17.47%,
105/11/16,-1416,0,-236,-1652,30052,1323,1871,33246,15.89%,17.58%,
105/11/15,595,-32,457,1020,31378,1323,2107,34808,16.59%,18.40%,
105/11/14,-190,-40,45,-185,30783,1355,1650,33788,16.27%,17.86%,
105/11/11,-342,-215,-57,-614,30973,1395,1605,33973,16.37%,17.96%,
105/11/10,-1172,-165,33,-1304,31385,1610,1662,34657,16.59%,18.32%,
105/11/09,-177,-463,86,-554,32557,1775,1629,35961,17.21%,19.01%,
105/11/08,-53,-346,10,-389,32734,2238,1543,36515,17.30%,19.30%,
105/11/07,74,0,22,96,32787,2584,1533,36904,17.33%,19.51%,
105/11/04,1054,-56,-19,979,32713,2584,1511,36808,17.29%,19.46%,
105/11/03,-595,-537,-109,-1241,31659,2640,1530,35829,16.74%,18.94%,
105/11/02,218,-57,14,175,32224,3177,1639,37040,17.03%,19.58%,
105/11/01,-536,-120,-3,-659,32106,3234,1625,36965,16.97%,19.54%,
105/10/31,180,-120,24,84,32722,3354,1628,37704,17.30%,19.93%,
105/10/28,-495,0,19,-476,32542,3474,1604,37620,17.20%,19.89%,
105/10/27,-289,0,1,-288,33037,3474,1585,38096,17.46%,20.14%,
105/10/26,-270,0,-34,-304,33326,3474,1584,38384,17.62%,20.29%,
105/10/25,-143,0,-9,-152,33296,3474,1618,38388,17.60%,20.29%,
105/10/24,-780,0,-14,-794,33939,3474,1627,39040,17.94%,20.64%,
105/10/21,-148,-5,14,-139,34704,3474,1641,39819,18.35%,21.05%,
105/10/20,-1331,-4,-139,-1474,34798,3479,1627,39904,18.39%,21.09%,
105/10/19,1007,0,80,1087,36119,3483,1766,41368,19.09%,21.87%,
105/10/18,-589,0,-122,-711,35348,3483,1686,40517,18.69%,21.42%,
105/10/17,-570,-66,21,-615,35937,3483,1808,41228,19.00%,21.80%,
105/10/14,-98,-86,67,-117,36497,3549,1787,41833,19.29%,22.11%,
105/10/13,293,-105,78,266,36654,3635,1720,42009,19.38%,22.21%,
105/10/12,-600,-193,14,-779,36361,3740,1642,41743,19.22%,22.07%,
105/10/11,-38,-328,-361,-727,36723,3933,1628,42284,19.41%,22.35%,
105/10/07,-239,-105,-242,-586,36761,4261,1989,43011,19.43%,22.73%,
105/10/06,211,-34,-82,95,36946,4366,2231,43543,19.53%,23.02%,
105/10/05,-202,0,57,-145,36687,4400,2313,43400,19.39%,22.94%,
105/10/04,269,0,196,465,36889,4400,2256,43545,19.50%,23.02%,
105/10/03,-58,-40,-16,-114,36521,4400,2060,42981,19.31%,22.73%,
105/09/30,193,-117,-48,28,36807,4440,2076,43323,19.46%,22.91%,
105/09/29,-677,-325,-120,-1122,36771,4670,2124,43565,19.44%,23.03%,
105/09/26,-357,0,3,-354,37191,4995,2244,44430,19.66%,23.49%,
105/09/23,491,-323,56,224,37328,4995,2241,44564,19.73%,23.56%,
105/09/22,-2,-787,31,-758,36835,5318,2185,44338,19.47%,23.44%,
105/09/21,-47,-324,-42,-413,36837,6105,2154,45096,19.47%,23.84%,
105/09/20,-644,0,34,-610,36940,6429,2196,45565,19.53%,24.09%,
105/09/19,-249,-60,159,-150,37234,6429,2162,45825,19.68%,24.22%,
105/09/14,-391,0,-3,-394,37473,6489,2003,45965,19.81%,24.30%,
105/09/13,-288,-318,-178,-784,37864,6489,2006,46359,20.02%,24.51%,
105/09/12,-1113,-408,-27,-1548,38152,6807,2184,47143,20.17%,24.92%,
105/09/10,0,-265,-68,-333,39255,7215,2211,48681,20.75%,25.73%,
105/09/09,7,-12,-40,-45,39255,7480,2279,49014,20.75%,25.91%,
105/09/08,-650,-90,-223,-963,39225,7492,2319,49036,20.74%,25.93%,
105/09/07,-48,-45,-685,-778,39865,7582,2542,49989,21.07%,26.42%,
105/09/06,252,0,-9,243,40001,7627,3227,50855,21.15%,26.89%,
105/09/05,394,-118,102,378,39749,7627,3236,50612,21.01%,26.75%,
105/09/02,46,-812,-294,-1060,39355,7745,3134,50234,20.80%,26.55%,
105/09/01,34,-282,-692,-940,39446,8557,3428,51431,20.85%,27.19%,
105/08/31,-557,-220,582,-195,39402,8839,4120,52361,20.83%,27.68%,
105/08/30,-954,-371,-2,-1327,40079,9059,3538,52676,21.18%,27.84%,
105/08/29,-1509,-123,-746,-2378,40548,9430,3540,53518,21.43%,28.29%,
105/08/26,1734,-100,1153,2787,42047,9553,4286,55886,22.23%,29.55%,
105/08/25,269,-257,-188,-176,40363,9653,3133,53149,21.34%,28.10%,
105/08/24,248,-385,10,-127,39995,9910,3321,53226,21.14%,28.14%,
105/08/23,-876,0,-76,-952,39852,10295,3311,53458,21.06%,28.25%,
105/08/22,1437,-262,341,1516,40728,10295,3387,54410,21.53%,28.76%,
105/08/19,148,-178,-165,-195,39281,10557,3046,52884,20.76%,27.95%,
105/08/18,-87,-127,-67,-281,39411,10735,3211,53357,20.83%,28.20%,
105/08/17,-383,-123,-512,-1018,39498,10862,3278,53638,20.88%,28.36%,
105/08/16,-691,872,163,344,39884,10985,3790,54659,21.08%,28.89%,
105/08/15,1769,100,-372,1497,40575,10113,3627,54315,21.45%,28.71%,
105/08/12,2641,-596,669,2714,38966,10013,3999,52978,20.60%,28.01%,
105/08/11,-494,-1145,-146,-1785,36325,10609,3330,50264,19.20%,26.57%,
105/08/10,-4175,-58,384,-3849,36702,11754,3476,51932,19.40%,27.45%,
105/08/09,-566,-907,-244,-1717,40727,11812,3092,55631,21.53%,29.41%,
105/08/08,-1717,-94,-179,-1990,40893,12719,3336,56948,21.61%,30.10%,
105/08/05,4172,-166,-326,3680,42392,12813,3515,58720,22.41%,31.04%,
105/08/04,4050,349,-349,4050,38059,12979,3841,54879,20.12%,29.01%,
105/08/03,-499,730,222,453,33911,12630,4190,50731,17.92%,26.81%,
105/08/02,-1740,2092,-158,194,33590,11900,3968,49458,17.75%,26.14%,
105/08/01,-7,1471,91,1555,34860,9808,4126,48794,18.43%,25.80%,
105/07/29,-372,834,-140,322,34482,8337,4035,46854,18.23%,24.77%,
105/07/28,-193,0,-450,-643,34669,7503,4175,46347,18.32%,24.49%,
105/07/27,-388,0,15,-373,34845,7503,4625,46973,18.42%,24.83%,
105/07/26,-94,-235,46,-283,35201,7503,4610,47314,18.61%,25.01%,
105/07/25,-275,-130,-283,-688,35295,7738,4564,47597,18.66%,25.16%,
105/07/22,-125,24,736,635,35570,7868,4847,48285,18.80%,25.52%,
105/07/21,-259,-147,412,6,35695,7844,4111,47650,18.87%,25.19%,
105/07/20,-65,-462,362,-165,35954,7991,3699,47644,19.00%,25.18%,
105/07/19,-556,-131,-100,-787,36020,8453,3337,47810,19.04%,25.27%,
105/07/18,-283,-377,337,-323,36576,8584,3437,48597,19.33%,25.69%,
105/07/15,-1007,180,78,-749,36809,8961,3100,48870,19.46%,25.84%,
105/07/14,-236,-82,560,242,37816,8781,3022,49619,19.99%,26.23%,
105/07/13,142,-150,98,90,38132,8863,2462,49457,20.16%,26.15%,
105/07/12,38,-163,-57,-182,37970,9013,2364,49347,20.07%,26.09%,
105/07/11,-356,-18,227,-147,37932,9176,2421,49529,20.05%,26.18%,
105/07/07,549,-1106,-272,-829,38288,9194,2194,49676,20.24%,26.26%,
105/07/06,-202,-159,-64,-425,37739,10300,2466,50505,19.95%,26.70%,
105/07/05,-219,-57,45,-231,37951,10459,2530,50940,20.06%,26.93%,
105/07/04,-24,143,-30,89,38170,10516,2485,51171,20.18%,27.05%,
105/07/01,-1068,-13,-82,-1163,38194,10373,2515,51082,20.19%,27.00%,
105/06/30,-281,753,188,660,39262,10386,2597,52245,20.75%,27.61%,
105/06/29,-711,50,213,-448,39543,7397,2409,49349,20.90%,26.08%,
105/06/28,208,-269,-178,-239,40254,7347,2196,49797,21.28%,26.33%,
105/06/27,191,-300,51,-58,40046,7616,2374,50036,21.17%,26.45%,
105/06/24,-944,-63,-185,-1192,39855,7916,2323,50094,21.07%,26.48%,
105/06/23,1305,0,115,1420,40799,7979,2508,51286,21.57%,27.11%,
105/06/22,659,285,-90,854,39493,7979,2393,49865,20.88%,26.36%,
105/06/21,-2189,120,87,-1982,38824,7694,2483,49001,20.52%,25.90%,
105/06/20,1931,491,-116,2306,41013,7574,2396,50983,21.68%,26.95%,
105/06/17,963,0,-229,734,39092,7083,2512,48687,20.66%,25.73%,
105/06/16,2296,-148,308,2456,38129,7083,2741,47953,20.15%,25.34%,
105/06/15,-409,-75,-181,-665,35833,7231,2433,45497,18.94%,24.05%,
105/06/14,-164,0,-34,-198,36242,7306,2614,46162,19.16%,24.40%,
105/06/13,616,10,-31,595,36406,7306,2648,46360,19.24%,24.50%,
105/06/08,-1148,-437,10,-1575,35790,7296,2679,45765,18.92%,24.19%,
105/06/07,-2,46,184,228,36928,7733,2669,47330,19.52%,25.02%,
105/06/06,571,120,-192,499,36931,7687,2485,47103,19.52%,24.90%,
105/06/04,677,-265,271,683,36359,7567,2677,46603,19.22%,24.64%,
105/06/03,573,0,-156,417,35682,7832,2406,45920,18.86%,24.27%,
105/06/02,1013,-35,310,1288,35109,7832,2562,45503,18.56%,24.06%,
105/06/01,450,-105,159,504,34126,7867,2252,44245,18.04%,23.39%,
105/05/31,-779,64,-123,-838,33696,7972,2093,43761,17.81%,23.13%,
105/05/30,1476,-16,283,1743,34465,7908,2216,44589,18.22%,23.57%,
105/05/27,111,80,-568,-377,32989,7924,1933,42846,17.44%,22.65%,
105/05/26,3206,120,445,3771,32868,7844,2501,43213,17.37%,22.84%,
105/05/25,701,-492,-404,-195,29662,7724,2056,39442,15.68%,20.85%,
105/05/24,276,-205,305,376,28961,8216,2460,39637,15.31%,20.95%,
105/05/23,-271,-316,684,97,28566,8421,2155,39142,15.10%,20.69%,
105/05/20,991,30,309,1330,28837,8737,1471,39045,15.24%,20.64%,
105/05/19,1736,0,-28,1708,27846,8707,1162,37715,14.72%,19.94%,
105/05/18,461,-271,51,241,26110,8707,1190,36007,13.80%,19.03%,
105/05/17,-320,-1439,19,-1740,25649,8978,1139,35766,13.56%,18.91%,
105/05/16,-264,438,293,467,26078,10417,1120,37615,13.78%,19.88%,
105/05/13,535,104,167,806,26342,9979,827,37148,13.92%,19.63%,
105/05/12,1298,61,-309,1050,25807,9875,660,36342,13.64%,19.21%,
105/05/11,976,1371,139,2486,24509,9814,969,35292,12.95%,18.65%,
105/05/10,919,1494,299,2712,23533,8443,830,32806,12.44%,17.34%,
105/05/09,-483,315,79,-89,22614,6949,531,30094,11.95%,15.90%,
105/05/06,-516,540,20,44,23097,6634,452,30183,12.21%,15.96%,
105/05/05,-99,100,180,181,23603,6094,432,30129,12.47%,15.92%,
105/05/04,-207,-300,-124,-631,23689,5994,252,29935,12.52%,15.82%,
105/05/03,-533,-166,25,-674,23876,6294,376,30546,12.62%,16.15%,
105/04/29,774,-935,-15,-176,24325,6460,351,31136,12.86%,16.46%,
105/04/28,109,-1331,-247,-1469,23551,7395,366,31312,12.45%,16.55%,
105/04/27,-171,-303,-49,-523,23442,8726,613,32781,12.39%,17.33%,
105/04/26,-316,-475,-98,-889,23613,9029,662,33304,12.48%,17.60%,
105/04/25,-389,-96,-40,-525,23929,9504,760,34193,12.65%,18.08%,
105/04/22,-274,-491,9,-756,24306,9600,800,34706,12.85%,18.35%,
105/04/21,-67,-171,-22,-260,24580,10091,791,35462,12.99%,18.74%,
105/04/20,-55,0,-221,-276,24647,10262,813,35722,13.03%,18.89%,
105/04/19,-49,110,406,467,24702,10262,1034,35998,13.05%,19.02%,
105/04/18,51,-90,-7,-46,24751,10152,628,35531,13.08%,18.78%,
105/04/15,-37,-847,-95,-979,24700,10242,635,35577,13.05%,18.80%,
105/04/14,-154,-1,-3,-158,24737,11089,730,36556,13.07%,19.32%,
105/04/13,-293,-402,77,-618,25022,11090,733,36845,13.22%,19.47%,
105/04/12,-749,53,-15,-711,25315,11492,656,37463,13.38%,19.80%,
105/04/11,-1467,231,169,-1067,26064,11439,671,38174,13.78%,20.18%,
105/04/08,-310,1199,157,1046,27531,11208,502,39241,14.55%,20.74%,
105/04/07,-376,-30,50,-356,27842,10009,345,38196,14.71%,20.18%,
105/04/06,-385,0,3,-382,28218,10039,295,38552,14.91%,20.37%,
105/04/01,77,-192,-65,-180,28603,10039,292,38934,15.12%,20.58%,
105/03/31,-375,-270,-4,-649,28526,10231,357,39114,15.08%,20.68%,
105/03/30,189,-40,4,153,28901,11963,361,41225,15.27%,21.79%,
105/03/29,441,-43,-37,361,28712,12003,357,41072,15.17%,21.70%,
105/03/28,201,-292,-24,-115,28271,12046,394,40711,14.94%,21.52%,
105/03/25,1,-88,109,22,28070,12338,418,40826,14.84%,21.58%,
105/03/24,85,0,9,94,28069,12426,309,40804,14.83%,21.56%,
105/03/23,-110,61,-14,-63,27984,12426,300,40710,14.79%,21.52%,
105/03/22,-897,40,33,-824,28094,12365,314,40773,14.85%,21.55%,
105/03/21,-1803,520,127,-1156,28921,12325,281,41527,15.29%,21.95%,
105/03/18,1687,-133,-49,1505,30724,11805,154,42683,16.24%,22.56%,
105/03/17,504,-675,-653,-824,29037,11938,203,41178,15.35%,21.77%,
105/03/16,1730,-360,-218,1152,28533,12613,856,42002,15.08%,22.20%,
105/03/15,-1988,-219,-829,-3036,27403,12973,1074,41450,14.48%,21.91%,
105/03/14,-1010,-32,284,-758,28750,13192,1903,43845,15.20%,23.18%,
105/03/11,-195,215,152,172,29760,13224,1619,44603,15.73%,23.58%,
105/03/10,337,-160,357,534,30255,13009,1467,44731,15.99%,23.64%,
105/03/09,-1901,-114,25,-1990,29918,13169,1110,44197,15.81%,23.36%,
105/03/08,318,0,-134,184,31819,13283,1085,46187,16.82%,24.42%,
105/03/07,-212,-400,-511,-1123,31501,13283,1219,46003,16.65%,24.32%,
105/03/04,-596,245,19,-332,31763,13683,1730,47176,16.79%,24.94%,
105/03/03,-466,-277,-153,-896,32359,13438,1711,47508,17.10%,25.11%,
105/03/02,-1656,61,-129,-1724,32825,13715,1864,48404,17.35%,25.59%,
105/03/01,-1697,411,253,-1033,34481,13654,1993,50128,18.23%,26.50%,
105/02/26,4523,2534,53,7110,36178,13243,1740,51161,19.12%,27.04%,
105/02/25,932,277,-183,1026,31656,10709,1687,44052,16.73%,23.28%,
105/02/24,-167,43,36,-88,30724,10432,1870,43026,16.24%,22.74%,
105/02/23,414,748,-439,723,30891,10389,1834,43114,16.33%,22.79%,
105/02/22,-610,681,-149,-78,30467,9641,2273,42381,16.10%,22.40%,
105/02/19,1983,820,108,2911,31077,8960,2422,42459,16.43%,22.45%,
105/02/18,-574,733,326,485,29136,8140,2314,39590,15.40%,20.93%,
105/02/17,280,0,209,489,29710,7407,1988,39105,15.70%,20.67%,
105/02/16,4376,660,-891,4145,29420,7407,1779,38606,15.55%,20.41%,
105/02/15,1795,2075,441,4311,25022,6747,2670,34439,13.22%,18.20%,
105/02/03,-469,50,1573,1154,23227,4672,2229,30128,12.27%,15.92%,
105/02/02,-117,-289,-50,-456,23688,4622,656,28966,12.52%,15.31%,
105/02/01,168,169,-27,310,24027,4911,706,29644,12.70%,15.67%,
105/01/30,1,-512,51,-460,23859,4742,733,29334,12.61%,15.50%,
105/01/29,65,-60,71,76,23858,5254,682,29794,12.61%,15.75%,
105/01/28,53,-624,195,-376,23793,5314,611,29718,12.57%,15.70%,
105/01/27,218,-673,-118,-573,23840,5938,416,30194,12.60%,15.96%,
105/01/26,-428,-591,-7,-1026,23522,6611,534,30667,12.43%,16.21%,
105/01/25,166,-623,29,-428,23984,7202,541,31727,12.68%,16.77%,
105/01/22,-803,-198,-60,-1061,23818,7825,512,32155,12.59%,17.00%,
105/01/21,966,-346,-60,560,24621,8023,572,33216,13.01%,17.55%,
105/01/20,808,-235,-142,431,23645,8369,632,32646,12.50%,17.26%,
105/01/19,-1794,239,337,-1218,22860,8604,774,32238,12.08%,17.04%,
105/01/18,563,0,136,699,24528,8365,437,33330,12.96%,17.61%,
105/01/15,95,-10,-107,-22,23955,8365,301,32621,12.66%,17.24%,
105/01/14,-107,0,-38,-145,23860,8375,408,32643,12.61%,17.25%,
105/01/13,2456,-100,-35,2321,23957,8375,446,32778,12.66%,17.32%,
105/01/12,916,-100,-212,604,21501,8475,481,30457,11.36%,16.10%,
105/01/11,-170,20,143,-7,20285,8575,693,29553,10.72%,15.62%,
105/01/08,1248,-225,139,1162,20324,8555,550,29429,10.74%,15.55%,
105/01/07,-415,584,59,228,19066,8780,411,28257,10.07%,14.93%,
105/01/06,540,465,-88,917,19436,8196,352,27984,10.27%,14.79%,
105/01/05,-1221,439,-186,-968,18896,7731,440,27067,9.99%,14.31%,
105/01/04,2134,956,-191,2899,20117,7292,626,28035,10.63%,14.82%,
104/12/31,969,296,-87,1178,18107,6336,817,25260,9.57%,13.35%,
104/12/30,1372,548,-62,1858,17138,8108,904,26150,9.06%,13.82%,
104/12/29,902,1640,3,2545,15766,7560,966,24292,8.33%,12.84%,
104/12/28,-192,949,81,838,14864,5920,963,21747,7.85%,11.49%,
104/12/25,-218,1140,201,1123,15046,4971,882,20899,7.95%,11.04%,
104/12/24,-17,-250,61,-206,15274,3831,681,19786,8.07%,10.46%,
104/12/23,-10,0,15,5,15291,4081,620,19992,8.08%,10.57%,
104/12/22,22,0,4,26,15301,4081,605,19987,8.08%,10.56%,
104/12/21,-57,0,24,-33,15283,4081,601,19965,8.08%,10.56%,
104/12/18,129,0,-2,127,15340,4081,577,19998,8.11%,10.57%,
104/12/17,-135,0,-265,-400,15224,4081,579,19884,8.04%,10.50%,
104/12/16,56,0,-44,12,15317,4081,844,20242,8.09%,10.69%,
104/12/15,-129,0,-2,-131,15261,4081,888,20230,8.06%,10.69%,
104/12/14,18,0,-4,14,15390,4081,890,20361,8.13%,10.76%,
104/12/11,-308,0,-74,-382,15372,4081,894,20347,8.12%,10.75%,
104/12/10,-153,0,5,-148,15680,4081,968,20729,8.28%,10.95%,
104/12/09,-82,-95,-3,-180,15823,4081,963,20867,8.36%,11.03%,
104/12/08,-32,-84,-28,-144,15905,4176,966,21047,8.40%,11.12%,
104/12/07,80,-330,-143,-393,15937,4260,994,21191,8.42%,11.20%,
104/12/04,-29,-201,-41,-271,15847,4590,1137,21574,8.37%,11.40%,
104/12/03,-144,24,64,-56,15876,4791,1178,21845,8.39%,11.55%,
104/12/02,159,170,36,365,15870,4767,1114,21751,8.39%,11.50%,
104/12/01,60,24,-36,48,15701,4597,1078,21376,8.30%,11.30%,
104/11/30,52,0,-308,-256,15641,4573,1114,21328,8.26%,11.27%,
104/11/27,-22,-102,-58,-182,15589,4573,1422,21584,8.24%,11.41%,
104/11/26,100,0,19,119,15645,4675,1480,21800,8.27%,11.52%,
104/11/25,263,0,2,265,15545,4675,1461,21681,8.21%,11.45%,
104/11/24,193,0,-171,22,15282,4675,1459,21416,8.07%,11.31%,
104/11/23,-11,0,-2,-13,15089,4675,1630,21394,7.97%,11.30%,
104/11/20,26,210,33,269,15148,4675,1632,21455,8.00%,11.33%,
104/11/19,416,0,54,470,15122,4465,1599,21186,7.99%,11.20%,
104/11/18,169,0,89,258,14707,4465,1545,20717,7.77%,10.95%,
104/11/17,396,0,97,493,14528,4465,1456,20449,7.68%,10.81%,
104/11/16,75,0,-14,61,14132,4465,1359,19956,7.47%,10.55%,
104/11/13,74,588,13,675,14083,4465,1373,19921,7.44%,10.53%,
104/11/12,143,-303,49,-111,13967,3877,1360,19204,7.38%,10.15%,
104/11/11,147,-12,28,163,13786,4180,1311,19277,7.28%,10.18%,
104/11/10,246,-260,-323,-337,13639,4192,1283,19114,7.21%,10.10%,
104/11/09,-11,0,22,11,13497,4452,1606,19555,7.13%,10.33%,
104/11/06,216,0,95,311,13508,4452,1584,19544,7.14%,10.33%,
104/11/05,50,0,87,137,13293,4452,1489,19234,7.02%,10.16%,
104/11/04,174,255,8,437,13243,4452,1402,19097,7.00%,10.10%,
104/11/03,251,120,3,374,13069,4197,1394,18660,6.90%,9.86%,
104/11/02,137,0,46,183,12818,4077,1391,18286,6.77%,9.66%,
104/10/30,-196,354,25,183,12671,4077,1345,18093,6.69%,9.56%,
104/10/29,559,689,119,1367,12843,3723,1320,17886,6.78%,9.45%,
104/10/28,61,485,-21,525,12264,3034,1201,16499,6.48%,8.72%,
104/10/27,-133,71,-127,-189,12203,2549,1222,15974,6.45%,8.44%,
104/10/26,-17,92,268,343,12318,2478,1349,16145,6.51%,8.53%,
104/10/23,-272,0,406,134,12324,2386,1081,15791,6.51%,8.34%,
104/10/22,36,146,57,239,12577,2386,675,15638,6.64%,8.26%,
104/10/21,-79,0,-8,-87,12541,2240,618,15399,6.63%,8.14%,
104/10/20,-29,50,-53,-32,12620,2240,626,15486,6.67%,8.19%,
104/10/19,-106,0,2,-104,12675,2190,679,15544,6.70%,8.22%,
104/10/16,-172,349,26,203,12781,2190,677,15648,6.75%,8.27%,
104/10/15,-171,120,161,110,12953,1841,651,15445,6.84%,8.16%,
104/10/14,-97,1031,228,1162,13292,1721,490,15503,7.02%,8.19%,
104/10/13,-52,86,49,83,13379,690,262,14331,7.07%,7.57%,
104/10/12,-189,250,-5,56,13421,604,213,14238,7.09%,7.52%,
104/10/08,-166,106,6,-54,13610,354,218,14182,7.19%,7.49%,
104/10/07,-84,0,44,-40,13776,248,212,14236,7.28%,7.52%,
104/10/06,-56,0,15,-41,13860,248,168,14276,7.32%,7.54%,
104/10/05,-185,127,19,-39,13916,248,153,14317,7.35%,7.56%,
104/10/02,-32,109,35,112,14101,121,134,14356,7.45%,7.58%,
104/10/01,66,0,12,78,14133,12,99,14244,7.47%,7.53%,
104/09/30,87,0,-22,65,14067,12,87,14166,7.43%,7.48%,
104/09/25,92,0,-35,57,14014,54,109,14177,7.40%,7.49%,
104/09/24,-106,0,28,-78,13922,54,144,14120,7.36%,7.46%,
104/09/23,-136,0,0,-136,14028,54,116,14198,7.41%,7.50%,
104/09/22,35,0,63,98,14164,54,116,14334,7.48%,7.57%,
104/09/21,19,20,2,41,14129,54,53,14236,7.47%,7.53%,
104/09/18,-36,0,30,-6,14110,34,51,14195,7.45%,7.49%,
104/09/17,107,0,8,115,14146,34,21,14201,7.47%,7.50%,
104/09/16,5,0,2,7,14039,34,13,14086,7.42%,7.44%,
104/09/15,10,0,-7,3,14034,34,11,14079,7.41%,7.43%,
104/09/14,-60,0,-1,-61,14024,34,18,14076,7.41%,7.44%,
104/09/11,95,0,2,97,14084,34,19,14137,7.44%,7.47%,
104/09/10,28,0,0,28,13989,34,17,14040,7.39%,7.42%,
104/09/09,78,0,6,84,13961,34,17,14012,7.38%,7.41%,
104/09/08,90,0,2,92,13883,34,11,13928,7.33%,7.35%,
104/09/07,158,0,7,165,13793,34,9,13836,7.29%,7.31%,
104/09/04,23,0,-7,16,13635,34,2,13671,7.20%,7.22%,
104/09/03,83,0,0,83,13612,34,9,13655,7.19%,7.21%,
104/09/02,50,0,0,50,13529,34,9,13572,7.15%,7.17%,
104/09/01,93,-3,0,90,13479,34,9,13522,7.12%,7.14%,
104/08/31,11,-2,2,11,13386,37,9,13432,7.07%,7.09%,
104/08/28,161,0,4,165,13405,39,7,13451,7.08%,7.10%,
104/08/27,147,0,3,150,13234,39,3,13276,6.99%,7.01%,
104/08/26,-2,0,-1,-3,13087,39,0,13126,6.91%,6.93%,
104/08/25,56,0,-7,49,13089,39,0,13128,6.91%,6.93%,
104/08/24,-11,0,-12,-23,13033,39,4,13076,6.88%,6.90%,
104/08/21,-35,0,11,-24,13044,39,16,13099,6.89%,6.92%,
104/08/20,48,0,5,53,13069,39,5,13113,6.90%,6.92%,
104/08/19,-147,0,-10,-157,13021,39,0,13060,6.88%,6.90%,
104/08/18,-22,0,-1,-23,12968,39,10,13017,6.85%,6.88%,
104/08/17,-139,0,5,-134,12990,39,11,13040,6.86%,6.89%,
104/08/14,6,0,-3,3,13129,39,6,13174,6.93%,6.95%,
104/08/13,7,0,1,8,13109,39,9,13157,6.92%,6.95%,
104/08/12,-178,0,8,-170,13092,39,8,13139,6.92%,6.94%,
104/08/11,-233,0,-16,-249,13252,39,0,13291,7.00%,7.02%,
104/08/10,298,0,-1,297,13473,39,8,13520,7.12%,7.14%,
104/08/07,-115,0,-60,-175,13175,39,9,13223,6.96%,6.99%,
104/08/06,7,0,8,15,13254,39,69,13362,7.00%,7.06%,
104/08/05,87,0,12,99,13247,39,61,13347,7.00%,7.05%,
104/08/04,-25,0,-13,-38,13160,39,49,13248,6.95%,7.00%,
104/08/03,-158,0,-1,-159,13185,39,62,13286,6.96%,7.01%,
104/07/31,-15,0,-5,-20,13343,39,63,13445,7.05%,7.10%,
104/07/30,-20,0,-2,-22,13358,39,68,13465,7.06%,7.12%,
104/07/29,-9,0,2,-7,13378,39,70,13487,7.07%,7.13%,
104/07/28,-84,6,-18,-96,13387,39,68,13494,7.07%,7.13%,
104/07/27,-56,0,-2,-58,13471,33,86,13590,7.12%,7.18%,
104/07/24,-16,0,-8,-24,13527,33,88,13648,7.15%,7.21%,
104/07/23,126,0,31,157,13543,33,96,13672,7.15%,7.22%,
104/07/22,-53,0,4,-49,13417,33,65,13515,7.09%,7.14%,
104/07/21,-9,0,0,-9,13470,33,61,13564,7.11%,7.16%,
104/07/20,-171,0,5,-166,13479,33,61,13573,7.12%,7.17%,
104/07/17,-105,17,0,-88,13650,33,56,13739,7.21%,7.26%,
104/07/16,39,0,-33,6,13755,16,56,13827,7.27%,7.31%,
104/07/15,-13,3,-5,-15,13716,16,89,13821,7.25%,7.31%,
104/07/14,-64,0,76,12,13729,13,94,13836,7.25%,7.31%,
104/07/13,8,0,3,11,13793,13,18,13824,7.29%,7.31%,
104/07/09,183,0,15,198,13785,13,15,13813,7.28%,7.29%,
104/07/08,-157,0,-10,-167,13602,13,0,13615,7.18%,7.19%,
104/07/07,31,0,4,35,13759,13,6,13778,7.27%,7.28%,
104/07/06,-9,0,0,-9,13747,13,2,13762,7.26%,7.27%,
104/07/03,-80,0,-2,-82,13756,13,2,13771,7.27%,7.28%,
104/07/02,-224,0,1,-223,13900,13,4,13917,7.34%,7.35%,
104/07/01,-126,0,-1,-127,14041,13,3,14057,7.42%,7.43%,
104/06/30,-34,0,-2,-36,14167,13,4,14184,7.48%,7.49%,
104/06/29,-211,0,-7,-218,14201,0,6,14207,7.50%,7.50%,
104/06/26,-29,0,7,-22,14412,0,13,14425,7.61%,7.62%,
104/06/25,-1289,0,3,-1286,14554,0,6,14560,7.69%,7.69%,
104/06/24,-153,0,0,-153,15844,0,3,15847,8.37%,8.37%,
104/06/23,-129,0,0,-129,15894,0,3,15897,8.40%,8.40%,
104/06/22,-1,-5,2,-4,16158,0,3,16161,8.54%,8.54%,
104/06/18,92,0,-1,91,16159,0,1,16160,8.54%,8.54%,
104/06/17,-260,0,0,-260,16066,0,2,16068,8.49%,8.49%,
104/06/16,-33,0,1,-32,16448,0,2,16450,8.69%,8.69%,
104/06/15,-70,0,0,-70,16481,0,1,16482,8.71%,8.71%,
104/06/12,-22,0,-10,-32,16551,0,1,16552,8.74%,8.74%,
104/06/11,-90,0,11,-79,16573,0,11,16584,8.76%,8.77%,
104/06/10,1,0,-1,0,16663,0,0,16663,8.80%,8.80%,
104/06/09,-129,0,1,-128,16802,0,1,16803,8.88%,8.88%,
104/06/08,-184,0,-1,-185,16750,0,0,16750,8.85%,8.85%,
104/06/05,-70,-1,-3,-74,16934,0,0,16934,8.95%,8.95%,
104/06/04,-361,0,0,-361,17004,0,0,17004,8.98%,8.98%,
104/06/03,-303,0,-20,-323,17365,0,0,17365,9.17%,9.17%,
104/06/02,-244,0,6,-238,17443,0,13,17456,9.21%,9.22%,
104/06/01,-44,0,0,-44,17686,0,7,17693,9.34%,9.34%,
104/05/29,-163,0,-3,-166,17730,0,7,17737,9.37%,9.37%,
104/05/28,-41,-25,10,-56,17893,0,10,17903,9.45%,9.46%,
104/05/27,-306,0,-3,-309,17934,0,0,17934,9.47%,9.47%,
104/05/26,-179,0,-4,-183,18241,0,0,18241,9.64%,9.64%,
104/05/25,-13,0,-8,-21,18420,0,0,18420,9.73%,9.73%,
104/05/22,-153,0,-23,-176,18433,0,0,18433,9.74%,9.74%,
104/05/21,-363,0,-9,-372,18586,0,0,18586,9.82%,9.82%,
104/05/20,-191,0,-9,-200,18949,0,8,18957,10.01%,10.01%,
104/05/19,-30,0,-5,-35,19140,0,17,19157,10.11%,10.12%,
104/05/18,-206,0,-6,-212,19029,0,22,19051,10.05%,10.06%,
104/05/15,-15,0,-8,-23,19235,0,28,19263,10.16%,10.17%,
104/05/14,-232,0,15,-217,19250,0,36,19286,10.17%,10.19%,
104/05/13,148,0,-101,47,19482,0,21,19503,10.29%,10.30%,
104/05/12,92,0,0,92,19334,0,122,19456,10.21%,10.27%,
104/05/11,57,0,0,57,19242,0,122,19364,10.17%,10.23%,
104/05/08,97,0,46,143,19185,0,122,19307,10.14%,10.20%,
104/05/07,7,0,45,52,19088,0,76,19164,10.08%,10.12%,
104/05/06,102,0,14,116,19081,0,31,19112,10.08%,10.10%,
104/05/05,48,0,-10,38,18979,0,17,18996,10.03%,10.04%,
104/05/04,-45,0,7,-38,18931,0,27,18958,10.00%,10.01%,
104/04/30,49,0,-7,42,18976,0,20,18996,10.03%,10.04%,
104/04/29,3,0,14,17,18927,0,27,18954,10.00%,10.01%,
104/04/28,3,-1,-13,-11,18924,0,13,18937,10.00%,10.01%,
104/04/27,107,0,16,123,18921,1,26,18948,10.00%,10.01%,
104/04/24,215,0,0,215,18814,1,10,18825,9.94%,9.95%,
104/04/23,8,0,-13,-5,18599,1,10,18610,9.83%,9.84%,
104/04/22,41,0,1,42,18591,1,23,18615,9.82%,9.83%,
104/04/21,-10,0,4,-6,18550,1,22,18573,9.80%,9.81%,
104/04/20,106,1,-31,76,18560,1,18,18579,9.81%,9.82%,
104/04/17,-42,0,-43,-85,18454,0,49,18503,9.75%,9.78%,
104/04/16,77,0,-73,4,18496,0,92,18588,9.77%,9.82%,
104/04/15,-63,-71,87,-47,18419,0,165,18584,9.73%,9.82%,
104/04/14,-36,0,24,-12,18489,12,78,18579,9.77%,9.82%,
104/04/13,-153,0,2,-151,18525,12,54,18591,9.79%,9.82%,
104/04/10,-22,0,-27,-49,18688,12,52,18752,9.87%,9.90%,
104/04/09,-292,0,11,-281,18710,12,79,18801,9.88%,9.93%,
104/04/08,-48,0,-9,-57,18992,12,68,19072,10.03%,10.07%,
104/04/07,-130,0,-6,-136,19040,12,77,19129,10.06%,10.11%,
104/04/02,-86,0,-1,-87,19170,12,83,19265,10.13%,10.18%,
104/04/01,-208,0,-1,-209,19256,12,84,19352,10.17%,10.22%,
104/03/31,-15,0,1,-14,19464,12,85,19561,10.28%,10.33%,
104/03/30,-42,0,-14,-56,19479,0,84,19563,10.29%,10.33%,
104/03/27,-48,0,-2,-50,19521,0,98,19619,10.31%,10.36%,
104/03/26,-96,-100,7,-189,19569,0,100,19669,10.34%,10.39%,
104/03/25,-150,0,0,-150,19665,52,93,19810,10.39%,10.47%,
104/03/24,-308,-1,0,-309,19815,52,93,19960,10.47%,10.55%,
104/03/23,-225,-1,87,-139,20123,53,93,20269,10.63%,10.71%,
104/03/20,-300,-234,0,-534,20348,54,6,20408,10.75%,10.78%,
104/03/19,-282,-1,2,-281,20648,288,6,20942,10.91%,11.07%,
104/03/18,-225,0,0,-225,20930,289,4,21223,11.06%,11.21%,
104/03/17,-195,0,0,-195,21155,289,4,21448,11.18%,11.33%,
104/03/16,-200,0,4,-196,21433,289,4,21726,11.32%,11.47%,
104/03/13,-257,0,0,-257,21633,289,0,21922,11.43%,11.58%,
104/03/12,-508,0,-25,-533,21877,289,0,22166,11.56%,11.71%,
104/03/11,26,0,-153,-127,22325,289,0,22614,11.80%,11.95%,
104/03/10,59,0,-1,58,22299,289,0,22588,11.78%,11.93%,
104/03/09,48,-1,0,47,22239,289,0,22528,11.75%,11.90%,
104/03/06,69,-2,-39,28,22191,290,0,22481,11.73%,11.88%,
104/03/05,36,-1,-2,33,22123,292,0,22415,11.69%,11.84%,
104/03/04,12,-6,-25,-19,22087,293,0,22380,11.67%,11.82%,
104/03/03,34,0,-25,9,22074,299,0,22373,11.66%,11.82%,
104/03/02,16,0,-7,9,22040,299,0,22339,11.65%,11.81%,
104/02/26,206,-2,-25,179,22024,299,0,22323,11.64%,11.80%,
104/02/25,-141,-8,1,-148,21818,301,3,22122,11.53%,11.69%,
104/02/24,224,0,2,226,21949,309,2,22260,11.60%,11.76%,
104/02/13,73,-3,-2,68,21725,309,0,22034,11.48%,11.64%,
104/02/12,141,0,-14,127,21652,312,0,21964,11.44%,11.60%,
104/02/11,42,0,-16,26,21514,312,14,21840,11.37%,11.54%,
104/02/10,199,0,3,202,21472,312,30,21814,11.34%,11.52%,
104/02/09,115,-3,-20,92,21262,312,27,21601,11.23%,11.41%,
104/02/06,34,0,-15,19,21147,315,47,21509,11.17%,11.36%,
104/02/05,-17,0,0,-17,21113,315,62,21490,11.16%,11.36%,
104/02/04,-155,0,-30,-185,21130,315,62,21507,11.16%,11.36%,
104/02/03,81,0,-15,66,21285,315,92,21692,11.25%,11.47%,
104/02/02,48,0,0,48,21204,315,107,21626,11.20%,11.42%,
104/01/30,2,-3,1,0,21156,315,107,21578,11.18%,11.40%,
104/01/29,45,0,1,46,21154,318,106,21578,11.18%,11.40%,
104/01/28,-53,0,-10,-63,21109,318,105,21532,11.15%,11.37%,
104/01/27,204,0,0,204,21162,318,115,21595,11.18%,11.41%,
104/01/26,-7,-56,-20,-83,20958,318,115,21391,11.07%,11.30%,
104/01/23,96,0,0,96,20965,374,135,21474,11.08%,11.35%,
104/01/22,-26,-16,28,-14,20869,374,135,21378,11.03%,11.30%,
104/01/21,175,0,0,175,19011,390,107,19508,11.59%,11.85%,
104/01/20,106,0,0,106,18836,390,107,19333,11.49%,11.75%,
104/01/19,-16,0,0,-16,18730,390,107,19227,11.42%,11.68%,
104/01/16,397,0,-37,360,18746,390,107,19243,11.43%,11.69%,
104/01/15,5,0,0,5,18349,390,144,18883,11.19%,11.47%,
104/01/14,39,0,0,39,18344,390,144,18878,11.19%,11.47%,
104/01/13,-203,0,10,-193,18305,390,144,18839,11.16%,11.44%,
104/01/12,270,56,0,326,18508,390,134,19032,11.29%,11.57%,
104/01/09,167,0,26,193,18239,334,134,18707,11.12%,11.37%,
104/01/08,158,0,0,158,18072,334,108,18514,11.02%,11.25%,
104/01/07,145,0,0,145,17914,334,108,18356,10.93%,11.16%,
104/01/06,342,0,0,342,17769,334,108,18211,10.84%,11.07%,
104/01/05,149,0,0,149,17427,334,108,17869,10.63%,10.86%,
