日期,外資買賣超,投信買賣超,自營商買賣超,單日合計買賣超,外資估計持股,投信估計持股,自營商估計持股,單日合計估計持股,外資持股比重,三大法人持股比重,
107/03/31,0,0,3,3,27801,336,3,28140,3.51%,3.55%,
107/03/30,-108,299,0,191,27801,336,0,28137,3.51%,3.55%,
107/03/29,133,0,0,133,27909,37,0,27946,3.52%,3.52%,
107/03/28,40,0,-64,-24,27707,37,0,27744,3.50%,3.50%,
107/03/27,215,-1,0,214,27667,37,54,27758,3.49%,3.50%,
107/03/26,15,0,-2,13,27532,38,54,27624,3.48%,3.49%,
107/03/23,62,0,-45,17,27517,38,56,27611,3.47%,3.48%,
107/03/22,92,0,0,92,27455,38,101,27594,3.47%,3.49%,
107/03/21,156,0,0,156,27358,38,101,27497,3.45%,3.47%,
107/03/20,157,0,0,157,27202,38,101,27341,3.44%,3.46%,
107/03/19,72,0,1,73,27056,38,101,27195,3.42%,3.44%,
107/03/16,-75,0,0,-75,26984,38,100,27122,3.41%,3.43%,
107/03/15,159,0,0,159,27059,38,100,27197,3.42%,3.44%,
107/03/14,166,0,99,265,26815,38,100,26953,3.39%,3.41%,
107/03/13,107,0,1,108,26656,38,1,26695,3.37%,3.37%,
107/03/12,166,0,-4,162,26508,38,0,26546,3.35%,3.35%,
107/03/09,90,0,0,90,26386,38,3,26427,3.33%,3.34%,
107/03/08,118,0,0,118,26662,38,3,26703,3.37%,3.38%,
107/03/07,202,0,3,205,26588,38,3,26629,3.36%,3.37%,
107/03/06,27,0,0,27,26199,38,0,26237,3.31%,3.31%,
107/03/05,-217,0,-20,-237,26148,38,0,26186,3.30%,3.30%,
107/03/02,-166,0,-14,-180,26333,38,4,26375,3.33%,3.34%,
107/03/01,24,0,2,26,26428,38,18,26484,3.34%,3.35%,
107/02/27,-236,0,0,-236,26405,38,16,26459,3.33%,3.34%,
107/02/26,-165,0,0,-165,26727,38,16,26781,3.37%,3.38%,
107/02/23,255,0,0,255,26593,38,16,26647,3.36%,3.37%,
107/02/22,138,0,0,138,26377,38,16,26431,3.33%,3.34%,
107/02/21,209,0,-3,206,26239,38,16,26293,3.31%,3.32%,
107/02/12,-53,0,-2,-55,26003,38,19,26060,3.28%,3.29%,
107/02/09,-4,0,9,5,26163,38,21,26222,3.30%,3.31%,
107/02/08,146,0,0,146,26216,38,12,26266,3.31%,3.32%,
107/02/07,-117,0,-1,-118,26060,38,12,26110,3.29%,3.30%,
107/02/06,212,0,-97,115,26222,38,13,26273,3.31%,3.32%,
107/02/05,-73,0,2,-71,26258,38,110,26406,3.32%,3.34%,
107/02/02,-40,0,-1,-41,26382,38,108,26528,3.33%,3.35%,
107/02/01,101,0,-1,100,26435,38,109,26582,3.34%,3.36%,
107/01/31,5,0,110,115,26334,38,110,26482,3.33%,3.35%,
107/01/30,90,0,0,90,26330,38,0,26368,3.32%,3.32%,
107/01/29,20,0,0,20,26490,38,0,26528,3.35%,3.35%,
107/01/26,137,0,0,137,26431,38,0,26469,3.34%,3.34%,
107/01/25,253,0,0,253,26294,38,0,26332,3.32%,3.32%,
107/01/24,31,0,0,31,26041,38,0,26079,3.29%,3.29%,
107/01/23,112,0,0,112,26000,38,0,26038,3.28%,3.28%,
107/01/22,-18,0,0,-18,25888,38,0,25926,3.27%,3.27%,
107/01/19,-114,0,-23,-137,25998,38,0,26036,3.28%,3.28%,
107/01/18,-66,0,2,-64,26082,38,20,26140,3.29%,3.30%,
107/01/17,212,0,0,212,26145,38,18,26201,3.30%,3.31%,
107/01/16,-83,0,6,-77,25879,38,18,25935,3.27%,3.28%,
107/01/15,-176,0,6,-170,25998,38,12,26048,3.28%,3.29%,
107/01/12,2,0,6,8,26175,38,6,26219,3.31%,3.32%,
107/01/11,74,0,-6,68,26165,38,0,26203,3.30%,3.30%,
107/01/10,177,0,-18,159,26088,38,0,26126,3.29%,3.29%,
107/01/09,-11,0,0,-11,25920,38,0,25958,3.27%,3.27%,
107/01/08,226,0,-4,222,25948,38,0,25986,3.28%,3.28%,
107/01/05,-3,0,0,-3,25676,38,4,25718,3.24%,3.25%,
107/01/04,74,0,-1,73,25989,38,4,26031,3.28%,3.29%,
107/01/03,163,0,0,163,26011,38,5,26054,3.28%,3.29%,
107/01/02,204,0,0,204,25577,38,5,25620,3.23%,3.24%,
106/12/29,413,0,-2,411,25362,38,5,25405,3.20%,3.21%,
106/12/28,73,-1,7,79,25142,0,7,25149,3.17%,3.17%,
106/12/27,-30,0,0,-30,25111,0,0,25111,3.17%,3.17%,
106/12/26,-23,-1,-27,-51,25861,0,0,25861,3.27%,3.27%,
106/12/25,24,0,0,24,25884,0,5,25889,3.27%,3.27%,
106/12/22,29,0,1,30,25860,0,5,25865,3.27%,3.27%,
106/12/21,289,0,4,293,25885,0,4,25889,3.27%,3.27%,
106/12/20,60,0,-104,-44,25674,0,0,25674,3.24%,3.24%,
106/12/19,35,0,-26,9,25768,0,19,25787,3.25%,3.25%,
106/12/18,103,0,-48,55,25677,0,45,25722,3.24%,3.25%,
106/12/15,74,0,-19,55,25574,0,93,25667,3.23%,3.24%,
106/12/14,21,0,38,59,25500,0,112,25612,3.22%,3.23%,
106/12/13,155,0,74,229,25621,0,74,25695,3.24%,3.25%,
106/12/12,244,0,-17,227,25456,0,0,25456,3.21%,3.21%,
106/12/11,62,0,13,75,25343,0,13,25356,3.20%,3.20%,
106/12/08,152,0,-2,150,25281,0,0,25281,3.19%,3.19%,
106/12/07,83,0,-1,82,25131,0,0,25131,3.17%,3.17%,
106/12/06,143,0,0,143,25024,0,0,25024,3.16%,3.16%,
106/12/05,121,-185,-42,-106,24913,0,0,24913,3.15%,3.15%,
106/12/04,140,0,12,152,24792,16,31,24839,3.13%,3.14%,
106/12/01,109,0,-38,71,24652,16,19,24687,3.11%,3.11%,
106/11/30,113,0,-12,101,24530,16,57,24603,3.10%,3.11%,
106/11/29,169,0,-4,165,24417,16,69,24502,3.08%,3.09%,
106/11/28,11,0,6,17,24165,16,73,24254,3.05%,3.06%,
106/11/27,-66,0,-2,-68,24347,16,67,24430,3.07%,3.08%,
106/11/24,72,0,1,73,24298,16,69,24383,3.07%,3.08%,
106/11/23,-66,0,0,-66,24259,16,68,24343,3.06%,3.07%,
106/11/22,204,0,3,207,24273,16,68,24357,3.06%,3.07%,
106/11/21,65,0,27,92,24069,16,65,24150,3.04%,3.05%,
106/11/20,-174,0,16,-158,23872,16,38,23926,3.01%,3.02%,
106/11/17,-258,0,22,-236,24036,16,22,24074,3.03%,3.03%,
106/11/16,-424,0,-28,-452,23977,16,0,23993,3.03%,3.03%,
106/11/15,-455,0,-126,-581,24249,16,0,24265,3.06%,3.06%,
106/11/14,-252,-169,-7,-428,24608,16,81,24705,3.11%,3.12%,
106/11/13,669,13,7,689,24464,185,88,24737,3.09%,3.12%,
106/11/10,249,5,31,285,23474,172,81,23727,2.96%,2.99%,
106/11/09,-168,4,28,-136,23047,167,50,23264,2.91%,2.94%,
106/11/08,43,163,-28,178,22933,163,22,23118,2.90%,2.92%,
106/11/07,-69,0,-3,-72,22904,0,50,22954,2.89%,2.90%,
106/11/06,146,0,0,146,22957,0,53,23010,2.90%,2.91%,
106/11/03,-79,0,-6,-85,22735,0,53,22788,2.87%,2.88%,
106/11/02,97,0,0,97,22684,0,59,22743,2.86%,2.87%,
106/11/01,25,0,0,25,22757,0,59,22816,2.87%,2.88%,
106/10/31,-86,0,-22,-108,22726,0,59,22785,2.87%,2.88%,
106/10/30,-100,0,-21,-121,22683,0,81,22764,2.86%,2.87%,
106/10/27,141,0,-37,104,22777,0,102,22879,2.88%,2.89%,
106/10/26,-91,0,12,-79,22626,0,139,22765,2.86%,2.88%,
106/10/25,47,0,0,47,22826,0,127,22953,2.88%,2.90%,
106/10/24,40,0,26,66,22641,0,127,22768,2.86%,2.88%,
106/10/23,-241,0,-2,-243,22468,0,101,22569,2.84%,2.85%,
106/10/20,66,0,-1,65,22683,0,103,22786,2.86%,2.87%,
106/10/19,-14,0,9,-5,22520,0,104,22624,2.84%,2.85%,
106/10/18,91,0,-30,61,22491,0,95,22586,2.84%,2.85%,
106/10/17,15,0,12,27,22163,0,125,22288,2.80%,2.82%,
106/10/16,-13,-105,32,-86,22022,0,113,22135,2.78%,2.79%,
106/10/13,-17,0,0,-17,21796,32,81,21909,2.75%,2.76%,
106/10/12,124,0,0,124,21838,32,81,21951,2.76%,2.77%,
106/10/11,72,0,-15,57,21744,32,81,21857,2.74%,2.75%,
106/10/06,116,0,0,116,21758,32,96,21886,2.75%,2.77%,
106/10/05,166,0,0,166,21906,32,96,22034,2.77%,2.79%,
106/10/03,-81,2,0,-79,21741,32,96,21869,2.74%,2.76%,
106/10/02,182,0,-3,179,21822,30,96,21948,2.75%,2.77%,
106/09/30,0,0,0,0,21640,30,99,21769,2.73%,2.75%,
106/09/29,8,0,4,12,21640,0,99,21739,2.73%,2.74%,
106/09/28,32,0,-21,11,21632,0,95,21727,2.73%,2.74%,
106/09/27,-111,0,-39,-150,21751,0,116,21867,2.75%,2.76%,
106/09/26,137,0,-2,135,21780,0,155,21935,2.75%,2.77%,
106/09/25,-669,0,2,-667,21699,0,157,21856,2.74%,2.76%,
106/09/22,28,0,-1,27,22426,0,155,22581,2.83%,2.85%,
106/09/21,-1363,0,1,-1362,22445,0,156,22601,2.83%,2.85%,
106/09/20,-57,0,0,-57,23766,0,155,23921,3.00%,3.02%,
106/09/19,-307,0,1,-306,23586,0,155,23741,2.98%,3.00%,
106/09/18,-368,-3,-6,-377,23846,0,154,24000,3.01%,3.03%,
106/09/15,155,0,-31,124,24223,0,160,24383,3.06%,3.08%,
106/09/14,-142,0,-8,-150,24109,0,191,24300,3.04%,3.06%,
106/09/13,-127,0,-1,-128,24039,0,199,24238,3.04%,3.07%,
106/09/12,-509,0,8,-501,23765,0,200,23965,3.00%,3.03%,
106/09/11,107,0,-24,83,23956,0,192,24148,3.02%,3.04%,
106/09/08,85,0,-11,74,23747,0,216,23963,3.00%,3.03%,
106/09/07,-397,0,-2,-399,23412,0,227,23639,2.96%,2.99%,
106/09/06,-921,0,-30,-951,23799,0,229,24028,3.00%,3.03%,
106/09/05,-887,0,-1,-888,24497,0,259,24756,3.09%,3.12%,
106/09/04,-723,0,0,-723,25302,0,260,25562,3.19%,3.22%,
106/09/01,-348,0,0,-348,25547,0,260,25807,3.23%,3.26%,
106/08/31,-2298,0,-25,-2323,25611,0,260,25871,3.23%,3.26%,
106/08/30,-548,0,-43,-591,27488,0,285,27773,3.47%,3.51%,
106/08/29,-538,-64,-2,-604,28033,0,328,28361,3.54%,3.58%,
106/08/28,-556,0,0,-556,28436,0,330,28766,3.59%,3.63%,
106/08/25,-649,0,-25,-674,27631,0,330,27961,3.63%,3.67%,
106/08/24,-635,-11,-15,-661,28160,0,355,28515,3.70%,3.74%,
106/08/23,-643,-14,-56,-713,28708,0,370,29078,3.77%,3.82%,
106/08/22,-539,0,-6,-545,29259,0,426,29685,3.84%,3.89%,
106/08/21,-715,-529,-10,-1254,29516,0,432,29948,3.88%,3.93%,
106/08/18,-364,0,-6,-370,30195,40,442,30677,3.97%,4.03%,
106/08/17,-916,0,-41,-957,30343,40,448,30831,3.99%,4.05%,
106/08/16,-646,0,-10,-656,30975,40,489,31504,4.07%,4.14%,
106/08/15,-520,0,-33,-553,31497,40,499,32036,4.14%,4.21%,
106/08/14,-1043,0,1,-1042,31494,40,532,32066,4.14%,4.21%,
106/08/11,-788,0,-2,-790,32158,40,531,32729,4.22%,4.29%,
106/08/10,-1082,0,-194,-1276,33002,40,533,33575,4.34%,4.41%,
106/08/09,-1830,0,141,-1689,34223,40,727,34990,4.50%,4.60%,
106/08/08,-900,0,30,-870,36292,40,585,36917,4.77%,4.85%,
106/08/07,-1136,0,-2,-1138,37152,40,555,37747,4.88%,4.96%,
106/08/04,-1176,0,75,-1101,37989,40,557,38586,4.99%,5.07%,
106/08/03,-8,0,-9,-17,39152,40,482,39674,5.14%,5.21%,
106/08/02,-33,0,-4,-37,39160,40,491,39691,5.15%,5.22%,
106/08/01,235,-1,0,234,39263,40,495,39798,5.16%,5.23%,
106/07/31,166,0,-8,158,39028,41,495,39564,5.13%,5.20%,
106/07/28,26,0,7,33,38852,41,503,39396,5.10%,5.17%,
106/07/27,59,0,36,95,38788,41,496,39325,5.10%,5.17%,
106/07/26,81,0,-61,20,38729,41,460,39230,5.09%,5.16%,
106/07/25,76,0,-4,72,38634,41,521,39196,5.08%,5.15%,
106/07/24,-40,0,0,-40,38628,41,525,39194,5.08%,5.15%,
106/07/21,542,0,2,544,38652,41,525,39218,5.08%,5.15%,
106/07/20,369,0,-3,366,38551,41,523,39115,5.07%,5.14%,
106/07/19,99,0,5,104,38709,41,526,39276,5.09%,5.16%,
106/07/18,71,0,-2,69,38595,41,521,39157,5.07%,5.14%,
106/07/17,117,0,-17,100,38854,41,523,39418,5.11%,5.18%,
106/07/14,75,0,-12,63,38737,41,540,39318,5.09%,5.17%,
106/07/13,-24,0,-4,-28,38662,41,552,39255,5.08%,5.16%,
106/07/12,95,0,-22,73,38675,41,556,39272,5.08%,5.16%,
106/07/11,146,0,26,172,38641,41,578,39260,5.08%,5.16%,
106/07/10,-29,0,-6,-35,38445,41,552,39038,5.05%,5.13%,
106/07/07,21,0,-18,3,38474,41,558,39073,5.06%,5.14%,
106/07/06,-14,0,0,-14,38497,41,576,39114,5.06%,5.14%,
106/07/05,-28,0,101,73,38511,41,576,39128,5.06%,5.14%,
106/07/04,-2,0,0,-2,38539,41,475,39055,5.06%,5.13%,
106/07/03,-37,0,8,-29,38541,41,475,39057,5.06%,5.13%,
106/06/30,-4,0,4,0,38463,41,467,38971,5.05%,5.12%,
106/06/29,10,0,2,12,38467,53,463,38983,5.05%,5.12%,
106/06/28,-11,0,33,22,38622,53,461,39136,5.07%,5.14%,
106/06/27,99,0,15,114,38633,53,428,39114,5.08%,5.14%,
106/06/26,288,0,-27,261,38588,53,413,39054,5.07%,5.13%,
106/06/23,-423,0,-18,-441,38300,53,440,38793,5.03%,5.09%,
106/06/22,86,0,116,202,38844,53,458,39355,5.10%,5.17%,
106/06/21,518,0,6,524,38758,53,342,39153,5.09%,5.14%,
106/06/20,-15,0,18,3,38240,53,336,38629,5.02%,5.07%,
106/06/19,194,0,0,194,38255,53,318,38626,5.03%,5.08%,
106/06/16,200,-1,-24,175,38091,53,318,38462,5.00%,5.05%,
106/06/15,-46,0,-1,-47,38007,54,342,38403,4.99%,5.04%,
106/06/14,276,0,-4,272,38052,54,343,38449,5.00%,5.05%,
106/06/13,-6,0,3,-3,37772,54,347,38173,4.96%,5.01%,
106/06/12,0,0,-8,-8,37768,54,344,38166,4.96%,5.01%,
106/06/09,-78,0,0,-78,37939,54,352,38345,4.98%,5.03%,
106/06/08,2,0,-2,0,38004,54,352,38410,4.99%,5.04%,
106/06/07,241,0,8,249,37980,54,354,38388,4.99%,5.04%,
106/06/06,75,1,4,80,37734,54,346,38134,4.96%,5.01%,
106/06/05,204,1,33,238,37694,53,342,38089,4.95%,5.00%,
106/06/03,0,0,2,2,37480,52,309,37841,4.92%,4.97%,
106/06/02,113,0,-1,112,37480,52,307,37839,4.92%,4.97%,
106/06/01,57,0,-10,47,38022,52,308,38382,5.00%,5.05%,
106/05/31,66,0,5,71,37927,52,318,38297,4.98%,5.03%,
106/05/26,124,0,-1,123,37820,52,313,38185,4.97%,5.02%,
106/05/25,97,0,0,97,37771,52,314,38137,4.96%,5.01%,
106/05/24,-47,0,-4,-51,37730,52,314,38096,4.96%,5.01%,
106/05/23,270,0,2,272,37778,52,318,38148,4.96%,5.01%,
106/05/22,-54,0,2,-52,37665,52,316,38033,4.95%,5.00%,
106/05/19,30,0,-7,23,37719,52,314,38085,4.96%,5.01%,
106/05/18,-16,0,0,-16,38872,52,321,39245,5.11%,5.16%,
106/05/17,-14,0,0,-14,38838,52,321,39211,5.10%,5.15%,
106/05/16,72,0,1,73,38752,52,321,39125,5.09%,5.14%,
106/05/15,-15,0,-1,-16,38670,52,320,39042,5.08%,5.13%,
106/05/12,-176,0,-4,-180,38832,52,321,39205,5.10%,5.15%,
106/05/11,-151,0,-6,-157,38987,52,325,39364,5.12%,5.17%,
106/05/10,-236,0,0,-236,39044,52,331,39427,5.13%,5.18%,
106/05/09,178,0,21,199,39210,52,331,39593,5.15%,5.20%,
106/05/08,100,0,0,100,39022,52,310,39384,5.13%,5.18%,
106/05/05,13,0,0,13,39024,52,310,39386,5.13%,5.18%,
106/05/04,96,0,0,96,39191,52,310,39553,5.15%,5.20%,
106/05/03,28,0,0,28,39149,52,310,39511,5.14%,5.19%,
106/05/02,6,0,2,8,39121,52,310,39483,5.14%,5.19%,
106/04/28,32,0,1,33,39204,52,308,39564,5.15%,5.20%,
106/04/27,27,0,0,27,39260,52,307,39619,5.16%,5.21%,
106/04/26,38,0,8,46,39266,52,307,39625,5.16%,5.21%,
106/04/25,78,-0,-1,77,39343,52,299,39694,5.17%,5.22%,
106/04/24,-20,0,4,-16,39574,52,300,39926,5.20%,5.25%,
106/04/21,278,0,0,278,39584,52,296,39932,5.20%,5.25%,
106/04/20,20,0,0,20,39337,52,296,39685,5.17%,5.22%,
106/04/19,84,0,-2,82,39605,52,296,39953,5.20%,5.25%,
106/04/18,196,0,-1,195,39534,52,298,39884,5.19%,5.24%,
106/04/17,144,0,2,146,39996,52,299,40347,5.26%,5.31%,
106/04/14,-80,-1,0,-81,39842,52,297,40191,5.24%,5.29%,
106/04/13,110,0,0,110,39922,53,297,40272,5.25%,5.30%,
106/04/12,101,0,0,101,39812,53,297,40162,5.23%,5.28%,
106/04/11,237,0,4,241,39761,53,297,40111,5.22%,5.27%,
106/04/10,-180,0,-21,-201,39597,53,293,39943,5.20%,5.25%,
106/04/07,-177,0,-14,-191,39116,53,314,39483,5.14%,5.19%,
106/04/06,376,0,2,378,39627,53,328,40008,5.21%,5.26%,
106/04/05,20,0,3,23,39442,53,326,39821,5.18%,5.23%,
106/03/31,109,0,0,109,39305,53,323,39681,5.16%,5.21%,
106/03/30,166,0,0,166,39206,259,323,39788,5.15%,5.23%,
106/03/29,396,0,58,454,39040,259,323,39622,5.13%,5.21%,
106/03/28,500,0,24,524,39160,259,265,39684,5.15%,5.22%,
106/03/27,-35,0,2,-33,38310,259,241,38810,5.03%,5.10%,
106/03/24,163,0,-121,42,38403,259,239,38901,5.05%,5.12%,
106/03/23,229,0,4,233,38902,259,360,39521,5.11%,5.19%,
106/03/22,156,0,18,174,38673,259,356,39288,5.08%,5.16%,
106/03/21,154,0,11,165,38507,259,338,39104,5.06%,5.14%,
106/03/20,-117,0,19,-98,38353,259,327,38939,5.04%,5.12%,
106/03/17,258,-1,4,261,38460,259,308,39027,5.05%,5.12%,
106/03/16,398,0,11,409,38188,260,304,38752,5.02%,5.09%,
106/03/15,-47,0,-63,-110,37790,260,293,38343,4.97%,5.04%,
106/03/14,271,0,-2,269,37998,260,356,38614,4.99%,5.07%,
106/03/13,41,0,1,42,37717,260,358,38335,4.96%,5.04%,
106/03/10,170,0,6,176,37676,260,357,38293,4.95%,5.03%,
106/03/09,45,0,1,46,37506,260,351,38117,4.93%,5.01%,
106/03/08,-72,0,-1,-73,37451,260,350,38061,4.92%,5.00%,
106/03/07,117,0,174,291,37523,260,351,38134,4.93%,5.01%,
106/03/06,35,0,-1,34,37406,260,177,37843,4.91%,4.97%,
106/03/03,361,0,0,361,37360,260,178,37798,4.91%,4.97%,
106/03/02,487,0,-20,467,37007,260,178,37445,4.86%,4.92%,
106/03/01,571,0,21,592,36613,260,198,37071,4.81%,4.87%,
106/02/24,108,0,0,108,36042,260,177,36479,4.74%,4.80%,
106/02/23,254,0,-13,241,35921,260,177,36358,4.72%,4.78%,
106/02/22,-240,-20,2,-258,35593,260,190,36043,4.68%,4.74%,
106/02/21,118,0,-14,104,35822,280,188,36290,4.71%,4.77%,
106/02/20,-536,0,13,-523,35694,280,202,36176,4.69%,4.75%,
106/02/18,1,0,5,6,36155,280,189,36624,4.75%,4.81%,
106/02/17,67,0,20,87,36154,280,184,36618,4.75%,4.81%,
106/02/16,109,0,-46,63,36072,280,164,36516,4.74%,4.80%,
106/02/15,235,0,4,239,35953,280,210,36443,4.72%,4.78%,
106/02/14,-47,0,-95,-142,35602,280,206,36088,4.68%,4.74%,
106/02/13,-45,0,63,18,35788,280,301,36369,4.70%,4.78%,
106/02/10,127,0,45,172,35876,280,238,36394,4.71%,4.78%,
106/02/09,81,0,-15,66,35784,280,193,36257,4.70%,4.76%,
106/02/08,335,0,9,344,35693,280,208,36181,4.69%,4.75%,
106/02/07,37,0,2,39,35359,280,199,35838,4.65%,4.71%,
106/02/06,150,0,1,151,35400,280,197,35877,4.65%,4.71%,
106/02/03,-133,-61,6,-188,35250,280,196,35726,4.63%,4.69%,
106/02/02,185,-101,-1,83,35388,341,190,35919,4.65%,4.72%,
106/01/24,49,-42,4,11,35216,442,191,35849,4.63%,4.71%,
106/01/23,26,-48,3,-19,35096,484,187,35767,4.61%,4.70%,
106/01/20,-7,-100,16,-91,35295,532,184,36011,4.64%,4.73%,
106/01/19,-36,-133,-3,-172,35243,632,168,36043,4.63%,4.74%,
106/01/18,101,-50,-4,47,35257,765,171,36193,4.63%,4.75%,
106/01/17,-146,-50,-3,-199,35153,815,175,36143,4.62%,4.75%,
106/01/16,-93,0,-5,-98,35426,865,178,36469,4.65%,4.79%,
106/01/13,-75,-1,-7,-83,35509,865,183,36557,4.67%,4.81%,
106/01/12,65,-114,2,-47,35582,866,190,36638,4.67%,4.81%,
106/01/11,24,0,0,24,35514,980,188,36682,4.67%,4.82%,
106/01/10,171,0,24,195,35580,980,188,36748,4.67%,4.82%,
106/01/09,62,0,-2,60,35409,980,164,36553,4.65%,4.80%,
106/01/06,98,-32,11,77,35367,980,166,36513,4.65%,4.80%,
106/01/05,413,-30,11,394,35307,1012,155,36474,4.64%,4.79%,
106/01/04,137,0,-66,71,34894,1042,144,36080,4.58%,4.74%,
106/01/03,129,-124,0,5,34721,1042,210,35973,4.56%,4.72%,
105/12/30,138,0,-4,134,34592,1166,210,35968,4.54%,4.72%,
105/12/29,45,-100,13,-42,34454,1166,214,35834,4.53%,4.71%,
105/12/28,-1,0,2,1,34446,1266,201,35913,4.53%,4.72%,
105/12/27,23,0,0,23,34427,1266,199,35892,4.52%,4.71%,
105/12/26,-6,0,-8,-14,34460,1266,199,35925,4.53%,4.72%,
105/12/23,-4,0,2,-2,34432,1266,207,35905,4.52%,4.71%,
105/12/22,-64,-150,21,-193,34436,1266,205,35907,4.52%,4.71%,
105/12/21,-37,-150,19,-168,34500,1416,184,36100,4.53%,4.74%,
105/12/20,-27,-167,-14,-208,34537,1566,165,36268,4.54%,4.77%,
105/12/19,-79,0,-3,-82,34597,1733,179,36509,4.55%,4.80%,
105/12/16,-225,0,9,-216,34677,1733,182,36592,4.56%,4.81%,
105/12/15,-163,0,17,-146,34902,1733,173,36808,4.59%,4.84%,
105/12/14,37,0,0,37,35065,1733,156,36954,4.61%,4.86%,
105/12/13,-74,0,2,-72,34892,1733,156,36781,4.58%,4.83%,
105/12/12,102,0,35,137,34966,1733,154,36853,4.59%,4.84%,
105/12/09,-42,-110,-42,-194,34864,1733,119,36716,4.58%,4.82%,
105/12/08,99,-120,3,-18,34906,1843,161,36910,4.59%,4.85%,
105/12/07,-23,0,26,3,34821,1963,158,36942,4.57%,4.85%,
105/12/06,-27,0,8,-19,34844,1963,132,36939,4.58%,4.86%,
105/12/05,-3,0,0,-3,34871,1963,124,36958,4.58%,4.85%,
105/12/02,-43,0,-2,-45,34874,1963,124,36961,4.58%,4.85%,
105/12/01,18,0,-3,15,34917,1963,126,37006,4.59%,4.86%,
105/11/30,4,0,-2,2,34899,1963,129,36991,4.59%,4.87%,
105/11/29,78,1,0,79,34750,1963,131,36844,4.57%,4.85%,
105/11/28,-32,-156,6,-182,34672,1962,131,36765,4.56%,4.84%,
105/11/25,-39,-162,13,-188,34685,2118,125,36928,4.56%,4.86%,
105/11/24,-42,0,-4,-46,34682,2280,112,37074,4.56%,4.87%,
105/11/23,168,0,-1,167,34683,2280,116,37079,4.56%,4.88%,
105/11/22,66,0,6,72,34574,2280,117,36971,4.54%,4.86%,
105/11/21,-43,0,0,-43,34433,2280,111,36824,4.52%,4.83%,
105/11/18,-25,0,-2,-27,34426,2280,111,36817,4.52%,4.83%,
105/11/17,-123,-288,-63,-474,34451,2280,113,36844,4.53%,4.84%,
105/11/16,62,0,-36,26,34574,2568,176,37318,4.54%,4.90%,
105/11/15,-106,-363,5,-464,34477,2568,212,37257,4.53%,4.90%,
105/11/14,123,-45,3,81,34523,2931,207,37661,4.54%,4.95%,
105/11/11,-150,0,0,-150,34401,2976,204,37581,4.52%,4.94%,
105/11/10,21,0,-2,19,34522,2976,204,37702,4.54%,4.96%,
105/11/09,290,-260,-62,-32,34501,2976,206,37683,4.53%,4.95%,
105/11/08,-10,0,-5,-15,34171,3236,268,37675,4.49%,4.95%,
105/11/07,-14,-205,-17,-236,34242,3236,273,37751,4.50%,4.96%,
105/11/04,-16,0,-1,-17,34256,3441,290,37987,4.50%,4.99%,
105/11/03,53,0,3,56,34262,3441,290,37993,4.50%,4.99%,
105/11/02,18,-0,11,29,34209,3441,287,37937,4.49%,4.98%,
105/11/01,78,0,-45,33,34191,3441,276,37908,4.49%,4.98%,
105/10/31,0,0,19,19,34113,3441,321,37875,4.48%,4.97%,
105/10/28,-36,0,-4,-40,34114,3441,303,37858,4.48%,4.97%,
105/10/27,-87,0,-1,-88,34150,3441,307,37898,4.49%,4.98%,
105/10/26,-57,0,-3,-60,34237,3441,308,37986,4.50%,4.99%,
105/10/25,-31,0,-3,-34,34206,3441,311,37958,4.49%,4.98%,
105/10/24,-78,0,-4,-82,34233,3441,314,37988,4.50%,4.99%,
105/10/21,-279,30,-12,-261,34311,3441,318,38070,4.51%,5.00%,
105/10/20,-105,31,-7,-81,34568,3411,330,38309,4.54%,5.03%,
105/10/19,-163,0,-18,-181,34653,3380,337,38370,4.55%,5.04%,
105/10/18,-192,0,-4,-196,34775,3380,355,38510,4.57%,5.06%,
105/10/17,-151,0,-30,-181,34749,3380,359,38488,4.57%,5.06%,
105/10/14,-299,0,-36,-335,34899,3380,389,38668,4.59%,5.09%,
105/10/13,-9,0,-54,-63,35070,3380,425,38875,4.61%,5.11%,
105/10/12,-169,0,0,-169,34908,3380,478,38766,4.59%,5.10%,
105/10/11,16,0,-12,4,35301,3380,478,39159,4.64%,5.15%,
105/10/07,2,0,-6,-4,35332,3380,490,39202,4.64%,5.15%,
105/10/06,90,0,9,99,35310,3380,496,39186,4.64%,5.15%,
105/10/05,-16,0,8,-8,35326,3380,487,39193,4.64%,5.15%,
105/10/04,279,-222,26,83,35342,3380,479,39201,4.64%,5.15%,
105/10/03,-75,0,20,-55,35064,3602,453,39119,4.61%,5.14%,
105/09/30,-147,0,-17,-164,35171,3602,434,39207,4.62%,5.15%,
105/09/29,500,0,12,512,35292,3658,451,39401,4.64%,5.18%,
105/09/26,-238,0,25,-213,35080,3658,439,39177,4.61%,5.15%,
105/09/23,113,0,95,208,35308,3658,414,39380,4.64%,5.18%,
105/09/22,266,250,-8,508,35116,3658,319,39093,4.61%,5.13%,
105/09/21,716,0,-33,683,34835,3408,327,38570,4.58%,5.07%,
105/09/20,-212,0,-1,-213,34186,3408,360,37954,4.49%,4.99%,
105/09/19,-169,0,27,-142,34310,3408,361,38079,4.51%,5.01%,
105/09/14,-152,0,-4,-156,34689,3408,334,38431,4.56%,5.05%,
105/09/13,-102,0,-6,-108,34842,3408,337,38587,4.58%,5.07%,
105/09/12,-471,0,-5,-476,35092,3408,343,38843,4.61%,5.10%,
105/09/10,0,0,7,7,35413,3408,348,39169,4.65%,5.14%,
105/09/09,-99,0,-4,-103,35413,3408,341,39162,4.65%,5.14%,
105/09/08,-427,0,9,-418,35445,3408,345,39198,4.66%,5.15%,
105/09/07,-426,0,-1,-427,35872,3408,336,39616,4.71%,5.20%,
105/09/06,41,0,5,46,36152,3408,337,39897,4.75%,5.24%,
105/09/05,-284,0,-11,-295,36118,3408,332,39858,4.75%,5.24%,
105/09/02,-104,0,-5,-109,36402,3408,343,40153,4.78%,5.27%,
105/09/01,-237,0,-47,-284,36197,3408,348,39953,4.76%,5.25%,
105/08/31,-237,0,-14,-251,36404,3408,395,40207,4.78%,5.28%,
105/08/30,-220,0,-3,-223,36530,3408,409,40347,4.80%,5.30%,
105/08/29,-49,0,-15,-64,36564,3408,412,40384,4.80%,5.30%,
105/08/26,-190,0,1,-189,36603,3408,427,40438,4.81%,5.31%,
105/08/25,-55,0,2,-53,36572,3408,426,40406,4.81%,5.31%,
105/08/24,-37,0,0,-37,35118,3408,424,38950,4.80%,5.30%,
105/08/23,-181,0,-4,-185,35145,3408,424,38977,4.80%,5.30%,
105/08/22,-155,0,116,-39,34898,3408,428,38734,4.77%,5.27%,
105/08/19,-112,0,-1,-113,34967,3408,312,38687,4.78%,5.27%,
105/08/18,-97,0,0,-97,34938,3408,313,38659,4.77%,5.26%,
105/08/17,16,0,-24,-8,34925,3408,313,38646,4.77%,5.26%,
105/08/16,-173,0,-13,-186,34898,3408,337,38643,4.77%,5.26%,
105/08/15,-321,0,-70,-391,34905,3408,350,38663,4.77%,5.26%,
105/08/12,-374,0,-45,-419,34693,3408,420,38521,4.74%,5.24%,
105/08/11,345,0,-86,259,34470,3408,465,38343,4.71%,5.22%,
105/08/10,-91,0,-156,-247,34125,3408,551,38084,4.66%,5.18%,
105/08/09,-199,0,151,-48,34196,3408,707,38311,4.67%,5.23%,
105/08/08,16,0,75,91,34595,3408,556,38559,4.73%,5.27%,
105/08/05,-49,-5,-42,-96,34529,3408,481,38418,4.72%,5.25%,
105/08/04,-255,-1,-17,-273,34525,3413,523,38461,4.72%,5.26%,
105/08/03,-103,0,-6,-109,34830,3414,540,38784,4.76%,5.30%,
105/08/02,-13,0,39,26,34933,3414,546,38893,4.77%,5.31%,
105/08/01,-36,0,-2,-38,34918,3414,507,38839,4.77%,5.31%,
105/07/29,-188,0,16,-172,34944,3414,509,38867,4.77%,5.31%,
105/07/28,69,0,-20,49,35382,3414,493,39289,4.83%,5.36%,
105/07/27,-76,0,-39,-115,35401,3414,513,39328,4.84%,5.38%,
105/07/26,16,0,-11,5,35504,3414,552,39470,4.85%,5.39%,
105/07/25,-61,-186,-21,-268,35455,3414,563,39432,4.84%,5.38%,
105/07/22,-73,-24,-11,-108,35516,3600,584,39700,4.85%,5.42%,
105/07/21,-381,-2,19,-364,35589,3624,595,39808,4.86%,5.44%,
105/07/20,-11,-1,-59,-71,35832,3626,576,40034,4.90%,5.47%,
105/07/19,-254,-2,-2,-258,35833,3627,635,40095,4.90%,5.48%,
105/07/18,-254,295,117,158,36021,3629,637,40287,4.92%,5.50%,
105/07/15,-127,0,21,-106,36252,3334,520,40106,4.95%,5.48%,
105/07/14,-160,1,12,-147,36369,3334,499,40202,4.97%,5.49%,
105/07/13,49,0,71,120,36424,3333,487,40244,4.98%,5.50%,
105/07/12,168,170,24,362,36311,3333,416,40060,4.96%,5.47%,
105/07/11,21,0,80,101,36102,3163,392,39657,4.93%,5.42%,
105/07/07,-59,80,39,60,35659,3163,312,39134,4.87%,5.35%,
105/07/06,-141,70,-2,-73,35718,3083,273,39074,4.88%,5.34%,
105/07/05,-66,0,68,2,35870,3013,275,39158,4.90%,5.35%,
105/07/04,152,0,11,163,35826,3013,207,39046,4.90%,5.34%,
105/07/01,-45,0,-13,-58,35664,3013,196,38873,4.87%,5.31%,
105/06/30,-26,0,-5,-31,35740,3013,209,38962,4.88%,5.32%,
105/06/29,-146,0,0,-146,35666,2938,214,38818,4.87%,5.30%,
105/06/28,82,0,-8,74,35624,2938,214,38776,4.87%,5.30%,
105/06/27,-999,-9,28,-980,35542,2938,222,38702,4.86%,5.29%,
105/06/24,-257,-9,-40,-306,36400,2947,194,39541,4.97%,5.40%,
105/06/23,-249,0,-2,-251,36554,2956,234,39744,4.99%,5.43%,
105/06/22,-301,599,-17,281,36603,2956,236,39795,5.00%,5.44%,
105/06/21,12,90,18,120,36904,2357,253,39514,5.04%,5.40%,
105/06/20,-171,0,17,-154,36892,2267,235,39394,5.04%,5.38%,
105/06/17,102,1,-24,79,37328,2267,218,39813,5.10%,5.44%,
105/06/16,-156,0,-27,-183,37199,2266,242,39707,5.08%,5.42%,
105/06/15,4,0,-11,-7,37336,2266,269,39871,5.10%,5.45%,
105/06/14,-31,0,-33,-64,37332,2266,280,39878,5.10%,5.45%,
105/06/13,-106,0,3,-103,37363,2266,313,39942,5.11%,5.46%,
105/06/08,-1489,0,24,-1465,37521,2266,310,40097,5.13%,5.48%,
105/06/07,-216,20,-17,-213,38960,2266,286,41512,5.32%,5.67%,
105/06/06,182,0,-64,118,39176,2246,303,41725,5.35%,5.70%,
105/06/04,0,0,-25,-25,38994,2246,367,41607,5.33%,5.69%,
105/06/03,-181,0,-65,-246,38994,2246,392,41632,5.33%,5.69%,
105/06/02,-443,0,-47,-490,39175,2246,457,41878,5.35%,5.72%,
105/06/01,-215,0,24,-191,39568,2246,504,42318,5.41%,5.79%,
105/05/31,-750,0,-86,-836,39714,2246,480,42440,5.43%,5.80%,
105/05/30,1057,210,430,1697,40419,2246,566,43231,5.52%,5.90%,
105/05/27,-130,0,16,-114,39362,2036,136,41534,5.38%,5.68%,
105/05/26,-243,2,26,-215,39492,2036,120,41648,5.40%,5.69%,
105/05/25,-13,0,5,-8,39757,2034,94,41885,5.43%,5.72%,
105/05/24,-351,0,35,-316,39745,2034,89,41868,5.43%,5.72%,
105/05/23,149,0,3,152,40036,2034,54,42124,5.47%,5.76%,
105/05/20,-131,0,-5,-136,39887,2034,51,41972,5.45%,5.74%,
105/05/19,-225,0,37,-188,40018,2034,56,42108,5.47%,5.76%,
105/05/18,-740,35,-3,-708,40243,2034,19,42296,5.50%,5.78%,
105/05/17,-224,412,-41,147,40983,1999,22,43004,5.60%,5.88%,
105/05/16,-277,114,-33,-196,41207,1587,63,42857,5.63%,5.86%,
105/05/13,-623,0,-3,-626,41384,1473,96,42953,5.66%,5.87%,
105/05/12,-390,0,-47,-437,41962,1473,99,43534,5.73%,5.95%,
105/05/11,-525,122,-20,-423,42352,1473,146,43971,5.79%,6.01%,
105/05/10,-35,227,10,202,42722,1351,166,44239,5.84%,6.05%,
105/05/09,-175,0,6,-169,42757,1124,156,44037,5.84%,6.02%,
105/05/06,-289,0,3,-286,42932,1124,150,44206,5.87%,6.04%,
105/05/05,-42,0,8,-34,42839,1124,147,44110,5.85%,6.02%,
105/05/04,-236,0,-7,-243,42731,1124,139,43994,5.84%,6.01%,
105/05/03,14,0,-3,11,42882,1124,146,44152,5.86%,6.03%,
105/04/29,-37,-200,-18,-255,42868,1124,149,44141,5.86%,6.03%,
105/04/28,14,-320,26,-280,42905,1324,167,44396,5.86%,6.06%,
105/04/27,-164,0,4,-160,42891,1644,141,44676,5.86%,6.10%,
105/04/26,-475,-103,-79,-657,43055,1644,137,44836,5.88%,6.12%,
105/04/25,-204,260,-87,-31,43530,1747,216,45493,5.95%,6.22%,
105/04/22,-196,-42,-99,-337,43734,1487,303,45524,5.98%,6.22%,
105/04/21,-202,0,10,-192,43930,1529,402,45861,6.00%,6.26%,
105/04/20,-262,0,92,-170,44132,1529,392,46053,6.03%,6.29%,
105/04/19,-374,0,121,-253,44394,1529,300,46223,6.07%,6.32%,
105/04/18,-147,0,8,-139,44768,1529,179,46476,6.12%,6.35%,
105/04/15,9,-58,17,-32,44915,1529,171,46615,6.14%,6.37%,
105/04/14,-207,0,20,-187,44906,1587,154,46647,6.14%,6.38%,
105/04/13,-53,0,33,-20,45193,1587,134,46914,6.18%,6.42%,
105/04/12,-332,0,-29,-361,45246,1587,101,46934,6.18%,6.41%,
105/04/11,-325,-160,35,-450,45578,1587,130,47295,6.23%,6.46%,
105/04/08,-470,0,-8,-478,45903,1747,95,47745,6.27%,6.52%,
105/04/07,33,0,-68,-35,46373,1747,103,48223,6.34%,6.59%,
105/04/06,-943,-142,-65,-1150,46408,1747,171,48326,6.34%,6.60%,
105/04/01,-387,-58,-8,-453,47351,1889,236,49476,6.47%,6.76%,
105/03/31,-20,-80,-50,-150,47738,1947,244,49929,6.52%,6.82%,
105/03/30,672,-335,53,390,47758,1151,294,49203,6.53%,6.73%,
105/03/29,115,0,-36,79,47086,1486,241,48813,6.44%,6.68%,
105/03/28,-334,104,7,-223,46971,1486,277,48734,6.42%,6.66%,
105/03/25,-69,0,-38,-107,47393,1382,270,49045,6.48%,6.71%,
105/03/24,-453,-120,-3,-576,47462,1382,308,49152,6.49%,6.72%,
105/03/23,-210,-225,-12,-447,47828,1502,311,49641,6.54%,6.79%,
105/03/22,-1088,-90,-16,-1194,48038,1727,323,50088,6.57%,6.85%,
105/03/21,-398,0,-23,-421,49038,1817,339,51194,6.70%,6.99%,
105/03/18,96,0,-14,82,49436,1817,362,51615,6.76%,7.06%,
105/03/17,-1204,0,-53,-1257,49388,1817,376,51581,6.75%,7.05%,
105/03/16,9,0,-129,-120,50592,1817,429,52838,6.92%,7.23%,
105/03/15,-1190,0,54,-1136,50583,1817,558,52958,6.91%,7.23%,
105/03/14,-40,0,47,7,51773,1817,504,54094,7.08%,7.40%,
105/03/11,93,0,-58,35,51613,1817,457,53887,7.05%,7.36%,
105/03/10,-34,0,118,84,51320,1817,515,53652,7.01%,7.33%,
105/03/09,77,0,-58,19,51354,1817,397,53568,7.02%,7.32%,
105/03/08,97,15,-49,63,51277,1817,455,53549,7.01%,7.32%,
105/03/07,-11,-85,-33,-129,51029,1802,504,53335,6.97%,7.29%,
105/03/04,-328,0,-152,-480,50945,1887,537,53369,6.96%,7.29%,
105/03/03,37,0,110,147,51073,1887,689,53649,6.98%,7.33%,
105/03/02,-54,0,-49,-103,51240,1887,579,53706,7.00%,7.34%,
105/03/01,209,0,-48,161,51294,1887,628,53809,7.01%,7.35%,
105/02/26,464,0,144,608,51085,1887,676,53648,6.98%,7.33%,
105/02/25,333,0,21,354,50809,1887,532,53228,6.94%,7.27%,
105/02/24,304,0,-28,276,50476,1887,511,52874,6.90%,7.23%,
105/02/23,166,0,-26,140,50172,1887,539,52598,6.86%,7.19%,
105/02/22,1186,0,-165,1021,50045,1887,565,52497,6.84%,7.18%,
105/02/19,984,-2,-327,655,48859,1887,730,51476,6.68%,7.04%,
105/02/18,2114,0,272,2386,47907,1889,1057,50853,6.55%,6.95%,
105/02/17,-1016,351,190,-475,46233,1889,785,48907,6.32%,6.69%,
105/02/16,-849,0,415,-434,47239,1538,595,49372,6.46%,6.75%,
105/02/15,-1169,-0,18,-1151,47985,1538,180,49703,6.56%,6.79%,
105/02/03,22,0,-170,-148,49144,1538,162,50844,6.72%,6.95%,
105/02/02,-21,0,-18,-39,49131,1538,332,51001,6.72%,6.98%,
105/02/01,-201,0,9,-192,49010,1538,350,50898,6.70%,6.96%,
105/01/30,0,8,66,74,49211,1538,341,51090,6.73%,6.99%,
105/01/29,28,0,119,147,49211,1530,275,51016,6.73%,6.98%,
105/01/28,252,0,-51,201,49183,1530,156,50869,6.72%,6.95%,
105/01/27,-101,0,105,4,48931,1530,207,50668,6.69%,6.93%,
105/01/26,1,0,-3,-2,49032,1530,102,50664,6.70%,6.92%,
105/01/25,195,0,-10,185,48920,1530,105,50555,6.69%,6.91%,
105/01/22,-271,0,-23,-294,48725,1530,115,50370,6.66%,6.89%,
105/01/21,181,0,-29,152,48996,1530,138,50664,6.70%,6.93%,
105/01/20,-78,24,20,-34,48515,1530,167,50212,6.63%,6.86%,
105/01/19,-123,20,49,-54,48815,1506,147,50468,6.67%,6.90%,
105/01/18,-284,246,-6,-44,48938,1486,98,50522,6.69%,6.91%,
105/01/15,-961,-6,46,-921,49203,1240,104,50547,6.73%,6.91%,
105/01/14,354,0,44,398,50257,1246,58,51561,6.87%,7.05%,
105/01/13,565,0,-29,536,49893,1246,14,51153,6.82%,6.99%,
105/01/12,147,0,-6,141,49328,1246,43,50617,6.74%,6.92%,
105/01/11,-124,0,32,-92,49181,1246,49,50476,6.72%,6.90%,
105/01/08,-6,0,1,-5,49305,1246,17,50568,6.74%,6.91%,
105/01/07,274,0,16,290,49311,1246,16,50573,6.74%,6.91%,
105/01/06,-222,0,0,-222,49037,1246,0,50283,6.70%,6.87%,
105/01/05,548,0,-49,499,49353,1246,0,50599,6.75%,6.92%,
105/01/04,-228,-600,-34,-862,48806,1246,0,50052,6.67%,6.84%,
104/12/31,109,0,3,112,48929,1846,19,50794,6.69%,6.95%,
104/12/30,-458,-158,-160,-776,48820,3214,16,52050,6.67%,7.11%,
104/12/29,344,-162,0,182,50578,3372,176,54126,6.91%,7.40%,
104/12/28,-63,-164,-9,-236,50234,3534,176,53944,6.87%,7.38%,
104/12/25,360,0,-20,340,50297,3698,185,54180,6.87%,7.40%,
104/12/24,513,0,13,526,49937,3698,205,53840,6.83%,7.36%,
104/12/23,-370,0,0,-370,49414,3698,192,53304,6.75%,7.28%,
104/12/22,116,0,-2,114,50002,3698,192,53892,6.83%,7.36%,
104/12/21,-30,0,-2,-32,49981,3698,194,53873,6.83%,7.36%,
104/12/18,150,0,4,154,50011,3698,196,53905,6.84%,7.37%,
104/12/17,716,110,-6,820,49855,3698,192,53745,6.81%,7.34%,
104/12/16,-211,0,-93,-304,49139,3588,198,52925,6.72%,7.24%,
104/12/15,-366,20,-24,-370,49349,3588,291,53228,6.75%,7.28%,
104/12/14,872,198,80,1150,49705,3568,315,53588,6.79%,7.32%,
104/12/11,1407,-568,-112,727,48833,3370,235,52438,6.67%,7.16%,
104/12/10,1014,-228,-15,771,47426,3938,347,51711,6.48%,7.07%,
104/12/09,-2621,0,-446,-3067,45912,4166,362,50440,6.28%,6.90%,
104/12/08,111,0,68,179,48832,4166,808,53806,6.67%,7.35%,
104/12/07,979,473,86,1538,48711,4166,740,53617,6.66%,7.33%,
104/12/04,187,0,13,200,47722,3693,654,52069,6.52%,7.11%,
104/12/03,1548,0,-121,1427,47582,3693,641,51916,6.50%,7.09%,
104/12/02,57,0,-4,53,46244,3693,762,50699,6.32%,6.93%,
104/12/01,145,0,-17,128,46170,3693,766,50629,6.31%,6.92%,
104/11/30,310,0,-99,211,45614,3693,783,50090,6.23%,6.84%,
104/11/27,-561,0,-17,-578,45295,3693,882,49870,6.19%,6.82%,
104/11/26,831,766,-163,1434,45490,3693,899,50082,6.22%,6.85%,
104/11/25,1213,294,-28,1479,45380,2927,1062,49369,6.20%,6.75%,
104/11/24,-261,112,183,34,43657,2633,1090,47380,5.97%,6.48%,
104/11/23,659,-249,241,651,43901,2521,907,47329,6.00%,6.47%,
104/11/20,202,-1150,165,-783,43277,2770,666,46713,5.91%,6.38%,
104/11/19,-1537,0,29,-1508,43144,3920,501,47565,5.90%,6.50%,
104/11/18,1973,152,-29,2096,44655,3920,472,49047,6.10%,6.70%,
104/11/17,1350,244,-10,1584,43183,3768,501,47452,5.90%,6.48%,
104/11/16,-104,120,-218,-202,41333,3524,511,45368,5.65%,6.20%,
104/11/13,-49,45,-203,-207,41476,3404,729,45609,5.67%,6.24%,
104/11/12,1618,0,-111,1507,41525,3359,932,45816,5.67%,6.26%,
104/11/11,1272,3303,9,4584,39907,3359,1043,44309,5.45%,6.05%,
104/11/10,1974,0,-27,1947,38635,56,1034,39725,5.28%,5.43%,
104/11/09,297,0,-71,226,36677,56,1061,37794,5.01%,5.16%,
104/11/06,-261,0,-33,-294,36371,56,1132,37559,4.97%,5.13%,
104/11/05,-3,0,-27,-30,36632,56,1165,37853,5.01%,5.18%,
104/11/04,408,3,2,413,36513,56,1192,37761,4.99%,5.16%,
104/11/03,-135,0,32,-103,36085,53,1190,37328,4.93%,5.10%,
104/11/02,2,0,10,12,36190,53,1158,37401,4.95%,5.12%,
104/10/30,9,0,38,47,36188,53,1148,37389,4.94%,5.10%,
104/10/29,-431,0,-25,-456,35969,53,1110,37132,4.91%,5.07%,
104/10/28,-57,0,71,14,36320,53,1135,37508,4.96%,5.12%,
104/10/27,-247,0,90,-157,36228,53,1064,37345,4.95%,5.10%,
104/10/26,-176,0,2,-174,36475,53,974,37502,4.98%,5.12%,
104/10/23,-148,0,60,-88,36651,53,972,37676,5.01%,5.15%,
104/10/22,-249,0,-10,-259,36799,53,912,37764,5.03%,5.16%,
104/10/21,-313,0,-34,-347,37048,53,922,38023,5.06%,5.19%,
104/10/20,-127,0,28,-99,37522,53,956,38531,5.13%,5.27%,
104/10/19,-146,0,4,-142,37669,53,928,38650,5.15%,5.28%,
104/10/16,-102,0,34,-68,37753,53,924,38730,5.16%,5.29%,
104/10/15,-221,0,10,-211,37855,53,890,38798,5.17%,5.30%,
104/10/14,-289,0,6,-283,38119,53,880,39052,5.21%,5.34%,
104/10/13,95,0,5,100,38408,53,874,39335,5.25%,5.38%,
104/10/12,217,0,10,227,38543,53,869,39465,5.27%,5.40%,
104/10/08,-476,0,-61,-537,38326,53,859,39238,5.24%,5.36%,
104/10/07,178,0,-37,141,38557,53,920,39530,5.27%,5.40%,
104/10/06,-376,0,-23,-399,38379,53,957,39389,5.24%,5.38%,
104/10/05,-514,0,-34,-548,38756,53,980,39789,5.30%,5.44%,
104/10/02,-140,2,6,-132,39100,53,1014,40167,5.34%,5.49%,
104/10/01,-73,0,-1,-74,39240,51,1008,40299,5.36%,5.50%,
104/09/30,-179,0,-18,-197,38855,51,1009,39915,5.31%,5.45%,
104/09/25,569,0,-28,541,39300,82,1027,40409,5.37%,5.52%,
104/09/24,64,0,10,74,38731,82,1055,39868,5.29%,5.45%,
104/09/23,-215,0,-18,-233,38726,82,1045,39853,5.29%,5.44%,
104/09/22,280,1,-30,251,38921,82,1063,40066,5.32%,5.48%,
104/09/21,-271,5,1,-265,38642,81,1093,39816,5.28%,5.44%,
104/09/18,395,0,149,544,38893,76,1092,40061,5.31%,5.47%,
104/09/17,-194,0,-9,-203,38474,76,943,39493,5.26%,5.40%,
104/09/16,-128,0,-75,-203,38617,76,952,39645,5.28%,5.42%,
104/09/15,57,0,13,70,38630,76,1027,39733,5.28%,5.43%,
104/09/14,201,0,9,210,38657,76,1014,39747,5.28%,5.43%,
104/09/11,320,0,-0,320,38499,76,1005,39580,5.26%,5.41%,
104/09/10,117,0,65,182,38178,76,1005,39259,5.22%,5.37%,
104/09/09,121,0,37,158,38037,76,940,39053,5.20%,5.34%,
104/09/08,-204,0,-24,-228,37916,76,903,38895,5.18%,5.31%,
104/09/07,-39,0,-15,-54,38115,76,927,39118,5.21%,5.35%,
104/09/04,-32,-1,62,29,38101,76,942,39119,5.21%,5.35%,
104/09/03,67,0,19,86,38133,77,880,39090,5.21%,5.34%,
104/09/02,-6,0,5,-1,38066,77,861,39004,5.20%,5.33%,
104/09/01,-733,-3,-15,-751,38072,77,856,39005,5.20%,5.33%,
104/08/31,123,-2,-12,109,38769,80,871,39720,5.30%,5.43%,
104/08/28,133,0,-9,124,38646,82,883,39611,5.28%,5.41%,
104/08/27,-63,0,-15,-78,38513,82,892,39487,5.26%,5.39%,
104/08/26,23,0,-3,20,38576,82,907,39565,5.27%,5.41%,
104/08/25,278,1,-15,264,38234,82,910,39226,5.43%,5.57%,
104/08/24,128,0,-18,110,37956,81,925,38962,5.39%,5.53%,
104/08/21,463,0,19,482,37828,81,943,38852,5.38%,5.52%,
104/08/20,52,0,-25,27,37380,81,924,38385,5.31%,5.45%,
104/08/19,283,0,-36,247,37328,81,949,38358,5.31%,5.45%,
104/08/18,231,0,-48,183,37035,81,985,38101,5.26%,5.41%,
104/08/17,-142,0,-18,-160,36804,81,1033,37918,5.23%,5.38%,
104/08/14,382,0,11,393,36769,81,1051,37901,5.23%,5.38%,
104/08/13,166,0,12,178,36372,81,1040,37493,5.17%,5.32%,
104/08/12,174,0,30,204,36206,81,1028,37315,5.15%,5.30%,
104/08/11,411,0,-123,288,35981,81,998,37060,5.11%,5.26%,
104/08/10,-329,0,-7,-336,35570,81,1121,36772,5.05%,5.21%,
104/08/07,447,0,-11,436,35615,81,1128,36824,5.06%,5.23%,
104/08/06,124,0,-38,86,35448,81,1139,36668,5.04%,5.21%,
104/08/05,267,0,61,328,35424,81,1177,36682,5.03%,5.21%,
104/08/04,-162,0,87,-75,35158,81,1116,36355,5.00%,5.17%,
104/08/03,-275,0,-75,-350,35321,81,1029,36431,5.02%,5.18%,
104/07/31,-100,0,-41,-141,35617,81,1104,36802,5.06%,5.23%,
104/07/30,-651,0,1,-650,35717,81,1145,36943,5.08%,5.25%,
104/07/29,-3,0,104,101,36326,81,1144,37551,5.16%,5.33%,
104/07/28,-94,5,195,106,36329,81,1040,37450,5.16%,5.32%,
104/07/27,-304,0,42,-262,36400,76,845,37321,5.17%,5.30%,
104/07/24,-171,17,1,-153,36626,76,803,37505,5.21%,5.34%,
104/07/23,-479,0,9,-470,36777,59,802,37638,5.23%,5.35%,
104/07/22,-335,0,38,-297,37256,59,793,38108,5.29%,5.41%,
104/07/21,-437,1,16,-420,37771,59,755,38585,5.37%,5.49%,
104/07/20,-512,0,46,-466,38073,58,739,38870,5.41%,5.52%,
104/07/17,-325,0,11,-314,38548,58,693,39299,5.48%,5.59%,
104/07/16,-85,0,-2,-87,38873,58,682,39613,5.52%,5.63%,
104/07/15,-153,3,-24,-174,38958,58,684,39700,5.54%,5.65%,
104/07/14,-464,0,-14,-478,39066,55,708,39829,5.55%,5.66%,
104/07/13,-377,0,-7,-384,39461,55,722,40238,5.61%,5.72%,
104/07/09,-95,0,-1,-96,39470,55,729,40254,5.61%,5.72%,
104/07/08,-117,0,9,-108,39406,55,730,40191,5.60%,5.71%,
104/07/07,-289,0,4,-285,39606,55,721,40382,5.63%,5.74%,
104/07/06,-149,0,8,-141,40276,55,717,41048,5.72%,5.83%,
104/07/03,-380,0,-55,-435,40091,55,709,40855,5.70%,5.81%,
104/07/02,-453,0,0,-453,40699,55,764,41518,5.78%,5.90%,
104/07/01,-219,0,-57,-276,41152,55,764,41971,5.85%,5.97%,
104/06/30,-19,0,-13,-32,41371,55,821,42247,5.88%,6.00%,
104/06/29,-532,0,2,-530,41405,55,834,42294,5.89%,6.02%,
104/06/26,-599,0,10,-589,41921,55,832,42808,5.96%,6.09%,
104/06/25,-54,0,-1,-55,42511,55,822,43388,6.04%,6.16%,
104/06/24,-268,0,40,-228,42677,55,823,43555,6.07%,6.19%,
104/06/23,164,0,-25,139,42962,55,783,43800,6.11%,6.23%,
104/06/22,-53,-3,0,-56,42798,55,808,43661,6.08%,6.20%,
104/06/18,-504,-1,0,-505,43366,58,808,44232,6.16%,6.28%,
104/06/17,215,0,-23,192,44044,59,808,44911,6.26%,6.38%,
104/06/16,-827,0,0,-827,44515,59,831,45405,6.33%,6.46%,
104/06/15,-203,0,-24,-227,45439,59,831,46329,6.46%,6.59%,
104/06/12,44,0,-16,28,45642,59,855,46556,6.49%,6.62%,
104/06/11,-647,0,-14,-661,46165,59,871,47095,6.56%,6.69%,
104/06/10,440,0,-3,437,46921,59,885,47865,6.67%,6.80%,
104/06/09,-503,0,-8,-511,46521,59,888,47468,6.61%,6.74%,
104/06/08,-262,0,3,-259,47080,59,896,48035,6.69%,6.83%,
104/06/05,-51,-1,0,-52,47342,59,893,48294,6.73%,6.87%,
104/06/04,-607,-1,-119,-727,47358,60,893,48311,6.73%,6.87%,
104/06/03,-341,0,-3,-344,47897,61,1012,48970,6.81%,6.96%,
104/06/02,-867,0,13,-854,48710,61,1015,49786,6.92%,7.07%,
104/06/01,-843,0,-9,-852,51164,61,1002,52227,7.27%,7.42%,
104/05/29,-4606,-9,207,-4408,51965,61,1011,53037,7.39%,7.54%,
104/05/28,-207,0,-1,-208,56559,70,804,57433,8.04%,8.16%,
104/05/27,92,0,0,92,56839,70,805,57714,8.08%,8.20%,
104/05/26,-432,0,1,-431,56747,70,805,57622,8.07%,8.19%,
104/05/25,307,0,-5,302,57179,70,804,58053,8.13%,8.25%,
104/05/22,236,0,-3,233,56872,70,809,57751,8.09%,8.22%,
104/05/21,51,0,-77,-26,56587,70,812,57469,8.04%,8.17%,
104/05/20,-22,0,-109,-131,56536,70,889,57495,8.04%,8.18%,
104/05/19,1245,-195,-14,1036,56559,70,998,57627,8.04%,8.19%,
104/05/18,858,-180,-37,641,55149,265,1012,56426,7.84%,8.02%,
104/05/15,969,-175,-85,709,54242,445,1049,55736,7.71%,7.92%,
104/05/14,-1500,0,-25,-1525,53223,620,1134,54977,7.57%,7.82%,
104/05/13,-1444,0,100,-1344,54673,620,1159,56452,7.77%,8.02%,
104/05/12,-502,0,-51,-553,55900,620,1059,57579,7.95%,8.19%,
104/05/11,21,0,30,51,56404,620,1110,58134,8.02%,8.27%,
104/05/08,-72,0,6,-66,55988,620,1080,57688,7.96%,8.20%,
104/05/07,52,0,0,52,55840,620,1074,57534,7.94%,8.18%,
104/05/06,105,0,46,151,55788,620,1074,57482,7.93%,8.17%,
104/05/05,-2,0,0,-2,55676,620,1028,57324,7.92%,8.15%,
104/05/04,-38,0,-1,-39,55678,620,1028,57326,7.92%,8.15%,
104/04/30,59,0,17,76,55316,620,1029,56965,7.86%,8.09%,
104/04/29,63,-1,72,134,55670,620,1012,57302,7.91%,8.14%,
104/04/28,-311,0,11,-300,54957,621,940,56518,7.81%,8.03%,
104/04/27,-187,0,48,-139,53888,621,929,55438,7.66%,7.88%,
104/04/24,-33,0,39,6,53422,621,881,54924,7.59%,7.80%,
104/04/23,451,0,0,451,53297,621,842,54760,7.58%,7.79%,
104/04/22,-40,0,2,-38,52846,621,842,54309,7.51%,7.72%,
104/04/21,-132,0,1,-131,52876,621,840,54337,7.52%,7.73%,
104/04/20,53,0,5,58,52948,621,839,54408,7.53%,7.74%,
104/04/17,60,0,-25,35,53091,621,834,54546,7.55%,7.76%,
104/04/16,337,0,-20,317,53334,621,859,54814,7.58%,7.79%,
104/04/15,-188,-6,-13,-207,53944,621,879,55444,7.67%,7.88%,
104/04/14,790,0,-10,780,54405,627,892,55924,7.73%,7.95%,
104/04/13,254,0,31,285,54436,627,902,55965,7.74%,7.96%,
104/04/10,318,0,-2,316,54080,627,871,55578,7.69%,7.90%,
104/04/09,593,0,0,593,53713,627,873,55213,7.64%,7.85%,
104/04/08,40,0,-4,36,53268,627,873,54768,7.57%,7.78%,
104/04/07,52,0,0,52,53382,627,877,54886,7.59%,7.80%,
104/04/02,47,0,-3,44,53330,627,877,54834,7.58%,7.79%,
104/04/01,243,0,-7,236,53380,627,880,54887,7.59%,7.80%,
104/03/31,66,0,0,66,53137,627,887,54651,7.55%,7.77%,
104/03/30,513,0,2,515,53071,646,887,54604,7.54%,7.76%,
104/03/27,96,-28,1,69,52554,646,885,54085,7.47%,7.69%,
104/03/26,100,0,26,126,52963,674,884,54521,7.53%,7.75%,
104/03/25,84,0,8,92,52863,674,858,54395,7.51%,7.73%,
104/03/24,258,0,0,258,52989,674,850,54513,7.53%,7.75%,
104/03/23,41,0,-16,25,52841,674,850,54365,7.51%,7.73%,
104/03/20,372,0,-22,350,52920,674,866,54460,7.52%,7.74%,
104/03/19,119,0,4,123,52548,674,888,54110,7.47%,7.69%,
104/03/18,-4,0,-3,-7,52419,674,884,53977,7.45%,7.67%,
104/03/17,6,-19,-12,-25,52508,674,888,54070,7.46%,7.68%,
104/03/16,-219,-7,17,-209,52492,693,900,54085,7.46%,7.69%,
104/03/13,-32,0,-54,-86,52819,700,883,54402,7.51%,7.74%,
104/03/12,279,1,-1,279,52801,700,937,54438,7.51%,7.74%,
104/03/11,-188,0,-1,-189,52606,700,938,54244,7.48%,7.71%,
104/03/10,-440,0,-5,-445,52640,700,939,54279,7.48%,7.71%,
104/03/09,-375,0,0,-375,53219,700,944,54863,7.57%,7.80%,
104/03/06,-233,0,0,-233,53574,700,944,55218,7.62%,7.85%,
104/03/05,-361,0,-4,-365,53822,700,944,55466,7.65%,7.88%,
104/03/04,-316,182,0,-134,54063,700,948,55711,7.69%,7.92%,
104/03/03,210,0,0,210,54265,518,948,55731,7.71%,7.92%,
104/03/02,-117,0,0,-117,53965,518,948,55431,7.67%,7.88%,
104/02/26,-138,0,9,-129,54195,518,948,55661,7.70%,7.91%,
104/02/25,-169,0,-6,-175,54221,518,939,55678,7.71%,7.92%,
104/02/24,-112,0,0,-112,54440,518,945,55903,7.74%,7.95%,
104/02/13,198,0,-7,191,54440,518,945,55903,7.74%,7.95%,
104/02/12,27,0,0,27,54424,518,952,55894,7.74%,7.95%,
104/02/11,166,0,0,166,54324,518,952,55794,7.72%,7.93%,
104/02/10,138,0,19,157,53992,518,952,55462,7.68%,7.89%,
104/02/09,-26,0,0,-26,54240,518,933,55691,7.71%,7.92%,
104/02/06,-1,0,-1,-2,54180,518,933,55631,7.70%,7.91%,
104/02/05,-229,-82,-47,-358,53961,518,934,55413,7.67%,7.88%,
104/02/04,-33,0,3,-30,54131,600,981,55712,7.70%,7.92%,
104/02/03,-256,0,0,-256,54142,600,978,55720,7.70%,7.92%,
104/02/02,75,0,1,76,54225,600,978,55803,7.71%,7.93%,
104/01/30,59,0,0,59,54080,600,977,55657,7.69%,7.91%,
104/01/29,-223,0,-1,-224,54019,600,977,55596,7.68%,7.90%,
104/01/28,-101,0,0,-101,54104,600,978,55682,7.69%,7.91%,
104/01/27,-716,0,-50,-766,54220,600,978,55798,7.71%,7.93%,
104/01/26,-363,0,0,-363,54573,600,1028,56201,7.76%,7.99%,
104/01/23,-140,0,0,-140,54925,600,1028,56553,7.81%,8.04%,
104/01/22,94,6,1,101,55042,600,1028,56670,7.82%,8.05%,
104/01/21,6,0,-30,-24,54948,594,1027,56569,7.81%,8.04%,
104/01/20,15,0,0,15,55176,594,1057,56827,7.84%,8.07%,
104/01/19,-279,-1,2,-278,55236,594,1057,56887,7.85%,8.08%,
104/01/16,-25,-42,-5,-72,55505,595,1055,57155,7.89%,8.12%,
104/01/15,-125,0,-4,-129,55410,637,1061,57108,7.88%,8.12%,
104/01/14,-15,0,0,-15,55427,637,1065,57129,7.88%,8.12%,
104/01/13,-158,0,-44,-202,55538,637,1065,57240,7.90%,8.14%,
104/01/12,-376,0,0,-376,55686,637,1109,57432,7.92%,8.17%,
104/01/09,-38,0,-48,-86,56079,637,1109,57825,7.97%,8.22%,
104/01/08,126,0,0,126,56094,637,1157,57888,7.97%,8.23%,
104/01/07,40,0,0,40,55835,637,1157,57629,7.94%,8.20%,
104/01/06,-235,0,0,-235,56073,637,1157,57867,7.97%,8.23%,
104/01/05,55,0,-116,-61,55906,637,1157,57700,7.95%,8.21%,
